Model: GRU
MSE: 1.1829408010634292
MAE: 0.822069003664214
EVS: 0.6157826177265487
