Model: GRU
MSE: 1.1105164321385212
MAE: 0.7865316127908645
EVS: 0.6994230802175625
