Model: GRU
MSE: 1.144640190030447
MAE: 0.8055385721140894
EVS: 0.625830443783477
