Model: GRU
MSE: 2.028291907684952
MAE: 1.100221255729939
EVS: 0.6194794250603426
