Model: GRU
MSE: 1287.7049347472341
MAE: 35.8334598870113
EVS: -0.20455345441219852
