Model: GRU
MSE: 1.206572425983942
MAE: 0.7766451013499297
EVS: 0.6324772417059017
