Model: GRU
MSE: 2.1407643790371216
MAE: 1.1297113648776356
EVS: 0.5549355210235623
