Model: GRU
MSE: 1.77356633338692
MAE: 1.072302653871733
EVS: 0.6318700020200279
