Model: GRU
MSE: 1.4289983443673004
MAE: 0.9038151214862692
EVS: 0.5440129333994932
