Model: GRU
MSE: 1.1682569850968163
MAE: 0.769838563327132
EVS: 0.6368046644112884
