Model: GRU
MSE: 1.1585076417544895
MAE: 0.7734943258351296
EVS: 0.6197699369177985
