Model: GRU
MSE: 1.0831307415759164
MAE: 0.7896612923720787
EVS: 0.6500291797062718
