Model: GRU
MSE: 1.5782040855817514
MAE: 1.0294045744271119
EVS: 0.6773675150059977
