Model: GRU
MSE: 1.6753232526579072
MAE: 1.0089762293059248
EVS: 0.5970275712778188
