Model: GRU
MSE: 235.65413231775224
MAE: 15.244248127115183
EVS: -0.07285176531923088
