Model: GRU
MSE: 5.13569464848676
MAE: 2.0511738925144596
EVS: 0.6312309257968782
