Model: GRU
MSE: 1485.8857562401656
MAE: 38.50875196785763
EVS: 0.027389536354731625
