Model: GRU
MSE: 7.498738041173684
MAE: 2.24090339397562
EVS: 0.0
