Model: GRU
MSE: 1.756464298061333
MAE: 0.9890755456069426
EVS: 0.5357877339860009
