Model: GRU
MSE: 1.441317517560115
MAE: 0.9479069216498011
EVS: 0.6574395581114918
