Model: GRU
MSE: 1.8246482364520498
MAE: 1.1026997401796543
EVS: 0.5826273726437057
