Model: GRU
MSE: 1.2955630616844749
MAE: 0.8032865688718602
EVS: 0.5825308686405086
