Model: GRU
MSE: 1.305920873688451
MAE: 0.8393967233855149
EVS: 0.5839018862299974
