Model: GRU
MSE: 304.3442959070558
MAE: 17.344158805649855
EVS: -0.15738519549125796
