Model: GRU
MSE: 778.1487308090017
MAE: 27.839711271483324
EVS: -0.017740412285950136
