Model: GRU
MSE: 2.067790033554109
MAE: 1.1169434251456423
EVS: 0.5518068217819515
