Model: GRU
MSE: 1.3664809569807808
MAE: 0.8874007751201762
EVS: 0.5515465243861228
