Model: GRU
MSE: 1.4635457444559627
MAE: 0.9277020816145272
EVS: 0.5734095713095729
