Model: GRU
MSE: 2.0081718305989957
MAE: 1.1326160266481602
EVS: 0.6266522173209828
