Model: GRU
MSE: 2.6173899211012195
MAE: 1.36187614243606
EVS: 0.6127308827959268
