Model: GRU
MSE: 1.0886908811774385
MAE: 0.7497208858358453
EVS: 0.6502580775333705
