Model: GRU
MSE: 1.6080589000858263
MAE: 0.9920398613502238
EVS: 0.5072309669371493
