Model: GRU
MSE: 2.049776769335025
MAE: 1.1252763189118489
EVS: 0.5689092313008015
