Model: GRU
MSE: 457.59486362188983
MAE: 21.28324707623186
EVS: -0.5165773405851706
