Model: GRU
MSE: 3.314453289217628
MAE: 1.5521199621003254
EVS: 0.5669170355059914
