Model: GRU
MSE: 2.0998738492684756
MAE: 1.096811598744886
EVS: 0.5528681939860391
