Model: GRU
MSE: 3.275699431695445
MAE: 1.5165539116695004
EVS: 0.37613094298254823
