Model: GRU
MSE: 1.4600695111239945
MAE: 0.8759171880524736
EVS: 0.5581728115002732
