Model: GRU
MSE: 199.77967076548265
MAE: 14.015012971286115
EVS: -0.10308009118250183
