Model: GRU
MSE: 1.576521208970555
MAE: 1.015340657069765
EVS: 0.5794007890230011
