Model: GRU
MSE: 218.72403402781492
MAE: 14.679015957075974
EVS: -0.06743114202567257
