Model: GRU
MSE: 2.038075721946795
MAE: 1.1069447583165668
EVS: 0.5822003104336779
