Model: GRU
MSE: 6.773807989980503
MAE: 2.0358710946707896
EVS: -0.19419471114873454
