Model: GRU
MSE: 2.774261113415622
MAE: 1.4036436080932622
EVS: 0.5829950745495227
