Model: GRU
MSE: 262.179292441462
MAE: 16.110168621457856
EVS: 0.13247962501317
