Model: GRU
MSE: 212.0290138733511
MAE: 14.447621164650753
EVS: -0.08212056371296872
