Model: GRU
MSE: 545.5243879355635
MAE: 23.295036907853753
EVS: 0.058958962465785913
