Model: GRU
MSE: 1.5742926929316006
MAE: 0.9294146011615626
EVS: 0.5578936699614933
