Model: GRU
MSE: 2.4937888687535024
MAE: 1.305215531382068
EVS: 0.5781594971150148
