Model: GRU
MSE: 3.1389794482661295
MAE: 1.4397717544010704
EVS: 0.43187897594759594
