Model: GRU
MSE: 2.369218184126426
MAE: 1.1750373511478822
EVS: 0.38980515748789635
