Model: GRU
MSE: 7152.705474916154
MAE: 84.5558888665561
EVS: 0.012495598895800986
