Model: GRU
MSE: 905.5814033511618
MAE: 30.03206073826757
EVS: -0.20082425188069197
