Model: GRU
MSE: 1.9223705481712776
MAE: 0.9144357545035228
EVS: 0.45963865572936313
