Model: GRU
MSE: 1.1442376569602857
MAE: 0.7994007899843415
EVS: 0.6271618402406345
