Model: GRU
MSE: 1.5769121622963593
MAE: 0.9206191753518996
EVS: 0.5605363071477771
