Model: GRU
MSE: 1.377985803785437
MAE: 0.841812923036773
EVS: 0.6069789572303066
