Model: GRU
MSE: 1.3934258775420225
MAE: 0.9226024726341508
EVS: 0.5912233431221521
