Model: GRU
MSE: 1.6491840770156698
MAE: 0.9211667817214445
EVS: 0.6087812063961571
