Model: GRU
MSE: 1.412730505493873
MAE: 0.8708601984484448
EVS: 0.6005492179329806
