Model: GRU
MSE: 1.5481298188678285
MAE: 0.9586938989573509
EVS: 0.5951606039553212
