Model: GRU
MSE: 5695.945820900721
MAE: 75.41097391062769
EVS: -1.9984506153399328
