Model: GRU
MSE: 767.84554258527
MAE: 27.651794071855218
EVS: -0.05866406454452067
