Model: GRU
MSE: 1.337888497661299
MAE: 0.8441938696236448
EVS: 0.5946853186302988
