Model: GRU
MSE: 1.5361417373509973
MAE: 0.9480788132240032
EVS: 0.5218842372777508
