Model: GRU
MSE: 240.13556944493592
MAE: 15.40224130400296
EVS: 0.0455315778417994
