Model: GRU
MSE: 4.475616469329407
MAE: 1.8896240037063077
EVS: 0.6045710103449211
