Model: GRU
MSE: 2.1535113924091256
MAE: 0.9207113197871619
EVS: 0.4075473289053785
