Model: GRU
MSE: 1.4607992990940266
MAE: 0.9730266538159598
EVS: 0.6033551802534909
