Model: GRU
MSE: 1.8946070833539097
MAE: 1.0284239177046155
EVS: 0.5351654815791768
