Model: GRU
MSE: 1.2626424073677425
MAE: 0.86606188478141
EVS: 0.5857700342988721
