Model: GRU
MSE: 2.6967441309148423
MAE: 1.3554983467891304
EVS: 0.5416877911242433
