Model: GRU
MSE: 2453.67167459734
MAE: 49.494458428744615
EVS: -0.3037829719783838
