Model: GRU
MSE: 1.4703319412273193
MAE: 0.9054361869548927
EVS: 0.5905205944892951
