Model: GRU
MSE: 1.0040580876120182
MAE: 0.7869855124374915
EVS: 0.6811533722019814
