Model: GRU
MSE: 1.3870564249660702
MAE: 0.8769016101442532
EVS: 0.5760119940319572
