Model: GRU
MSE: 1.215165907434139
MAE: 0.7749008803532044
EVS: 0.6055086175605537
