Model: GRU
MSE: 9.103508224513684
MAE: 2.8277553032184475
EVS: 0.6363740059891123
