Model: GRU
MSE: 1.3980803184434796
MAE: 0.8910940104517442
EVS: 0.5699417434843441
