Model: GRU
MSE: 1.489914486566218
MAE: 0.880020092273581
EVS: 0.5553458127258198
