Model: GRU
MSE: 1.4754991898828935
MAE: 0.9196979259622505
EVS: 0.6468772818450191
