Model: GRU
MSE: 2.111261559342204
MAE: 1.191316045563797
EVS: 0.5675121199529128
