Model: GRU
MSE: 1.3729190847733628
MAE: 0.9089012145996093
EVS: 0.5916167650751207
