Model: GRU
MSE: 236.36865974239763
MAE: 15.271128835349247
EVS: -0.03812561755131716
