Model: GRU
MSE: 2.646165684744873
MAE: 1.3693519460743877
EVS: 0.6677715227535732
