Model: GRU
MSE: 1.2472327153617353
MAE: 0.8015996012194408
EVS: 0.6392332140302791
