Model: GRU
MSE: 1000.7338427220183
MAE: 31.585817928971917
EVS: -0.008132241920239869
