Model: GRU
MSE: 220.3567668332132
MAE: 14.737376102085772
EVS: -0.039842630972969584
