Model: GRU
MSE: 1.4038988692481609
MAE: 0.8865646822699188
EVS: 0.5437906658137509
