Model: GRU
MSE: 1.4287355960650838
MAE: 0.8782740625841865
EVS: 0.5499817741146884
