Model: GRU
MSE: 1.1438629388415174
MAE: 0.7573078747453365
EVS: 0.6383491871277039
