Model: GRU
MSE: 2.036587644302706
MAE: 1.1605767546028922
EVS: 0.5747134166147547
