Model: GRU
MSE: 2.4148934406160887
MAE: 1.2857589721679692
EVS: 0.6269149159848155
