Model: GRU
MSE: 2.0333671808167666
MAE: 1.1922430827699864
EVS: 0.6376669032522817
