Model: GRU
MSE: 1.1678424958377036
MAE: 0.7768004680502006
EVS: 0.618320414707505
