Model: GRU
MSE: 2.062843774225462
MAE: 1.1317734718322758
EVS: 0.6080672553122234
