Model: GRU
MSE: 2.534569417272687
MAE: 1.3025166084026474
EVS: 0.6022222002216102
