Model: GRU
MSE: 223.0409678082012
MAE: 14.825206530505213
EVS: -0.06864439415546952
