Model: GRU
MSE: 1238.972586513499
MAE: 35.15501180188409
EVS: -0.017255907438450846
