Model: GRU
MSE: 2.6995104478929237
MAE: 1.323277276137779
EVS: 0.506236512875088
