Model: GRU
MSE: 2.763346504028613
MAE: 1.4024067253902035
EVS: 0.5926981615251605
