Model: GRU
MSE: 9.79535188271406
MAE: 2.952808330798972
EVS: 0.6465649574236596
