Model: GRU
MSE: 1.6910523153134258
MAE: 0.9359729536648459
EVS: 0.5113885247374148
