Model: GRU
MSE: 800.8418785535624
MAE: 28.245884533586175
EVS: 0.010934916310804565
