Model: GRU
MSE: 1.4643096626965604
MAE: 0.8955787461379479
EVS: 0.5283068140175862
