Model: GRU
MSE: 1.7803829099197461
MAE: 1.0423476284947895
EVS: 0.5386049596943543
