Model: GRU
MSE: 192.89351070119474
MAE: 13.783408468139582
EVS: 0.04401132719392142
