Model: GRU
MSE: 194.32693469028752
MAE: 13.841805118938971
EVS: 0.10305404646402849
