Model: GRU
MSE: 1.1429605725304475
MAE: 0.8221228204924486
EVS: 0.629463794919834
