Model: GRU
MSE: 783.387040716751
MAE: 27.93401662234602
EVS: -0.01069615221664355
