Model: GRU
MSE: 232.3494164069949
MAE: 15.141345722921963
EVS: -0.014410228466219754
