Model: GRU
MSE: 3560.162188314589
MAE: 59.64406079259412
EVS: 0.0975257294097126
