Model: GRU
MSE: 1.101038861495438
MAE: 0.7589481287989127
EVS: 0.6476941439269757
