Model: GRU
MSE: 1.7364118400492807
MAE: 1.0341622911650563
EVS: 0.6335939733761435
