Model: GRU
MSE: 1.2535148296262435
MAE: 0.8215585083797059
EVS: 0.6180930408054925
