Model: GRU
MSE: 1.5465342066142882
MAE: 0.9436960055910307
EVS: 0.5030584716289384
