Model: GRU
MSE: 1.2805863413320746
MAE: 0.8068757714896371
EVS: 0.5957418738804012
