Model: GRU
MSE: 264.3489393224773
MAE: 16.18187533575913
EVS: 0.18039445533010523
