Model: GRU
MSE: 1.4316717628132423
MAE: 0.9507664647595633
EVS: 0.6510643562489942
