Model: GRU
MSE: 2.637299172798052
MAE: 1.349206792897192
EVS: 0.6145746661421313
