Model: GRU
MSE: 2.807575752921412
MAE: 1.417531194358036
EVS: 0.4938328276665547
