Model: GRU
MSE: 1.502500848064567
MAE: 0.9501672119929874
EVS: 0.543775152169749
