Model: GRU
MSE: 1.2543240510778308
MAE: 0.8410794817168138
EVS: 0.5902317160519726
