Model: GRU
MSE: 1.3383311980647574
MAE: 0.8679000262556404
EVS: 0.586244513860154
