Model: GRU
MSE: 3.601720979048813
MAE: 1.6661645955052864
EVS: 0.6205787531595743
