Model: GRU
MSE: 1.2209446673443438
MAE: 0.8740710554451777
EVS: 0.6378805821012494
