Model: GRU
MSE: 1.4529317503913792
MAE: 0.8675049584487389
EVS: 0.5246988043261132
