Model: GRU
MSE: 4.968434150253241
MAE: 1.9530354697128818
EVS: 0.5065904881936004
