Model: GRU
MSE: 192.0324621285386
MAE: 13.741249540756488
EVS: -0.05429519735793353
