Model: GRU
MSE: 209.10105318774794
MAE: 14.34679287877576
EVS: -0.07401948595750829
