Model: GRU
MSE: 1.336854623259835
MAE: 0.9028856178809854
EVS: 0.6292308637600699
