Model: GRU
MSE: 216.69551038347802
MAE: 14.60703312939611
EVS: -0.09356058856318916
