Model: GRU
MSE: 1.168663734907003
MAE: 0.8389420673764983
EVS: 0.6317972768157716
