Model: GRU
MSE: 1064.2901635983767
MAE: 32.571087015086206
EVS: -0.1212635797204129
