Model: GRU
MSE: 1.1223758504930976
MAE: 0.7704726909768996
EVS: 0.6649362412961161
