Model: GRU
MSE: 4298.92448094434
MAE: 63.740990507191626
EVS: -76.50289851601792
