Model: GRU
MSE: 1.5386854264859036
MAE: 0.9161956721338738
EVS: 0.5751447320320557
