Model: GRU
MSE: 1.2493644808255338
MAE: 0.807274127828664
EVS: 0.6163346387082246
