Model: GRU
MSE: 1.1365533188698558
MAE: 0.7442329505394248
EVS: 0.6478604238802994
