Model: GRU
MSE: 1.1275875466313696
MAE: 0.7600210617328517
EVS: 0.6469621368520517
