Model: GRU
MSE: 1.5129137222358533
MAE: 0.9224746473904318
EVS: 0.5959190332476318
