Model: GRU
MSE: 1.3223202995255512
MAE: 0.8395766554207642
EVS: 0.6250303681007012
