Model: GRU
MSE: 2.5289925234776165
MAE: 1.3081944893146389
EVS: 0.4066731553484735
