Model: GRU
MSE: 521.4491186435163
MAE: 22.767143298839702
EVS: -0.02007114942992283
