Model: GRU
MSE: 5.161076443680801
MAE: 1.7398227329911862
EVS: 0.01816919234552017
