Model: GRU
MSE: 1.1587605690125233
MAE: 0.7639438201641218
EVS: 0.6374741469014562
