Model: GRU
MSE: 5674.323501757776
MAE: 75.30135138375418
EVS: -0.16597245730836696
