Model: GRU
MSE: 1685.5523019292425
MAE: 41.01059745920116
EVS: -0.20951561561816878
