Model: GRU
MSE: 1.4759150697123318
MAE: 0.9133212813015642
EVS: 0.5203564512772492
