Model: GRU
MSE: 1.681234082361587
MAE: 1.0061873896368616
EVS: 0.5801923524544099
