Model: GRU
MSE: 1.5121763178756367
MAE: 0.954660086796202
EVS: 0.6000720807362078
