Model: GRU
MSE: 1.481524481225168
MAE: 0.9365159560894142
EVS: 0.576304907719629
