Model: GRU
MSE: 2.1837979546329342
MAE: 1.0314852987016951
EVS: 0.4540343686764162
