Model: GRU
MSE: 1.997559828937231
MAE: 1.1522827148437496
EVS: 0.6156483220149134
