Model: GRU
MSE: 3.1458213749061867
MAE: 1.5342627722641513
EVS: 0.6397844621111108
