Model: GRU
MSE: 1.3557984907553624
MAE: 0.8626490132562049
EVS: 0.6154936508906432
