Model: GRU
MSE: 1.4787470662785343
MAE: 0.9629035489312531
EVS: 0.6167787367550558
