Model: GRU
MSE: 1.3646950631605244
MAE: 0.917308264765246
EVS: 0.6439124806018238
