Model: GRU
MSE: 624.3240120547838
MAE: 24.922820979151233
EVS: -0.043288739986277136
