Model: GRU
MSE: 1.566590698496242
MAE: 1.001616280654381
EVS: 0.6097691689227283
