Model: GRU
MSE: 1.3508884460700061
MAE: 0.9238674722868818
EVS: 0.6047284737373517
