Model: GRU
MSE: 1.1368842448587981
MAE: 0.773106213273673
EVS: 0.6298409903613513
