Model: GRU
MSE: 1.4447652078724935
MAE: 0.9466188858295307
EVS: 0.643567079601359
