Model: GRU
MSE: 1.2549442084585996
MAE: 0.8996929957948879
EVS: 0.616576261414089
