Model: GRU
MSE: 1.2128695897430557
MAE: 0.7809599350238672
EVS: 0.62998665097556
