Model: GRU
MSE: 504.6651975793858
MAE: 22.39298185808905
EVS: -0.057263127893086185
