Model: GRU
MSE: 537.4187452624782
MAE: 23.11081817232329
EVS: -0.08657747365544988
