Model: GRU
MSE: 1.4777772720557825
MAE: 0.9582803824852251
EVS: 0.5879329131934694
