Model: GRU
MSE: 2.661896736830917
MAE: 1.3721704154179009
EVS: 0.5817305769185737
