Model: GRU
MSE: 1.3481643415354705
MAE: 0.8228884236565954
EVS: 0.6114874676218417
