Model: GRU
MSE: 2.0674016744037376
MAE: 1.16498118433459
EVS: 0.5655578455335134
