Model: GRU
MSE: 1.2964537800710252
MAE: 0.8682741954408842
EVS: 0.5904256594653647
