Model: GRU
MSE: 1.4327336793235979
MAE: 0.9340655557040516
EVS: 0.6108150070782654
