Model: GRU
MSE: 19.759071629519454
MAE: 4.099638544279953
EVS: 0.03058891000171915
