Model: GRU
MSE: 199.70568961152082
MAE: 14.028757510514096
EVS: 0.047790861615199964
