Model: GRU
MSE: 1.2594627586564018
MAE: 0.8092547120719122
EVS: 0.5870468350479638
