Model: GRU
MSE: 1.03943889062011
MAE: 0.7571528040129565
EVS: 0.6586682129823859
