Model: GRU
MSE: 1.21994278270247
MAE: 0.785961430648278
EVS: 0.6303289135312997
