Model: GRU
MSE: 2.6702048336227855
MAE: 1.3573111830086548
EVS: 0.6262718688034798
