Model: GRU
MSE: 1.9030114829770521
MAE: 1.0725640592903931
EVS: 0.6560092930991936
