Model: GRU
MSE: 1.520508245776454
MAE: 0.9706984388417209
EVS: 0.5931723457624309
