Model: GRU
MSE: 2.5443176945030976
MAE: 1.3164837278168782
EVS: 0.6127727050564733
