Model: GRU
MSE: 1.5899892025001061
MAE: 0.9449792565970591
EVS: 0.583440218365703
