Model: GRU
MSE: 1.9369294092201121
MAE: 1.0597572491086766
EVS: 0.6070901991357076
