Model: GRU
MSE: 1.4676756046896235
MAE: 0.9578566386781887
EVS: 0.5478177973888232
