Model: GRU
MSE: 1942.1163528855582
MAE: 44.03295444620067
EVS: -0.05585583760234614
