Model: GRU
MSE: 2534.1260931543347
MAE: 50.30059564524684
EVS: -0.30572421576098563
