Model: GRU
MSE: 2.893805540379634
MAE: 1.444650765123039
EVS: 0.6352776321356076
