Model: GRU
MSE: 1.2187224404711618
MAE: 0.7771203928980338
EVS: 0.6279805153347591
