Model: GRU
MSE: 1.651684560826228
MAE: 1.0288779982205092
EVS: 0.5715457129870394
