Model: GRU
MSE: 195.17364963332437
MAE: 13.870488913922474
EVS: 0.0860366257447529
