Model: GRU
MSE: 1.2778929319422883
MAE: 0.82471985652529
EVS: 0.6201167921393791
