Model: GRU
MSE: 1.3356369116533238
MAE: 0.8328158608798328
EVS: 0.6085318282035921
