Model: GRU
MSE: 1.643895196908613
MAE: 0.9961409733213225
EVS: 0.6267647609473486
