Model: GRU
MSE: 1.161663607469626
MAE: 0.8074775235406285
EVS: 0.6188154721243494
