Model: GRU
MSE: 1.3383413849779595
MAE: 0.8926324515507137
EVS: 0.6306342338046248
