Model: GRU
MSE: 2.220094598465275
MAE: 1.2253767375288342
EVS: 0.6116241805697371
