Model: GRU
MSE: 3.053194555279789
MAE: 1.4727060219337205
EVS: 0.5305717507479737
