Model: GRU
MSE: 2.0292450157455506
MAE: 1.0890064897208382
EVS: 0.593614054758552
