Model: GRU
MSE: 1.34164150330204
MAE: 0.8388002165432634
EVS: 0.5594344330206706
