Model: GRU
MSE: 3.1470530995060897
MAE: 1.4451999006600211
EVS: 0.40569344401949825
