Model: GRU
MSE: 1.3835199551909863
MAE: 0.9286475674859406
EVS: 0.6200594167751513
