Model: GRU
MSE: 2.0792037736911797
MAE: 1.1688918245249786
EVS: 0.6371467101063901
