Model: GRU
MSE: 1.5118501675975204
MAE: 0.9770397482247186
EVS: 0.5967173764572808
