Model: GRU
MSE: 2.445351231492263
MAE: 1.2529854281195283
EVS: 0.5553036926699058
