Model: GRU
MSE: 33.28203487919871
MAE: 5.577753404091144
EVS: 0.28716897719056356
