Model: GRU
MSE: 2.1553459854488315
MAE: 1.127608332140693
EVS: 0.5848568444948112
