Model: GRU
MSE: 3535.8872856242224
MAE: 59.43245657559099
EVS: -0.20530997398464668
