Model: GRU
MSE: 1.480746973025111
MAE: 0.8729108448686276
EVS: 0.6163083082364664
