Model: GRU
MSE: 1.4740090985431937
MAE: 0.9419405049291147
EVS: 0.5600703420934876
