Model: GRU
MSE: 252.12917381753556
MAE: 15.779671775883642
EVS: -0.02822428790042175
