Model: GRU
MSE: 1.099543268467892
MAE: 0.8455467552974306
EVS: 0.6519142014647141
