Model: GRU
MSE: 1.4678724663425273
MAE: 0.9710240364074704
EVS: 0.6498907384636035
