Model: GRU
MSE: 7.903771523686908
MAE: 2.447977657975822
EVS: 0.30380450378092827
