Model: GRU
MSE: 482.03074166981725
MAE: 21.883601106446363
EVS: -0.030723913564772776
