Model: GRU
MSE: 2.28957426307888
MAE: 1.2367873027406886
EVS: 0.6081684209024327
