Model: GRU
MSE: 1.1340099746844625
MAE: 0.7999081940486512
EVS: 0.6517023580308652
