Model: GRU
MSE: 1.3160300222904626
MAE: 0.87040350354951
EVS: 0.5767084176034664
