Model: GRU
MSE: 1.2330100968360027
MAE: 0.8161905058499043
EVS: 0.6304166261103621
