Model: GRU
MSE: 1.2421393388871018
MAE: 0.8297323851749815
EVS: 0.592241969499745
