Model: GRU
MSE: 1.3827074033586784
MAE: 0.8651998454126816
EVS: 0.5797741586853653
