Model: GRU
MSE: 741.5437702189279
MAE: 27.12741388123611
EVS: -0.8544645481350834
