Model: GRU
MSE: 1.1357752466023283
MAE: 0.7435922293827455
EVS: 0.6478545643859145
