Model: GRU
MSE: 315.2305759469589
MAE: 17.65153547402086
EVS: -0.1998851271705293
