Model: GRU
MSE: 1.0776406168226522
MAE: 0.7321849691456765
EVS: 0.6629846663424165
