Model: GRU
MSE: 1.1486305432566606
MAE: 0.7992074407380205
EVS: 0.6349542338021945
