Model: GRU
MSE: 1.2463456804148807
MAE: 0.7918313782790614
EVS: 0.6047321134676213
