Model: GRU
MSE: 200.82542188525397
MAE: 14.058260457269077
EVS: -0.047796941626414347
