Model: GRU
MSE: 196.13298439026678
MAE: 13.899076067168137
EVS: 0.03169444782681474
