Model: GRU
MSE: 203.3475151565703
MAE: 14.13035773408824
EVS: -0.2086314309270303
