Model: GRU
MSE: 9.055394349113504
MAE: 2.503030809862861
EVS: -0.05644453441293895
