Model: GRU
MSE: 1.5288198525535466
MAE: 0.8723727587995863
EVS: 0.585073099460372
