Model: GRU
MSE: 2.8336242167402985
MAE: 1.4132482923310374
EVS: 0.5769922145439574
