Model: GRU
MSE: 328.17727253717135
MAE: 18.028519457784192
EVS: -0.03434090768084852
