Model: GRU
MSE: 244.65034866118523
MAE: 15.546496913350861
EVS: 0.02903007214190534
