Model: GRU
MSE: 340.62671054496417
MAE: 18.37586131589166
EVS: 0.029802091186324264
