Model: GRU
MSE: 1.5844375844580687
MAE: 0.9954220344280372
EVS: 0.6169239957517479
