Model: GRU
MSE: 1.5212509032529344
MAE: 0.9130482180365198
EVS: 0.5799943865750945
