Model: GRU
MSE: 2.1135771151859832
MAE: 1.1868447270886657
EVS: 0.6316754883458517
