Model: GRU
MSE: 3.2543057030126947
MAE: 1.5267945651350354
EVS: 0.5905609124387163
