Model: GRU
MSE: 1.3105249363467668
MAE: 0.8315777120919066
EVS: 0.6037131254153019
