Model: GRU
MSE: 2.6643211945720067
MAE: 1.3145269854315391
EVS: 0.5241646126046078
