Model: GRU
MSE: 1.9065512783084106
MAE: 1.112104728304107
EVS: 0.6582381586060738
