Model: GRU
MSE: 1.376134453768419
MAE: 0.9212318946575294
EVS: 0.6493472317235087
