Model: GRU
MSE: 610.5824478328955
MAE: 24.634697930566197
EVS: -0.2196653244557687
