Model: GRU
MSE: 1.5018995114202789
MAE: 0.8999021135527517
EVS: 0.5790628239687536
