Model: GRU
MSE: 195.61126929968333
MAE: 13.885337525400622
EVS: 0.07766794235513441
