Model: GRU
MSE: 1.7870126929393535
MAE: 1.0173616244875157
EVS: 0.6276710567191952
