Model: GRU
MSE: 2.134989714125557
MAE: 1.1880904230578198
EVS: 0.6025190145610686
