Model: GRU
MSE: 1.6326721515076528
MAE: 0.9907855658695615
EVS: 0.5224119512813118
