Model: GRU
MSE: 12.399127777843711
MAE: 3.0581523961034316
EVS: -0.05562580788006888
