Model: GRU
MSE: 211.85601609255693
MAE: 14.461951592872882
EVS: 0.11073618301325883
