Model: GRU
MSE: 2.683564394075659
MAE: 1.358934353137838
EVS: 0.579235012521903
