Model: GRU
MSE: 1.3553514874328956
MAE: 0.8301683623215251
EVS: 0.6100406566037926
