Model: GRU
MSE: 3.540414601271049
MAE: 1.4375180540413697
EVS: 0.15900577522708959
