Model: GRU
MSE: 2.294392932374634
MAE: 1.2685831168602257
EVS: 0.6388098026923614
