Model: GRU
MSE: 1.4635859563513336
MAE: 0.8617358207702641
EVS: 0.6007934727218334
