Model: GRU
MSE: 930.2809805393144
MAE: 30.434921396189722
EVS: -0.312413222836303
