Model: GRU
MSE: 1.4035013287548124
MAE: 0.9000039429500185
EVS: 0.5398628785043993
