Model: GRU
MSE: 1.6992707047904227
MAE: 1.056020621595711
EVS: 0.6392916186634567
