Model: GRU
MSE: 1.5151453873128085
MAE: 0.8922606665512616
EVS: 0.5607588835768831
