Model: GRU
MSE: 5.407182461937327
MAE: 2.0321063666508112
EVS: 0.48805025564442095
