Model: GRU
MSE: 795.6039062932055
MAE: 28.143338236315497
EVS: -0.16788307506032996
