Model: GRU
MSE: 1.213115913876883
MAE: 0.7486079479085993
EVS: 0.6178152446670206
