Model: GRU
MSE: 1.063903564818545
MAE: 0.7164418286290666
EVS: 0.6714428140958146
