Model: GRU
MSE: 1.3682553321042366
MAE: 0.804262703862684
EVS: 0.5609493939536241
