Model: GRU
MSE: 1.38658596057916
MAE: 0.9337567789801235
EVS: 0.5832089155959967
