Model: GRU
MSE: 1.7218276026051949
MAE: 1.0390601815848513
EVS: 0.5717981187160444
