Model: GRU
MSE: 3.699811882349295
MAE: 1.6542753679998985
EVS: 0.5573779497870281
