Model: GRU
MSE: 3.2455436916658593
MAE: 1.5815617791537586
EVS: 0.6208665427723861
