Model: GRU
MSE: 2.071325107213257
MAE: 1.1919260353877632
EVS: 0.6516664027868535
