Model: GRU
MSE: 1.2156787254454906
MAE: 0.809806248237347
EVS: 0.6236880889171212
