Model: GRU
MSE: 1.4082819095580248
MAE: 0.87624742244852
EVS: 0.5546954333072409
