Model: GRU
MSE: 1.319305906839669
MAE: 0.8244336391317438
EVS: 0.6349469414266846
