Model: GRU
MSE: 1.1716196721923273
MAE: 0.792892538267991
EVS: 0.6484828888661893
