Model: GRU
MSE: 1.3803666491110178
MAE: 0.9082423900735787
EVS: 0.6628873767552078
