Model: GRU
MSE: 2.5130868106382014
MAE: 1.3286347553647793
EVS: 0.5975268747325919
