Model: GRU
MSE: 1356.684543795223
MAE: 36.79183821842588
EVS: -4.440892098500626e-16
