Model: GRU
MSE: 2.1237753166780817
MAE: 1.0932276166718586
EVS: 0.4798149658025346
