Model: GRU
MSE: 1.114361670201153
MAE: 0.7448760558818952
EVS: 0.6554118453881117
