Model: GRU
MSE: 1.793440716361899
MAE: 1.0378658360448376
EVS: 0.43679712493440037
