Model: GRU
MSE: 1.2129936352649282
MAE: 0.7882981464780614
EVS: 0.6299874858751671
