Model: GRU
MSE: 3.6606713982631196
MAE: 1.6248572119351097
EVS: 0.5720607382424535
