Model: GRU
MSE: 1.1111440058057582
MAE: 0.7602905076125575
EVS: 0.6396367845293094
