Model: GRU
MSE: 2.4774805914026117
MAE: 1.3062313178489944
EVS: 0.6165548657612214
