Model: GRU
MSE: 220.06281048130253
MAE: 14.722717104286984
EVS: -0.08512694737852566
