Model: GRU
MSE: 2.010125489377203
MAE: 0.9808822495596752
EVS: 0.4708734294345891
