Model: GRU
MSE: 1281.6874829318615
MAE: 35.72887361460719
EVS: -0.6862930614310723
