Model: GRU
MSE: 1.1349342065858106
MAE: 0.7819574290308463
EVS: 0.6576948152522171
