Model: GRU
MSE: 5.309589435631189
MAE: 2.0402030287117787
EVS: 0.6227071732916578
