Model: GRU
MSE: 237.80736914771862
MAE: 15.328975249981058
EVS: 0.0707009329128846
