Model: GRU
MSE: 1.433681625864414
MAE: 0.8800435888356177
EVS: 0.5298122530676947
