Model: GRU
MSE: 2.08440004457046
MAE: 1.1116975258136612
EVS: 0.5645348895975968
