Model: GRU
MSE: 1.3293289818657592
MAE: 0.8859930367305359
EVS: 0.6226559853119678
