Model: GRU
MSE: 1.396475157552184
MAE: 0.9467427977200212
EVS: 0.5835522276191827
