Model: GRU
MSE: 2.0571445745295818
MAE: 1.1337371036924169
EVS: 0.6190005737716004
