Model: GRU
MSE: 1.189206149775961
MAE: 0.7689700126647953
EVS: 0.6380536075516723
