Model: GRU
MSE: 2.614660692403847
MAE: 1.3262613066311535
EVS: 0.5833885897081112
