Model: GRU
MSE: 1.3483861370451324
MAE: 0.8433621669637749
EVS: 0.5947994829701265
