Model: GRU
MSE: 2069.9663453555972
MAE: 45.441216731893604
EVS: -0.6623516919342176
