Model: GRU
MSE: 1.3698008244913393
MAE: 0.8670154768845135
EVS: 0.6027491638310268
