Model: GRU
MSE: 1.2324721044643914
MAE: 0.8131792298678697
EVS: 0.6078779924529232
