Model: GRU
MSE: 1.3261636949308107
MAE: 0.862098052583892
EVS: 0.5856006486762915
