Model: GRU
MSE: 2.0869280458227104
MAE: 1.2082156970583164
EVS: 0.6630417537441615
