Model: GRU
MSE: 1.6219059073796578
MAE: 0.9412547144396557
EVS: 0.6142106660481058
