Model: GRU
MSE: 2.2974847910362906
MAE: 1.2704729376168091
EVS: 0.6589117433242906
