Model: GRU
MSE: 1.57640982443376
MAE: 0.9400860030075604
EVS: 0.6109106303521513
