Model: GRU
MSE: 1.8253460490480633
MAE: 1.032620939715155
EVS: 0.5709730893637033
