Model: GRU
MSE: 1.6718545598977117
MAE: 1.0199779313186117
EVS: 0.6409866824222952
