Model: GRU
MSE: 1.0938853494009328
MAE: 0.7961741480334055
EVS: 0.6507195933105131
