Model: GRU
MSE: 1.3097660224468886
MAE: 0.8710868440825363
EVS: 0.5837062415131903
