Model: GRU
MSE: 224.30655474578353
MAE: 14.866647200337772
EVS: -0.08018281905640312
