Model: GRU
MSE: 1.2245487326387996
MAE: 0.7963037819697945
EVS: 0.6293929494688372
