Model: GRU
MSE: 1.432023298410561
MAE: 0.9291006285568768
EVS: 0.6467508086621888
