Model: GRU
MSE: 1.1592642236195827
MAE: 0.7683238325447875
EVS: 0.6280778829565539
