Model: GRU
MSE: 250.2033631086133
MAE: 15.719569526869675
EVS: -0.01750721427501256
