Model: GRU
MSE: 2.278422351131311
MAE: 1.2322386955392777
EVS: 0.6381093532836376
