Model: GRU
MSE: 1.4242861876076036
MAE: 0.9635791449711238
EVS: 0.6163807716988587
