Model: GRU
MSE: 1.981633907174972
MAE: 1.1004193404625202
EVS: 0.34927979221564864
