Model: GRU
MSE: 0.9846263571645414
MAE: 0.7134838433101263
EVS: 0.6838252860971752
