Model: GRU
MSE: 921.385679888858
MAE: 30.01699158241009
EVS: -5.687902666829167
