Model: GRU
MSE: 491.5010515496456
MAE: 22.100109297653724
EVS: -0.013475794206025737
