Model: GRU
MSE: 1.347210192104096
MAE: 0.9066946095433726
EVS: 0.6421185816761059
