Model: GRU
MSE: 375.4285501195001
MAE: 19.274744502429304
EVS: -0.28490563934617574
