Model: GRU
MSE: 2.335902701636239
MAE: 1.119159391948155
EVS: 0.43423831697067383
