Model: GRU
MSE: 1.2851660332801433
MAE: 0.8973713907702213
EVS: 0.6330386875169629
