Model: GRU
MSE: 1.4333683154159664
MAE: 0.920747724072687
EVS: 0.6302943827936305
