Model: GRU
MSE: 1.7832090119657167
MAE: 1.0391260508833258
EVS: 0.5497442079884614
