Model: GRU
MSE: 1.1818822514218137
MAE: 0.7606347018274772
EVS: 0.6362852488393324
