Model: GRU
MSE: 1.380692624605185
MAE: 0.9040015977004476
EVS: 0.64603791294059
