Model: GRU
MSE: 2.071367648687498
MAE: 1.1549058042723561
EVS: 0.586033289726799
