Model: GRU
MSE: 1.8288819767898665
MAE: 1.0886011781363656
EVS: 0.6095308911272349
