Model: GRU
MSE: 2.905776784576376
MAE: 1.4517990885109742
EVS: 0.6626468088354824
