Model: GRU
MSE: 1.138462734489167
MAE: 0.7758842172293829
EVS: 0.6423903282892712
