Model: GRU
MSE: 2.644529761415421
MAE: 1.3418936729431148
EVS: 0.60565285492999
