Model: GRU
MSE: 2.4178500379191274
MAE: 1.2817119072223526
EVS: 0.5554233933699595
