Model: GRU
MSE: 1.0141134452480778
MAE: 0.7363183909449088
EVS: 0.6846338071653169
