Model: GRU
MSE: 1.2091523525048553
MAE: 0.8131163695762902
EVS: 0.620949760336285
