Model: GRU
MSE: 1.431593347791539
MAE: 0.9382993599464151
EVS: 0.5998015218536888
