Model: GRU
MSE: 12.041314052485777
MAE: 3.0243918977934743
EVS: 0.0
