Model: GRU
MSE: 2.972492967448568
MAE: 1.4702906608581547
EVS: 0.6317507921762695
