Model: GRU
MSE: 7067.523376031104
MAE: 84.00636554586477
EVS: -2.432936321964727
