Model: GRU
MSE: 2.187463589371988
MAE: 1.2324697149210968
EVS: 0.6109904185929709
