Model: GRU
MSE: 4447.042031110072
MAE: 66.65688830408557
EVS: -0.2811286072558241
