Model: GRU
MSE: 2.413381592206686
MAE: 1.2907499280469166
EVS: 0.5837700089411322
