Model: GRU
MSE: 1.0307132126101566
MAE: 0.7676513441677751
EVS: 0.6699256800224207
