Model: GRU
MSE: 2.2142149699848006
MAE: 1.2617387936033055
EVS: 0.6433828837643314
