Model: GRU
MSE: 1.5031175131157075
MAE: 1.0117681273098647
EVS: 0.6048941751445387
