Model: GRU
MSE: 2.598049595866007
MAE: 1.3350784038675239
EVS: 0.5901812907332651
