Model: GRU
MSE: 1.7055450788335802
MAE: 1.0466890663936226
EVS: 0.601177600799603
