Model: GRU
MSE: 2.771958089799307
MAE: 1.4332236092666104
EVS: 0.6195698294726764
