Model: GRU
MSE: 1.5122414251881597
MAE: 0.9077613435942556
EVS: 0.5750209852321932
