Model: GRU
MSE: 1.8285659813281474
MAE: 1.0232302567054483
EVS: 0.564556500845667
