Model: GRU
MSE: 604.6610810742372
MAE: 24.544765077788256
EVS: 0.27242881581174727
