Model: GRU
MSE: 230.57346962407573
MAE: 15.097334426024865
EVS: 0.13175604871590985
