Model: GRU
MSE: 2510.9826012395065
MAE: 50.080003014926255
EVS: 0.022752330561714107
