Model: GRU
MSE: 2.700890069871126
MAE: 1.359402097504715
EVS: 0.6420998737567596
