Model: GRU
MSE: 1.1649663658592293
MAE: 0.8130895680394666
EVS: 0.6191344197007209
