Model: GRU
MSE: 1.148015875895751
MAE: 0.7446920460668108
EVS: 0.623743026835426
