Model: GRU
MSE: 1.171139292732419
MAE: 0.8132385385447539
EVS: 0.6627431300183564
