Model: GRU
MSE: 3.4001795055909465
MAE: 1.3471152206947068
EVS: -0.0976113844711759
