Model: GRU
MSE: 228.24793466671176
MAE: 14.996410908370182
EVS: -0.10193479231439606
