Model: GRU
MSE: 6.348536595419132
MAE: 2.301526595806254
EVS: 0.538768390277375
