Model: GRU
MSE: 490.8376120897343
MAE: 22.083032065424426
EVS: -0.04338738465863212
