Model: GRU
MSE: 1.2915756230275075
MAE: 0.8483017724135832
EVS: 0.6444355242123913
