Model: GRU
MSE: 1.3550644359943358
MAE: 0.8769176252957047
EVS: 0.5825949004402631
