Model: GRU
MSE: 185.11252204858067
MAE: 13.495304425214899
EVS: 0.018358095752345704
