Model: GRU
MSE: 1.3708545887419517
MAE: 0.8419391040144298
EVS: 0.6018092551054712
