Model: GRU
MSE: 1.294871104629519
MAE: 0.9024745020373112
EVS: 0.6100948129963117
