Model: GRU
MSE: 1.756739063392239
MAE: 1.0016637506156136
EVS: 0.5541230449067449
