Model: GRU
MSE: 1.5506438516727024
MAE: 0.9784926874884241
EVS: 0.6227967961406479
