Model: GRU
MSE: 1488.6065967123548
MAE: 38.54524651889143
EVS: 0.05734194607028931
