Model: GRU
MSE: 1.1429224778942249
MAE: 0.7616476354927855
EVS: 0.6302875893333119
