Model: GRU
MSE: 2.307412315815153
MAE: 1.219602486182903
EVS: 0.6223209252287725
