Model: GRU
MSE: 1.2617413468642866
MAE: 0.8208281747226059
EVS: 0.608644676828217
