Model: GRU
MSE: 1.0917191081284725
MAE: 0.828850795482767
EVS: 0.6492980106476569
