Model: GRU
MSE: 1.279550802697062
MAE: 0.8755814946930982
EVS: 0.6421422089059823
