Model: GRU
MSE: 2.418599643597236
MAE: 1.2648128147782947
EVS: 0.5278932350410063
