Model: GRU
MSE: 2.2576106823901134
MAE: 1.2140556532761142
EVS: 0.5442416852887616
