Model: GRU
MSE: 2.1439310984830837
MAE: 1.1854865962061387
EVS: 0.5508999238026895
