Model: GRU
MSE: 1.551341325970451
MAE: 0.9128865702398897
EVS: 0.5770065377188698
