Model: GRU
MSE: 7.347482575014289
MAE: 2.338760910363034
EVS: 0.23421681786289927
