Model: GRU
MSE: 1.5172471149365208
MAE: 0.9227140196438497
EVS: 0.5770191215006862
