Model: GRU
MSE: 1.3753340600499315
MAE: 0.9174825405252388
EVS: 0.6368581082268339
