Model: GRU
MSE: 4.717966474709931
MAE: 1.9150702871125316
EVS: 0.6318128682878192
