Model: GRU
MSE: 381.020122770842
MAE: 19.45145083295888
EVS: 0.12610108360910333
