Model: GRU
MSE: 1.2926498689570163
MAE: 0.8196030156365759
EVS: 0.605004648692532
