Model: GRU
MSE: 1.5527466859122696
MAE: 0.983597738989468
EVS: 0.5931736781413224
