Model: GRU
MSE: 1.558879531061722
MAE: 0.9783471699418694
EVS: 0.4899602083775587
