Model: GRU
MSE: 1.3839606279731982
MAE: 0.9324034822398216
EVS: 0.5990373615002766
