Model: GRU
MSE: 1.6153359027281933
MAE: 0.9040295831088367
EVS: 0.574823853183039
