Model: GRU
MSE: 523.3580377438177
MAE: 22.809172465883453
EVS: -0.017898706795377306
