Model: GRU
MSE: 1.3465249978674303
MAE: 0.8149376079953953
EVS: 0.558831094235636
