Model: GRU
MSE: 1.8243603691819386
MAE: 1.081859966804241
EVS: 0.555050898760636
