Model: GRU
MSE: 1.469861619650852
MAE: 0.9044533269158728
EVS: 0.5773671034320493
