Model: GRU
MSE: 2.904008681445249
MAE: 1.430407047271729
EVS: 0.561859299698809
