Model: GRU
MSE: 1.3561712635546588
MAE: 0.8262820572688667
EVS: 0.619715929764711
