Model: GRU
MSE: 2.0944192311072154
MAE: 1.1434823891212205
EVS: 0.6377102345995314
