Model: GRU
MSE: 1.2655781562641317
MAE: 0.824281791160847
EVS: 0.6327509054517133
