Model: GRU
MSE: 213.70752150206457
MAE: 14.506128584516459
EVS: -0.0770300460305895
