Model: GRU
MSE: 2.5517585983977598
MAE: 1.3386914483432117
EVS: 0.6080238624015067
