Model: GRU
MSE: 2.488566963841641
MAE: 1.3092551066957667
EVS: 0.5754934183771896
