Model: GRU
MSE: 2583.935034707486
MAE: 50.80436877546639
EVS: 0.06371905641888564
