Model: GRU
MSE: 1.790350824392951
MAE: 0.9920198013042586
EVS: 0.5537110051111283
