Model: GRU
MSE: 1.2432862499574404
MAE: 0.8496956167549923
EVS: 0.5945723304906378
