Model: GRU
MSE: 1.63830739045145
MAE: 0.947908368603937
EVS: 0.5588339132369211
