Model: GRU
MSE: 3.7870565050534246
MAE: 1.6942187835430271
EVS: 0.6216992031864369
