Model: GRU
MSE: 3.3407188304824826
MAE: 1.5397840286123345
EVS: 0.595804957211379
