Model: GRU
MSE: 1.5353229305875835
MAE: 0.8875158573019096
EVS: 0.5626589763369552
