Model: GRU
MSE: 1.3546544448310887
MAE: 0.884213661325389
EVS: 0.5564949684337129
