Model: GRU
MSE: 2.5452857379298726
MAE: 1.297233680198933
EVS: 0.5972034472811087
