Model: GRU
MSE: 1.4926303380025743
MAE: 0.9072873181310194
EVS: 0.513948792269567
