Model: GRU
MSE: 2.471891559474003
MAE: 1.242438858953015
EVS: 0.5570100563881664
