Model: GRU
MSE: 1.0455433061691677
MAE: 0.7373795509338382
EVS: 0.6785585922870498
