Model: GRU
MSE: 242.28827851419257
MAE: 15.460445124527503
EVS: -0.07150002742107686
