Model: GRU
MSE: 1.2496860394344838
MAE: 0.8138220227997881
EVS: 0.6078994848613923
