Model: GRU
MSE: 1.4235926676803408
MAE: 0.8687836383951124
EVS: 0.5535631188333988
