Model: GRU
MSE: 1.2535392767769322
MAE: 0.8371835083797059
EVS: 0.6446944180710028
