Model: GRU
MSE: 2.722210518903433
MAE: 1.3938533684303016
EVS: 0.604767009714543
