Model: GRU
MSE: 1.17781052773014
MAE: 0.8251796262017612
EVS: 0.6187271564279622
