Model: GRU
MSE: 1.8213162057909817
MAE: 1.1197632263446673
EVS: 0.5588883247087817
