Model: GRU
MSE: 1.4030161374290897
MAE: 0.9036990198595769
EVS: 0.5678899960993249
