Model: GRU
MSE: 3.5112201424616094
MAE: 1.6480520100429146
EVS: 0.6564269471485147
