Model: GRU
MSE: 1.3271610720444653
MAE: 0.9223202014791552
EVS: 0.6022069420491014
