Model: GRU
MSE: 1.1803233666926896
MAE: 0.8115275317224968
EVS: 0.6226689537108969
