Model: GRU
MSE: 1.3785774797098254
MAE: 0.8887471988283354
EVS: 0.5621460580754176
