Model: GRU
MSE: 1.0916382817518937
MAE: 0.758820862605654
EVS: 0.6465989583433825
