Model: GRU
MSE: 1.5682109621976945
MAE: 0.9890776502675022
EVS: 0.5992157412535308
