Model: GRU
MSE: 1.1901048858450756
MAE: 0.779256130086965
EVS: 0.6433774222370586
