Model: GRU
MSE: 278.8279721406538
MAE: 16.590053895424152
EVS: -0.18156522821210141
