Model: GRU
MSE: 1.3942367337216452
MAE: 0.8993255681005022
EVS: 0.6141532787144752
