Model: GRU
MSE: 4.417974828051242
MAE: 1.8840773105621342
EVS: 0.6160521747969918
