Model: GRU
MSE: 241.840828956944
MAE: 15.459523221542096
EVS: 0.06607599565127553
