Model: GRU
MSE: 2.4248441903827818
MAE: 1.280506873952932
EVS: 0.6239559549093405
