Model: GRU
MSE: 306.5014622840514
MAE: 17.41689838212112
EVS: -0.0354424283491519
