Model: GRU
MSE: 2.0406884943175494
MAE: 1.1651632210303993
EVS: 0.5844883980522891
