Model: GRU
MSE: 2.286930532973877
MAE: 1.237501193737162
EVS: 0.6157487899920857
