Model: GRU
MSE: 1.4571887692430452
MAE: 0.9463150583464521
EVS: 0.6509445985542843
