Model: GRU
MSE: 2.6073436575011457
MAE: 1.3349763853796601
EVS: 0.613200416276154
