Model: GRU
MSE: 2.1282723802930423
MAE: 1.1830118277977248
EVS: 0.6012211937293355
