Model: GRU
MSE: 1.9497935071702557
MAE: 1.1430166672016009
EVS: 0.6037647846613602
