Model: GRU
MSE: 1.5961227206553612
MAE: 0.9829604050208782
EVS: 0.5327097977008647
