Model: GRU
MSE: 1.203379744756587
MAE: 0.8503563157443342
EVS: 0.6214983484650531
