Model: GRU
MSE: 1.2410207107292897
MAE: 0.7954774067319674
EVS: 0.5926487896695429
