Model: GRU
MSE: 2.3462903740069447
MAE: 1.241527212077174
EVS: 0.5966730815301831
