Model: GRU
MSE: 1.2704947613827025
MAE: 0.8205387674528979
EVS: 0.5930559749880545
