Model: GRU
MSE: 1.667415884038338
MAE: 1.022519637798441
EVS: 0.597092435793368
