Model: GRU
MSE: 1.4126414304432722
MAE: 0.9331045972889865
EVS: 0.6383076526709373
