Model: GRU
MSE: 1.8169250284078684
MAE: 1.024740416428139
EVS: 0.6031228479900458
