Model: GRU
MSE: 1.0900984775980762
MAE: 0.7479137881048797
EVS: 0.6559095241304438
