Model: GRU
MSE: 2.5811643410473177
MAE: 1.3201727044993439
EVS: 0.5819167141514947
