Model: GRU
MSE: 1.187372637719473
MAE: 0.7633458499250745
EVS: 0.6243054002417189
