Model: GRU
MSE: 215.67583543674098
MAE: 14.57802438735962
EVS: -0.036732126107455354
