Model: GRU
MSE: 1.137211575881824
MAE: 0.7712881647307299
EVS: 0.6311050670563698
