Model: GRU
MSE: 1.0738553312286718
MAE: 0.728463172912598
EVS: 0.6656224781626278
