Model: GRU
MSE: 2.1320550417080377
MAE: 1.1362033548026254
EVS: 0.5363327024622621
