Model: GRU
MSE: 1.1600610692782758
MAE: 0.7978384412568194
EVS: 0.6253080065353912
