Model: GRU
MSE: 2054.454029627837
MAE: 45.21669091849491
EVS: -2.252641225960019
