Model: GRU
MSE: 237.13756677458858
MAE: 15.273557502647925
EVS: -0.2662642396799524
