Model: GRU
MSE: 3.5174756910365086
MAE: 1.5978842768175854
EVS: 0.5436804968045889
