Model: GRU
MSE: 1.4316373370248305
MAE: 0.8853025436401372
EVS: 0.5854917453589138
