Model: GRU
MSE: 2.214851630798124
MAE: 1.2295188903808598
EVS: 0.6363891016292412
