Model: GRU
MSE: 2.1801252438880803
MAE: 1.1270391201150833
EVS: 0.5986972572777224
