Model: GRU
MSE: 894.1174524138102
MAE: 29.84391245160784
EVS: -0.0005831231356956401
