Model: GRU
MSE: 1.2352751444142274
MAE: 0.8023342428536253
EVS: 0.6045953361404968
