Model: GRU
MSE: 2.525601256858911
MAE: 1.3157477707698433
EVS: 0.6182593514637649
