Model: GRU
MSE: 1552.8332920254886
MAE: 39.367348243450294
EVS: -4.440892098500626e-16
