Model: GRU
MSE: 1.3977551107072472
MAE: 0.8679557833178293
EVS: 0.5771746230331839
