Model: GRU
MSE: 1.5216229165892499
MAE: 0.9241556956850254
EVS: 0.6085762030797855
