Model: GRU
MSE: 1.135698381388873
MAE: 0.7435287607127227
EVS: 0.6478539981831419
