Model: GRU
MSE: 2054.3094272616686
MAE: 45.23640721419762
EVS: -1.6195096308073955
