Model: GRU
MSE: 1.118806650962832
MAE: 0.7494375952358907
EVS: 0.6463700366740137
