Model: GRU
MSE: 1.802831703750286
MAE: 1.0391258371287384
EVS: 0.6481523608689765
