Model: GRU
MSE: 1.8972638287269745
MAE: 1.0460427547323297
EVS: 0.5756449816269662
