Model: GRU
MSE: 1.6240804277482028
MAE: 0.9755195913643675
EVS: 0.470103902528096
