Model: GRU
MSE: 240.80130536125725
MAE: 15.430207585466318
EVS: 0.11007053768152908
