Model: GRU
MSE: 1.1078894320286399
MAE: 0.7433015067001872
EVS: 0.6568938890562557
