Model: GRU
MSE: 1.3241133284194293
MAE: 0.9002270534120754
EVS: 0.6529365620076761
