Model: GRU
MSE: 1.4221215933182434
MAE: 0.9479017422117033
EVS: 0.6407891358553268
