Model: GRU
MSE: 1.4084233859585475
MAE: 0.9179758532293909
EVS: 0.6214096563259369
