Model: GRU
MSE: 3.086178846913187
MAE: 1.5203443724533603
EVS: 0.6442831950283796
