Model: GRU
MSE: 1.4785640005259595
MAE: 0.9586288353492471
EVS: 0.5996534865429703
