Model: GRU
MSE: 4.483552745266936
MAE: 1.9399922140713401
EVS: 0.6663233064227636
