Model: GRU
MSE: 1.5208725879321776
MAE: 0.9902584141698374
EVS: 0.5704285315670392
