Model: GRU
MSE: 1.9325650387958666
MAE: 1.0970429552012482
EVS: 0.5426541385132454
