Model: GRU
MSE: 1.7164657732990491
MAE: 0.9852008161873658
EVS: 0.5264109433054822
