Model: GRU
MSE: 1.348928081021831
MAE: 0.8544429581740812
EVS: 0.6206579730021918
