Model: GRU
MSE: 2.123541696113502
MAE: 1.1689612618808083
EVS: 0.5852573607112947
