Model: GRU
MSE: 1.7978941014669643
MAE: 1.0094483967485104
EVS: 0.5596095100854568
