Model: GRU
MSE: 1.1844777403542703
MAE: 0.8109711120868552
EVS: 0.6116449357825264
