Model: GRU
MSE: 1.061902981005601
MAE: 0.7469729719490843
EVS: 0.6551838323862428
