Model: GRU
MSE: 2840.4942477230516
MAE: 53.23796634016366
EVS: -1.0403322313454022
