Model: GRU
MSE: 1.2153477039600111
MAE: 0.8251745947476089
EVS: 0.6276075253200144
