Model: GRU
MSE: 2.161284916115038
MAE: 1.1435230353782913
EVS: 0.5605224142166059
