Model: GRU
MSE: 507.5592099998306
MAE: 22.46077429015061
EVS: -0.009077934068065563
