Model: GRU
MSE: 1.1587751831690216
MAE: 0.7580966456183076
EVS: 0.642767116620766
