Model: GRU
MSE: 240.1320993836773
MAE: 15.382471302577427
EVS: -0.016013961052801395
