Model: GRU
MSE: 1.2805484169531813
MAE: 0.8332712568085769
EVS: 0.579503226845834
