Model: GRU
MSE: 1.1082136808845933
MAE: 0.7435754414262447
EVS: 0.656898583417776
