Model: GRU
MSE: 2.2711212782190264
MAE: 1.2691286350118707
EVS: 0.6664133669641804
