Model: GRU
MSE: 2.585684959094953
MAE: 1.3342611049783637
EVS: 0.6020738760996989
