Model: GRU
MSE: 1.5561202521940252
MAE: 0.9574728834217997
EVS: 0.6458245458579361
