Model: GRU
MSE: 1.1642858685922242
MAE: 0.8765524009178424
EVS: 0.6356610584355769
