Model: GRU
MSE: 2.7213938960601127
MAE: 1.424956190175024
EVS: 0.6406353323337421
