Model: GRU
MSE: 2.215701170669664
MAE: 1.242417713691449
EVS: 0.6672138521315328
