Model: GRU
MSE: 1.4929534164025733
MAE: 0.9447036118342956
EVS: 0.606891567650816
