Model: GRU
MSE: 1.1920774530738778
MAE: 0.8370130308743183
EVS: 0.60873461284979
