Model: GRU
MSE: 1.2867627814824683
MAE: 0.8465419802172434
EVS: 0.5776184671306923
