Model: GRU
MSE: 1.9591497023284172
MAE: 1.0931565350499652
EVS: 0.5829383927643857
