Model: GRU
MSE: 4.443840532370565
MAE: 1.9228304172384332
EVS: 0.6581792085376951
