Model: GRU
MSE: 1.925069043139375
MAE: 1.1091956599005333
EVS: 0.5904876919781756
