Model: GRU
MSE: 43.99592641582002
MAE: 6.404355164231925
EVS: 0.021352716848596187
