Model: GRU
MSE: 4.525713988239279
MAE: 1.8860228966022354
EVS: 0.6237103976372619
