Model: GRU
MSE: 2.028612802813236
MAE: 1.180321857847017
EVS: 0.6637065687800301
