Model: GRU
MSE: 1.4595638604323062
MAE: 0.9354468542954015
EVS: 0.6127803253762348
