Model: GRU
MSE: 1.3417512276362933
MAE: 0.8456352825822502
EVS: 0.5767385223495816
