Model: GRU
MSE: 1.3245762622522272
MAE: 0.8741311204844507
EVS: 0.5776553740028694
