Model: GRU
MSE: 206.31205262107613
MAE: 14.245783421499976
EVS: -0.10656925556991648
