Model: GRU
MSE: 5.337524151985096
MAE: 1.9701937807017365
EVS: 0.20226868160277156
