Model: GRU
MSE: 1.1827782001506293
MAE: 0.8133935928344727
EVS: 0.6294141712567847
