Model: GRU
MSE: 2.2328684648107755
MAE: 1.2129914842802907
EVS: 0.6189058582536062
