Model: GRU
MSE: 1.4526130146904948
MAE: 0.8747275944413815
EVS: 0.5756717093448644
