Model: GRU
MSE: 1.1085582486912402
MAE: 0.751548060055437
EVS: 0.6467767621611631
