Model: GRU
MSE: 1.8401623503921793
MAE: 1.0503978811461354
EVS: 0.5570750055653946
