Model: GRU
MSE: 1.3328994947769859
MAE: 0.8395772637992074
EVS: 0.6175546626240369
