Model: GRU
MSE: 230.12514731756735
MAE: 15.05553474508483
EVS: -0.13491352629060094
