Model: GRU
MSE: 6943.00609875698
MAE: 83.26178701992693
EVS: -2.441801860782239
