Model: GRU
MSE: 3.2751149720872603
MAE: 1.5226008398779511
EVS: 0.5988775418494228
