Model: GRU
MSE: 1.6296584503562082
MAE: 0.9803111635405439
EVS: 0.5681161046256168
