Model: GRU
MSE: 1.2799139145390814
MAE: 0.8237096687843064
EVS: 0.6390844512407056
