Model: GRU
MSE: 1.3580788159057846
MAE: 0.8920814744357403
EVS: 0.5834856661742867
