Model: GRU
MSE: 1.5381353305070684
MAE: 0.9863905248970819
EVS: 0.6308426655879389
