Model: GRU
MSE: 6.684635262024603
MAE: 1.9512192298626083
EVS: -0.2964600326181446
