Model: GRU
MSE: 2.236364814933368
MAE: 1.1730165974847198
EVS: 0.5398458448309645
