Model: GRU
MSE: 1.4048921492237774
MAE: 0.8100189998232088
EVS: 0.550006188281996
