Model: GRU
MSE: 184.12560045858513
MAE: 13.437419922187411
EVS: -0.16950106705882173
