Model: GRU
MSE: 1.3785752525470563
MAE: 0.8784927499705347
EVS: 0.5473328918996485
