Model: GRU
MSE: 1.9277290760653418
MAE: 0.8670848982674737
EVS: 0.44690822049032153
