Model: GRU
MSE: 1.2878047679974174
MAE: 0.7850617211440516
EVS: 0.5853812498557984
