Model: GRU
MSE: 1.2003457888730074
MAE: 0.8349772486193426
EVS: 0.6102409009557284
