Model: GRU
MSE: 1.4566651290386228
MAE: 0.9208168819032869
EVS: 0.5624620938573403
