Model: GRU
MSE: 1.3576460877546919
MAE: 0.795016535397234
EVS: 0.5751523181209919
