Model: GRU
MSE: 1.5487304807925133
MAE: 0.9158770462562302
EVS: 0.5921316005821249
