Model: GRU
MSE: 1.3725020875852438
MAE: 0.9105995276878618
EVS: 0.654854075666081
