Model: GRU
MSE: 2579.0372175115112
MAE: 50.65788920172329
EVS: -3.2084412161598364
