Model: GRU
MSE: 1.7302614018945883
MAE: 1.0522953230759189
EVS: 0.6074550159709272
