Model: GRU
MSE: 1.4018962552847747
MAE: 0.8758104916276606
EVS: 0.5618907433560527
