Model: GRU
MSE: 1.3725342453635054
MAE: 0.8979032450708854
EVS: 0.6347411788566044
