Model: GRU
MSE: 211.9136555468742
MAE: 14.461950285681363
EVS: 0.09179569940667087
