Model: GRU
MSE: 6.01618326813824
MAE: 2.2317159586939312
EVS: 0.614322129571985
