Model: GRU
MSE: 1.5930949278137214
MAE: 1.0055626343036517
EVS: 0.5911445732312435
