Model: GRU
MSE: 708.0453656795133
MAE: 26.567453055546203
EVS: 0.2723580580455832
