Model: GRU
MSE: 1.1249167951595591
MAE: 0.8035627562424232
EVS: 0.6308345045074837
