Model: GRU
MSE: 3.186725591546823
MAE: 1.550202188820674
EVS: 0.6146535205171682
