Model: GRU
MSE: 1.462231656285486
MAE: 0.9447061440040325
EVS: 0.5345449812628449
