Model: GRU
MSE: 1.1580887122268466
MAE: 0.8311856039639177
EVS: 0.6205559944538166
