Model: GRU
MSE: 2.029898757025457
MAE: 1.0951464669457802
EVS: 0.6097957906017265
