Model: GRU
MSE: 2.2885429492069487
MAE: 1.2204026847050113
EVS: 0.610783606777784
