Model: GRU
MSE: 3.3787838539427972
MAE: 1.50836051743606
EVS: 0.5114015895988385
