Model: GRU
MSE: 1.43847465231989
MAE: 0.946363153128788
EVS: 0.6495476786776972
