Model: GRU
MSE: 1.4866946036008182
MAE: 0.8919089087124529
EVS: 0.5257973356544661
