Model: GRU
MSE: 1.4641802767876086
MAE: 0.9253530666745939
EVS: 0.5605205349140872
