Model: GRU
MSE: 1.9605400677820106
MAE: 1.0741970128026497
EVS: 0.5809766860917048
