Model: GRU
MSE: 1.4855093858115236
MAE: 0.9318268710169296
EVS: 0.5992656252448123
