Model: GRU
MSE: 3.120876014656897
MAE: 1.508793633559654
EVS: 0.5707150178542644
