Model: GRU
MSE: 1.6367891054614707
MAE: 1.0190863444887357
EVS: 0.6238132417497881
