Model: GRU
MSE: 3.3476518181127597
MAE: 1.5520844623960293
EVS: 0.589368499834539
