Model: GRU
MSE: 3.403989284850462
MAE: 1.5644962705414875
EVS: 0.6042312361023314
