Model: GRU
MSE: 2.9635961670318256
MAE: 1.4483801249800052
EVS: 0.5939652624288805
