Model: GRU
MSE: 1.2762898380078223
MAE: 0.7895429052155596
EVS: 0.5814431959631658
