Model: GRU
MSE: 5.835933214763512
MAE: 2.1504452475186047
EVS: 0.5765956906472601
