Model: GRU
MSE: 1.2853726251638231
MAE: 0.8885471738617994
EVS: 0.6664697235747854
