Model: GRU
MSE: 3.342017384711792
MAE: 1.5767034826607536
EVS: 0.6075844673218183
