Model: GRU
MSE: 4.5422267705644455
MAE: 1.9095678000614567
EVS: 0.6073842646618915
