Model: GRU
MSE: 2.178439251741002
MAE: 1.135584584597884
EVS: 0.5514184787084823
