Model: GRU
MSE: 4.887553771499199
MAE: 2.0296681996049557
EVS: 0.64627318966063
