Model: GRU
MSE: 1.439449085494446
MAE: 0.9455199899344614
EVS: 0.6490007684128682
