Model: GRU
MSE: 1.113306714296147
MAE: 0.7485688472616264
EVS: 0.6478624186131741
