Model: GRU
MSE: 1.1441563064990046
MAE: 0.7701032243925955
EVS: 0.6448355244102564
