Model: GRU
MSE: 1.9283584847085582
MAE: 1.1275851644318675
EVS: 0.6270691162340725
