Model: GRU
MSE: 1.3606589812259637
MAE: 0.8524015360865105
EVS: 0.612510724378509
