Model: GRU
MSE: 12.129089924335894
MAE: 3.0374788086989835
EVS: 0.0
