Model: GRU
MSE: 2.993036410616858
MAE: 1.4477704393452617
EVS: 0.6225815268713619
