Model: GRU
MSE: 5.882929047718004
MAE: 2.171843397206273
EVS: 0.5575638363616686
