Model: GRU
MSE: 1.314038485016273
MAE: 0.8933585594440326
EVS: 0.6291734695407416
