Model: GRU
MSE: 1.1650437533426627
MAE: 0.7571334345587373
EVS: 0.6276857335974295
