Model: GRU
MSE: 1593.5190470654925
MAE: 39.88019643980881
EVS: -0.014381619953227176
