Model: GRU
MSE: 1.371521727809287
MAE: 0.876531485853524
EVS: 0.560789209481646
