Model: GRU
MSE: 1.4508990784351985
MAE: 0.8767731929647516
EVS: 0.6052881053306656
