Model: GRU
MSE: 1.2866548740180248
MAE: 0.8177982198780983
EVS: 0.5808044806747613
