Model: GRU
MSE: 260.04274294696506
MAE: 16.039182408102626
EVS: 0.08466275011689506
