Model: GRU
MSE: 1.5681001016556393
MAE: 0.9428544208921236
EVS: 0.487936230351122
