Model: GRU
MSE: 2.1869339420066143
MAE: 1.2413081793949527
EVS: 0.6534274507761859
