Model: GRU
MSE: 2.019839659146564
MAE: 1.100989703474374
EVS: 0.6325565222349872
