Model: GRU
MSE: 218.81804460270735
MAE: 14.692943219480844
EVS: 0.036030710003914335
