Model: GRU
MSE: 654.0548645440964
MAE: 25.468126691620924
EVS: -0.7829421213678538
