Model: GRU
MSE: 2.2603600230286545
MAE: 1.2384986548588188
EVS: 0.6344694933791672
