Model: GRU
MSE: 1.8358357763804483
MAE: 1.0797165508927975
EVS: 0.6215488557663604
