Model: GRU
MSE: 1.1320632494711667
MAE: 0.8623053287637642
EVS: 0.634320230046512
