Model: GRU
MSE: 1.6292857720436436
MAE: 0.9377155139528476
EVS: 0.5484246367003252
