Model: GRU
MSE: 1.6064930379827336
MAE: 0.942598079812938
EVS: 0.47335148595297205
