Model: GRU
MSE: 1.3799857741942891
MAE: 0.8618165871192672
EVS: 0.6147715554464414
