Model: GRU
MSE: 316.94086903987034
MAE: 17.68926080341997
EVS: -0.32370354813554125
