Model: GRU
MSE: 1.285543732539297
MAE: 0.8692429641197468
EVS: 0.5778437283645228
