Model: GRU
MSE: 2.5279713025174386
MAE: 1.3311099019543873
EVS: 0.5739469370911201
