Model: GRU
MSE: 2.8971992149933348
MAE: 1.4385004208005703
EVS: 0.6090232636549898
