Model: GRU
MSE: 1.3786937649494952
MAE: 0.8314909441717743
EVS: 0.5473717921140231
