Model: GRU
MSE: 377.47955524054174
MAE: 19.344670838323133
EVS: -0.07161507195400496
