Model: GRU
MSE: 1.2544781728672738
MAE: 0.8486379426101162
EVS: 0.5969519882650327
