Model: GRU
MSE: 3.6247546359574936
MAE: 1.646826135701147
EVS: 0.6177677330041031
