Model: GRU
MSE: 2.495891060879611
MAE: 1.3066997528076167
EVS: 0.5684587851726204
