Model: GRU
MSE: 3.9653204064663052
MAE: 1.7801406301301106
EVS: 0.6400979872670982
