Model: GRU
MSE: 1.8473954506626362
MAE: 1.073025358134303
EVS: 0.5607376792974397
