Model: GRU
MSE: 1.5393175852692402
MAE: 0.9101459404517869
EVS: 0.5621482785192474
