Model: GRU
MSE: 2.2390164141461835
MAE: 1.2540170899752918
EVS: 0.6450384712948563
