Model: GRU
MSE: 1.1760293260037913
MAE: 0.8525267798325109
EVS: 0.6332067859561594
