Model: GRU
MSE: 16.59031781336665
MAE: 3.684601060275374
EVS: -0.03245095303090584
