Model: GRU
MSE: 2.1315820015141016
MAE: 1.203078960550243
EVS: 0.6256360934257947
