Model: GRU
MSE: 1.5027524792910667
MAE: 0.9845046174937278
EVS: 0.6343343154696865
