Model: GRU
MSE: 476.5882104920795
MAE: 21.760186672210693
EVS: -0.012249563407453312
