Model: GRU
MSE: 1.1077257558046674
MAE: 0.7436786355643441
EVS: 0.656362454507939
