Model: GRU
MSE: 1.2579759625437434
MAE: 0.8161521780079811
EVS: 0.5871034965427517
