Model: GRU
MSE: 1.2807978775600255
MAE: 0.8339685571604764
EVS: 0.6051849114391203
