Model: GRU
MSE: 4.325378188980468
MAE: 1.853675061258777
EVS: 0.6105637197163019
