Model: GRU
MSE: 1.9982879980538806
MAE: 1.1091631034324914
EVS: 0.6286348999937746
