Model: GRU
MSE: 1.4434806266941473
MAE: 0.9371800751521667
EVS: 0.6337247784470241
