Model: GRU
MSE: 2.228661391057121
MAE: 1.2539820671081539
EVS: 0.5945805518632525
