Model: GRU
MSE: 2.3255439575573282
MAE: 1.2333845763370903
EVS: 0.4421042222597451
