Model: GRU
MSE: 2.3372317666272076
MAE: 1.2441995637170205
EVS: 0.598193517870421
