Model: GRU
MSE: 2.3408180357903827
MAE: 1.1296192509787424
EVS: 0.4116517610176045
