Model: GRU
MSE: 1.3644800519502718
MAE: 0.8599277693649823
EVS: 0.6277154247048835
