Model: GRU
MSE: 4.444245214389441
MAE: 1.8490734429195004
EVS: 0.5632771987619305
