Model: GRU
MSE: 1.30773798166354
MAE: 0.8071047026535565
EVS: 0.6012104497145363
