Model: GRU
MSE: 1.3208323674016194
MAE: 0.920738729937323
EVS: 0.6116121567747033
