Model: GRU
MSE: 284.2013133496652
MAE: 16.776236303921404
EVS: 0.09391072958428603
