Model: GRU
MSE: 193.1863265656271
MAE: 13.798236271430707
EVS: 0.08215658429505268
