Model: GRU
MSE: 3.908155785742708
MAE: 1.747165597718338
EVS: 0.5663236788398656
