Model: GRU
MSE: 1.1836485834925536
MAE: 0.8495948068026836
EVS: 0.6578302524533
