Model: GRU
MSE: 4718.882708217741
MAE: 68.67437125896585
EVS: 0.10894050007240497
