Model: GRU
MSE: 1.387559088670341
MAE: 0.893979894703832
EVS: 0.5800054986994944
