Model: GRU
MSE: 1.3615482307393834
MAE: 0.9011449484989559
EVS: 0.6317151386066935
