Model: GRU
MSE: 1.1570177097151544
MAE: 0.7859860288685768
EVS: 0.6464015512724532
