Model: GRU
MSE: 1.4482202552988164
MAE: 0.9476928546510893
EVS: 0.5332307292536786
