Model: GRU
MSE: 3.5552541180258532
MAE: 1.6216166266079612
EVS: 0.5255173736021944
