Model: GRU
MSE: 302.73635660885276
MAE: 17.302208752467713
EVS: -0.10664201507067617
