Model: GRU
MSE: 2.637101183044111
MAE: 1.3731491976770867
EVS: 0.626652925174493
