Model: GRU
MSE: 1.2521594498219761
MAE: 0.841628863893706
EVS: 0.6185837337113522
