Model: GRU
MSE: 1.0051690102037385
MAE: 0.759285301997744
EVS: 0.6713385853884125
