Model: GRU
MSE: 1.173921172064857
MAE: 0.8058009805350468
EVS: 0.6242547829652676
