Model: GRU
MSE: 12.039866744393736
MAE: 3.0241755781502566
EVS: 0.0
