Model: GRU
MSE: 1.1672544786791244
MAE: 0.7801830686371904
EVS: 0.6318998278813868
