Model: GRU
MSE: 1.6004942835788818
MAE: 1.0157128038077516
EVS: 0.6042325366380801
