Model: GRU
MSE: 2.066681381631575
MAE: 0.9721596036638535
EVS: 0.45791544857454536
