Model: GRU
MSE: 1.4638637819011038
MAE: 0.8926466251241755
EVS: 0.5663714797123547
