Model: GRU
MSE: 1.1824848742044196
MAE: 0.8086625460920666
EVS: 0.6205420648313098
