Model: GRU
MSE: 725.0094324749418
MAE: 26.771375129962788
EVS: -1.7265693290734752
