Model: GRU
MSE: 1.275194497749202
MAE: 0.9060385638269883
EVS: 0.582394980205071
