Model: GRU
MSE: 1.8906746315424234
MAE: 1.0998026091476962
EVS: 0.587565401821861
