Model: GRU
MSE: 2.1346309099471137
MAE: 1.2271749726657215
EVS: 0.5839714338908697
