Model: GRU
MSE: 5.9294124725570505
MAE: 2.223998069763184
EVS: 0.5961413517515002
