Model: GRU
MSE: 1.627843954126328
MAE: 0.9610832148584831
EVS: 0.6530066332608382
