Model: GRU
MSE: 1.778817860263078
MAE: 1.0875584668126597
EVS: 0.5954169395337922
