Model: GRU
MSE: 237.59063571234694
MAE: 15.313999998158422
EVS: -0.008818994736188968
