Model: GRU
MSE: 1.2270089289349926
MAE: 0.7707525450607828
EVS: 0.606044486932934
