Model: GRU
MSE: 1.2794064261145588
MAE: 0.8548690368389261
EVS: 0.5799583164220772
