Model: GRU
MSE: 1.9552697993323718
MAE: 1.0603460279004326
EVS: 0.3936900809799704
