Model: GRU
MSE: 1.2576083109163625
MAE: 0.8293034783725081
EVS: 0.5901813009160743
