Model: GRU
MSE: 1.834183180334267
MAE: 1.0455578771130798
EVS: 0.6020163805913147
