Model: GRU
MSE: 1104.4705880253314
MAE: 32.741023968006004
EVS: -9.671254775889743
