Model: GRU
MSE: 1.3868266960687463
MAE: 0.8722036295923697
EVS: 0.584521664959899
