Model: GRU
MSE: 1.0089264092488017
MAE: 0.7660567513827622
EVS: 0.6690128937190549
