Model: GRU
MSE: 1.559396114322007
MAE: 0.9900034542741452
EVS: 0.605613962414828
