Model: GRU
MSE: 621.172718487098
MAE: 24.86217074558653
EVS: 0.0
