Model: GRU
MSE: 1.2573675091816767
MAE: 0.8436615713711443
EVS: 0.5923775522690327
