Model: GRU
MSE: 1.6724151374303273
MAE: 0.9588867384811932
EVS: 0.6103523040380148
