Model: GRU
MSE: 1.3645197702595107
MAE: 0.921999355842327
EVS: 0.6632813675247295
