Model: GRU
MSE: 1678.877651523886
MAE: 40.89467252534011
EVS: -1.1356377542347262
