Model: GRU
MSE: 2.7051983819370866
MAE: 1.3878329704547756
EVS: 0.6401056828408282
