Model: GRU
MSE: 440.3611652141939
MAE: 20.905564012198614
EVS: -0.0897726424195886
