Model: GRU
MSE: 1.2064047285442907
MAE: 0.7681202230782347
EVS: 0.6110814158181606
