Model: GRU
MSE: 1.633226286785429
MAE: 1.0148234860650422
EVS: 0.6160294371408035
