Model: GRU
MSE: 1.281289840873483
MAE: 0.8429064586244782
EVS: 0.597439986839509
