Model: GRU
MSE: 413.23230314590484
MAE: 20.238664914821758
EVS: -0.1916341504273169
