Model: GRU
MSE: 2.1042819430391497
MAE: 1.1683613020798254
EVS: 0.583571716507097
