Model: GRU
MSE: 1.2627600923583795
MAE: 0.9196153344779177
EVS: 0.6262040314188669
