Model: GRU
MSE: 1.8946808938825337
MAE: 0.8658849034990584
EVS: 0.4606845687019764
