Model: GRU
MSE: 1.964971807781601
MAE: 1.0805883407592778
EVS: 0.5824936633007165
