Model: GRU
MSE: 233.89910122366413
MAE: 15.18580566603562
EVS: -0.08052819407704903
