Model: GRU
MSE: 1.0965980612143162
MAE: 0.7737224841939996
EVS: 0.6446626584158326
