Model: GRU
MSE: 4.9897459742409085
MAE: 1.9677611548325116
EVS: 0.4958078656118924
