Model: GRU
MSE: 4.08553738270368
MAE: 1.7681108836469974
EVS: 0.5699321307182024
