Model: GRU
MSE: 2.1690885497781087
MAE: 1.2152912370089832
EVS: 0.6069859199382712
