Model: GRU
MSE: 1.1392944468045934
MAE: 0.7790060372188176
EVS: 0.6331454344607094
