Model: GRU
MSE: 1.2010919152983912
MAE: 0.7674054606207489
EVS: 0.6173786904818459
