Model: GRU
MSE: 1.4212691554122912
MAE: 0.9278912873103698
EVS: 0.6300867566439996
