Model: GRU
MSE: 183.3622130651942
MAE: 13.394473585589179
EVS: -0.29722540091934824
