Model: GRU
MSE: 2.4741849195970316
MAE: 1.2813368830187561
EVS: 0.5925222456518635
