Model: GRU
MSE: 3.280974792699815
MAE: 1.5443062782287602
EVS: 0.588930450888813
