Model: GRU
MSE: 1.4418472839124026
MAE: 0.9505101565656988
EVS: 0.5921570411612737
