Model: GRU
MSE: 1.126647656056493
MAE: 0.7659485257905109
EVS: 0.655371052080415
