Model: GRU
MSE: 1.2972925234264416
MAE: 0.8221540122196596
EVS: 0.6185256706535034
