Model: GRU
MSE: 4.9299301840227745
MAE: 2.0107412502683446
EVS: 0.6076924542866002
