Model: GRU
MSE: 1.747372534697346
MAE: 1.0540434574258735
EVS: 0.6282067444720871
