Model: GRU
MSE: 1.6144359581307346
MAE: 0.9801564874320192
EVS: 0.566405948874277
