Model: GRU
MSE: 1.2541728232259506
MAE: 0.804801809376684
EVS: 0.5955509062700806
