Model: GRU
MSE: 2.290154390028154
MAE: 1.2391724750913427
EVS: 0.6383045391914257
