Model: GRU
MSE: 6.686212410057246
MAE: 2.3062578727459075
EVS: 0.5231238565108802
