Model: GRU
MSE: 313.29202223726
MAE: 17.61784237828748
EVS: 0.04647736201624997
