Model: GRU
MSE: 1.3015129532835183
MAE: 0.8122972948797821
EVS: 0.5881161076811459
