Model: GRU
MSE: 1.3954871866214704
MAE: 0.9117186973834859
EVS: 0.5769764637652066
