Model: GRU
MSE: 4185.869240519584
MAE: 64.66896925301387
EVS: -0.2457887251191906
