Model: GRU
MSE: 1.4157859146266523
MAE: 0.9112699114043142
EVS: 0.5939201356031346
