Model: GRU
MSE: 1.192963210697709
MAE: 0.8002173489537737
EVS: 0.6381538243257352
