Model: GRU
MSE: 1.2790868857011979
MAE: 0.836090367415856
EVS: 0.5861498819066834
