Model: GRU
MSE: 1.4070613298972439
MAE: 0.9464346293745367
EVS: 0.6472815590547132
