Model: GRU
MSE: 2.303742918777938
MAE: 1.2347360479420624
EVS: 0.544491108929811
