Model: GRU
MSE: 2.57745000514262
MAE: 1.3134033268895648
EVS: 0.6446649117259848
