Model: GRU
MSE: 3.738614836968487
MAE: 1.6917581229374332
EVS: 0.6231345289616508
