Model: GRU
MSE: 2.624369909697915
MAE: 1.3591289191410454
EVS: 0.584552151140513
