Model: GRU
MSE: 1.365389861966001
MAE: 0.9225220022530389
EVS: 0.6384312831272574
