Model: GRU
MSE: 1.5219803718180254
MAE: 0.9168267414487646
EVS: 0.5881424104566612
