Model: GRU
MSE: 243.90913736981432
MAE: 15.532753188034583
EVS: 0.13216557513523253
