Model: GRU
MSE: 1.4826423059300764
MAE: 0.976998345605258
EVS: 0.6077365959328891
