Model: GRU
MSE: 2.265494900287428
MAE: 1.1984102150489542
EVS: 0.5946240260411523
