Model: GRU
MSE: 2.3913077404751433
MAE: 1.2834344074643895
EVS: 0.6375130469379475
