Model: GRU
MSE: 1.4949296080661134
MAE: 0.9237863935273269
EVS: 0.5158454425304478
