Model: GRU
MSE: 3.395418572117186
MAE: 1.6167084430826117
EVS: 0.5796774847265218
