Model: GRU
MSE: 3.620715917596905
MAE: 1.6698119393710427
EVS: 0.589459519593474
