Model: GRU
MSE: 1.4494858851479369
MAE: 0.9113648513267778
EVS: 0.569011230371159
