Model: GRU
MSE: 1.7993740516640182
MAE: 1.04195131104568
EVS: 0.6376582221777081
