Model: GRU
MSE: 1.6008782225171665
MAE: 0.9494152397945007
EVS: 0.5492728975945009
