Model: GRU
MSE: 1.71354132386098
MAE: 1.0145678026922822
EVS: 0.6254138907297342
