Model: GRU
MSE: 1.481864274219458
MAE: 0.9549531936645506
EVS: 0.640865210375377
