Model: GRU
MSE: 1.0297533874662774
MAE: 0.7452637902621567
EVS: 0.6667461467877976
