Model: GRU
MSE: 1.8741361958937457
MAE: 1.0801890307459343
EVS: 0.6042167147248652
