Model: GRU
MSE: 1.327607985115437
MAE: 0.8066668017157197
EVS: 0.6002495886381067
