Model: GRU
MSE: 685.7454699011895
MAE: 26.118250912633435
EVS: -0.17642769954401083
