Model: GRU
MSE: 4.73161937214034
MAE: 1.9369974465205746
EVS: 0.5528957187399381
