Model: GRU
MSE: 1037.5657499913157
MAE: 32.107436706279884
EVS: -1.1930554856395346
