Model: GRU
MSE: 1.9680186787353997
MAE: 1.1566113110246334
EVS: 0.6313701919234238
