Model: GRU
MSE: 1.512008386728556
MAE: 0.9558467700563625
EVS: 0.6409921910601534
