Model: GRU
MSE: 1.684111115413135
MAE: 0.9956882739889208
EVS: 0.6132047241453051
