Model: GRU
MSE: 366.9600063343571
MAE: 19.07742087594394
EVS: 0.010891047841063095
