Model: GRU
MSE: 2.1870473038432725
MAE: 1.2179120820144131
EVS: 0.6579988404350475
