Model: GRU
MSE: 215.96762193011017
MAE: 14.591807297591505
EVS: -0.0005245710952856975
