Model: GRU
MSE: 1.1097912256279947
MAE: 0.7423188439730943
EVS: 0.6558728167038175
