Model: GRU
MSE: 2.123166665759026
MAE: 1.087335323465282
EVS: 0.5235190863068517
