Model: GRU
MSE: 2.254880384005165
MAE: 1.2325890310879417
EVS: 0.6461315286323281
