Model: GRU
MSE: 1.9377476401739298
MAE: 1.106081913257467
EVS: 0.5986200603820531
