Model: GRU
MSE: 932.4560032015168
MAE: 30.46707929413894
EVS: -0.3835229874527162
