Model: GRU
MSE: 1.9924897459907802
MAE: 1.1356672747381806
EVS: 0.5819331474235048
