Model: GRU
MSE: 329.2191728683884
MAE: 18.056972043267614
EVS: -0.03932411987931017
