Model: GRU
MSE: 1.182924296168008
MAE: 0.7852854070992309
EVS: 0.6258148184929688
