Model: GRU
MSE: 1.2331525202645213
MAE: 0.8407100315751702
EVS: 0.5955323554749203
