Model: GRU
MSE: 1.8428160525568753
MAE: 1.0358715057373051
EVS: 0.6474907853120706
