Model: GRU
MSE: 1.2946831399381937
MAE: 0.8166843282765357
EVS: 0.5751509838520593
