Model: GRU
MSE: 17.756641823343454
MAE: 3.8355517880669954
EVS: 0.0
