Model: GRU
MSE: 1.3648154238186831
MAE: 0.9136477338856662
EVS: 0.6558060811551656
