Model: GRU
MSE: 210.92742576952858
MAE: 14.418766354692393
EVS: 0.006102003761626618
