Model: GRU
MSE: 3.673277063343423
MAE: 1.7176236859683338
EVS: 0.6627034643655192
