Model: GRU
MSE: 2.413308221474021
MAE: 1.276375869224812
EVS: 0.6701002708149826
