Model: GRU
MSE: 207.55586650089663
MAE: 14.303226462725934
EVS: 0.023514191710154675
