Model: GRU
MSE: 1.168211314239231
MAE: 0.815548798133587
EVS: 0.6166595776982721
