Model: GRU
MSE: 1.3223263453202003
MAE: 0.9173497824833309
EVS: 0.6370861854653413
