Model: GRU
MSE: 2.258953993030525
MAE: 1.2327434441138962
EVS: 0.5360411170484748
