Model: GRU
MSE: 2.638531330235057
MAE: 1.3808918328120785
EVS: 0.6222082707147044
