Model: GRU
MSE: 1.3293792046189106
MAE: 0.9029449594431908
EVS: 0.6569532860759573
