Model: GRU
MSE: 1.2150038709847053
MAE: 0.8455933044696676
EVS: 0.6012186815457301
