Model: GRU
MSE: 225.9564705948538
MAE: 14.925297539809655
EVS: -0.04820057636382291
