Model: GRU
MSE: 1.3296444363852127
MAE: 0.8386556362283646
EVS: 0.6046548468018056
