Model: GRU
MSE: 1.5690659061456096
MAE: 0.9542359483653107
EVS: 0.6083998972392521
