Model: GRU
MSE: 1.3505842968551525
MAE: 0.9317866522690343
EVS: 0.629157736331952
