Model: GRU
MSE: 1.2627466937352159
MAE: 0.7874263401689204
EVS: 0.617787507997622
