Model: GRU
MSE: 1.4481664884495584
MAE: 0.8879704310976231
EVS: 0.5766777200121436
