Model: GRU
MSE: 3.7608742481873296
MAE: 1.7167543789436082
EVS: 0.6130147960970613
