Model: GRU
MSE: 2.5882424870041443
MAE: 1.322379145128973
EVS: 0.6152889063201064
