Model: GRU
MSE: 1.3069137296427564
MAE: 0.8416590197332975
EVS: 0.5710903444838391
