Model: GRU
MSE: 1.3060091816153165
MAE: 0.8894193419094744
EVS: 0.582801575465615
