Model: GRU
MSE: 2.3996694407019734
MAE: 1.2758841021307579
EVS: 0.5503330833075339
