Model: GRU
MSE: 1.3176340395285975
MAE: 0.8951152768628348
EVS: 0.599527707712507
