Model: GRU
MSE: 4.824123363151089
MAE: 1.6452897170494347
EVS: 0.015900193134352758
