Model: GRU
MSE: 3029.085862760526
MAE: 54.99814914834911
EVS: -0.40860210341823056
