Model: GRU
MSE: 1.4257674907370177
MAE: 0.9397558508248163
EVS: 0.6082045131021949
