Model: GRU
MSE: 2.0021613648523258
MAE: 1.1543092069954706
EVS: 0.5326502824872651
