Model: GRU
MSE: 1.328356142645401
MAE: 0.8366436958312988
EVS: 0.5640353261556472
