Model: GRU
MSE: 1.963279988277243
MAE: 1.1091621662008349
EVS: 0.541802766104176
