Model: GRU
MSE: 193.65651029912422
MAE: 13.812194141848334
EVS: 0.05430903382295871
