Model: GRU
MSE: 2404.095749065112
MAE: 48.867864575879324
EVS: -4.263248216364121
