Model: GRU
MSE: 1.5633584850750537
MAE: 0.9196109607301913
EVS: 0.5892245800041392
