Model: GRU
MSE: 2.292527320582377
MAE: 1.2455713337865364
EVS: 0.5651499248979794
