Model: GRU
MSE: 3.801756503915054
MAE: 1.6803549898081807
EVS: 0.602259591137938
