Model: GRU
MSE: 1.4097149109543978
MAE: 0.8681070557956043
EVS: 0.5902200165715443
