Model: GRU
MSE: 4.447759085585856
MAE: 1.8175328353355666
EVS: 0.5400729810995618
