Model: GRU
MSE: 1.485548268245973
MAE: 0.9194714940827468
EVS: 0.5395086857154008
