Model: GRU
MSE: 1301.2081682306646
MAE: 35.96399557179418
EVS: -1.5611555699158695
