Model: GRU
MSE: 192.50126966215987
MAE: 13.7696730165646
EVS: 0.048538810978811964
