Model: GRU
MSE: 1.4686825758994928
MAE: 0.8877804361540698
EVS: 0.5263322965521964
