Model: GRU
MSE: 1.5597227310322057
MAE: 0.9286635497520714
EVS: 0.5989569468886209
