Model: GRU
MSE: 197.47570704251083
MAE: 13.942465124459103
EVS: -0.012540781619605701
