Model: GRU
MSE: 2.157002479133254
MAE: 0.9556582995823454
EVS: 0.4201374786592049
