Model: GRU
MSE: 1.3804144616883283
MAE: 0.9035242508197651
EVS: 0.6593816834148667
