Model: GRU
MSE: 1.6677918431434648
MAE: 1.0274521071335363
EVS: 0.4810801801187903
