Model: GRU
MSE: 1.149678910274141
MAE: 0.791906965189967
EVS: 0.6374621452365975
