Model: GRU
MSE: 1.7157771054147462
MAE: 1.0233586245569688
EVS: 0.6298669357532078
