Model: GRU
MSE: 258.9785295839364
MAE: 15.99462000254927
EVS: -0.03463706726561999
