Model: GRU
MSE: 1.4440639646880389
MAE: 0.9280929072149868
EVS: 0.5468783655591483
