Model: GRU
MSE: 1.3687687465582308
MAE: 0.8332537782603302
EVS: 0.6044598382800707
