Model: GRU
MSE: 1.7328809670803544
MAE: 1.034956159262822
EVS: 0.6193922984303423
