Model: GRU
MSE: 2.3789153867589365
MAE: 1.2973133284470135
EVS: 0.6519075589768342
