Model: GRU
MSE: 2.415636856505899
MAE: 1.2421820903646539
EVS: 0.6207484719741792
