Model: GRU
MSE: 4.287964351276655
MAE: 1.4465430687213772
EVS: -0.11705513003934986
