Model: GRU
MSE: 1.2233591489664302
MAE: 0.8152530111115557
EVS: 0.6293329116608382
