Model: GRU
MSE: 1.2790522908751976
MAE: 0.8085839337316055
EVS: 0.600051906871512
