Model: GRU
MSE: 1.7403719239098105
MAE: 1.007118159327014
EVS: 0.5211869537637861
