Model: GRU
MSE: 2.645492253884513
MAE: 1.3357353703729034
EVS: 0.4939016835705745
