Model: GRU
MSE: 2.6901703518760285
MAE: 1.3736808217805003
EVS: 0.5741716833125295
