Model: GRU
MSE: 1.6028142255131572
MAE: 0.9188782757726214
EVS: 0.5593834842830371
