Model: GRU
MSE: 5.802016126209014
MAE: 1.9741319952339966
EVS: -0.4374928524407753
