Model: GRU
MSE: 2.7978905636730267
MAE: 1.4094085035652946
EVS: 0.6049289322210707
