Model: GRU
MSE: 3.8625543042700614
MAE: 1.717154141130118
EVS: 0.6456963932228648
