Model: GRU
MSE: 2.9098729483477883
MAE: 1.4137137676107476
EVS: 0.5942287297325242
