Model: GRU
MSE: 30.476449294009814
MAE: 5.140145153834902
EVS: -0.34116282566935596
