Model: GRU
MSE: 1.2162083221517235
MAE: 0.844548817338615
EVS: 0.6481761958309605
