Model: GRU
MSE: 214.6699980466179
MAE: 14.549489333711822
EVS: 0.020631306119951565
