Model: GRU
MSE: 1.9942439424540384
MAE: 1.1506516357948036
EVS: 0.6328798056452073
