Model: GRU
MSE: 1.3445069182089668
MAE: 0.8282046482480808
EVS: 0.5585204101945722
