Model: GRU
MSE: 4.2692211240764015
MAE: 1.7374066648812125
EVS: 0.3127259084034977
