Model: GRU
MSE: 18.134171862250284
MAE: 3.921565729996254
EVS: 0.09513060224688685
