Model: GRU
MSE: 1.5361921393375957
MAE: 0.9011079360698832
EVS: 0.5295220398727014
