Model: GRU
MSE: 4.701013890095966
MAE: 1.5877398458020446
EVS: 0.0
