Model: GRU
MSE: 1.2812837596155642
MAE: 0.8730159956833412
EVS: 0.5819640333778284
