Model: GRU
MSE: 1.81022539496153
MAE: 1.017646378484266
EVS: 0.6232641897519093
