Model: GRU
MSE: 2.5319755683551404
MAE: 1.3219925288496341
EVS: 0.5573998395017861
