Model: GRU
MSE: 2.656035656830541
MAE: 1.385683602300184
EVS: 0.6302966164607445
