Model: GRU
MSE: 3.243279913974504
MAE: 1.5471580768453668
EVS: 0.6319327610037999
