Model: GRU
MSE: 2.205324832534454
MAE: 1.2211580276489253
EVS: 0.6072903926279283
