Model: GRU
MSE: 1.303679747345682
MAE: 0.8044905169256806
EVS: 0.5993390878972008
