Model: GRU
MSE: 2.1587377233374356
MAE: 0.9182535171508789
EVS: 0.3756355238984118
