Model: GRU
MSE: 1.438536401440426
MAE: 0.9449231706816572
EVS: 0.6559533539222453
