Model: GRU
MSE: 1.1330899005153918
MAE: 0.7486912793126603
EVS: 0.6455052912750658
