Model: GRU
MSE: 1.2106542987523965
MAE: 0.8069824843571107
EVS: 0.6330514437776634
