Model: GRU
MSE: 3.1721603549876956
MAE: 1.5540301059854438
EVS: 0.624180848354968
