Model: GRU
MSE: 1.219773628306092
MAE: 0.7946917764071764
EVS: 0.6138077529734205
