Model: GRU
MSE: 1.1791522288965313
MAE: 0.8986319509045828
EVS: 0.6946325265876696
