Model: GRU
MSE: 2.0891966654764547
MAE: 1.2060254524494045
EVS: 0.6283153540217962
