Model: GRU
MSE: 1.6743997984388057
MAE: 1.025325594277217
EVS: 0.6538734629694277
