Model: GRU
MSE: 2.854163741514417
MAE: 1.4435217380523686
EVS: 0.6382580656834902
