Model: GRU
MSE: 960.9545241889623
MAE: 30.900298743412414
EVS: -1.0117211782476043
