Model: GRU
MSE: 1.4293031209591107
MAE: 0.8939626956808159
EVS: 0.5682301205248639
