Model: GRU
MSE: 2.2469363199795143
MAE: 1.2341441121594665
EVS: 0.604107520420244
