Model: GRU
MSE: 835.6479019781787
MAE: 28.857011499076055
EVS: 0.040849738995671014
