Model: GRU
MSE: 195.20976082270084
MAE: 13.870752404476034
EVS: 0.07657853340418419
