Model: GRU
MSE: 643.1962355878776
MAE: 25.29422853732931
EVS: -0.11593846202465019
