Model: GRU
MSE: 1.5518946693730178
MAE: 0.900427473002467
EVS: 0.5132764599005406
