Model: GRU
MSE: 1.8031915485849384
MAE: 1.0123830006040377
EVS: 0.46075741635846545
