Model: GRU
MSE: 1.3123976163570377
MAE: 0.8354286325388947
EVS: 0.6096287509787501
