Model: GRU
MSE: 1991.4736063649489
MAE: 44.59492982667068
EVS: 0.09173309632828563
