Model: GRU
MSE: 1.2891496733783903
MAE: 0.8233272947114094
EVS: 0.6272647936421353
