Model: GRU
MSE: 235.03897119808923
MAE: 15.227567273994971
EVS: -0.03775857161778773
