Model: GRU
MSE: 2.1914976110324824
MAE: 1.2286066269052445
EVS: 0.6636410056634686
