Model: GRU
MSE: 197.35522507426057
MAE: 13.942280078756399
EVS: 0.025329509453660637
