Model: GRU
MSE: 2.3001111443433935
MAE: 1.23038808230696
EVS: 0.569080634555387
