Model: GRU
MSE: 1.3556948346494648
MAE: 0.8458208380074339
EVS: 0.5548103970926597
