Model: GRU
MSE: 1.4322703327593913
MAE: 0.9123684455608501
EVS: 0.5425296229665266
