Model: GRU
MSE: 1.3760324374744437
MAE: 0.9099957367469522
EVS: 0.6518687650010077
