Model: GRU
MSE: 2.686639335077446
MAE: 1.3562522427789092
EVS: 0.5689502428379865
