Model: GRU
MSE: 254.77010713285603
MAE: 15.881151499419376
EVS: 0.159612709927472
