Model: GRU
MSE: 1.1799624983447976
MAE: 0.8165324309776572
EVS: 0.6143035427656482
