Model: GRU
MSE: 1.8008170895002975
MAE: 0.9936577369426863
EVS: 0.5207192291058218
