Model: GRU
MSE: 4.235764104781364
MAE: 1.8117956621893516
EVS: 0.6044883972961388
