Model: GRU
MSE: 1.795361092287387
MAE: 1.088073352287555
EVS: 0.6032607420673091
