Model: GRU
MSE: 2.178595507203604
MAE: 1.2095685005187993
EVS: 0.6160424786551723
