Model: GRU
MSE: 1.3829585899417969
MAE: 0.8370770585948027
EVS: 0.5924578721928588
