Model: GRU
MSE: 2.0769309557499103
MAE: 1.1527237892150874
EVS: 0.46662872536161093
