Model: GRU
MSE: 1.1045326545564296
MAE: 0.7717388251732138
EVS: 0.6377251666873194
