Model: GRU
MSE: 1.102439713754142
MAE: 0.7636778272431475
EVS: 0.6443777541637696
