Model: GRU
MSE: 1.6320554279983335
MAE: 0.9725867633161877
EVS: 0.592666877281598
