Model: GRU
MSE: 2.493165676088353
MAE: 1.3133538838090573
EVS: 0.6492557674304131
