Model: GRU
MSE: 1.075921073475221
MAE: 0.7302747923752361
EVS: 0.6656391767766215
