Model: GRU
MSE: 1.3675011377379256
MAE: 0.8671552723851702
EVS: 0.6016833676680607
