Model: GRU
MSE: 2.2624110410089444
MAE: 1.188513065206594
EVS: 0.5949575243709841
