Model: GRU
MSE: 1.253097162007807
MAE: 0.8112052391315333
EVS: 0.6480881911317167
