Model: GRU
MSE: 1.9301885084598398
MAE: 1.0509669205238084
EVS: 0.5934833787465721
