Model: GRU
MSE: 292.5314100201412
MAE: 17.00958381850144
EVS: -0.05263524998602165
