Model: GRU
MSE: 2.104675493252676
MAE: 1.201040177509703
EVS: 0.6730097742440071
