Model: GRU
MSE: 1.7727174955265086
MAE: 1.0991404303188987
EVS: 0.621564745788058
