Model: GRU
MSE: 1.4853108825374148
MAE: 0.924994287819698
EVS: 0.5390275760929932
