Model: GRU
MSE: 1.257561002474568
MAE: 0.8255477609305546
EVS: 0.5901838169835043
