Model: GRU
MSE: 2.6632810147717794
MAE: 1.3849940299987789
EVS: 0.5897096186354078
