Model: GRU
MSE: 12.008278123969584
MAE: 3.019449891715215
EVS: 0.0
