Model: GRU
MSE: 17.09176867560438
MAE: 3.756725311279297
EVS: 0.021805147591802743
