Model: GRU
MSE: 1.8088774687021671
MAE: 1.0721163749694822
EVS: 0.6276444205937846
