Model: GRU
MSE: 1.7045265531449418
MAE: 1.0366830332525843
EVS: 0.54894520084304
