Model: GRU
MSE: 1.3416036484395277
MAE: 0.8664696792076376
EVS: 0.5825449887236273
