Model: GRU
MSE: 2.0062971667618408
MAE: 1.0960099450473124
EVS: 0.5570948184160973
