Model: GRU
MSE: 1.3158652719044794
MAE: 0.9262745462614912
EVS: 0.585756844166853
