Model: GRU
MSE: 1.1409685275540644
MAE: 0.7487344906247898
EVS: 0.6388381813118436
