Model: GRU
MSE: 2603.137534131312
MAE: 50.99041695430361
EVS: -0.022898007545468557
