Model: GRU
MSE: 1.4494848353052658
MAE: 0.9616842434324064
EVS: 0.5887245503195928
