Model: GRU
MSE: 3.5003362674270413
MAE: 1.5351705468934163
EVS: 0.42052412358456637
