Model: GRU
MSE: 1.3711256835828924
MAE: 0.8812116261186276
EVS: 0.587295610908953
