Model: GRU
MSE: 7.819017527611418
MAE: 2.3000418564368945
EVS: 0.0
