Model: GRU
MSE: 1.6849201639702651
MAE: 1.0118685097529967
EVS: 0.6074898467503402
