Model: GRU
MSE: 1.7060580126731728
MAE: 1.0132137660322516
EVS: 0.6304113587442481
