Model: GRU
MSE: 1.3612621347388865
MAE: 0.914161550587621
EVS: 0.5688425882260483
