Model: GRU
MSE: 1.2701940022535414
MAE: 0.780373836385793
EVS: 0.6109107024034224
