Model: GRU
MSE: 5319.602193205761
MAE: 72.89522979999411
EVS: -0.933434900247597
