Model: GRU
MSE: 351.8194967456421
MAE: 18.674770667635162
EVS: -0.008949524807622122
