Model: GRU
MSE: 1.4593305652462316
MAE: 0.9458373332845751
EVS: 0.6189516086112795
