Model: GRU
MSE: 1.3738588057451817
MAE: 0.8511882650441142
EVS: 0.6006830539102461
