Model: GRU
MSE: 265.0438854387843
MAE: 16.19762001366451
EVS: 0.119596364710705
