Model: GRU
MSE: 387.27488871119516
MAE: 19.605670115043377
EVS: 0.05011067897888
