Model: GRU
MSE: 1.0351911122798685
MAE: 0.748298135297052
EVS: 0.6620015270189601
