Model: GRU
MSE: 1.2250270099073157
MAE: 0.8192081780269231
EVS: 0.6461515608514592
