Model: GRU
MSE: 1.0878350090818867
MAE: 0.7653616872327084
EVS: 0.6476816887131314
