Model: GRU
MSE: 1.161944901478066
MAE: 0.771017666520744
EVS: 0.6348582692060234
