Model: GRU
MSE: 1.608278582556224
MAE: 0.9977279695971256
EVS: 0.5292038350590818
