Model: GRU
MSE: 2.471413017405024
MAE: 1.3094574829627732
EVS: 0.6322991264785434
