Model: GRU
MSE: 6.8641063721022935
MAE: 2.3594777501862616
EVS: 0.573418271450276
