Model: GRU
MSE: 2.0261469443202
MAE: 0.8923538889203755
EVS: 0.44595154448312846
