Model: GRU
MSE: 658.9517539025004
MAE: 25.605928355249866
EVS: -0.07979900052707145
