Model: GRU
MSE: 2.920684860770787
MAE: 1.449099261185218
EVS: 0.5991538626363404
