Model: GRU
MSE: 1.4000674599728558
MAE: 0.9232562163780473
EVS: 0.6302709650372129
