Model: GRU
MSE: 2.123638573359098
MAE: 1.182997374699033
EVS: 0.5759955729796886
