Model: GRU
MSE: 3.4280090619939503
MAE: 1.6215452161328552
EVS: 0.6237465661738465
