Model: GRU
MSE: 2.0719437648839585
MAE: 1.1533986124499085
EVS: 0.5940389723876818
