Model: GRU
MSE: 1.5550066098348743
MAE: 0.9802821751298573
EVS: 0.6109057926567881
