Model: GRU
MSE: 3.7663630015794403
MAE: 1.594784621534676
EVS: 0.31175309740334933
