Model: GRU
MSE: 5.006982662384183
MAE: 2.0452710842264112
EVS: 0.6272680863533096
