Model: GRU
MSE: 1712.2880959262432
MAE: 41.34107191809292
EVS: -0.05210991160147027
