Model: GRU
MSE: 3.771806211477757
MAE: 1.7240594831006286
EVS: 0.6161361323197181
