Model: GRU
MSE: 410.9211501011871
MAE: 20.195921478600336
EVS: -0.00023690749888016782
