Model: GRU
MSE: 1.897520464905186
MAE: 1.1175804138183598
EVS: 0.5575246542018488
