Model: GRU
MSE: 1.3701491017369205
MAE: 0.8788490624263368
EVS: 0.5608132830324861
