Model: GRU
MSE: 1.3138899551534067
MAE: 0.888636177983777
EVS: 0.6634262682253094
