Model: GRU
MSE: 1.6059823181935347
MAE: 1.0211122447046734
EVS: 0.6321027603094498
