Model: GRU
MSE: 238.56003422942132
MAE: 15.344944904590475
EVS: -0.015603587617331938
