Model: GRU
MSE: 1.5125545467273136
MAE: 0.8917905544412551
EVS: 0.5727424078810881
