Model: GRU
MSE: 7.688910371537627
MAE: 2.276264848380254
EVS: 0.0
