Model: GRU
MSE: 224.2353103172739
MAE: 14.882289430190777
EVS: 0.0960246217843922
