Model: GRU
MSE: 541.6767766490417
MAE: 23.210587764608448
EVS: 0.03277044144917263
