Model: GRU
MSE: 2.2944105950700435
MAE: 1.2176007895634087
EVS: 0.5729900880115624
