Model: GRU
MSE: 2.21513223757286
MAE: 1.2397239948141168
EVS: 0.6634018879228722
