Model: GRU
MSE: 3.2098431644614616
MAE: 1.4208766345320074
EVS: 0.052012635285424436
