Model: GRU
MSE: 1.3014731185767234
MAE: 0.8283269816431509
EVS: 0.6142039959593291
