Model: GRU
MSE: 2.8793737660470895
MAE: 1.4023845113556956
EVS: 0.6026765971668395
