Model: GRU
MSE: 1.4065762612632353
MAE: 0.9391315723287647
EVS: 0.587229117397001
