Model: GRU
MSE: 1.3171337986045886
MAE: 0.8295587342360926
EVS: 0.5936642563884056
