Model: GRU
MSE: 3.109863314842812
MAE: 1.5354211412627117
EVS: 0.6533831457623674
