Model: GRU
MSE: 1.814146922127935
MAE: 1.0624091871853532
EVS: 0.40737213058075217
