Model: GRU
MSE: 2.456837548729004
MAE: 1.297113204824514
EVS: 0.5777978567018358
