Model: GRU
MSE: 1.2808738338767398
MAE: 0.8332418408887144
EVS: 0.6276280730751305
