Model: GRU
MSE: 1.5109454448281114
MAE: 0.9195564204248888
EVS: 0.5608157143718737
