Model: GRU
MSE: 1.2460241095269682
MAE: 0.8222122521236025
EVS: 0.5911183265349698
