Model: GRU
MSE: 1.424419217183515
MAE: 0.8557068726112106
EVS: 0.5914349560922785
