Model: GRU
MSE: 339.1612830620104
MAE: 18.331321214807446
EVS: -0.025864206986592864
