Model: GRU
MSE: 2.658394152591224
MAE: 1.3063260275742108
EVS: 0.4574357102959681
