Model: GRU
MSE: 1.1662160568210562
MAE: 0.7651977210209291
EVS: 0.6484149640569709
