Model: GRU
MSE: 1.2700149338980298
MAE: 0.8126997947692873
EVS: 0.5846749856331787
