Model: GRU
MSE: 1.3148301993327514
MAE: 0.8465336602309654
EVS: 0.5840433934240644
