Model: GRU
MSE: 4.015703580785516
MAE: 1.7714663291799615
EVS: 0.6195219995685068
