Model: GRU
MSE: 1177.4744913147201
MAE: 34.26994757816709
EVS: -4.440892098500626e-16
