Model: GRU
MSE: 2.150306383923902
MAE: 1.1715610931659572
EVS: 0.6186374839430587
