Model: GRU
MSE: 1.5484702986421413
MAE: 0.9487190739861847
EVS: 0.6352456108413658
