Model: GRU
MSE: 2.7311369488593593
MAE: 1.3838930294431484
EVS: 0.6125816654220463
