Model: GRU
MSE: 1.4734828952441597
MAE: 0.9552096333997
EVS: 0.5854964274969776
