Model: GRU
MSE: 1.8324520511810383
MAE: 1.1033743003319045
EVS: 0.6143032823313019
