Model: GRU
MSE: 1.395944152239923
MAE: 0.9290329012377506
EVS: 0.6146083845415578
