Model: GRU
MSE: 1.2099435581046927
MAE: 0.8042025566101078
EVS: 0.6261835783933434
