Model: GRU
MSE: 1.204447611022621
MAE: 0.7966539941985034
EVS: 0.6090216279929774
