Model: GRU
MSE: 1.1602509240352945
MAE: 0.8327374293886382
EVS: 0.6282404882104542
