Model: GRU
MSE: 1.3868009912156087
MAE: 0.8808242041489174
EVS: 0.5553323755008257
