Model: GRU
MSE: 2.09543560159995
MAE: 0.9535110201154436
EVS: 0.4334705359705092
