Model: GRU
MSE: 3259.275317529689
MAE: 57.01518894064015
EVS: -1.805592942420775
