Model: GRU
MSE: 303.88284249310806
MAE: 17.337665286557428
EVS: -0.07980489051480943
