Model: GRU
MSE: 1.3713327521782992
MAE: 0.840388889970451
EVS: 0.6066126594961087
