Model: GRU
MSE: 1.5633522801001856
MAE: 0.9089320610309474
EVS: 0.556736685689172
