Model: GRU
MSE: 266.44173657621985
MAE: 16.211449783423852
EVS: -0.19225377935295862
