Model: GRU
MSE: 2.0994175525176844
MAE: 1.2153273122064003
EVS: 0.6645901542777357
