Model: GRU
MSE: 1.524525144066407
MAE: 0.9719915718867859
EVS: 0.5794740367917023
