Model: GRU
MSE: 222.87105217798734
MAE: 14.823398335226651
EVS: -0.03045125007823568
