Model: GRU
MSE: 1.5619343130798087
MAE: 0.9009947119088013
EVS: 0.5503640241587051
