Model: GRU
MSE: 845.908775653982
MAE: 28.928098760802172
EVS: -1.9797466531495327
