Model: GRU
MSE: 346.0328832504104
MAE: 18.506220817565918
EVS: -0.16665329476693191
