Model: GRU
MSE: 1050.155491902384
MAE: 32.32407832967824
EVS: -0.743556878163004
