Model: GRU
MSE: 7.884895517739866
MAE: 2.3132437179828518
EVS: -0.014026026971823535
