Model: GRU
MSE: 1.406257838186649
MAE: 0.9453945982045139
EVS: 0.6115764250515123
