Model: GRU
MSE: 199.62231656418612
MAE: 14.014545890791663
EVS: -0.05570622915533607
