Model: GRU
MSE: 221.7861414699056
MAE: 14.794474441429664
EVS: 0.04450201336375248
