Model: GRU
MSE: 1.3975437958222854
MAE: 0.9014062717043125
EVS: 0.6310604601087795
