Model: GRU
MSE: 4.682227826796346
MAE: 1.5819340081050484
EVS: 0.0
