Model: GRU
MSE: 801.108304792981
MAE: 28.182786283821894
EVS: -1.245795784354042
