Model: GRU
MSE: 2.5938458745340682
MAE: 1.3685733696510047
EVS: 0.47277948431556494
