Model: GRU
MSE: 1.677509316415393
MAE: 1.0373310385079224
EVS: 0.6379672824231604
