Model: GRU
MSE: 2.4607682586526836
MAE: 1.302155001410123
EVS: 0.6293047237207121
