Model: GRU
MSE: 1.6402721399590356
MAE: 1.0102893401836524
EVS: 0.5625440424762472
