Model: GRU
MSE: 211.75469101953126
MAE: 14.46176532013663
EVS: 0.14224080261707528
