Model: GRU
MSE: 2.3462990513137325
MAE: 1.2414851270872975
EVS: 0.6012386933053302
