Model: GRU
MSE: 1.4797576490577737
MAE: 0.9287877740531132
EVS: 0.5180332794400717
