Model: GRU
MSE: 1.3957624470246852
MAE: 0.900676036703176
EVS: 0.6458696934629946
