Model: GRU
MSE: 220.47475720956348
MAE: 14.75070241813002
EVS: 0.05045636247398255
