Model: GRU
MSE: 778.3455719314715
MAE: 27.760982233902503
EVS: -1.519859743574414
