Model: GRU
MSE: 8.17524402186059
MAE: 2.6723491898898426
EVS: 0.6130430048604185
