Model: GRU
MSE: 1.518702315362729
MAE: 0.9731419990802631
EVS: 0.6008661702595475
