Model: GRU
MSE: 195.44453152374942
MAE: 13.856216339201763
EVS: -0.13287076910367146
