Model: GRU
MSE: 1.5394993464643787
MAE: 0.990370651771282
EVS: 0.5881824168587714
