Model: GRU
MSE: 1.6618844788268883
MAE: 1.0198028498682488
EVS: 0.6460123762964272
