Model: GRU
MSE: 3.422664490940843
MAE: 1.6051226648791077
EVS: 0.6291124948188327
