Model: GRU
MSE: 1.5163040394414444
MAE: 0.934561367692619
EVS: 0.5934355240305778
