Model: GRU
MSE: 1.447669862725324
MAE: 0.8921465380438448
EVS: 0.5932832236071515
