Model: GRU
MSE: 216.42347720768302
MAE: 14.60693198236926
EVS: -0.00519868886055197
