Model: GRU
MSE: 1.5126019260191057
MAE: 0.9124112951344461
EVS: 0.5755228673448114
