Model: GRU
MSE: 9319.979027703614
MAE: 96.52136072619209
EVS: -0.18414877638395732
