Model: GRU
MSE: 2.0333081426234183
MAE: 1.1907523582721584
EVS: 0.6335821182015946
