Model: GRU
MSE: 198.6297439486094
MAE: 13.972142677882623
EVS: -0.1194635847082488
