Model: GRU
MSE: 1.3404971155928096
MAE: 0.8247145619885679
EVS: 0.6029703466332252
