Model: GRU
MSE: 1.5315346465599124
MAE: 0.961357889504268
EVS: 0.6026838307732809
