Model: GRU
MSE: 510.6863353291804
MAE: 22.52111342857624
EVS: -0.14468778173698804
