Model: GRU
MSE: 2.881086532751145
MAE: 1.3289903443435143
EVS: 0.07884498034198972
