Model: GRU
MSE: 269.34060426553407
MAE: 16.314437792218964
EVS: -0.04418106475781469
