Model: GRU
MSE: 2.724344166877016
MAE: 1.3627575183736862
EVS: 0.5710660989228673
