Model: GRU
MSE: 1.2311255925423807
MAE: 0.8080254258780646
EVS: 0.6017016741087933
