Model: GRU
MSE: 7084.603257475441
MAE: 84.13105195144126
EVS: -1.1572930774139532
