Model: GRU
MSE: 225.95773216523168
MAE: 14.924671222423685
EVS: -0.05475424365927184
