Model: GRU
MSE: 1.2555446339067742
MAE: 0.7934924980689743
EVS: 0.6315953344585119
