Model: GRU
MSE: 3930.7931669796203
MAE: 62.66848373413086
EVS: -0.13435283362185002
