Model: GRU
MSE: 1658.1987262803536
MAE: 40.675864647174706
EVS: -0.20608840646210957
