Model: GRU
MSE: 2.0813599340923172
MAE: 1.1980679692893197
EVS: 0.6151114482266173
