Model: GRU
MSE: 2.857773917228213
MAE: 1.2870858533041813
EVS: 0.40168438992080047
