Model: GRU
MSE: 1.651900453699046
MAE: 1.047677007214776
EVS: 0.5571919786338453
