Model: GRU
MSE: 3.428321347133378
MAE: 1.6084841037618707
EVS: 0.5826418801383322
