Model: GRU
MSE: 1.1367205311074908
MAE: 0.7572605363253893
EVS: 0.6478617692867744
