Model: GRU
MSE: 636.8323914186823
MAE: 25.177917579124713
EVS: 0.046081449556816145
