Model: GRU
MSE: 1.719501168598212
MAE: 1.0066831358547865
EVS: 0.48935039523251633
