Model: GRU
MSE: 1.1471056564037883
MAE: 0.7561237400975724
EVS: 0.6457571808076221
