Model: GRU
MSE: 2.4836169587433985
MAE: 1.3366127343013363
EVS: 0.6099821786666382
