Model: GRU
MSE: 1.7183984014479303
MAE: 0.9896691749835841
EVS: 0.6301645621418767
