Model: GRU
MSE: 3.3843990785398352
MAE: 1.565554520179485
EVS: 0.5620928817984769
