Model: GRU
MSE: 3.7275340838487288
MAE: 1.6866954606154874
EVS: 0.5626158604746755
