Model: GRU
MSE: 3.1696776159737006
MAE: 1.5333901273793182
EVS: 0.6307871805776633
