Model: GRU
MSE: 4.132097135602727
MAE: 1.7796943845420052
EVS: 0.5803677919789669
