Model: GRU
MSE: 2.291944321719067
MAE: 1.2218746810123833
EVS: 0.6072213784054603
