Model: GRU
MSE: 1.3733643984502
MAE: 0.8444222088517819
EVS: 0.5929591739963287
