Model: GRU
MSE: 190.13032777877368
MAE: 13.668286676036901
EVS: -0.0863930684478309
