Model: GRU
MSE: 220.6187001221109
MAE: 14.750373412822855
EVS: 0.0
