Model: GRU
MSE: 273.5947732871483
MAE: 16.44368689224638
EVS: -0.0508180645387768
