Model: GRU
MSE: 1.159976998696226
MAE: 0.7178165830414873
EVS: 0.6190907873400964
