Model: GRU
MSE: 1.3653094128146908
MAE: 0.9311885340460413
EVS: 0.5879821684738895
