Model: GRU
MSE: 1.192284353869441
MAE: 0.7701053783811377
EVS: 0.6449521869955044
