Model: GRU
MSE: 224.89885508852652
MAE: 14.896642660272532
EVS: 0.018485503042693696
