Model: GRU
MSE: 1.070326249015705
MAE: 0.7520968174112257
EVS: 0.648700308944018
