Model: GRU
MSE: 1.3804557837439801
MAE: 0.8984449978532463
EVS: 0.6215526575819997
