Model: GRU
MSE: 1.8109027224259397
MAE: 1.0112809970461094
EVS: 0.541510685493167
