Model: GRU
MSE: 1.9830482311378932
MAE: 1.1831579372800634
EVS: 0.6743222627652613
