Model: GRU
MSE: 1.149661831979662
MAE: 0.7636267234539167
EVS: 0.6483700127493538
