Model: GRU
MSE: 2.998667286841644
MAE: 1.429732881743333
EVS: 0.6042436415538147
