Model: GRU
MSE: 1.133432918377037
MAE: 0.7572901988851617
EVS: 0.657671429966515
