Model: GRU
MSE: 2.310977169196042
MAE: 1.225423237373089
EVS: 0.2482543390219598
