Model: GRU
MSE: 1.6948143339041513
MAE: 1.019317215886609
EVS: 0.5473845951666485
