Model: GRU
MSE: 1331.7187026675974
MAE: 36.45411438777529
EVS: 0.07518015690429558
