Model: GRU
MSE: 1.2763939340152632
MAE: 0.8036002290659942
EVS: 0.5916420472879126
