Model: GRU
MSE: 1.4290113796944055
MAE: 0.9464269999800055
EVS: 0.6228597566133303
