Model: GRU
MSE: 1.2273996905457885
MAE: 0.808160288580533
EVS: 0.6183250699181342
