Model: GRU
MSE: 1.9648037209189613
MAE: 1.0168872537284066
EVS: 0.5049787397132901
