Model: GRU
MSE: 1.8874957143384083
MAE: 1.0853128762080748
EVS: 0.5927926341952746
