Model: GRU
MSE: 2.1356592399440077
MAE: 1.2073256065105575
EVS: 0.6137864325650779
