Model: GRU
MSE: 1.3363017186357269
MAE: 0.7969805618812302
EVS: 0.6015898401408692
