Model: GRU
MSE: 3533.2627483400706
MAE: 59.266177539167735
EVS: -5.824857269195408
