Model: GRU
MSE: 1.154738904106627
MAE: 0.7416181564331058
EVS: 0.6407981749485392
