Model: GRU
MSE: 205.22926926519816
MAE: 14.203254773699005
EVS: -0.14831246619212557
