Model: GRU
MSE: 219.0055186924588
MAE: 14.679237978211765
EVS: -0.1577266658017189
