Model: GRU
MSE: 1.723593408311977
MAE: 1.0451560349299986
EVS: 0.5939698947142522
