Model: GRU
MSE: 1.3449636395631575
MAE: 0.8548813195064152
EVS: 0.5873472756639019
