Model: GRU
MSE: 1.5723021531008925
MAE: 0.9477102509860332
EVS: 0.5086273333437339
