Model: GRU
MSE: 1.2530568586441775
MAE: 0.855782525292758
EVS: 0.6273944619261378
