Model: GRU
MSE: 1.198038643935637
MAE: 0.8387971582083867
EVS: 0.6070619848750648
