Model: GRU
MSE: 1.3393293310945065
MAE: 0.8321609168217103
EVS: 0.607025924276404
