Model: GRU
MSE: 1.2682461060671189
MAE: 0.8301081986262886
EVS: 0.6305795329577084
