Model: GRU
MSE: 2.027389427090475
MAE: 0.9527218273707798
EVS: 0.42283107205864134
