Model: GRU
MSE: 1.5587141599059646
MAE: 0.9195053988489617
EVS: 0.5626490061598444
