Model: GRU
MSE: 349.24777943524884
MAE: 18.606355231383752
EVS: -0.0020163424587600343
