Model: GRU
MSE: 2.158497021561901
MAE: 1.20879130527891
EVS: 0.6599314149610789
