Model: GRU
MSE: 1.0536522263717665
MAE: 0.7657116199361866
EVS: 0.6542999976334518
