Model: GRU
MSE: 299.7895996702769
MAE: 17.22480056203645
EVS: -0.016636419632495292
