Model: GRU
MSE: 1.6775773136513756
MAE: 1.0180485330778977
EVS: 0.46332967873684183
