Model: GRU
MSE: 1.3669330254590548
MAE: 0.905649530476537
EVS: 0.665413701211564
