Model: GRU
MSE: 1.1741379110025076
MAE: 0.8508385132099021
EVS: 0.6183711395559415
