Model: GRU
MSE: 1.4809029645775496
MAE: 0.918665721498687
EVS: 0.5506883669643832
