Model: GRU
MSE: 1.5384088611656266
MAE: 1.0002001400651601
EVS: 0.6119699736209623
