Model: GRU
MSE: 1031.8123215191642
MAE: 32.06238421078386
EVS: -0.2530736591966345
