Model: GRU
MSE: 1.5256117990386355
MAE: 0.9083978389871536
EVS: 0.6598883469893586
