Model: GRU
MSE: 4206.903141254305
MAE: 64.79000091552734
EVS: -2.007674316145456
