Model: GRU
MSE: 328.1314413357688
MAE: 18.00275049538448
EVS: -0.32419437827683106
