Model: GRU
MSE: 2.63957844503226
MAE: 1.3534786947842308
EVS: 0.6176726870275183
