Model: GRU
MSE: 1.4703036191935228
MAE: 0.8842493254562909
EVS: 0.6258228745562722
