Model: GRU
MSE: 337.09615916495864
MAE: 18.288672578745874
EVS: 0.13942336146904366
