Model: GRU
MSE: 2.1404919673808247
MAE: 1.1918207365891025
EVS: 0.5827171369712951
