Model: GRU
MSE: 5.410696816660767
MAE: 2.026650264345366
EVS: 0.4885073536865887
