Model: GRU
MSE: 1147.40463059638
MAE: 33.795925765201964
EVS: -0.7207603039880213
