Model: GRU
MSE: 1.0783362640161078
MAE: 0.7493920161806303
EVS: 0.6462584320494049
