Model: GRU
MSE: 1.3639129636152703
MAE: 0.8744254934376686
EVS: 0.5665801396293086
