Model: GRU
MSE: 1.841468030186944
MAE: 1.0709222925120392
EVS: 0.5862058591846051
