Model: GRU
MSE: 501.49847418456784
MAE: 22.326067496990337
EVS: 0.0
