Model: GRU
MSE: 271.22873958669317
MAE: 16.371701388523498
EVS: -0.049569718027696386
