Model: GRU
MSE: 2.015577309569334
MAE: 1.1429778625225204
EVS: 0.6300331218961666
