Model: GRU
MSE: 1.519264256163688
MAE: 0.9515740131509712
EVS: 0.5501628098355644
