Model: GRU
MSE: 206.35034954274977
MAE: 14.246276289224625
EVS: -0.11453399681673582
