Model: GRU
MSE: 207.4891537024266
MAE: 14.317235478039446
EVS: 0.1770869286385136
