Model: GRU
MSE: 1116.4145483635823
MAE: 33.36718993351377
EVS: -4.440892098500626e-16
