Model: GRU
MSE: 1.420880088039134
MAE: 0.9386375032622244
EVS: 0.6756602349436319
