Model: GRU
MSE: 2.2338176479852505
MAE: 1.2089768278187725
EVS: 0.6213824117408401
