Model: GRU
MSE: 1.4265438101048136
MAE: 0.855094301289526
EVS: 0.5955341050521423
