Model: GRU
MSE: 1.9447319575214463
MAE: 1.1610112354673183
EVS: 0.5859690417590497
