Model: GRU
MSE: 9.56260275571772
MAE: 2.628635143411571
EVS: 0.0775980737202594
