Model: GRU
MSE: 1.3250793578846427
MAE: 0.848148592587175
EVS: 0.5648836991943545
