Model: GRU
MSE: 1.42593798781111
MAE: 0.849120929323394
EVS: 0.5362222280600885
