Model: GRU
MSE: 3.4150163053219225
MAE: 1.5763419414388726
EVS: 0.603765556080419
