Model: GRU
MSE: 1.1983332811443748
MAE: 0.8166864987077385
EVS: 0.6075081223687293
