Model: GRU
MSE: 5.670435803884024
MAE: 2.204532351987116
EVS: 0.6643217315209965
