Model: GRU
MSE: 2.1961066348461964
MAE: 1.1814289750724007
EVS: 0.5921981655215949
