Model: GRU
MSE: 3.3281682467593927
MAE: 1.5278269586891968
EVS: 0.48446020915964527
