Model: GRU
MSE: 1.212521278286156
MAE: 0.7983248480435076
EVS: 0.6167753892048911
