Model: GRU
MSE: 378.54011801742286
MAE: 19.374255714745356
EVS: -0.0437245169324465
