Model: GRU
MSE: 1.329764734267506
MAE: 0.897726486469137
EVS: 0.6331485600905344
