Model: GRU
MSE: 5.2890638563323895
MAE: 1.9034220267986435
EVS: -0.263224144361045
