Model: GRU
MSE: 2.103472517422498
MAE: 1.2168481925438186
EVS: 0.6296856781239049
