Model: GRU
MSE: 2.1450171254779336
MAE: 1.223436437804124
EVS: 0.6746356285155122
