Model: GRU
MSE: 10218.103765632146
MAE: 101.0695729748956
EVS: -4.440892098500626e-16
