Model: GRU
MSE: 539.6593008957435
MAE: 23.16873178810909
EVS: 0.05780145317912033
