Model: GRU
MSE: 340.10545856820534
MAE: 18.348765973387092
EVS: -0.1257925561761184
