Model: GRU
MSE: 1.4320311868750015
MAE: 0.9475998385199182
EVS: 0.6035330107047653
