Model: GRU
MSE: 2.0931585631273086
MAE: 1.1727041704901338
EVS: 0.6064657393813375
