Model: GRU
MSE: 1.739440906378746
MAE: 0.9874139325372109
EVS: 0.600547406943061
