Model: GRU
MSE: 1549.5376699961123
MAE: 39.31959754023059
EVS: -0.15162792128485525
