Model: GRU
MSE: 223.0156094747579
MAE: 14.83806220416365
EVS: 0.0649106210044117
