Model: GRU
MSE: 1.816753507037526
MAE: 1.0339295288612107
EVS: 0.5755431302697285
