Model: GRU
MSE: 1.5497912969002723
MAE: 0.9532047797893656
EVS: 0.5034889154322942
