Model: GRU
MSE: 25.28454680584764
MAE: 4.695265819286478
EVS: -0.0636550593696883
