Model: GRU
MSE: 1.1669726345238627
MAE: 0.7857937648378572
EVS: 0.6362577953167461
