Model: GRU
MSE: 2.3381609688023275
MAE: 1.2594092303308952
EVS: 0.6169544878500183
