Model: GRU
MSE: 1.367037980414321
MAE: 0.8980535309890223
EVS: 0.5780039919479809
