Model: GRU
MSE: 1.6091511131317013
MAE: 1.0028829574584956
EVS: 0.5923391709486121
