Model: GRU
MSE: 4277.204644988522
MAE: 65.37779301610486
EVS: 0.03164306751081247
