Model: GRU
MSE: 4.349004950828518
MAE: 1.4994322349285263
EVS: 0.04919921585444864
