Model: GRU
MSE: 3.359427121795065
MAE: 1.5765849968482712
EVS: 0.6222971997997726
