Model: GRU
MSE: 1.6642436633253266
MAE: 1.0428886413574217
EVS: 0.5455805760472856
