Model: GRU
MSE: 1.3241936037143054
MAE: 0.8360112946608974
EVS: 0.6130769779354135
