Model: GRU
MSE: 1.3826015156832288
MAE: 0.849796739117853
EVS: 0.6326608362818276
