Model: GRU
MSE: 1.0821841207543914
MAE: 0.7512928864051558
EVS: 0.649174216362109
