Model: GRU
MSE: 12.001849477396032
MAE: 3.0184871410501417
EVS: 0.0
