Model: GRU
MSE: 2685.8159088475045
MAE: 51.78640602374899
EVS: -0.30831489744743723
