Model: GRU
MSE: 12.040021194648288
MAE: 3.0241986636457776
EVS: 0.0
