Model: GRU
MSE: 1.1223232552763964
MAE: 0.8113299895977151
EVS: 0.6410583480460468
