Model: GRU
MSE: 1.5261964605330745
MAE: 0.9959036728431443
EVS: 0.6519423782675324
