Model: GRU
MSE: 1.3700797658579924
MAE: 0.8728487080541152
EVS: 0.5718995752564278
