Model: GRU
MSE: 2.1176697029472815
MAE: 1.1950201823793614
EVS: 0.6442277938579947
