Model: GRU
MSE: 6.029739342026289
MAE: 2.018420975783776
EVS: 0.20698423084188655
