Model: GRU
MSE: 12.027452139831349
MAE: 3.0223193333066747
EVS: 0.0
