Model: GRU
MSE: 205.47134380531296
MAE: 14.23146859530745
EVS: 0.035642794477797946
