Model: GRU
MSE: 495.8161588629179
MAE: 22.194694864338842
EVS: -0.05467466687282996
