Model: GRU
MSE: 327.29934790793413
MAE: 17.975854627017316
EVS: -0.36871792300140327
