Model: GRU
MSE: 2.3830798478882205
MAE: 1.283793975566996
EVS: 0.6405280906857519
