Model: GRU
MSE: 1.4497554658937581
MAE: 0.935523986816406
EVS: 0.6504117398604536
