Model: GRU
MSE: 4.575505086227953
MAE: 1.9059187132736737
EVS: 0.5841081579302272
