Model: GRU
MSE: 1.7315116807091155
MAE: 0.9910934546898149
EVS: 0.5455235544597493
