Model: GRU
MSE: 1.4007416682214258
MAE: 0.9389604864449335
EVS: 0.6282894520935718
