Model: GRU
MSE: 2.319842508293278
MAE: 1.2419730054921123
EVS: 0.5903055095862209
