Model: GRU
MSE: 1.315848087447977
MAE: 0.9091525899952856
EVS: 0.5760042499727214
