Model: GRU
MSE: 1.2230108877077732
MAE: 0.8584713442572232
EVS: 0.60462264362374
