Model: GRU
MSE: 1.352795589850428
MAE: 0.8901298292751972
EVS: 0.5790492259134434
