Model: GRU
MSE: 4.051239368571497
MAE: 1.7055569681628002
EVS: 0.4176063594213977
