Model: GRU
MSE: 2439.4747060816735
MAE: 49.361087799072266
EVS: 0.028723033387514696
