Model: GRU
MSE: 1.7328830650835547
MAE: 0.9785289764404301
EVS: 0.5733709094123227
