Model: GRU
MSE: 1.3736986786716443
MAE: 0.8563418881646523
EVS: 0.6034974711740757
