Model: GRU
MSE: 4.140220627699476
MAE: 1.8539016986715386
EVS: 0.6763223778374252
