Model: GRU
MSE: 1.3987609173247364
MAE: 0.8670843716325431
EVS: 0.5531214013957695
