Model: GRU
MSE: 196.21735144954377
MAE: 13.899997672130322
EVS: 0.012402579387255086
