Model: GRU
MSE: 2.04898184865144
MAE: 1.183598140190387
EVS: 0.6654042314878031
