Model: GRU
MSE: 191.1281002215834
MAE: 13.726570045125895
EVS: 0.11027552128075746
