Model: GRU
MSE: 4.756235421627212
MAE: 1.9252388066258919
EVS: 0.5745427677564494
