Model: GRU
MSE: 1.3975305477702955
MAE: 0.9189282614609289
EVS: 0.6020266447701764
