Model: GRU
MSE: 1123.201897199247
MAE: 33.38335708091999
EVS: -1.874495049245426
