Model: GRU
MSE: 1.7122999344032896
MAE: 1.048633657652756
EVS: 0.6165108032930339
