Model: GRU
MSE: 368.8554060650505
MAE: 19.12080583901241
EVS: -0.06732132013939962
