Model: GRU
MSE: 1.6159800057087617
MAE: 0.9372750315172922
EVS: 0.5183736938882806
