Model: GRU
MSE: 1.7686399179297203
MAE: 0.9913254441886118
EVS: 0.5629860146086954
