Model: GRU
MSE: 240.41489929888672
MAE: 15.403306788411633
EVS: -0.035418209795537114
