Model: GRU
MSE: 5.876836172903868
MAE: 2.1556033101575123
EVS: 0.5099497249161362
