Model: GRU
MSE: 1.3715912637510035
MAE: 0.8388625177843823
EVS: 0.5777917328536852
