Model: GRU
MSE: 810.7070733177704
MAE: 28.361739471040924
EVS: -1.0750164400364053
