Model: GRU
MSE: 1.2144787788607285
MAE: 0.9085175908845046
EVS: 0.6335656423614928
