Model: GRU
MSE: 1.299004944777748
MAE: 0.8668216508010338
EVS: 0.5903405843844016
