Model: GRU
MSE: 257.59673015368315
MAE: 15.956930357834388
EVS: 0.023670355646110086
