Model: GRU
MSE: 1.5054626509103834
MAE: 0.948672689240554
EVS: 0.5514646088045845
