Model: GRU
MSE: 1.36123877409224
MAE: 0.8584710811746533
EVS: 0.5531427964831999
