Model: GRU
MSE: 1.3074916580749851
MAE: 0.897383509011104
EVS: 0.6083286080636449
