Model: GRU
MSE: 1.334425920299258
MAE: 0.8565433107573411
EVS: 0.5618694097907612
