Model: GRU
MSE: 3.0189365314508727
MAE: 1.487507869457376
EVS: 0.6048436081355368
