Model: GRU
MSE: 2.171564496760908
MAE: 1.2123036055729313
EVS: 0.6384903430446022
