Model: GRU
MSE: 1.1783492560153435
MAE: 0.778470302450246
EVS: 0.6175197416165406
