Model: GRU
MSE: 5.842084550715193
MAE: 2.057691746744616
EVS: 0.6132019630257645
