Model: GRU
MSE: 4.893155141152749
MAE: 1.8421180166047195
EVS: 0.6078503079481357
