Model: GRU
MSE: 250.18963411404687
MAE: 15.567446560695254
EVS: -0.1475051773538376
