Model: GRU
MSE: 242.965553974572
MAE: 15.325089799946753
EVS: -0.18596895443307782
