Model: GRU
MSE: 3.4727368742168094
MAE: 1.4862197678664635
EVS: 0.6382423225519352
