Model: GRU
MSE: 2.4579476997487606
MAE: 1.2415928676210601
EVS: 0.6404455650851502
