Model: GRU
MSE: 3.3289665927378094
MAE: 1.5347576223570725
EVS: 0.593255352041308
