Model: GRU
MSE: 4.152936918238354
MAE: 1.7250644338542018
EVS: 0.661435581240497
