Model: GRU
MSE: 8.203197838686219
MAE: 2.4851419185769967
EVS: 0.5825711475595798
