Model: GRU
MSE: 5.003036104880505
MAE: 1.8915391708242482
EVS: 0.5912010157256657
