Model: GRU
MSE: 1309.010039124672
MAE: 36.043072799156455
EVS: -0.4492500418505454
