Model: GRU
MSE: 2.7982937737842177
MAE: 1.323741814185833
EVS: 0.6070509303626248
