Model: GRU
MSE: 4.6382206422304115
MAE: 1.7763005207324851
EVS: 0.5780498064459092
