Model: GRU
MSE: 4.164800780546326
MAE: 1.6924196851664577
EVS: 0.5586046740014499
