Model: GRU
MSE: 2.832267088253914
MAE: 1.3484019328807961
EVS: 0.6257477664318107
