Model: GRU
MSE: 229.5640810376603
MAE: 14.895239402507913
EVS: -0.12580835537900437
