Model: GRU
MSE: 5.737651654192193
MAE: 1.9023105687108532
EVS: 0.293458032920795
