Model: GRU
MSE: 4.904632953286201
MAE: 1.8578313547989418
EVS: 0.6114007015801249
