Model: GRU
MSE: 236.42371279977
MAE: 15.12653712568612
EVS: -0.11347103683998094
