Model: GRU
MSE: 4.3292220788117834
MAE: 1.709750200140065
EVS: 0.6340947487835236
