Model: GRU
MSE: 198.041073635742
MAE: 13.797252132974823
EVS: -0.12302643376246514
