Model: GRU
MSE: 7.468265760918822
MAE: 2.244180810862574
EVS: 0.11119078348762246
