Model: GRU
MSE: 3.060548801403017
MAE: 1.4378285572446625
EVS: 0.552294444963993
