Model: GRU
MSE: 970.2269186581568
MAE: 31.047730347205853
EVS: 0.08346375490709768
