Model: GRU
MSE: 4.005082730335481
MAE: 1.6528296552855393
EVS: 0.5491236654309806
