Model: GRU
MSE: 9.919719196938084
MAE: 2.7013302096005143
EVS: 0.5143752149673237
