Model: GRU
MSE: 2.6647714301602914
MAE: 1.327557769314996
EVS: 0.6103292773268865
