Model: GRU
MSE: 3.1312775524722993
MAE: 1.427415601138411
EVS: 0.6380999459291498
