Model: GRU
MSE: 3.0508516150531593
MAE: 1.4047253378506364
EVS: 0.5565318336344396
