Model: GRU
MSE: 3.3911970492393673
MAE: 1.4807271628544247
EVS: 0.5964490612598398
