Model: GRU
MSE: 2.8427677372534235
MAE: 1.3292602917243694
EVS: 0.6090749707044503
