Model: GRU
MSE: 226.30836610762174
MAE: 14.8029365868404
EVS: -0.05054556026103252
