Model: GRU
MSE: 7.210098095409543
MAE: 2.2576395478741875
EVS: 0.5561347757419141
