Model: GRU
MSE: 3.1663337997535668
MAE: 1.4606901119495261
EVS: 0.5860287331374538
