Model: GRU
MSE: 13.172873267580615
MAE: 3.0482206673457704
EVS: 0.014537078217118582
