Model: GRU
MSE: 5.708709716999543
MAE: 2.0582402327965044
EVS: 0.599834444342942
