Model: GRU
MSE: 2.824523570267396
MAE: 1.3631625750969196
EVS: 0.5935071888173343
