Model: GRU
MSE: 438.4214505989946
MAE: 20.737843735464686
EVS: -0.22343451762989064
