Model: GRU
MSE: 4.214470909684412
MAE: 1.6911815281572014
EVS: 0.597073280459288
