Model: GRU
MSE: 2.678721538493564
MAE: 1.3137444792122677
EVS: 0.6205203705593442
