Model: GRU
MSE: 8.887305765107898
MAE: 2.568961003731037
EVS: 0.5797572188983682
