Model: GRU
MSE: 2.9997869316486985
MAE: 1.4122195737115268
EVS: 0.581035591502169
