Model: GRU
MSE: 4.608280568335148
MAE: 1.7712786444302262
EVS: 0.4928052297493454
