Model: GRU
MSE: 3.669101487856249
MAE: 1.5790083817073277
EVS: 0.5736440812961021
