Model: GRU
MSE: 4.584699560463848
MAE: 1.738888247259732
EVS: 0.5365276206021325
