Model: GRU
MSE: 5.56460301354355
MAE: 1.9815046129555538
EVS: 0.4598698489292502
