Model: GRU
MSE: 2.7482287199152244
MAE: 1.3420120600996346
EVS: 0.6023932288718448
