Model: GRU
MSE: 8.090037195966962
MAE: 2.466931022446731
EVS: 0.5857273081119762
