Model: GRU
MSE: 1158.902431028742
MAE: 33.952279189537315
EVS: 0.10104591841965438
