Model: GRU
MSE: 3.7249047438029987
MAE: 1.5551353980754983
EVS: 0.5910935957850769
