Model: GRU
MSE: 5.341755233498749
MAE: 1.9481513664640229
EVS: 0.5986167665975519
