Model: GRU
MSE: 4.105521835160987
MAE: 1.6892247200012207
EVS: 0.6003598706222371
