Model: GRU
MSE: 4.1094999604951035
MAE: 1.7264320932585617
EVS: 0.6604515140959524
