Model: GRU
MSE: 434.53661994186217
MAE: 20.63165966395674
EVS: -0.2977408905151333
