Model: GRU
MSE: 2.675853847082451
MAE: 1.3116228580474854
EVS: 0.622610348864997
