Model: GRU
MSE: 3.262589487355983
MAE: 1.4408914220744167
EVS: 0.5696852648085435
