Model: GRU
MSE: 4.228499195509377
MAE: 1.695099296240971
EVS: 0.6075273362898939
