Model: GRU
MSE: 3.97212868094424
MAE: 1.6413069018002213
EVS: 0.5998290796885826
