Model: GRU
MSE: 213.65358483364093
MAE: 14.362862081363284
EVS: -0.07692729458734604
