Model: GRU
MSE: 3.341499235290677
MAE: 1.4815069149280418
EVS: 0.6184107206964462
