Model: GRU
MSE: 6.1399788623204845
MAE: 2.0603970248123695
EVS: 0.5658402386135701
