Model: GRU
MSE: 200.21537079609308
MAE: 13.900971914159841
EVS: -0.02083716931937185
