Model: GRU
MSE: 2.9535416597380015
MAE: 1.4173914153000404
EVS: 0.6326706008735252
