Model: GRU
MSE: 2.704910182376309
MAE: 1.3311945405499688
EVS: 0.6049106487180032
