Model: GRU
MSE: 3.7788610588442744
MAE: 1.5461309696065968
EVS: 0.597570756753628
