Model: GRU
MSE: 3.2182491086861678
MAE: 1.4248393650712639
EVS: 0.5347949433392613
