Model: GRU
MSE: 3.4651874189825915
MAE: 1.5101147520131077
EVS: 0.5727639380964467
