Model: GRU
MSE: 3.0709605659197985
MAE: 1.3967934723558098
EVS: 0.6278906954826646
