Model: GRU
MSE: 2.6004960434168556
MAE: 1.3288979119267956
EVS: 0.6369036208842604
