Model: GRU
MSE: 9.172530058312486
MAE: 2.409173537944925
EVS: -0.002098977083913267
