Model: GRU
MSE: 3.343522385636522
MAE: 1.4965932287018875
EVS: 0.5467102397537841
