Model: GRU
MSE: 3.905892582612386
MAE: 1.5969077554242364
EVS: 0.5950062246092709
