Model: GRU
MSE: 2.9658976470397476
MAE: 1.389916781721444
EVS: 0.5972654753299237
