Model: GRU
MSE: 4.985177294891259
MAE: 1.8323648880267966
EVS: 0.3454152426355287
