Model: GRU
MSE: 4.483837782377813
MAE: 1.7344252158855569
EVS: 0.5326839718634304
