Model: GRU
MSE: 3.477088969490104
MAE: 1.512165538195906
EVS: 0.5955462183219231
