Model: GRU
MSE: 3.3131612788612577
MAE: 1.464511361615411
EVS: 0.5931366943196765
