Model: GRU
MSE: 9.755981407816762
MAE: 2.605383642788591
EVS: 0.06729639597580139
