Model: GRU
MSE: 3.661035602844534
MAE: 1.5527266798348263
EVS: 0.5806468329250976
