Model: GRU
MSE: 4.128897014553445
MAE: 1.631434547490087
EVS: 0.537773175820413
