Model: GRU
MSE: 4.664901880932889
MAE: 1.798875644289214
EVS: 0.5774560193361058
