Model: GRU
MSE: 2.903202445153656
MAE: 1.367502763353545
EVS: 0.5905833001899541
