Model: GRU
MSE: 2.6398538862739427
MAE: 1.2923237044235756
EVS: 0.6160367092173626
