Model: GRU
MSE: 4.678007208664961
MAE: 1.7998760404257939
EVS: 0.5825265859859687
