Model: GRU
MSE: 5.777378108737014
MAE: 1.9938695512968918
EVS: 0.2778074931656497
