Model: GRU
MSE: 2.719499831147714
MAE: 1.3232108888954952
EVS: 0.6038746988302233
