Model: GRU
MSE: 9.467110404759683
MAE: 2.7511437761372535
EVS: 0.653419125106347
