Model: GRU
MSE: 3.2177230801115724
MAE: 1.4346897026588177
EVS: 0.5319432767212087
