Model: GRU
MSE: 2.7463173250367374
MAE: 1.2898299529634674
EVS: 0.598730971098431
