Model: GRU
MSE: 3.5885414477787467
MAE: 1.5220897279936692
EVS: 0.5549979037796297
