Model: GRU
MSE: 909.6704134473122
MAE: 30.039906435999377
EVS: -0.0641502237406113
