Model: GRU
MSE: 3.3447073882517455
MAE: 1.5192415878690522
EVS: 0.5777416174720129
