Model: GRU
MSE: 4.961836739093134
MAE: 1.8109864037612389
EVS: 0.3427709477762456
