Model: GRU
MSE: 2.840460380873526
MAE: 1.3775922429972682
EVS: 0.6084425709990897
