Model: GRU
MSE: 2.7514919464681578
MAE: 1.327419872941642
EVS: 0.6074146754940606
