Model: GRU
MSE: 3.3851710189033595
MAE: 1.47334885597229
EVS: 0.5455884321432258
