Model: GRU
MSE: 3.0786930914474073
MAE: 1.399865832822076
EVS: 0.613422378744616
