Model: GRU
MSE: 3.0255762046775536
MAE: 1.3853031109119285
EVS: 0.5648701227690004
