Model: GRU
MSE: 3.866588507463928
MAE: 1.6491944378819958
EVS: 0.6354687704177773
