Model: GRU
MSE: 3.655559359297607
MAE: 1.553732312958816
EVS: 0.5361975385067713
