Model: GRU
MSE: 3.4607040480680684
MAE: 1.5227170072752854
EVS: 0.5625316769872541
