Model: GRU
MSE: 3.7930591935641376
MAE: 1.6165393385393867
EVS: 0.6300940487679259
