Model: GRU
MSE: 8.954680396287475
MAE: 2.567825383153455
EVS: 0.559200027767337
