Model: GRU
MSE: 1045.8890629834564
MAE: 32.25746700681489
EVS: 0.2181164503461509
