Model: GRU
MSE: 2.8188386705024553
MAE: 1.3632233800559208
EVS: 0.6358655119873748
