Model: GRU
MSE: 2.758693307994208
MAE: 1.3205975746286327
EVS: 0.6554863298593814
