Model: GRU
MSE: 4.240454877391381
MAE: 1.6952052593231202
EVS: 0.5770604141033181
