Model: GRU
MSE: 3.216345769621222
MAE: 1.4508178809593464
EVS: 0.6480973023933395
