Model: GRU
MSE: 2.8423962115647914
MAE: 1.359044255881474
EVS: 0.5962334548933672
