Model: GRU
MSE: 3.1262787111720236
MAE: 1.4210958151981747
EVS: 0.6191621558097933
