Model: GRU
MSE: 8.744041341056702
MAE: 2.5899066020702493
EVS: 0.5596203261738877
