Model: GRU
MSE: 5.0807622702805135
MAE: 1.8749702634482548
EVS: 0.5838688250451499
