Model: GRU
MSE: 3.903070175306421
MAE: 1.6152776356401115
EVS: 0.5998575270655231
