Model: GRU
MSE: 3.9736216745941535
MAE: 1.6344548011648243
EVS: 0.6330432320250694
