Model: GRU
MSE: 2.667530512126342
MAE: 1.2976676348982186
EVS: 0.6464179782742598
