Model: GRU
MSE: 2.7483727377299845
MAE: 1.326300941664597
EVS: 0.6090485740592341
