Model: GRU
MSE: 6.02876920642415
MAE: 2.045046904991413
EVS: 0.5385055342356604
