Model: GRU
MSE: 3.7649032750560325
MAE: 1.5957552975621716
EVS: 0.6414641913406581
