Model: GRU
MSE: 3.0630474722082996
MAE: 1.423441615597955
EVS: 0.5910698588178409
