Model: GRU
MSE: 212.4812037335599
MAE: 14.32841630639701
EVS: -0.049997772231431536
