Model: GRU
MSE: 3.1907234509867837
MAE: 1.464126702012687
EVS: 0.6139672948334318
