Model: GRU
MSE: 4.812290879258603
MAE: 1.835888648855275
EVS: 0.597544023232583
