Model: GRU
MSE: 3.5749947585744457
MAE: 1.5621909822736468
EVS: 0.5215737863817403
