Model: GRU
MSE: 8.12988529856636
MAE: 2.4767730153840164
EVS: 0.5849344809671966
