Model: GRU
MSE: 3.347313657219384
MAE: 1.516049861907959
EVS: 0.5553054390213583
