Model: GRU
MSE: 3.806483544788444
MAE: 1.6108052566133697
EVS: 0.5257632019990284
