Model: GRU
MSE: 6.965071604074935
MAE: 2.1960103265170394
EVS: -2.220446049250313e-16
