Model: GRU
MSE: 5.260909535989122
MAE: 1.8813947644726983
EVS: 0.535116224778702
