Model: GRU
MSE: 3.1165852388120316
MAE: 1.4169131147450413
EVS: 0.5966469129041614
