Model: GRU
MSE: 2.8741497656595225
MAE: 1.3714136584051724
EVS: 0.5805322037394914
