Model: GRU
MSE: 3.4714963422897207
MAE: 1.5001743990799477
EVS: 0.6275311065097604
