Model: GRU
MSE: 2.743303195846363
MAE: 1.3486900987296269
EVS: 0.6025007777302447
