Model: GRU
MSE: 376.57692055527065
MAE: 19.203767620283983
EVS: -0.13989654070620783
