Model: GRU
MSE: 3.2894467245301118
MAE: 1.4683285581654515
EVS: 0.5873127274335165
