Model: GRU
MSE: 2.5489529841721565
MAE: 1.281822500557735
EVS: 0.6313821320244415
