Model: GRU
MSE: 3.846241534111857
MAE: 1.6206937082882584
EVS: 0.615797823580061
