Model: GRU
MSE: 2.776469261963641
MAE: 1.3654612672740016
EVS: 0.6140093605998871
