Model: GRU
MSE: 2.6725889061047634
MAE: 1.2729569632431557
EVS: 0.6161622621428909
