Model: GRU
MSE: 5.391474988798172
MAE: 1.9699966496434704
EVS: 0.6326784900033886
