Model: GRU
MSE: 3.626164957292762
MAE: 1.5385374447395062
EVS: 0.6172779570503651
