Model: GRU
MSE: 5.786157888028811
MAE: 1.9678997335762813
EVS: 0.2420062217872444
