Model: GRU
MSE: 11.752310053620649
MAE: 2.7177394998484643
EVS: -2.220446049250313e-16
