Model: GRU
MSE: 3.714134948985267
MAE: 1.5305318092477733
EVS: 0.5582377279225709
