Model: GRU
MSE: 2.688532658679754
MAE: 1.3241262600339692
EVS: 0.6098832399788798
