Model: GRU
MSE: 9.934822789963023
MAE: 2.5908013047843146
EVS: -2.220446049250313e-16
