Model: GRU
MSE: 3.284165636213672
MAE: 1.4867104250809242
EVS: 0.6045760723646745
