Model: GRU
MSE: 2.5429135787320156
MAE: 1.298526673481382
EVS: 0.6579096127324655
