Model: GRU
MSE: 3.85182722719843
MAE: 1.6243152947261417
EVS: 0.534898233924938
