Model: GRU
MSE: 5.400001593875808
MAE: 1.9556999617609485
EVS: 0.6238898139474474
