Model: GRU
MSE: 3.5799565686523334
MAE: 1.539751677677549
EVS: 0.5878014498543831
