Model: GRU
MSE: 3.282263684187569
MAE: 1.4677520209345325
EVS: 0.5744432175622523
