Model: GRU
MSE: 283.31603864496964
MAE: 16.59311617242879
EVS: -0.16802806997126374
