Model: GRU
MSE: 3.404897572999497
MAE: 1.482547669575132
EVS: 0.6501732923297014
