Model: GRU
MSE: 3.4393997282462343
MAE: 1.52148961198741
EVS: 0.6268310377598403
