Model: GRU
MSE: 8.960066435375587
MAE: 2.6199988989994445
EVS: 0.5706245854247531
