Model: GRU
MSE: 4.85744192816743
MAE: 1.865127160631377
EVS: 0.6206877785576355
