Model: GRU
MSE: 2.750594582886418
MAE: 1.359642900269607
EVS: 0.607071273032227
