Model: GRU
MSE: 2.90594417639658
MAE: 1.3909234342903927
EVS: 0.6077986060020575
