Model: GRU
MSE: 9.78446186489147
MAE: 2.6195189541783828
EVS: 0.16371046039376946
