Model: GRU
MSE: 15.403178874234825
MAE: 3.373989598504428
EVS: 0.024362342758042832
