Model: GRU
MSE: 2.998214434272435
MAE: 1.4290311829797153
EVS: 0.6037184489081073
