Model: GRU
MSE: 3.9294729184805144
MAE: 1.619032752924952
EVS: 0.6057060704494657
