Model: GRU
MSE: 2.945741681060977
MAE: 1.4003158437794652
EVS: 0.6163500427681192
