Model: GRU
MSE: 3.3319003846934345
MAE: 1.510798322743383
EVS: 0.557383853900367
