Model: GRU
MSE: 4.567219706249364
MAE: 1.791016512903674
EVS: 0.601587177138363
