Model: GRU
MSE: 3.2179907744384018
MAE: 1.4393264260785332
EVS: 0.6331054229757529
