Model: GRU
MSE: 3.6508498907940146
MAE: 1.5594077603570347
EVS: 0.5507828099578169
