Model: GRU
MSE: 5.3332962243505415
MAE: 1.8923136119184822
EVS: 0.4965723686079385
