Model: GRU
MSE: 3.107050220782655
MAE: 1.4389322872819572
EVS: 0.5978384571266102
