Model: GRU
MSE: 2.8430684503169132
MAE: 1.342906277520316
EVS: 0.5932285162776345
