Model: GRU
MSE: 4.001209677252161
MAE: 1.635048825165321
EVS: 0.6110615278272432
