Model: GRU
MSE: 3.8216153963394235
MAE: 1.5724526931499612
EVS: 0.5404001818744505
