Model: GRU
MSE: 4.38552670377012
MAE: 1.732730479075991
EVS: 0.6237529713886804
