Model: GRU
MSE: 6.912603528273457
MAE: 2.152125654549434
EVS: -2.220446049250313e-16
