Model: GRU
MSE: 3.0961859275003163
MAE: 1.4520827490707924
EVS: 0.6184258526655577
