Model: GRU
MSE: 3.2697046594317287
MAE: 1.4691158491989662
EVS: 0.5327668064687154
