Model: GRU
MSE: 3.152297031061482
MAE: 1.4567778028290848
EVS: 0.5436454544153762
