Model: GRU
MSE: 3.656226301809558
MAE: 1.5685854780262913
EVS: 0.5455275948380781
