Model: GRU
MSE: 2.9106973088056796
MAE: 1.3597300463709339
EVS: 0.583711388235741
