Model: GRU
MSE: 2.704802534726037
MAE: 1.311475260504361
EVS: 0.6043254470669284
