Model: GRU
MSE: 275.91117070753813
MAE: 16.378956441221565
EVS: -0.11776735154845364
