Model: GRU
MSE: 3.209549865875974
MAE: 1.4879365625052616
EVS: 0.5433545874129713
