Model: GRU
MSE: 3.3438343865470164
MAE: 1.4970577009792985
EVS: 0.5857475922989577
