Model: GRU
MSE: 3.7774864669386496
MAE: 1.5800973957982556
EVS: 0.6115521692742687
