Model: GRU
MSE: 3.4999545827193383
MAE: 1.5524431919229442
EVS: 0.49033136533307364
