Model: GRU
MSE: 7.988950947613567
MAE: 2.4494617971880683
EVS: 0.5898166843888367
