Model: GRU
MSE: 3.863542825153096
MAE: 1.584471529927747
EVS: 0.6117810420368122
