Model: GRU
MSE: 2.9212822258465825
MAE: 1.3422376040754647
EVS: 0.6053847588351293
