Model: GRU
MSE: 3.338465509879417
MAE: 1.4895895596208244
EVS: 0.5375305424304682
