Model: GRU
MSE: 2.80771441125243
MAE: 1.3242775982823864
EVS: 0.5912557365583446
