Model: GRU
MSE: 3.111200358972649
MAE: 1.4235892624690616
EVS: 0.5568113699290301
