Model: GRU
MSE: 4.345863941159051
MAE: 1.6993247229477455
EVS: 0.5028864543158456
