Model: GRU
MSE: 3.60884304826542
MAE: 1.5468151158299939
EVS: 0.5685125520959076
