Model: GRU
MSE: 5.216796982539599
MAE: 1.9115989208221436
EVS: 0.5888865722474996
