Model: GRU
MSE: 215.2114612614445
MAE: 14.43326289078285
EVS: -0.008261366613841803
