Model: GRU
MSE: 3.71065847611557
MAE: 1.56359967692145
EVS: 0.6059221177966403
