Model: GRU
MSE: 4.565059731953899
MAE: 1.7811293108709927
EVS: 0.6029984832053712
