Model: GRU
MSE: 2.854475923458612
MAE: 1.3375012627963363
EVS: 0.5834545096486623
