Model: GRU
MSE: 2.7227185061314825
MAE: 1.3062370727802146
EVS: 0.6420167886794863
