Model: GRU
MSE: 4.203969335585937
MAE: 1.6765480041503906
EVS: 0.5921136938647368
