Model: GRU
MSE: 3.5269005934532296
MAE: 1.5051686434910214
EVS: 0.616397849175979
