Model: GRU
MSE: 7.416804973953507
MAE: 2.304337443976567
EVS: 0.5260580343309019
