Model: GRU
MSE: 4.661207689971015
MAE: 1.8094004680370461
EVS: 0.6238315839905924
