Model: GRU
MSE: 4.3330548799897395
MAE: 1.710551459213783
EVS: 0.5859743176684165
