Model: GRU
MSE: 3.3407188031388175
MAE: 1.4858386105504529
EVS: 0.6005964098386298
