Model: GRU
MSE: 3.03292621408814
MAE: 1.4102183374865302
EVS: 0.5698163221394366
