Model: GRU
MSE: 8.528218025985929
MAE: 2.404091407512796
EVS: 0.0292704664447353
