Model: GRU
MSE: 3.2093760513616085
MAE: 1.4697301963279987
EVS: 0.5631797566248389
