Model: GRU
MSE: 8.626265602161448
MAE: 2.596107474688826
EVS: 0.610008219316593
