Model: GRU
MSE: 2.9595069331906667
MAE: 1.4181992103313577
EVS: 0.5672133830015536
