Model: GRU
MSE: 3.3444495583234137
MAE: 1.4710099697113037
EVS: 0.6157157916226323
