Model: GRU
MSE: 6.993026238072475
MAE: 2.1985612408868196
EVS: -2.220446049250313e-16
