Model: GRU
MSE: 9.793305344844137
MAE: 2.7191885504229316
EVS: 0.5693388575451711
