Model: GRU
MSE: 3.043373293590211
MAE: 1.4105766888322502
EVS: 0.6002609096328717
