Model: GRU
MSE: 2.927224632734782
MAE: 1.3626895937426338
EVS: 0.5780966279495168
