Model: GRU
MSE: 4.770504881156759
MAE: 1.8384215009623561
EVS: 0.6601118900939196
