Model: GRU
MSE: 8.231368448275923
MAE: 2.41540998425977
EVS: 0.42141562171406477
