Model: GRU
MSE: 6.4028448301371474
MAE: 2.16876168086611
EVS: 0.580204533812088
