Model: GRU
MSE: 3.018889285350254
MAE: 1.4044738802416572
EVS: 0.5732556812749932
