Model: GRU
MSE: 3.328646347344649
MAE: 1.5165304315501247
EVS: 0.5458171249694557
