Model: GRU
MSE: 2.802564824355586
MAE: 1.3021891610375766
EVS: 0.6207278862861796
