Model: GRU
MSE: 4.513915123702065
MAE: 1.7736900921525627
EVS: 0.5908338892335848
