Model: GRU
MSE: 4.101517524651721
MAE: 1.6014826051120101
EVS: 0.6119793751903593
