Model: GRU
MSE: 2.8063787333776613
MAE: 1.3906761120105613
EVS: 0.591784145677777
