Model: GRU
MSE: 5.113144828868669
MAE: 1.8709904572059368
EVS: 0.578055078361349
