Model: GRU
MSE: 5.606948270860871
MAE: 1.930633914881739
EVS: 0.5298847173034538
