Model: GRU
MSE: 2.5160224516916343
MAE: 1.2589278549983585
EVS: 0.6324572854398793
