Model: GRU
MSE: 210.8584195361945
MAE: 14.271559908472259
EVS: -0.050481604102244226
