Model: GRU
MSE: 8.370430077945418
MAE: 2.4847843893643082
EVS: 0.573610177795701
