Model: GRU
MSE: 5.772046636650841
MAE: 2.060450890968586
EVS: 0.6226394638084376
