Model: GRU
MSE: 3.167446557213946
MAE: 1.4444659331749226
EVS: 0.5467830691680651
