Model: GRU
MSE: 2.7225567364103913
MAE: 1.2988150037568191
EVS: 0.6560414002753783
