Model: GRU
MSE: 3.4020143315772553
MAE: 1.4959354976127888
EVS: 0.5672726026867134
