Model: GRU
MSE: 4.894975010282079
MAE: 1.8666141197599213
EVS: 0.5965884280197189
