Model: GRU
MSE: 3.063206880221487
MAE: 1.4006325705298062
EVS: 0.6032901846584213
