Model: GRU
MSE: 3.0241212278652743
MAE: 1.3720453854264885
EVS: 0.5660308988538876
