Model: GRU
MSE: 6.827767037945203
MAE: 2.152246146366514
EVS: 0.01928186846480473
