Model: GRU
MSE: 3.5818912380757175
MAE: 1.5769891574464996
EVS: 0.6278628353881253
