Model: GRU
MSE: 208.90101178252183
MAE: 14.213503578613544
EVS: -0.00605891155734728
