Model: GRU
MSE: 2.793886945432201
MAE: 1.3340014095964103
EVS: 0.6132313692749294
