Model: GRU
MSE: 2.8150704496580334
MAE: 1.3428588735646214
EVS: 0.5939458458849904
