Model: GRU
MSE: 4.291253969036073
MAE: 1.7246258587672794
EVS: 0.5890244536660403
