Model: GRU
MSE: 3.5026304496191227
MAE: 1.5154542511907116
EVS: 0.5740003182211504
