Model: GRU
MSE: 4.401750956503998
MAE: 1.762718414438182
EVS: 0.6275261398819052
