Model: GRU
MSE: 3.0207646695237695
MAE: 1.3968314466805294
EVS: 0.5601130222626465
