Model: GRU
MSE: 2.837665893088891
MAE: 1.3704341855542412
EVS: 0.6095754513758551
