Model: GRU
MSE: 3.5140415205039126
MAE: 1.5128986259986614
EVS: 0.5851506675135949
