Model: GRU
MSE: 2.9017043247272496
MAE: 1.3440668171849743
EVS: 0.576038063808308
