Model: GRU
MSE: 3.8609933791257007
MAE: 1.5838805971474483
EVS: 0.5971688308873738
