Model: GRU
MSE: 3.156675407595513
MAE: 1.4422833837311844
EVS: 0.5828836173429601
