Model: GRU
MSE: 3.928786194017056
MAE: 1.6195209930683006
EVS: 0.6096226464301536
