Model: GRU
MSE: 2.7256037945963403
MAE: 1.324334925618665
EVS: 0.6240259665912053
