Model: GRU
MSE: 3.2681208724869
MAE: 1.4736908222066945
EVS: 0.6192576093652389
