Model: GRU
MSE: 5.906697615033973
MAE: 2.0285891171159416
EVS: 0.5330354712441112
