Model: GRU
MSE: 7.514274789385287
MAE: 2.375368882869852
EVS: 0.625055987335344
