Model: GRU
MSE: 7.959310163515887
MAE: 2.3378845412155678
EVS: -2.220446049250313e-16
