Model: GRU
MSE: 13.465801438502538
MAE: 3.160945152414256
EVS: 0.12261626570325534
