Model: GRU
MSE: 2.8392385274269616
MAE: 1.3180607105123585
EVS: 0.594831567716356
