Model: GRU
MSE: 4.410389504679191
MAE: 1.740736591404882
EVS: 0.6154511923479378
