Model: GRU
MSE: 8.13303914483868
MAE: 2.4304104755664695
EVS: 0.5310871966614372
