Model: GRU
MSE: 7.984892103513112
MAE: 2.4046103378822066
EVS: 0.5067489033409287
