Model: GRU
MSE: 3.2130401393673433
MAE: 1.4785353233074319
EVS: 0.5302910249358799
