Model: GRU
MSE: 3.2454811140930775
MAE: 1.4536499401618694
EVS: 0.6077330061434676
