Model: GRU
MSE: 2.6785256876772086
MAE: 1.3193857998683536
EVS: 0.6635391059222935
