Model: GRU
MSE: 2.3782100932401056
MAE: 1.2380050626294365
EVS: 0.6527371550777438
