Model: GRU
MSE: 9.396235818373297
MAE: 2.6506695665162185
EVS: 0.4525851079902793
