Model: GRU
MSE: 3.014813976802543
MAE: 1.3951701789066708
EVS: 0.5647054471654537
