Model: GRU
MSE: 3.3907716818562417
MAE: 1.4105579688631256
EVS: 0.5859747501559021
