Model: GRU
MSE: 3.880295861261308
MAE: 1.6273126602172852
EVS: 0.4673492600325808
