Model: GRU
MSE: 4.103493021594886
MAE: 1.6718455676374764
EVS: 0.6113541730617715
