Model: GRU
MSE: 7.236224052587651
MAE: 2.313031624103415
EVS: 0.571097057241044
