Model: GRU
MSE: 4.869044272485181
MAE: 1.8193679924668937
EVS: 0.5638542441639457
