Model: GRU
MSE: 200.32390869407234
MAE: 13.889474087748034
EVS: -0.0834576024582383
