Model: GRU
MSE: 3.94740263140461
MAE: 1.6335866040196911
EVS: 0.6135223575011126
