Model: GRU
MSE: 2.7392822646613615
MAE: 1.3441175099076896
EVS: 0.6073239590037707
