Model: GRU
MSE: 214.2470896167937
MAE: 14.35240036454694
EVS: -0.20769492835826098
