Model: GRU
MSE: 5.845215036537474
MAE: 2.0103537460853316
EVS: 0.14679005986137816
