Model: GRU
MSE: 2.680673860175755
MAE: 1.3190112853872364
EVS: 0.6378284674339805
