Model: GRU
MSE: 3.2688119658637804
MAE: 1.4479092236222892
EVS: 0.617762183924219
