Model: GRU
MSE: 2.9163144771675653
MAE: 1.3589472770690918
EVS: 0.6367152325299389
