Model: GRU
MSE: 4.479200317962813
MAE: 1.7586008926917767
EVS: 0.6188328821599224
