Model: GRU
MSE: 3.3147906669492637
MAE: 1.4503331184387207
EVS: 0.590401537401671
