Model: GRU
MSE: 9.037643219667503
MAE: 2.631318651396653
EVS: 0.6071767989829778
