Model: GRU
MSE: 2.720132040550123
MAE: 1.3078252775915737
EVS: 0.6381445633500593
