Model: GRU
MSE: 9.760430553348396
MAE: 2.7889019703042917
EVS: 0.6262830249959153
