Model: GRU
MSE: 3.084633434097025
MAE: 1.4339938492610538
EVS: 0.6075510922967018
