Model: GRU
MSE: 5.405637212647293
MAE: 1.9101750932890793
EVS: 0.42901620056532763
