Model: GRU
MSE: 278.5766690387142
MAE: 16.45809088082149
EVS: -0.12756224306114028
