Model: GRU
MSE: 4.722951121440058
MAE: 1.8156043414411873
EVS: 0.5987171456795888
