Model: GRU
MSE: 3.574232774869121
MAE: 1.5446029284904743
EVS: 0.604387711051327
