Model: GRU
MSE: 3.7423658397844584
MAE: 1.5683815232638656
EVS: 0.6224822566242707
