Model: GRU
MSE: 3.4294758701008417
MAE: 1.4865660420779525
EVS: 0.5934439856990383
