Model: GRU
MSE: 3.0668341362192035
MAE: 1.4238766637341729
EVS: 0.5526234996268353
