Model: GRU
MSE: 2.6976206984755735
MAE: 1.3328235971516575
EVS: 0.605857474156434
