Model: GRU
MSE: 2.8132669248516087
MAE: 1.3205897068155223
EVS: 0.603320993923841
