Model: GRU
MSE: 2099.464585522026
MAE: 45.62736057413036
EVS: -1.5758901901599813
