Model: GRU
MSE: 3.1636172465698644
MAE: 1.420415680983971
EVS: 0.5804877609275858
