Model: GRU
MSE: 2.654310072028932
MAE: 1.2902128367588437
EVS: 0.6162560591551611
