Model: GRU
MSE: 3.1258299932454787
MAE: 1.4104208124094997
EVS: 0.595089155592707
