Model: GRU
MSE: 4.0596164691897405
MAE: 1.6505148986290241
EVS: 0.5310080231716751
