Model: GRU
MSE: 3.1559057440843197
MAE: 1.4261934416634696
EVS: 0.582283931106405
