Model: GRU
MSE: 9.919573752498874
MAE: 2.8010065966639024
EVS: 0.6274106293200362
