Model: GRU
MSE: 3.0351181012038735
MAE: 1.401384394744347
EVS: 0.6341924579717428
