Model: GRU
MSE: 2.7090144958194857
MAE: 1.3526582635682205
EVS: 0.6312198065841987
