Model: GRU
MSE: 182.61587020030046
MAE: 13.254990676353717
EVS: -0.01246106857441509
