Model: GRU
MSE: 5.8053294562400914
MAE: 2.065155580126006
EVS: 0.6096909102324684
