Model: GRU
MSE: 2.632206046418156
MAE: 1.3110592858544712
EVS: 0.6153240716948238
