Model: GRU
MSE: 2.6366070494279548
MAE: 1.302067000290443
EVS: 0.6509001594594155
