Model: GRU
MSE: 2.9479304951485825
MAE: 1.363240883268159
EVS: 0.5714927447292574
