Model: GRU
MSE: 3.4990075889370984
MAE: 1.506117713862452
EVS: 0.5760430176849181
