Model: GRU
MSE: 4.907228711836963
MAE: 1.8305825036147545
EVS: 0.31003535409870564
