Model: GRU
MSE: 3.210726842915148
MAE: 1.452272994177682
EVS: 0.5551081152433294
