Model: GRU
MSE: 4.609899990006072
MAE: 1.788130653315577
EVS: 0.5547921101929073
