Model: GRU
MSE: 3.1983044243959244
MAE: 1.4430794633668045
EVS: 0.5990752555610614
