Model: GRU
MSE: 199.49641179319775
MAE: 13.878050047775794
EVS: -0.008810683066997393
