Model: GRU
MSE: 2.7009500534581727
MAE: 1.2695797147422
EVS: 0.6126791837841092
