Model: GRU
MSE: 2.922503833881804
MAE: 1.3827850900847336
EVS: 0.5826215101056129
