Model: GRU
MSE: 3.000398495129518
MAE: 1.3773934594516097
EVS: 0.5847215672981725
