Model: GRU
MSE: 5.007518925526934
MAE: 1.867596174108571
EVS: 0.5833255231380818
