Model: GRU
MSE: 4.220485083050005
MAE: 1.6838915430266281
EVS: 0.5590152247252578
