Model: GRU
MSE: 189.6045460705173
MAE: 13.485601038768374
EVS: -0.13271109643251067
