Model: GRU
MSE: 6.979486499056637
MAE: 2.2207020068990775
EVS: 0.49241744609714055
