Model: GRU
MSE: 3117.4505166143235
MAE: 55.778902514227504
EVS: 0.09821058863628906
