Model: GRU
MSE: 2.7538121754769236
MAE: 1.3323038035425647
EVS: 0.6097534644789917
