Model: GRU
MSE: 8.253220411860873
MAE: 2.401619006847513
EVS: 0.21833893131120208
