Model: GRU
MSE: 3.708386853151496
MAE: 1.5343421163230107
EVS: 0.5973515218802707
