Model: GRU
MSE: 6.330826956220931
MAE: 2.0662789838067415
EVS: 0.1248538044673051
