Model: GRU
MSE: 2.6056969313181306
MAE: 1.2892998169208396
EVS: 0.6241228638789604
