Model: GRU
MSE: 6.896622720696197
MAE: 2.3056138794997643
EVS: 0.61331137080969
