Model: GRU
MSE: 7.435249187115691
MAE: 2.3996523248738257
EVS: 0.6223818091554723
