Model: GRU
MSE: 4.6941803944518075
MAE: 1.783965908247849
EVS: 0.5819875043121603
