Model: GRU
MSE: 202.20096010786014
MAE: 13.958941424715109
EVS: -0.07504557630277953
