Model: GRU
MSE: 5.140204195236869
MAE: 1.8992062108270054
EVS: 0.5640913433011852
