Model: GRU
MSE: 3.551269004602126
MAE: 1.5187513334997769
EVS: 0.6394293272681432
