Model: GRU
MSE: 4.476911160851026
MAE: 1.76770831798685
EVS: 0.6273738099500628
