Model: GRU
MSE: 2.7394549493933207
MAE: 1.3423923870612835
EVS: 0.5999055510252809
