Model: GRU
MSE: 3.1967612145372972
MAE: 1.471898259787724
EVS: 0.5324274449181221
