Model: GRU
MSE: 2.7930110258830765
MAE: 1.3579050425825447
EVS: 0.5914535028657997
