Model: GRU
MSE: 5.626157440915292
MAE: 1.9962425560786807
EVS: 0.6010167538871286
