Model: GRU
MSE: 5.329708997844909
MAE: 1.9602961786862076
EVS: 0.6265086985888579
