Model: GRU
MSE: 451.18715461405446
MAE: 21.05597137582713
EVS: -0.14589344458738496
