Model: GRU
MSE: 4.1313231606821414
MAE: 1.6685208616585567
EVS: 0.5800954349532674
