Model: GRU
MSE: 6.671102054891011
MAE: 2.136665442894245
EVS: 0.08905739625011744
