Model: GRU
MSE: 4.102095518792002
MAE: 1.6619364475381786
EVS: 0.606080847378995
