Model: GRU
MSE: 7.106407769846328
MAE: 2.335909909215467
EVS: 0.645582051402692
