Model: GRU
MSE: 3.785518962991036
MAE: 1.564429628437963
EVS: 0.5393655961304762
