Model: GRU
MSE: 3.545077575906534
MAE: 1.51907675841759
EVS: 0.5419596835665756
