Model: GRU
MSE: 2.8026910895455015
MAE: 1.3524189488641147
EVS: 0.6104464269545269
