Model: GRU
MSE: 6.996439462114522
MAE: 2.2856677236228156
EVS: 0.601218343612347
