Model: GRU
MSE: 3.447142005592123
MAE: 1.5156947497663826
EVS: 0.5461659096654361
