Model: GRU
MSE: 2.7184356547601127
MAE: 1.3105949286756844
EVS: 0.6086121229299394
