Model: GRU
MSE: 2.688605656464139
MAE: 1.3194769826428643
EVS: 0.6233158214350949
