Model: GRU
MSE: 2.8498417050520817
MAE: 1.345177855984918
EVS: 0.6256254599620714
