Model: GRU
MSE: 4.833193382941035
MAE: 1.79077174745757
EVS: 0.5427143706089809
