Model: GRU
MSE: 9.879399724086303
MAE: 2.5815316890848092
EVS: -2.220446049250313e-16
