Model: GRU
MSE: 1660.4321493907207
MAE: 40.66498312456854
EVS: 0.006526236378260664
