Model: GRU
MSE: 3.8655522610638164
MAE: 1.6042865062582081
EVS: 0.5802897539813889
