Model: GRU
MSE: 3.617641975724837
MAE: 1.612184425880169
EVS: 0.5183172080484368
