Model: GRU
MSE: 248.19000218621096
MAE: 15.588270532673803
EVS: 0.23992207817891154
