Model: GRU
MSE: 3.8914115904179765
MAE: 1.5885534944205448
EVS: 0.5885636519653261
