Model: GRU
MSE: 3.066817909552277
MAE: 1.4212156821941506
EVS: 0.5757712872042615
