Model: GRU
MSE: 2.705980683773105
MAE: 1.3380880109195052
EVS: 0.6513292073004695
