Model: GRU
MSE: 9.833841882235243
MAE: 2.5738486585945917
EVS: -2.220446049250313e-16
