Model: GRU
MSE: 4.373767756707993
MAE: 1.752585690597008
EVS: 0.585869858348095
