Model: GRU
MSE: 5.487899689493572
MAE: 1.9860955600080819
EVS: 0.6088489478665482
