Model: GRU
MSE: 2.5301595888643393
MAE: 1.2828252397734543
EVS: 0.6370680184361229
