Model: GRU
MSE: 2.8349439268881174
MAE: 1.3553230680268387
EVS: 0.6233947812583998
