Model: GRU
MSE: 2.8224144746678763
MAE: 1.3191928534672177
EVS: 0.5932151479554437
