Model: GRU
MSE: 3.3195457653722777
MAE: 1.4662348073104332
EVS: 0.607710391970694
