Model: GRU
MSE: 3.2369491817495883
MAE: 1.4647770092405121
EVS: 0.6070919047217798
