Model: GRU
MSE: 3.218837129156374
MAE: 1.4451567551185345
EVS: 0.6161876667164841
