Model: GRU
MSE: 5.886357394870743
MAE: 2.0470402240753174
EVS: 0.5985972384175078
