Model: GRU
MSE: 3.5197506805695826
MAE: 1.4891933161636879
EVS: 0.5886042058687116
