Model: GRU
MSE: 2.7797258706286065
MAE: 1.3306720585658633
EVS: 0.5993366911901319
