Model: GRU
MSE: 6.448656601761294
MAE: 2.209147601292051
EVS: 0.6071273933823838
