Model: GRU
MSE: 5.770361690988469
MAE: 2.052427809813927
EVS: 0.5750074568803094
