Model: GRU
MSE: 3.011660820936664
MAE: 1.4010018315808526
EVS: 0.5617614206507786
