Model: GRU
MSE: 3.530819350611574
MAE: 1.539102554321289
EVS: 0.583993780087606
