Model: GRU
MSE: 5.905204576848252
MAE: 2.073194849080053
EVS: 0.6275869978691164
