Model: GRU
MSE: 6.923567285490541
MAE: 2.281780300469234
EVS: 0.590890864409422
