Model: GRU
MSE: 7.98029248725376
MAE: 2.3402627089927934
EVS: -2.220446049250313e-16
