Model: GRU
MSE: 3.0875667318698796
MAE: 1.4475596526573444
EVS: 0.5895392202289722
