Model: GRU
MSE: 3.019426626598833
MAE: 1.3999053856422161
EVS: 0.6075393027291245
