Model: GRU
MSE: 3.7849108588561533
MAE: 1.5512265090284676
EVS: 0.5603496752999806
