Model: GRU
MSE: 2.6148654832380576
MAE: 1.275801921712941
EVS: 0.6239103036333729
