Model: GRU
MSE: 2.809682759404217
MAE: 1.37740159034729
EVS: 0.5890550155586247
