Model: GRU
MSE: 3.8358680712460487
MAE: 1.578570949620214
EVS: 0.6086680002193787
