Model: GRU
MSE: 2.8236041509453766
MAE: 1.34164153296372
EVS: 0.5883965824935073
