Model: GRU
MSE: 229.93286548409736
MAE: 14.919299388753958
EVS: -0.07481983071913434
