Model: GRU
MSE: 216.69633888354628
MAE: 14.47860051845682
EVS: -0.03372722746922108
