Model: GRU
MSE: 3.5114880934289148
MAE: 1.5670326495992726
EVS: 0.5363770604253183
