Model: GRU
MSE: 3.2729211833807823
MAE: 1.4682569585997483
EVS: 0.6255286255297002
