Model: GRU
MSE: 2.8770722109601286
MAE: 1.363631717089949
EVS: 0.5926384877377365
