Model: GRU
MSE: 3.8138990373069865
MAE: 1.587838468880489
EVS: 0.5930367333139854
