Model: GRU
MSE: 4.576368221904243
MAE: 1.7870930474379967
EVS: 0.6002359672972991
