Model: GRU
MSE: 4.450655637733642
MAE: 1.7102975352057095
EVS: 0.589973514011277
