Model: GRU
MSE: 4.3964787538955274
MAE: 1.7160384326145566
EVS: 0.5900691946380602
