Model: GRU
MSE: 5.873109921056789
MAE: 2.044009307335163
EVS: 0.5621459644997769
