Model: GRU
MSE: 2.8465601841202295
MAE: 1.3727198551441062
EVS: 0.6184611633890852
