Model: GRU
MSE: 2.6740760846656713
MAE: 1.2793696255519473
EVS: 0.6357749690692527
