Model: GRU
MSE: 12.676308314505276
MAE: 2.9755398322796
EVS: -2.220446049250313e-16
