Model: GRU
MSE: 4.623006968262338
MAE: 1.8046718630297431
EVS: 0.6509084497019639
