Model: GRU
MSE: 2.9140349953633735
MAE: 1.3724473509295234
EVS: 0.6050111386046747
