Model: GRU
MSE: 2.7795975485347997
MAE: 1.3476792943888698
EVS: 0.6111466930335983
