Model: GRU
MSE: 3.236883070882394
MAE: 1.4479637392636002
EVS: 0.58546544327543
