Model: GRU
MSE: 3.4620197936075217
MAE: 1.5033948503691574
EVS: 0.5957701045716153
