Model: GRU
MSE: 6.747087373168511
MAE: 2.2149829700075347
EVS: 0.5649948181894391
