Model: GRU
MSE: 7.563754107131656
MAE: 2.3653584184317755
EVS: 0.5965813035814664
