Model: GRU
MSE: 4.10811100456829
MAE: 1.6775263424577385
EVS: 0.5991905320025135
