Model: GRU
MSE: 4.130819510514972
MAE: 1.6637306460018815
EVS: 0.6027636268513397
