Model: GRU
MSE: 3.081048016868651
MAE: 1.4050496200035358
EVS: 0.6042536513882748
