Model: GRU
MSE: 3.5066096441589667
MAE: 1.4769447671956029
EVS: 0.6069643431796117
