Model: GRU
MSE: 3.235410413409164
MAE: 1.4413571193300445
EVS: 0.5883035103327501
