Model: GRU
MSE: 3.0332191658047254
MAE: 1.4006530909702695
EVS: 0.6172082509078869
