Model: GRU
MSE: 3.084453091883429
MAE: 1.4046746122426
EVS: 0.5753802173929058
