Model: GRU
MSE: 3.3339975210695636
MAE: 1.4883186077249462
EVS: 0.6203009172263052
