Model: GRU
MSE: 3.1748009096265126
MAE: 1.4466485977172852
EVS: 0.5416188007155726
