Model: GRU
MSE: 5.213112316055497
MAE: 1.9087001701881146
EVS: 0.6172968489937805
