Model: GRU
MSE: 2.7231506882231096
MAE: 1.3335381869612069
EVS: 0.614249689045429
