Model: GRU
MSE: 2.7160804500574183
MAE: 1.3193017121019035
EVS: 0.6301126305408105
