Model: GRU
MSE: 5.417316015981739
MAE: 1.94872732820182
EVS: 0.5697887028731794
