Model: GRU
MSE: 2.4834792137125046
MAE: 1.2456273374886349
EVS: 0.6367161938372401
