Model: GRU
MSE: 5.422080630056465
MAE: 1.9353519965862405
EVS: 0.21381185716516649
