Model: GRU
MSE: 6.769436335310537
MAE: 2.234627764800499
EVS: 0.6319981911020831
