Model: GRU
MSE: 5.476023622894351
MAE: 1.9819748812708362
EVS: 0.592183273817701
