Model: GRU
MSE: 4.156569338709096
MAE: 1.70848273408824
EVS: 0.6184214960158956
