Model: GRU
MSE: 5.660090128509814
MAE: 1.9989051572207748
EVS: 0.5977870298898296
