Model: GRU
MSE: 4.510545271351083
MAE: 1.751053004429258
EVS: 0.5770302674596134
