Model: GRU
MSE: 2.870431161592376
MAE: 1.3751403874364392
EVS: 0.6386319548839126
