Model: GRU
MSE: 3.0784597514782686
MAE: 1.4025317636029473
EVS: 0.6161234094480088
