Model: GRU
MSE: 7.515609763196028
MAE: 2.2428016662597656
EVS: 0.13641304267182486
