Model: GRU
MSE: 243.34974825479944
MAE: 15.345691952212103
EVS: -0.14973532220504593
