Model: GRU
MSE: 3.484540119620027
MAE: 1.517979202599361
EVS: 0.6381561392564095
