Model: GRU
MSE: 241.9412795490972
MAE: 15.323626185285635
EVS: -0.04269372579096542
