Model: GRU
MSE: 6.6876001781088075
MAE: 2.238811164066709
EVS: 0.6183357415085715
