Model: GRU
MSE: 2.7519878324833056
MAE: 1.350324088129504
EVS: 0.597631867316273
