Model: GRU
MSE: 2.7990429478197516
MAE: 1.358173395025319
EVS: 0.6311180851859701
