Model: GRU
MSE: 6.156829415920975
MAE: 2.0405090759540427
EVS: 0.1688346221453969
