Model: GRU
MSE: 7.6698466886215915
MAE: 2.301822103303054
EVS: 0.06051012107556608
