Model: GRU
MSE: 2.973565960649231
MAE: 1.4022444527724693
EVS: 0.642856894752788
