Model: GRU
MSE: 4.49123065338315
MAE: 1.747915399485621
EVS: 0.5898547521152646
