Model: GRU
MSE: 6.3424883764937166
MAE: 2.0690138257783035
EVS: 0.10893141766565617
