Model: GRU
MSE: 219.26256262286063
MAE: 14.560270852056043
EVS: -0.062195922585664754
