Model: GRU
MSE: 3.852094779860981
MAE: 1.5788157397303089
EVS: 0.609465375988468
