Model: GRU
MSE: 2.967860737614156
MAE: 1.4105317345980941
EVS: 0.5695896076600626
