Model: GRU
MSE: 3.949927394480467
MAE: 1.6011229712387611
EVS: 0.6184307351853386
