Model: GRU
MSE: 2.5297987691059745
MAE: 1.2860959973828545
EVS: 0.6414485019217475
