Model: GRU
MSE: 3.7753203549209187
MAE: 1.6361645007955616
EVS: 0.6059961410724535
