Model: GRU
MSE: 4.373010213042182
MAE: 1.7274735796040501
EVS: 0.6089997920451975
