Model: GRU
MSE: 1861.410840093382
MAE: 43.05431451468632
EVS: -0.13179403781529841
