Model: GRU
MSE: 2.580698541105778
MAE: 1.2517823350840602
EVS: 0.6262322133826475
