Model: GRU
MSE: 2.6988877668224265
MAE: 1.306383963288932
EVS: 0.6076363016169093
