Model: GRU
MSE: 2.9034953998013155
MAE: 1.3696790728075752
EVS: 0.6025016541790762
