Model: GRU
MSE: 2.640488091635669
MAE: 1.3001637705441178
EVS: 0.6277456433192836
