Model: GRU
MSE: 278.6034943476189
MAE: 16.471144372019275
EVS: -0.06860649388514473
