Model: GRU
MSE: 7.44122149515436
MAE: 2.288129346124057
EVS: 0.5306326097253968
