Model: GRU
MSE: 3.0366761857229596
MAE: 1.3746484805797707
EVS: 0.6153379893536916
