Model: GRU
MSE: 3139.67826657096
MAE: 55.97114918149751
EVS: -0.010652019416013347
