Model: GRU
MSE: 3.2996652511182187
MAE: 1.507895436780206
EVS: 0.5216566288503631
