Model: GRU
MSE: 3.1940175012787537
MAE: 1.4448141229563747
EVS: 0.6373918319655942
