Model: GRU
MSE: 3.6744105853662883
MAE: 1.5495894119657319
EVS: 0.566149770107936
