Model: GRU
MSE: 8.178957798792817
MAE: 2.4535227561819144
EVS: 0.5621847608754728
