Model: GRU
MSE: 2.6184988205579534
MAE: 1.2851150364711368
EVS: 0.6291648509230777
