Model: GRU
MSE: 4.2785824974659965
MAE: 1.6659785796856057
EVS: 0.5357896523348598
