Model: GRU
MSE: 3.7856190616973224
MAE: 1.5891105799839413
EVS: 0.6161870899179601
