Model: GRU
MSE: 283.71330949396656
MAE: 16.586784079157074
EVS: -0.2568778507447087
