Model: GRU
MSE: 3.101734054317807
MAE: 1.4142726536454826
EVS: 0.5827091913089051
