Model: GRU
MSE: 4.84393617964962
MAE: 1.8832882519426017
EVS: 0.6469668501476735
