Model: GRU
MSE: 3.857454556323883
MAE: 1.6202949326613854
EVS: 0.6030599163553481
