Model: GRU
MSE: 5.257162868209403
MAE: 1.9125008911922061
EVS: 0.5835694344312709
