Model: GRU
MSE: 3.902786229378429
MAE: 1.621525082094916
EVS: 0.5905475624975876
