Model: GRU
MSE: 247.86093549056454
MAE: 15.509443003555823
EVS: -0.07053978250565685
