Model: GRU
MSE: 3.090220033755929
MAE: 1.4494344530434444
EVS: 0.6186687270687661
