Model: GRU
MSE: 3.0544083463143643
MAE: 1.414154759768782
EVS: 0.5548883625623448
