Model: GRU
MSE: 8.156151723491313
MAE: 2.497076289407138
EVS: 0.6243621319855412
