Model: GRU
MSE: 3.6211010475964374
MAE: 1.5499304080831593
EVS: 0.6292243679482369
