Model: GRU
MSE: 226.48873429621818
MAE: 14.790731064204511
EVS: -0.12977047665010932
