Model: GRU
MSE: 4.24833153222595
MAE: 1.7117329630358467
EVS: 0.6431772580532247
