Model: GRU
MSE: 2114.072505152214
MAE: 45.904646774818154
EVS: -2.220446049250313e-16
