Model: GRU
MSE: 3.7443719954708365
MAE: 1.5475797982051456
EVS: 0.6041907872048384
