Model: GRU
MSE: 2.8762065672363266
MAE: 1.3809072889130691
EVS: 0.5862294132866123
