Model: GRU
MSE: 3.0583611145608844
MAE: 1.3911031114644017
EVS: 0.6140254416598028
