Model: GRU
MSE: 2.3721825096804268
MAE: 1.2511113265465046
EVS: 0.656113583600725
