Model: GRU
MSE: 2.8805032742681353
MAE: 1.3833178487317315
EVS: 0.580640647052784
