Model: GRU
MSE: 2.5421153983477285
MAE: 1.2727246859977985
EVS: 0.6359260055350935
