Model: GRU
MSE: 3.24614876058538
MAE: 1.4786604519548088
EVS: 0.6122474760777326
