Model: GRU
MSE: 3.451437375984985
MAE: 1.50525426042491
EVS: 0.6048545880665863
