Model: GRU
MSE: 2.9861369950398635
MAE: 1.3704476192079742
EVS: 0.5800511763743654
