Model: GRU
MSE: 2.9766563683921747
MAE: 1.3892904067861622
EVS: 0.6184892007687737
