Model: GRU
MSE: 10.035959680155397
MAE: 2.6067256927490234
EVS: -0.061677401069744064
