Model: GRU
MSE: 4.994267641049591
MAE: 1.8678904730698158
EVS: 0.5822079563772518
