Model: GRU
MSE: 2.896260643113539
MAE: 1.3956092226094212
EVS: 0.577634577886418
