Model: GRU
MSE: 3.368251615120777
MAE: 1.4896750121281064
EVS: 0.619113589317793
