Model: GRU
MSE: 215.51559627384745
MAE: 14.444400873677484
EVS: -0.005700783811194432
