Model: GRU
MSE: 3.7962966934853033
MAE: 1.56035198014358
EVS: 0.5610245835461845
