Model: GRU
MSE: 2.859500467315107
MAE: 1.353440572475565
EVS: 0.6126232933869415
