Model: GRU
MSE: 2.8593572753190903
MAE: 1.3131072932276233
EVS: 0.6275256625801877
