Model: GRU
MSE: 3.1556008790997048
MAE: 1.4408871387613231
EVS: 0.5725499684950932
