Model: GRU
MSE: 3.7012674253877864
MAE: 1.5880936343094398
EVS: 0.5694003086320789
