Model: GRU
MSE: 2.9844028914708676
MAE: 1.3881353016557365
EVS: 0.6130321407344141
