Model: GRU
MSE: 4.482761710272762
MAE: 1.7716624161292767
EVS: 0.6489426283489107
