Model: GRU
MSE: 3.8988405097419485
MAE: 1.574674836520491
EVS: 0.5852427899893344
