Model: GRU
MSE: 6.427704033979874
MAE: 2.2005520771289695
EVS: 0.6217858228413917
