Model: GRU
MSE: 2.7808763606132847
MAE: 1.3070301927369217
EVS: 0.5934699983501137
