Model: GRU
MSE: 3.1955040429155783
MAE: 1.4579116887059704
EVS: 0.6199724540740206
