Model: GRU
MSE: 3.776964702848545
MAE: 1.5652573848592823
EVS: 0.559551415875609
