Model: GRU
MSE: 2.7097068023065667
MAE: 1.313343935999377
EVS: 0.6258777659700416
