Model: GRU
MSE: 2.8707434529083984
MAE: 1.3534274841177052
EVS: 0.5829927438341922
