Model: GRU
MSE: 5.783657734522119
MAE: 2.0312981852169694
EVS: 0.6159205129408105
