Model: GRU
MSE: 3.056016096266082
MAE: 1.4408261447117245
EVS: 0.6355019822386008
