Model: GRU
MSE: 397.71048308427874
MAE: 19.70328902376109
EVS: -0.3883865121375125
