Model: GRU
MSE: 3.27831249059387
MAE: 1.4788791228984963
EVS: 0.5488144193422096
