Model: GRU
MSE: 1781.5079097044234
MAE: 42.11921376195447
EVS: -0.09418382959021865
