Model: GRU
MSE: 3.01577369547563
MAE: 1.3941593581232532
EVS: 0.5870762188873502
