Model: GRU
MSE: 2.6441383621914016
MAE: 1.2626885710091427
EVS: 0.6144959862810475
