Model: GRU
MSE: 2.545354989689999
MAE: 1.274613437981441
EVS: 0.6320954655819455
