Model: GRU
MSE: 2.934580123376612
MAE: 1.3662440694611648
EVS: 0.6403208525473687
