Model: GRU
MSE: 2610.929259213316
MAE: 51.02741622924805
EVS: -0.043321600923200476
