Model: GRU
MSE: 4.291879762482526
MAE: 1.7567874645364696
EVS: 0.6227501779127057
