Model: GRU
MSE: 3.032868559637289
MAE: 1.4079675674438477
EVS: 0.5708158301612032
