Model: GRU
MSE: 4.293221653724514
MAE: 1.6949044424912025
EVS: 0.5677323359222235
