Model: GRU
MSE: 5.912864925168664
MAE: 2.0539874948304275
EVS: 0.6118376015565395
