Model: GRU
MSE: 4.066287258431521
MAE: 1.6473050035279373
EVS: 0.5398096132917912
