Model: GRU
MSE: 2.742649365333897
MAE: 1.3061069455640069
EVS: 0.6358486951099549
