Model: GRU
MSE: 12.65320547782643
MAE: 2.972735076115049
EVS: -2.220446049250313e-16
