Model: GRU
MSE: 2.877288260649007
MAE: 1.337326773281755
EVS: 0.6118934377269968
