Model: GRU
MSE: 3.0383989875241584
MAE: 1.458723545074463
EVS: 0.5572169336504862
