Model: GRU
MSE: 3.0306304369777584
MAE: 1.4248651800484493
EVS: 0.6296993403170038
