Model: GRU
MSE: 3.330168294649035
MAE: 1.5174460904351597
EVS: 0.5909459707798057
