Model: GRU
MSE: 2.649925952056696
MAE: 1.3273533788220635
EVS: 0.6255830133381173
