Model: GRU
MSE: 253.38435231356956
MAE: 15.68114188621784
EVS: -0.0951200149716449
