Model: GRU
MSE: 5.546278695869624
MAE: 2.007448401944391
EVS: 0.5785339382737271
