Model: GRU
MSE: 4.31764297651563
MAE: 1.6920973761328335
EVS: 0.5390283596568805
