Model: GRU
MSE: 4107.46370267279
MAE: 64.0343297761062
EVS: -0.03399740178090638
