Model: GRU
MSE: 235.1463988141359
MAE: 15.091446942296521
EVS: -0.08173284913363754
