Model: GRU
MSE: 3.3398167324507564
MAE: 1.470798319783704
EVS: 0.6229824641351642
