Model: GRU
MSE: 2.8621131495835415
MAE: 1.3867680368752315
EVS: 0.5882246915877947
