Model: GRU
MSE: 3.06212373749111
MAE: 1.420967463789315
EVS: 0.5521632796132883
