Model: GRU
MSE: 9.570403455140701
MAE: 2.7438510450823554
EVS: 0.636522062031981
