Model: GRU
MSE: 862.7425171436503
MAE: 29.26352935001768
EVS: 0.06546934222651357
