Model: GRU
MSE: 244.0670669194091
MAE: 15.382325715032117
EVS: -0.08999722317194547
