Model: GRU
MSE: 4.376283154715099
MAE: 1.7290294334806244
EVS: 0.5512222010979575
