Model: GRU
MSE: 219.1147367814064
MAE: 14.548156540969323
EVS: -0.09215575445495139
