Model: GRU
MSE: 2.6686423236879064
MAE: 1.3396699675198258
EVS: 0.619901166860467
