Model: GRU
MSE: 3.1178059093951074
MAE: 1.4253352778298514
EVS: 0.5725690875373189
