Model: GRU
MSE: 3.2065741448437652
MAE: 1.4607187632856697
EVS: 0.5852282097247519
