Model: GRU
MSE: 3.2930444312171483
MAE: 1.4829651569497997
EVS: 0.6218398495745643
