Model: GRU
MSE: 7.496694864491818
MAE: 2.2101483509458344
EVS: 0.1347659931975057
