Model: GRU
MSE: 3.613055523876189
MAE: 1.5595713237236286
EVS: 0.6371214874333342
