Model: GRU
MSE: 2.917857508194327
MAE: 1.4061023202435723
EVS: 0.6030977050957456
