Model: GRU
MSE: 2.964390116054284
MAE: 1.380999203385978
EVS: 0.5918914337073168
