Model: GRU
MSE: 2.5421801452640067
MAE: 1.2755468220546329
EVS: 0.6501024049586834
