Model: GRU
MSE: 6.91181269219658
MAE: 2.14244373913469
EVS: 0.36627996787986516
