Model: GRU
MSE: 3.3981383861223864
MAE: 1.5000275085712302
EVS: 0.5947026385120255
