Model: GRU
MSE: 197.18235791187456
MAE: 13.786094903945923
EVS: -0.04242823494151682
