Model: GRU
MSE: 3.1612551990350735
MAE: 1.4049313150603195
EVS: 0.5435960014365895
