Model: GRU
MSE: 9.800744341583533
MAE: 2.5941457419559875
EVS: 0.0928041029624419
