Model: GRU
MSE: 7.831775552747409
MAE: 2.290428950868804
EVS: 0.06459545359844332
