Model: GRU
MSE: 6.297739170753528
MAE: 2.1693534522221007
EVS: 0.6350747459921614
