Model: GRU
MSE: 5718.428034397514
MAE: 75.57650533215752
EVS: 0.03160273718652462
