Model: GRU
MSE: 2.8596344927097195
MAE: 1.3475759358241641
EVS: 0.5891552622874291
