Model: GRU
MSE: 4.852591694783192
MAE: 1.8865752631220325
EVS: 0.6121654211076359
