Model: GRU
MSE: 3.417072326699746
MAE: 1.4870040252290924
EVS: 0.616792396663134
