Model: GRU
MSE: 3.9217352940666483
MAE: 1.5991961873810867
EVS: 0.5736898767008144
