Model: GRU
MSE: 3.0833955168209797
MAE: 1.3871540612187878
EVS: 0.565316587644081
