Model: GRU
MSE: 2.869803297653973
MAE: 1.3413038335997483
EVS: 0.6067311009905934
