Model: GRU
MSE: 3.675375903518592
MAE: 1.5605985707250134
EVS: 0.6389421478516344
