Model: GRU
MSE: 2.886698351747923
MAE: 1.3802961809881802
EVS: 0.6066010288822408
