Model: GRU
MSE: 188.713119972112
MAE: 13.485887634343115
EVS: -0.0011768813553854063
