Model: GRU
MSE: 2.8958371324476135
MAE: 1.37624899272261
EVS: 0.581274996942567
