Model: GRU
MSE: 3.340660536326266
MAE: 1.4771587108743602
EVS: 0.5602661931314753
