Model: GRU
MSE: 281.1806506399448
MAE: 16.52665012458275
EVS: -0.17767593980545104
