Model: GRU
MSE: 3.5430097665335185
MAE: 1.543677149147823
EVS: 0.5847773505825582
