Model: GRU
MSE: 4.547663291368347
MAE: 1.789356075484177
EVS: 0.6417717701075949
