Model: GRU
MSE: 5.852709982921452
MAE: 2.0539198743885962
EVS: 0.5901392136666876
