Model: GRU
MSE: 4.2308068979711235
MAE: 1.694726064287383
EVS: 0.5903778365160209
