Model: GRU
MSE: 2.4103697766126384
MAE: 1.2513799585145096
EVS: 0.6497152771250616
