Model: GRU
MSE: 9.05665375975589
MAE: 2.452957811026738
EVS: -0.014118115890802807
