Model: GRU
MSE: 3.672131727692055
MAE: 1.5399317905820649
EVS: 0.5357871993823033
