Model: GRU
MSE: 4.2697120388487875
MAE: 1.6777084449241901
EVS: 0.5677854205515706
