Model: GRU
MSE: 4.046224246135325
MAE: 1.6274340481593692
EVS: 0.6136327829040142
