Model: GRU
MSE: 5.054711782753849
MAE: 1.8713017578782707
EVS: 0.5889015189491814
