Model: GRU
MSE: 6.007009662069808
MAE: 2.122278936978044
EVS: 0.6381237528177912
