Model: GRU
MSE: 2.795971769019306
MAE: 1.3435812571953083
EVS: 0.607676724868605
