Model: GRU
MSE: 5.388656313528736
MAE: 1.9368093671469853
EVS: 0.6022074050158327
