Model: GRU
MSE: 3.0617540208178613
MAE: 1.405987287389821
EVS: 0.6034895737452273
