Model: GRU
MSE: 5.404959985674231
MAE: 1.9267937725987927
EVS: 0.5820905476043847
