Model: GRU
MSE: 3.4877583789801787
MAE: 1.4731096892521298
EVS: 0.6339157043699966
