Model: GRU
MSE: 6.468783034207922
MAE: 2.030565886661924
EVS: 0.12434494483433423
