Model: GRU
MSE: 2.6912539394328796
MAE: 1.3142373726285737
EVS: 0.6087663398939507
