Model: GRU
MSE: 3.1562639015058047
MAE: 1.4527784544846107
EVS: 0.602009813737342
