Model: GRU
MSE: 3.9106169545978973
MAE: 1.6196152341776882
EVS: 0.6283527923422094
