Model: GRU
MSE: 250.1029460044062
MAE: 15.577980452570422
EVS: -0.08682990623854647
