Model: GRU
MSE: 4.107362815700377
MAE: 1.641264060447956
EVS: 0.6144627064419834
