Model: GRU
MSE: 3.7063474889787513
MAE: 1.598614133637527
EVS: 0.5820174529069841
