Model: GRU
MSE: 9.883207556532586
MAE: 2.582171242812584
EVS: -2.220446049250313e-16
