Model: GRU
MSE: 3.9044662252446187
MAE: 1.6333045219552929
EVS: 0.5598142101977546
