Model: GRU
MSE: 4.866034954410134
MAE: 1.859395298464545
EVS: 0.6341757932457859
