Model: GRU
MSE: 3.659691576785682
MAE: 1.5807850771936878
EVS: 0.5286258198721001
