Model: GRU
MSE: 1177.8656574759025
MAE: 34.1989184412463
EVS: -0.21412297300915095
