Model: GRU
MSE: 7.977547753823681
MAE: 2.3399528634959252
EVS: -2.220446049250313e-16
