Model: GRU
MSE: 3.339864189251894
MAE: 1.5128488376222808
EVS: 0.5747411988272777
