Model: GRU
MSE: 2.5067754202928287
MAE: 1.2413219912298794
EVS: 0.6368736944780615
