Model: GRU
MSE: 3.7995637221698133
MAE: 1.5992466334638924
EVS: 0.6095920869102721
