Model: GRU
MSE: 2.8446380784108043
MAE: 1.3673079835957493
EVS: 0.5848097370329342
