Model: GRU
MSE: 3.2539853467360484
MAE: 1.4772087705546413
EVS: 0.584057386959241
