Model: GRU
MSE: 2.8331119211081957
MAE: 1.3423205161916798
EVS: 0.5900431374185597
