Model: GRU
MSE: 2.8365288914821836
MAE: 1.3324115934043095
EVS: 0.6449387847529586
