Model: GRU
MSE: 230.56856797014728
MAE: 14.9174192095625
EVS: -0.1760208267538128
