Model: GRU
MSE: 3.1878209742744104
MAE: 1.4445280206614528
EVS: 0.5442857028657133
