Model: GRU
MSE: 5.832833804146425
MAE: 2.0578406761432517
EVS: 0.6269005468731723
