Model: GRU
MSE: 2.812273056294865
MAE: 1.3311984292392074
EVS: 0.5920054130045971
