Model: GRU
MSE: 3.2763043465580455
MAE: 1.4612991398778454
EVS: 0.6095047331999364
