Model: GRU
MSE: 2.7283167450118526
MAE: 1.3211841747678559
EVS: 0.6016621025068855
