Model: GRU
MSE: 3.710146659894898
MAE: 1.564512113045002
EVS: 0.6120857461333604
