Model: GRU
MSE: 4.463103955214384
MAE: 1.7631069627301446
EVS: 0.6187956012370572
