Model: GRU
MSE: 2.8054811926510395
MAE: 1.3037064157683274
EVS: 0.5896609727392996
