Model: GRU
MSE: 2.8737318869033173
MAE: 1.3928707714738517
EVS: 0.5798021349901903
