Model: GRU
MSE: 4.400115533102308
MAE: 1.771246342823423
EVS: 0.6496954961695953
