Model: GRU
MSE: 5.438034193179796
MAE: 1.98770154755691
EVS: 0.6133108071528413
