Model: GRU
MSE: 12.658768627592508
MAE: 2.973410968122811
EVS: -2.220446049250313e-16
