Model: GRU
MSE: 7.138002632476671
MAE: 2.3479956182940254
EVS: 0.6194307482423069
