Model: GRU
MSE: 3.159342008711084
MAE: 1.4161386078801648
EVS: 0.6314502768368504
