Model: GRU
MSE: 4.951995831712663
MAE: 1.8882131440298897
EVS: 0.5689107529592906
