Model: GRU
MSE: 2.795672146336156
MAE: 1.3566838872843776
EVS: 0.6121811646455895
