Model: GRU
MSE: 2.8138435270526543
MAE: 1.3602433122437576
EVS: 0.6195543823307782
