Model: GRU
MSE: 3.67739460106492
MAE: 1.5538522375041042
EVS: 0.5720944015463065
