Model: GRU
MSE: 3.3266086701714537
MAE: 1.4793517753995697
EVS: 0.5775894311474775
