Model: GRU
MSE: 3.4514635635269486
MAE: 1.5180892286629513
EVS: 0.5627748741542935
