Model: GRU
MSE: 2.993817342158364
MAE: 1.40866180946087
EVS: 0.5950620962175563
