Model: GRU
MSE: 4.826737431811019
MAE: 1.815047995797519
EVS: 0.5512659975344276
