Model: GRU
MSE: 253.9156646392555
MAE: 15.685922951533877
EVS: -0.15090547155128986
