Model: GRU
MSE: 3.224288217999013
MAE: 1.459093266520007
EVS: 0.6246728172846923
