Model: GRU
MSE: 2.7916004823998013
MAE: 1.335486099637788
EVS: 0.6002848019439945
