Model: GRU
MSE: 6.978539360978802
MAE: 2.197270492027546
EVS: -2.220446049250313e-16
