Model: GRU
MSE: 3.1362983290772686
MAE: 1.4464999231798896
EVS: 0.5995801112578811
