Model: GRU
MSE: 5.294993982269324
MAE: 1.9384802456559806
EVS: 0.5940083794213392
