Model: GRU
MSE: 5.490043731259189
MAE: 1.9439845413997257
EVS: 0.5878332421956021
