Model: GRU
MSE: 4.346361383866396
MAE: 1.6869872849563072
EVS: 0.562363858978005
