Model: GRU
MSE: 235.6837107963105
MAE: 15.114721947702868
EVS: -0.05748782967287025
