Model: GRU
MSE: 12.816400483966877
MAE: 2.9865805362832956
EVS: -0.012955197464188384
