Model: GRU
MSE: 7.021494795667297
MAE: 2.170442350979509
EVS: 0.10287941588725769
