Model: GRU
MSE: 8.365096005308134
MAE: 2.383161183061271
EVS: 0.11525638249114556
