Model: GRU
MSE: 2.7547134590714952
MAE: 1.3636008131092991
EVS: 0.597033738020633
