Model: GRU
MSE: 4.754640278209877
MAE: 1.8238187411735798
EVS: 0.6263254611141708
