Model: GRU
MSE: 3.1119812984713406
MAE: 1.422892480060972
EVS: 0.6172442859074294
