Model: GRU
MSE: 3.4302699636768605
MAE: 1.529947330211771
EVS: 0.5468188864784063
