Model: GRU
MSE: 2.932346555873057
MAE: 1.373685697029377
EVS: 0.6012946852166228
