Model: GRU
MSE: 6.783282676652906
MAE: 2.1650395557798188
EVS: 0.028801670506802934
