Model: GRU
MSE: 3.8893327078749906
MAE: 1.6088646855847588
EVS: 0.5799685566698511
