Model: GRU
MSE: 2.744857656833417
MAE: 1.3523513695289349
EVS: 0.6053955955153025
