Model: GRU
MSE: 5.408399596231886
MAE: 1.974753001640583
EVS: 0.6128768836788296
