Model: GRU
MSE: 5.025694330101648
MAE: 1.8868123662882839
EVS: 0.5723063626843106
