Model: GRU
MSE: 6.575245685691043
MAE: 2.158084219899671
EVS: 0.5374527830740282
