Model: GRU
MSE: 7.2481799062932755
MAE: 2.300418993522381
EVS: 0.5708104000954124
