Model: GRU
MSE: 3.0700215987833497
MAE: 1.3961612767186657
EVS: 0.5609021315817335
