Model: GRU
MSE: 12.251489594058292
MAE: 2.929705093646872
EVS: -0.001561180355252878
