Model: GRU
MSE: 2.896304887955674
MAE: 1.379778475596987
EVS: 0.6120966225128097
