Model: GRU
MSE: 6.569484061960707
MAE: 2.25108396595922
EVS: 0.6429854006952813
