Model: GRU
MSE: 5.078668306044561
MAE: 1.9025172118482918
EVS: 0.5701669687104227
