Model: GRU
MSE: 5.349573086805227
MAE: 1.9227178178984543
EVS: 0.5254479804782026
