Model: GRU
MSE: 4.8689088549008455
MAE: 1.8733253972283725
EVS: 0.6245174531483011
