Model: GRU
MSE: 3.5151280977898547
MAE: 1.5178909795037632
EVS: 0.5869703711954168
