Model: GRU
MSE: 10.934066363551931
MAE: 2.7457042562550513
EVS: 0.04292818341075222
