Model: GRU
MSE: 3.170805468201785
MAE: 1.3810210063539703
EVS: 0.5756760204056677
