Model: GRU
MSE: 3.198312969591876
MAE: 1.4458498379279827
EVS: 0.53516186453777
