Model: GRU
MSE: 2.5667155816275713
MAE: 1.284593203972126
EVS: 0.6294267632742638
