Model: GRU
MSE: 6.57748838118655
MAE: 2.186065073671012
EVS: 0.5623294101500393
