Model: GRU
MSE: 4.008722890232478
MAE: 1.6476168139227505
EVS: 0.632911099741538
