Model: GRU
MSE: 224.38475190369047
MAE: 14.710394466745443
EVS: -0.1686881435279739
