Model: GRU
MSE: 2.791397021946162
MAE: 1.3615235295788994
EVS: 0.6059830478468338
