Model: GRU
MSE: 705.7271355446636
MAE: 26.3897123336792
EVS: -0.36195751441330337
