Model: GRU
MSE: 4.618654492784054
MAE: 1.7971618586573108
EVS: 0.5668151840748028
