Model: GRU
MSE: 1362.889227356154
MAE: 36.816992397966054
EVS: -0.0822697377814825
