Model: GRU
MSE: 3.558660107102316
MAE: 1.5223768086268985
EVS: 0.6221540042897882
