Model: GRU
MSE: 3.1102931931698015
MAE: 1.4494562971180882
EVS: 0.57701836890162
