Model: GRU
MSE: 4.528022271072637
MAE: 1.7569131933409592
EVS: 0.5257528128186253
