Model: GRU
MSE: 4.337869029056696
MAE: 1.732838778660215
EVS: 0.6329784992628991
