Model: GRU
MSE: 7.181601595850837
MAE: 2.269075738972631
EVS: 0.5731600669798455
