Model: GRU
MSE: 543.0307245117257
MAE: 23.1284729694498
EVS: -0.18557193558251361
