Model: GRU
MSE: 4.734916761112595
MAE: 1.8418454959474762
EVS: 0.6568510203255975
