Model: GRU
MSE: 2.9794324641998213
MAE: 1.3941010031206855
EVS: 0.5741698671299532
