Model: GRU
MSE: 2.7483586704350564
MAE: 1.3229425282313907
EVS: 0.5982204485393998
