Model: GRU
MSE: 5.523766625914254
MAE: 1.999731655778556
EVS: 0.5868998465361296
