Model: GRU
MSE: 3.031723349103788
MAE: 1.3895421850270238
EVS: 0.6065176126364431
