Model: GRU
MSE: 3.5067624229268914
MAE: 1.4865038723781192
EVS: 0.5840574124338236
