Model: GRU
MSE: 270.69042331980944
MAE: 16.22829174584356
EVS: -0.07271317600828797
