Model: GRU
MSE: 7.789793144451637
MAE: 2.3108846730199355
EVS: 0.026644426005597577
