Model: GRU
MSE: 3.5796171676350217
MAE: 1.528099199821209
EVS: 0.624076799894776
