Model: GRU
MSE: 4.064588219191694
MAE: 1.6248354582950986
EVS: 0.597319107412295
