Model: GRU
MSE: 2.4754096514280475
MAE: 1.2537609544293633
EVS: 0.6421407508414407
