Model: GRU
MSE: 198.8176016642577
MAE: 13.855745812942242
EVS: 0.0
