Model: GRU
MSE: 3.0946972259439463
MAE: 1.4048833024912868
EVS: 0.5684052790314398
