Model: GRU
MSE: 9.871625037070427
MAE: 2.5802246291061928
EVS: -2.220446049250313e-16
