Model: GRU
MSE: 4.136374399077234
MAE: 1.6900988858321617
EVS: 0.6154663158963979
