Model: GRU
MSE: 3.1130439306278292
MAE: 1.4391417996636753
EVS: 0.598908271751659
