Model: GRU
MSE: 2.740329749055459
MAE: 1.3043234266083816
EVS: 0.5991704708229968
