Model: GRU
MSE: 2.960045758390375
MAE: 1.3993451595306396
EVS: 0.5678027881337855
