Model: GRU
MSE: 3.0969038579947576
MAE: 1.4266706746200035
EVS: 0.6253965303992649
