Model: GRU
MSE: 3.201136735418694
MAE: 1.4453846503948342
EVS: 0.6040719191388715
