Model: GRU
MSE: 2.8385986680101927
MAE: 1.3722936202739846
EVS: 0.6254893257087822
