Model: GRU
MSE: 3.0689009746139666
MAE: 1.4086120704124714
EVS: 0.5613338571883755
