Model: GRU
MSE: 256.5803070280011
MAE: 15.786945055271017
EVS: -0.07559538471527394
