Model: GRU
MSE: 7.614640557714199
MAE: 2.3374605096619705
EVS: 0.5167048412004909
