Model: GRU
MSE: 4.174119767985256
MAE: 1.6638759415725182
EVS: 0.5409123465513566
