Model: GRU
MSE: 3.0421461612954457
MAE: 1.4268133064796185
EVS: 0.5998615530705429
