Model: GRU
MSE: 3.035526177258644
MAE: 1.3992699919075802
EVS: 0.6206227287672295
