Model: GRU
MSE: 3.103840825062799
MAE: 1.4322933575202679
EVS: 0.5832074705853265
