Model: GRU
MSE: 3.4927400021899246
MAE: 1.5186695641484753
EVS: 0.574985275896829
