Model: GRU
MSE: 3.4622178129931602
MAE: 1.4841055376776333
EVS: 0.6292408886656695
