Model: GRU
MSE: 7.851856667578431
MAE: 2.302272237580398
EVS: 0.041749913087674395
