Model: GRU
MSE: 5.68340209299594
MAE: 2.0354732973822234
EVS: 0.625024534708589
