Model: GRU
MSE: 4.468345363990795
MAE: 1.7244088074256634
EVS: 0.5439280180796405
