Model: GRU
MSE: 3.514920104936699
MAE: 1.5578397635755867
EVS: 0.626802912480754
