Model: GRU
MSE: 4.825885462317952
MAE: 1.8375060229465878
EVS: 0.5270096919737774
