Model: GRU
MSE: 3.1279639458194994
MAE: 1.456347942352295
EVS: 0.5560981201319796
