Model: GRU
MSE: 553.131903723792
MAE: 23.355241528872785
EVS: -0.12122559616810835
