Model: GRU
MSE: 3.7614175202640956
MAE: 1.5669857058031806
EVS: 0.5896010975814836
