Model: GRU
MSE: 3.339035343930477
MAE: 1.5067237327838767
EVS: 0.6386605308023643
