Model: GRU
MSE: 2.933895555671793
MAE: 1.3972305922672665
EVS: 0.5712805033775766
