Model: GRU
MSE: 4.691425413314274
MAE: 1.8256125614560883
EVS: 0.5955873472065146
