Model: GRU
MSE: 2.871050466954706
MAE: 1.3435143437878838
EVS: 0.5899128527869878
