Model: GRU
MSE: 3.0000953345038868
MAE: 1.3966975705376987
EVS: 0.5890059240934787
