Model: GRU
MSE: 3.2200983197559325
MAE: 1.471361020515705
EVS: 0.6123020725741413
