Model: GRU
MSE: 10.003099814675556
MAE: 2.7239048398774246
EVS: 0.5532583861909373
