Model: GRU
MSE: 8.22207893155262
MAE: 2.4543180547911545
EVS: 0.5159654925085981
