Model: GRU
MSE: 4.264128142700825
MAE: 1.7138846413842563
EVS: 0.5896868344630402
