Model: GRU
MSE: 5.2490678369162795
MAE: 1.8803849549129092
EVS: 0.551832583197122
