Model: GRU
MSE: 3.4103828935388596
MAE: 1.4807184318016315
EVS: 0.610116009536236
