Model: GRU
MSE: 523.897884624118
MAE: 22.756566853358827
EVS: 0.11693541924429163
