Model: GRU
MSE: 8.646698277745129
MAE: 2.4269178982438713
EVS: 0.002303106777584274
