Model: GRU
MSE: 232.8865080117473
MAE: 15.010005622074521
EVS: -0.1097629497911734
