Model: GRU
MSE: 2.893239568297476
MAE: 1.380135207340635
EVS: 0.5769318711932675
