Model: GRU
MSE: 2.6983427963849245
MAE: 1.3031018109157169
EVS: 0.6223871505321048
