Model: GRU
MSE: 2.7608574590618633
MAE: 1.3523730245129815
EVS: 0.615091435427647
