Model: GRU
MSE: 4.5346153208946784
MAE: 1.7199827062672581
EVS: 0.5409698936038537
