Model: GRU
MSE: 6929.351887293562
MAE: 83.17595264829438
EVS: -0.6256488077639195
