Model: GRU
MSE: 216.1509641443417
MAE: 14.467356496843799
EVS: -0.001558023256060359
