Model: GRU
MSE: 2.8531961046952574
MAE: 1.3152394705805286
EVS: 0.5994783199625184
