Model: GRU
MSE: 3.3301698121325085
MAE: 1.5111391133275525
EVS: 0.5317595230792329
