Model: GRU
MSE: 6.744016785795001
MAE: 2.264108624951593
EVS: 0.6116025664739073
