Model: GRU
MSE: 2506.818006204151
MAE: 50.008142405542834
EVS: 0.1217409715994312
