Model: GRU
MSE: 3.1122365170366257
MAE: 1.4038646385587494
EVS: 0.5538964738703029
