Model: GRU
MSE: 3.6378544049161454
MAE: 1.5617901529584612
EVS: 0.5654473939744047
