Model: GRU
MSE: 3.4879987192723507
MAE: 1.523693849300516
EVS: 0.62007075632721
