Model: GRU
MSE: 4.431519851622037
MAE: 1.74010890105675
EVS: 0.5967210668422773
