Model: GRU
MSE: 3.763680120829906
MAE: 1.5708991083605537
EVS: 0.6057417964995138
