Model: GRU
MSE: 2.6799675626220765
MAE: 1.3160569503389556
EVS: 0.6191827470310345
