Model: GRU
MSE: 575.3748243871087
MAE: 23.77796695972311
EVS: -0.46039257212839924
