Model: GRU
MSE: 2.8611335416376473
MAE: 1.361473930293116
EVS: 0.5885083629200174
