Model: GRU
MSE: 3.329436930929452
MAE: 1.4738240324217697
EVS: 0.5987669241459823
