Model: GRU
MSE: 2.857861150090167
MAE: 1.3596537195403
EVS: 0.596053845566663
