Model: GRU
MSE: 3.0826488260740996
MAE: 1.4178323910154145
EVS: 0.619654681831741
