Model: GRU
MSE: 2.8355843657567488
MAE: 1.3834460028286637
EVS: 0.6209369667925285
