Model: GRU
MSE: 7.962346649342964
MAE: 2.338230067285998
EVS: -2.220446049250313e-16
