Model: GRU
MSE: 2.7244418030234807
MAE: 1.3442201449953277
EVS: 0.6145968904485064
