Model: GRU
MSE: 4.207331008043497
MAE: 1.6366167397334659
EVS: 0.5540696540593364
