Model: GRU
MSE: 4.679682440908144
MAE: 1.8221687589372908
EVS: 0.5619137141934716
