Model: GRU
MSE: 4.784396381880893
MAE: 1.8201240177812248
EVS: 0.591127114858751
