Model: GRU
MSE: 5.124185045192243
MAE: 1.9160489049451104
EVS: 0.6160113273938089
