Model: GRU
MSE: 3.0342760550919716
MAE: 1.3910447646831643
EVS: 0.5881944696280037
