Model: GRU
MSE: 6.580777964243597
MAE: 2.240341178302107
EVS: 0.6079142607911199
