Model: GRU
MSE: 4.589669929450604
MAE: 1.7805369804645408
EVS: 0.5332184605063852
