Model: GRU
MSE: 3.2284017041634514
MAE: 1.4834025646078175
EVS: 0.5427618672208984
