Model: GRU
MSE: 3.5459613528207097
MAE: 1.5300044195992606
EVS: 0.5580072798884973
