Model: GRU
MSE: 220.9047513057408
MAE: 14.617271314407217
EVS: -0.05913199810325942
