Model: GRU
MSE: 2.814961990743886
MAE: 1.332825726476209
EVS: 0.5891478347922592
