Model: GRU
MSE: 3.8096830044555685
MAE: 1.6109819330018142
EVS: 0.6503463217411438
