Model: GRU
MSE: 8.85482113761931
MAE: 2.4758758544921875
EVS: -0.042964388072516346
