Model: GRU
MSE: 2.39295896960865
MAE: 1.2002757499957908
EVS: 0.6520584781261141
