Model: GRU
MSE: 2.9138094067434395
MAE: 1.4019392769912193
EVS: 0.6070976014747449
