Model: GRU
MSE: 4.085826568052633
MAE: 1.6416720768501019
EVS: 0.5910603812060442
