Model: GRU
MSE: 3.709204910143167
MAE: 1.5762058866435085
EVS: 0.6267871096073776
