Model: GRU
MSE: 3.3086956044898574
MAE: 1.4923845324023017
EVS: 0.6163770131648983
