Model: GRU
MSE: 4.222393220135447
MAE: 1.7128058161054338
EVS: 0.5764338026953608
