Model: GRU
MSE: 7.183580503789225
MAE: 2.2865620070490342
EVS: 0.5574960714799034
