Model: GRU
MSE: 3.3462463727849956
MAE: 1.4753832241584515
EVS: 0.5926438853477618
