Model: GRU
MSE: 12.733467413452546
MAE: 2.989619518148488
EVS: 0.03498625232019037
