Model: GRU
MSE: 3.5584720999766684
MAE: 1.555767717032597
EVS: 0.5425622245217505
