Model: GRU
MSE: 3.5390787702475173
MAE: 1.5500577482683906
EVS: 0.5843896150475854
