Model: GRU
MSE: 2159.3881096583004
MAE: 46.40812597603634
EVS: 0.16997834134805068
