Model: GRU
MSE: 4.523275215024357
MAE: 1.7522250701641213
EVS: 0.625434137820161
