Model: GRU
MSE: 5.568649369304541
MAE: 2.0217196283669305
EVS: 0.6250617514096077
