Model: GRU
MSE: 2.6412233735461306
MAE: 1.3179710322412952
EVS: 0.6136486359419226
