Model: GRU
MSE: 5.695918495701504
MAE: 2.013528766303227
EVS: 0.6361699929352969
