Model: GRU
MSE: 2.960714562456454
MAE: 1.3905402380844643
EVS: 0.5674604562992578
