Model: GRU
MSE: 264.98136661725687
MAE: 16.041485219166198
EVS: -0.11940019589931627
