Model: GRU
MSE: 5.739860213332812
MAE: 2.01790923085706
EVS: 0.6068092320476199
