Model: GRU
MSE: 305.36584240703525
MAE: 17.248881052280293
EVS: -0.14716918072031326
