Model: GRU
MSE: 3.458570955520031
MAE: 1.475230438955899
EVS: 0.5806277095058228
