Model: GRU
MSE: 335.1447573193952
MAE: 18.08776438647303
EVS: -0.1670044294031403
