Model: GRU
MSE: 7.95144097569073
MAE: 2.3330830047870506
EVS: 0.004032882941118476
