Model: GRU
MSE: 3.10510788631244
MAE: 1.411583982195173
EVS: 0.5644535175627544
