Model: GRU
MSE: 7.838722558952684
MAE: 2.317363245733853
EVS: 0.028476619841327544
