Model: GRU
MSE: 3.0197903060260973
MAE: 1.4063543286816826
EVS: 0.593796781170117
