Model: GRU
MSE: 6.128702283128448
MAE: 2.125165980437706
EVS: 0.600289070110189
