Model: GRU
MSE: 9.77425656330794
MAE: 2.558451060591073
EVS: -0.007888324800565227
