Model: GRU
MSE: 217.01199340685713
MAE: 14.480171181004623
EVS: -0.073249409554768
