Model: GRU
MSE: 5.085469588716999
MAE: 1.8940992108706771
EVS: 0.5993057941838915
