Model: GRU
MSE: 2.775336551325036
MAE: 1.3444144479159652
EVS: 0.5972977712301493
