Model: GRU
MSE: 3.6389218233364122
MAE: 1.5586574242032807
EVS: 0.6086979767981511
