Model: GRU
MSE: 4.499990190388197
MAE: 1.7889995246097958
EVS: 0.6412536122436907
