Model: GRU
MSE: 2.7792760739886417
MAE: 1.352446251902087
EVS: 0.6025583305830078
