Model: GRU
MSE: 2.6640844409712567
MAE: 1.3118527100003998
EVS: 0.6106574556808508
