Model: GRU
MSE: 902.4607167951948
MAE: 29.921217425116176
EVS: -0.0505499606286266
