Model: GRU
MSE: 3.4159436824943596
MAE: 1.5005043292867726
EVS: 0.6141086848332287
