Model: GRU
MSE: 4.254280403407518
MAE: 1.7077278926454742
EVS: 0.47924978494018144
