Model: GRU
MSE: 3.0553881567436707
MAE: 1.4208481476224701
EVS: 0.5726006631908291
