Model: GRU
MSE: 246.42982885468496
MAE: 15.451041829997095
EVS: -0.12569294173055234
