Model: GRU
MSE: 3.5899836897242023
MAE: 1.597694939580457
EVS: 0.5124877731804285
