Model: GRU
MSE: 2.8397284800192852
MAE: 1.3859932669277848
EVS: 0.5930443154626592
