Model: GRU
MSE: 3.6473894016572395
MAE: 1.5571443705723202
EVS: 0.6174399351204172
