Model: GRU
MSE: 6.346439004971444
MAE: 2.0882343917057433
EVS: 0.4791541923228334
