Model: GRU
MSE: 3.116295396690887
MAE: 1.4190464430841907
EVS: 0.5732581486451316
