Model: GRU
MSE: 3.9970590366861116
MAE: 1.6307405603343044
EVS: 0.5783588405625386
