Model: GRU
MSE: 2.7606252880230167
MAE: 1.310976768362111
EVS: 0.5964312247950241
