Model: GRU
MSE: 3.006241209254791
MAE: 1.404077201054014
EVS: 0.6136517204347371
