Model: GRU
MSE: 3.6090633601582316
MAE: 1.54419233881194
EVS: 0.5529315223237177
