Model: GRU
MSE: 2.669964257373714
MAE: 1.2722617922158077
EVS: 0.6106052557642636
