Model: GRU
MSE: 209.90400661109598
MAE: 14.213075812520652
EVS: -0.1545621554728167
