Model: GRU
MSE: 3.176194280317794
MAE: 1.459811153083012
EVS: 0.632882689980877
