Model: GRU
MSE: 5.360481920196545
MAE: 1.9522943661130707
EVS: 0.5851191951996526
