Model: GRU
MSE: 3.2426746221279497
MAE: 1.4944758250795562
EVS: 0.600844291129139
