Model: GRU
MSE: 256.89425279416855
MAE: 15.787378052185321
EVS: -0.11952138694207326
