Model: GRU
MSE: 2.9036332445632915
MAE: 1.3953238026849155
EVS: 0.6032468754190798
