Model: GRU
MSE: 2.6875021456194035
MAE: 1.3024971074071423
EVS: 0.6072063113988854
