Model: GRU
MSE: 3.1795158138665225
MAE: 1.4637831490615318
EVS: 0.5351766799273532
