Model: GRU
MSE: 3.409413946208384
MAE: 1.5104421253862053
EVS: 0.6325814460716191
