Model: GRU
MSE: 3.3550967635494464
MAE: 1.4850068256772797
EVS: 0.6280686726367002
