Model: GRU
MSE: 445.5238782412642
MAE: 20.74699854850769
EVS: -1.2068649650088794
