Model: GRU
MSE: 2.9450436912166755
MAE: 1.395075715821365
EVS: 0.5707477317860108
