Model: GRU
MSE: 6.222335401253735
MAE: 2.153079526177768
EVS: 0.6102095751436127
