Model: GRU
MSE: 2.8383642082211353
MAE: 1.356850237681948
EVS: 0.6611697198562503
