Model: GRU
MSE: 2.957311418607474
MAE: 1.407208278261382
EVS: 0.5674099253849765
