Model: GRU
MSE: 7.022599020569706
MAE: 2.29545233167451
EVS: 0.6030372127021932
