Model: GRU
MSE: 6.443989070308562
MAE: 2.1424529552459717
EVS: 0.5598801201164406
