Model: GRU
MSE: 4.517734364629585
MAE: 1.7748956351444638
EVS: 0.591036031917006
