Model: GRU
MSE: 2.8176779462984745
MAE: 1.3852687704152074
EVS: 0.6215779022073986
