Model: GRU
MSE: 6.939805733609366
MAE: 2.163847643753578
EVS: 0.012206461295240945
