Model: GRU
MSE: 2.9359069379974723
MAE: 1.3931745907356
EVS: 0.5845296034713008
