Model: GRU
MSE: 4.070948759580064
MAE: 1.669662566020571
EVS: 0.6377026537615357
