Model: GRU
MSE: 3.0946575278903414
MAE: 1.4473913538044896
EVS: 0.6271637309930422
