Model: GRU
MSE: 2.9271982599562874
MAE: 1.3962397575378418
EVS: 0.6129626074939825
