Model: GRU
MSE: 3.4407749539420154
MAE: 1.5190692523430134
EVS: 0.5775028323743667
