Model: GRU
MSE: 2.650296141193727
MAE: 1.3102465909102867
EVS: 0.6274073206021629
