Model: GRU
MSE: 2.9747990099240424
MAE: 1.418448234426564
EVS: 0.573311939146711
