Model: GRU
MSE: 209.2790032552591
MAE: 14.201999425888062
EVS: -0.10917434126337966
