Model: GRU
MSE: 4.9597945883796735
MAE: 1.8673422912071491
EVS: 0.607113675191194
