Model: GRU
MSE: 5.834743654864136
MAE: 2.0317413231422163
EVS: 0.5767185264819783
