Model: GRU
MSE: 3.9566324607353205
MAE: 1.6395804388769741
EVS: 0.6244286159043804
