Model: GRU
MSE: 3.6963592398071756
MAE: 1.5494747901784962
EVS: 0.5401149330510973
