Model: GRU
MSE: 3.722831875881074
MAE: 1.5843736056623787
EVS: 0.5686505964090478
