Model: GRU
MSE: 5004.764205175741
MAE: 70.69490735284214
EVS: -0.02316735093889255
