Model: GRU
MSE: 7.020195320767459
MAE: 2.3315215521845323
EVS: 0.6274644053312413
