Model: GRU
MSE: 4.486482548212044
MAE: 1.779173785242541
EVS: 0.6128463701719384
