Model: GRU
MSE: 233.4760082236477
MAE: 15.044778153814118
EVS: -0.043117728388405
