Model: GRU
MSE: 6.143809244388453
MAE: 2.016741325115335
EVS: 0.37693827659606916
