Model: GRU
MSE: 2.453853498528874
MAE: 1.2643515570410366
EVS: 0.6412921934654571
