Model: GRU
MSE: 15.784430353085414
MAE: 3.4069511314918257
EVS: 0.014630087824735516
