Model: GRU
MSE: 10.940004809259763
MAE: 2.8464776856558665
EVS: 0.2954078869945681
