Model: GRU
MSE: 3.2513183585220946
MAE: 1.4434841090235218
EVS: 0.6320754132774544
