Model: GRU
MSE: 4.299380722725209
MAE: 1.7443158297703183
EVS: 0.6023846491024591
