Model: GRU
MSE: 7.674806588313231
MAE: 2.3708171186775995
EVS: 0.5919123177479481
