Model: GRU
MSE: 4.2040510644087155
MAE: 1.685849905014038
EVS: 0.5499686091714094
