Model: GRU
MSE: 2.3131234509999494
MAE: 1.2526665062739932
EVS: 0.6635790606162234
