Model: GRU
MSE: 2.740721383159435
MAE: 1.356881355417186
EVS: 0.6021656901659017
