Model: GRU
MSE: 9.390883661559396
MAE: 2.6767963376538506
EVS: 0.571808489783179
