Model: GRU
MSE: 2.8554248868652685
MAE: 1.3683980497820625
EVS: 0.5897237003461042
