Model: GRU
MSE: 3.731018908594157
MAE: 1.5945038795471191
EVS: 0.5953873842867647
