Model: GRU
MSE: 3.0524263945888315
MAE: 1.418398462492844
EVS: 0.5746438849960651
