Model: GRU
MSE: 2.9318432761032422
MAE: 1.383153767421328
EVS: 0.5799278022301941
