Model: GRU
MSE: 3.054832472599048
MAE: 1.4408185728665055
EVS: 0.5566205774915867
