Model: GRU
MSE: 2.6929565583850645
MAE: 1.2895966562731513
EVS: 0.6134287029844219
