Model: GRU
MSE: 280.3214782287322
MAE: 16.507362669911878
EVS: -0.14519593365935246
