Model: GRU
MSE: 5.860332924403451
MAE: 2.0339432338188432
EVS: 0.6101916065475292
