Model: GRU
MSE: 2.865396407445007
MAE: 1.3367696794970283
EVS: 0.6214294750507099
