Model: GRU
MSE: 3.2327920697767256
MAE: 1.4517211256356075
EVS: 0.5593349095774884
