Model: GRU
MSE: 3.5923864806305685
MAE: 1.552862940163448
EVS: 0.638531452901189
