Model: GRU
MSE: 3.3605073724462304
MAE: 1.464982871351571
EVS: 0.5084046826179287
