Model: GRU
MSE: 2129.40795225877
MAE: 46.06527565265524
EVS: -0.0822745914727343
