Model: GRU
MSE: 3.3520510663896865
MAE: 1.4790930830199143
EVS: 0.5646739570918204
