Model: GRU
MSE: 8.194112287519664
MAE: 2.5015829020533067
EVS: 0.5959500136396467
