Model: GRU
MSE: 3.172738627600132
MAE: 1.445438582321693
EVS: 0.5493452605477271
