Model: GRU
MSE: 4.698845656285706
MAE: 1.807583290955116
EVS: 0.6114947160475018
