Model: GRU
MSE: 219.29574722228932
MAE: 14.53675536862735
EVS: -0.167143950870148
