Model: GRU
MSE: 3.410506694724204
MAE: 1.5403551726505673
EVS: 0.6391070269505071
