Model: GRU
MSE: 3.4547420254197716
MAE: 1.52311634195262
EVS: 0.5693092671927593
