Model: GRU
MSE: 3.75605339296971
MAE: 1.5749191169081063
EVS: 0.6015952881317385
