Model: GRU
MSE: 2.8570444682490828
MAE: 1.3549063452358903
EVS: 0.5908578219020864
