Model: GRU
MSE: 2.623027940506486
MAE: 1.2997673626603752
EVS: 0.628632997250995
