Model: GRU
MSE: 6.288961633489834
MAE: 2.1570214814153212
EVS: 0.6161420981091572
