Model: GRU
MSE: 3.509592974134414
MAE: 1.5381288119724819
EVS: 0.565871127389727
