Model: GRU
MSE: 3.9199374768348028
MAE: 1.6116307768328437
EVS: 0.6110507470069426
