Model: GRU
MSE: 418.6326421082396
MAE: 20.230472745566534
EVS: -0.36932977524226573
