Model: GRU
MSE: 2.828862050217924
MAE: 1.3411219695518757
EVS: 0.5963863862636245
