Model: GRU
MSE: 3.4941295156247083
MAE: 1.4688259322067787
EVS: 0.5992237457516925
