Model: GRU
MSE: 3.065916222947886
MAE: 1.4296734579678239
EVS: 0.5602860022216598
