Model: GRU
MSE: 2.9878619577934726
MAE: 1.4103711473530736
EVS: 0.5690666242607673
