Model: GRU
MSE: 3.1446952709799705
MAE: 1.4195279828433334
EVS: 0.5711406466252108
