Model: GRU
MSE: 5.028649163699265
MAE: 1.8839801015525028
EVS: 0.6264665254903756
