Model: GRU
MSE: 7.27796179657698
MAE: 2.278772025272764
EVS: 0.5170467694809266
