Model: GRU
MSE: 2.978948400508847
MAE: 1.392617184540321
EVS: 0.6004815883042237
