Model: GRU
MSE: 3.0555219630633936
MAE: 1.4099658850965828
EVS: 0.6057211538743454
