Model: GRU
MSE: 5.656985179228929
MAE: 2.0452622874029753
EVS: 0.5981477292464663
