Model: GRU
MSE: 3.3104710210724266
MAE: 1.4860666209253772
EVS: 0.5514672646476064
