Model: GRU
MSE: 4.211718427827863
MAE: 1.6523503106215904
EVS: 0.5640205729553716
