Model: GRU
MSE: 3.2308797375840106
MAE: 1.4710539456071525
EVS: 0.6452372200789889
