Model: GRU
MSE: 3.3819433547298527
MAE: 1.491984019960676
EVS: 0.5543539227906142
