Model: GRU
MSE: 3.146918569612204
MAE: 1.4054794175284249
EVS: 0.5637063980267283
