Model: GRU
MSE: 2.702885827345716
MAE: 1.3495906139242237
EVS: 0.619793743862903
