Model: GRU
MSE: 3.9410416628837375
MAE: 1.6503667749207596
EVS: 0.6340054708723442
