Model: GRU
MSE: 3.2692663868410428
MAE: 1.4630064799867828
EVS: 0.6114339089488572
