Model: GRU
MSE: 2593.515879511808
MAE: 50.864654541015625
EVS: 0.07798694324401778
