Model: GRU
MSE: 2.7882796034176205
MAE: 1.357656561095139
EVS: 0.6451674338822921
