Model: GRU
MSE: 5.194512797706544
MAE: 1.8266282903737034
EVS: 0.28592055911027436
