Model: GRU
MSE: 3.309344149169396
MAE: 1.4958243041202939
EVS: 0.557791451228474
