Model: GRU
MSE: 4.196548996501045
MAE: 1.677107202595678
EVS: 0.5408721780926902
