Model: GRU
MSE: 10.457586229609358
MAE: 2.8699757230692895
EVS: 0.6055984553235407
