Model: GRU
MSE: 2.4791591732761122
MAE: 1.2519923571882576
EVS: 0.6449948444938971
