Model: GRU
MSE: 25.05557977340768
MAE: 4.22357467125202
EVS: -0.05574783151387375
