Model: GRU
MSE: 3.1549413420057646
MAE: 1.4186835864494587
EVS: 0.591176694542342
