Model: GRU
MSE: 5.686618389446502
MAE: 1.9341783687986176
EVS: 0.27321057539814897
