Model: GRU
MSE: 5.894781339729626
MAE: 2.0405307884874015
EVS: 0.5635154818052859
