Model: GRU
MSE: 3.4691170540222473
MAE: 1.5695550195102035
EVS: 0.49487192454374007
