Model: GRU
MSE: 2.550376666745674
MAE: 1.261283200362633
EVS: 0.6295560376845146
