Model: GRU
MSE: 5.263069642381291
MAE: 1.8806459163797313
EVS: 0.6049471203103974
