Model: GRU
MSE: 2.6809367635372805
MAE: 1.3152576150565312
EVS: 0.6132336182288574
