Model: GRU
MSE: 6.103315904074062
MAE: 2.0677975292863517
EVS: 0.5215566941694457
