Model: GRU
MSE: 2.74354021700011
MAE: 1.299252436078828
EVS: 0.6347506657777353
