Model: GRU
MSE: 2.6000183979325504
MAE: 1.276826965397802
EVS: 0.6280235225570043
