Model: GRU
MSE: 2.6953867530723397
MAE: 1.3149372051502097
EVS: 0.6707416306988667
