Model: GRU
MSE: 3.4009578216844107
MAE: 1.4712037629094616
EVS: 0.6152171596446789
