Model: GRU
MSE: 3.722645640801951
MAE: 1.5709190615292252
EVS: 0.6075287635228014
