Model: GRU
MSE: 3.210075116312353
MAE: 1.484914911204371
EVS: 0.5304657823272909
