Model: GRU
MSE: 2.962681366372102
MAE: 1.3998413414790714
EVS: 0.5794640305362762
