Model: GRU
MSE: 3.8824881860602414
MAE: 1.6054611123841385
EVS: 0.6229223928294652
