Model: GRU
MSE: 3.2306274807260187
MAE: 1.410105323791504
EVS: 0.5670971356365493
