Model: GRU
MSE: 5.689750760497884
MAE: 2.025047310467424
EVS: 0.6189106681198717
