Model: GRU
MSE: 3.6788499221143938
MAE: 1.528519786637405
EVS: 0.6066511464758448
