Model: GRU
MSE: 208.8893277383916
MAE: 14.178493350744247
EVS: -0.14975979278608498
