Model: GRU
MSE: 3.0301188428605217
MAE: 1.4338965251527984
EVS: 0.6182701481320282
