Model: GRU
MSE: 5.687254290454364
MAE: 2.02939536653716
EVS: 0.5461211744741565
