Model: GRU
MSE: 3.5569221503657804
MAE: 1.528190958088842
EVS: 0.6390208583093194
