Model: GRU
MSE: 3.356638305091941
MAE: 1.501423326031915
EVS: 0.5786107486416765
