Model: GRU
MSE: 6.645544737304707
MAE: 2.246725789431868
EVS: 0.6286172264122298
