Model: GRU
MSE: 3.567451467229183
MAE: 1.5483108306753224
EVS: 0.5469392854376731
