Model: GRU
MSE: 6.504139451535577
MAE: 2.091180817834262
EVS: 0.3090948638369301
