Model: GRU
MSE: 3.0111931630824644
MAE: 1.399315595626831
EVS: 0.594518294716937
