Model: GRU
MSE: 12.2797171942957
MAE: 3.020734195051522
EVS: 0.24460764158391846
