Model: GRU
MSE: 3.738826469728824
MAE: 1.6238568569051808
EVS: 0.6266371384106951
