Model: GRU
MSE: 2.3991741299479217
MAE: 1.2142717673860748
EVS: 0.6528579501682824
