Model: GRU
MSE: 2.897457941593753
MAE: 1.3934921642829632
EVS: 0.5761978705494274
