Model: GRU
MSE: 2.9785406523418136
MAE: 1.3873199265578697
EVS: 0.6146829139275282
