Model: GRU
MSE: 4.187409238622579
MAE: 1.6842832236454404
EVS: 0.6133275022681111
