Model: GRU
MSE: 3.2215708626431794
MAE: 1.4289472020905594
EVS: 0.6135738861093585
