Model: GRU
MSE: 2.9420486780036614
MAE: 1.3799418087663322
EVS: 0.5846918648498838
