Model: GRU
MSE: 3.142131321766818
MAE: 1.423154592514038
EVS: 0.5969973618916373
