Model: GRU
MSE: 2.7487872443096517
MAE: 1.3530759318121548
EVS: 0.6047836134760439
