Model: GRU
MSE: 2.65419422926303
MAE: 1.2857143550083554
EVS: 0.615773682129384
