Model: GRU
MSE: 2.8059000454969496
MAE: 1.3516783549867828
EVS: 0.6020336804068931
