Model: GRU
MSE: 3.094683212605528
MAE: 1.4098668591729526
EVS: 0.615764590100278
