Model: GRU
MSE: 2.67574499782827
MAE: 1.3204392646921093
EVS: 0.6226876955827563
