Model: GRU
MSE: 2.991091736346193
MAE: 1.3626239053134261
EVS: 0.6346938446780974
