Model: GRU
MSE: 4.494252539876658
MAE: 1.7105987483057483
EVS: 0.4486061715673829
