Model: GRU
MSE: 2.7804608743434205
MAE: 1.3333672572826516
EVS: 0.604245274492502
