Model: GRU
MSE: 2.6035682206768618
MAE: 1.25819914094333
EVS: 0.6192017770655143
