Model: GRU
MSE: 5.843801466539675
MAE: 2.068136059004685
EVS: 0.5940900739342412
