Model: GRU
MSE: 6.156676588062247
MAE: 2.0895201173321953
EVS: 0.5834852001170724
