Model: GRU
MSE: 2.638698702151922
MAE: 1.3163911145308922
EVS: 0.6142444011404011
