Model: GRU
MSE: 3.336200338095264
MAE: 1.5074749650626347
EVS: 0.6312516561766267
