Model: GRU
MSE: 5.784846065967811
MAE: 2.0407470916879586
EVS: 0.611188395948934
