Model: GRU
MSE: 3.159633901309666
MAE: 1.455381442760599
EVS: 0.5761406363600841
