Model: GRU
MSE: 6.073155237633195
MAE: 2.09972358572072
EVS: 0.5908697684195778
