Model: GRU
MSE: 5.008507840565491
MAE: 1.8893290305959767
EVS: 0.6331592482727746
