Model: GRU
MSE: 4.986864317177551
MAE: 1.8667635753236969
EVS: 0.5926137681971111
