Model: GRU
MSE: 276.8165951720253
MAE: 16.402139412945715
EVS: -0.13904634060141619
