Model: GRU
MSE: 5085.362421134844
MAE: 71.2693262429073
EVS: 0.11561762181170443
