Model: GRU
MSE: 3.9986571071276598
MAE: 1.6746256022617734
EVS: 0.6570600677190328
