Model: GRU
MSE: 3.626592399103372
MAE: 1.48873701776777
EVS: 0.5698078510057658
