Model: GRU
MSE: 199.15243077630572
MAE: 13.866311815278284
EVS: -0.006131998321907917
