Model: GRU
MSE: 3.620861103517086
MAE: 1.5449666894715408
EVS: 0.5633509890990218
