Model: GRU
MSE: 4.070861216355187
MAE: 1.676343243697594
EVS: 0.6334660109236154
