Model: GRU
MSE: 2.8459350994533583
MAE: 1.3603420997488087
EVS: 0.5843679744237047
