Model: GRU
MSE: 4.754948118463658
MAE: 1.8525843620300293
EVS: 0.6504188300098703
