Model: GRU
MSE: 3.271428224301166
MAE: 1.4565801620483398
EVS: 0.6159133834244991
