Model: GRU
MSE: 6.931249175417383
MAE: 2.300834770860343
EVS: 0.6347459703779019
