Model: GRU
MSE: 3.302644720803116
MAE: 1.4545272383196601
EVS: 0.6352939892417135
