Model: GRU
MSE: 4.005708427558716
MAE: 1.6445056898840542
EVS: 0.5539905236995675
