Model: GRU
MSE: 3.75935840777549
MAE: 1.5870513916015625
EVS: 0.6298743496824086
