Model: GRU
MSE: 239.29015640175285
MAE: 15.218434810638428
EVS: -0.12485371087863206
