Model: GRU
MSE: 4.278350898577581
MAE: 1.6884262644011399
EVS: 0.5224735840972894
