Model: GRU
MSE: 2.8798937841778134
MAE: 1.3984273466570625
EVS: 0.5958351053168933
