Model: GRU
MSE: 2.8512785866434673
MAE: 1.375278037169884
EVS: 0.6026470619983566
