Model: GRU
MSE: 6.25764443241276
MAE: 2.127712364854484
EVS: 0.5648463686833022
