Model: GRU
MSE: 3.4692605257181097
MAE: 1.5007948628787338
EVS: 0.6169767771149733
