Model: GRU
MSE: 2.7442852646014093
MAE: 1.3468342813952217
EVS: 0.6010112146968174
