Model: GRU
MSE: 12.636940832196286
MAE: 2.9707571555828225
EVS: -2.220446049250313e-16
