Model: GRU
MSE: 3.6089724680355726
MAE: 1.6008514864691372
EVS: 0.6379113596554488
