Model: GRU
MSE: 2.932219482913218
MAE: 1.4091334836236362
EVS: 0.5765043662844958
