Model: GRU
MSE: 2.831140611290909
MAE: 1.338896817174451
EVS: 0.6228855106373494
