Model: GRU
MSE: 4.857908849233981
MAE: 1.851879514496902
EVS: 0.5867689606564179
