Model: GRU
MSE: 2.8476360968630843
MAE: 1.334220105204089
EVS: 0.6232075531783079
