Model: GRU
MSE: 3.3139542242293705
MAE: 1.5062667583597118
EVS: 0.587026195063536
