Model: GRU
MSE: 4.240896839849378
MAE: 1.7192382565860092
EVS: 0.6083136708103498
