Model: GRU
MSE: 2.7069276181306625
MAE: 1.3164015145137393
EVS: 0.6218021373023042
