Model: GRU
MSE: 4.412738227918798
MAE: 1.7536479686868602
EVS: 0.5826131895603704
