Model: GRU
MSE: 3.042854616396904
MAE: 1.4462247716969456
EVS: 0.5550448351046828
