Model: GRU
MSE: 6.120637448424371
MAE: 2.149274028580764
EVS: 0.6240888924469021
