Model: GRU
MSE: 2.7028265624428163
MAE: 1.3165110637401711
EVS: 0.6046140743591151
