Model: GRU
MSE: 6.546296950164502
MAE: 2.2195532486356537
EVS: 0.6253931390032987
