Model: GRU
MSE: 236.9019523453049
MAE: 15.151384131661777
EVS: -0.0733774487652703
