Model: GRU
MSE: 2.8935185362298625
MAE: 1.3537145400869435
EVS: 0.5795069797216668
