Model: GRU
MSE: 2.7575181261342143
MAE: 1.3335791949568123
EVS: 0.6286792375825534
