Model: GRU
MSE: 206.10599988257823
MAE: 14.098067491218961
EVS: -0.07527648725183766
