Model: GRU
MSE: 3.26769866975298
MAE: 1.4865203890307197
EVS: 0.6121409967304043
