Model: GRU
MSE: 6.478282051119836
MAE: 2.1530593099265265
EVS: 0.5987454761011031
