Model: GRU
MSE: 5.067247142892734
MAE: 1.888844638035215
EVS: 0.5823321287158668
