Model: GRU
MSE: 3.123415627296426
MAE: 1.430654427100872
EVS: 0.5760731627542426
