Model: GRU
MSE: 2.649560819789011
MAE: 1.3154379170516441
EVS: 0.642167639483763
