Model: GRU
MSE: 4.088648716179105
MAE: 1.6415564520605679
EVS: 0.5609393404255539
