Model: GRU
MSE: 5.5012101013777075
MAE: 1.9800924925968564
EVS: 0.6098497278134984
