Model: GRU
MSE: 4.731120228145003
MAE: 1.7978784791354476
EVS: 0.5890258164393389
