Model: GRU
MSE: 3.6319763991898957
MAE: 1.552195770987149
EVS: 0.6372015751526021
