Model: GRU
MSE: 3.6049692331151846
MAE: 1.5668295909618508
EVS: 0.6306875051366302
