Model: GRU
MSE: 2.96505360715424
MAE: 1.390892242563182
EVS: 0.5762373014587638
