Model: GRU
MSE: 4.723389706767809
MAE: 1.8245851007001153
EVS: 0.6229606893011141
