Model: GRU
MSE: 5524.363443430172
MAE: 74.27415407115015
EVS: -0.12837659670037915
