Model: GRU
MSE: 3.439538685819759
MAE: 1.5126607500273606
EVS: 0.641285268538411
