Model: GRU
MSE: 3.8811947963565907
MAE: 1.5993094773128116
EVS: 0.5673852053308077
