Model: GRU
MSE: 2.8000237098345084
MAE: 1.342973495351857
EVS: 0.5992110514480646
