Model: GRU
MSE: 3.145008735201984
MAE: 1.4333276255377407
EVS: 0.553760098614982
