Model: GRU
MSE: 8.82327791619789
MAE: 2.4290958108573126
EVS: 0.05829602272656653
