Model: GRU
MSE: 3.196045473913359
MAE: 1.4267826573602085
EVS: 0.5980817231513582
