Model: GRU
MSE: 3.367380680594626
MAE: 1.4889276274319352
EVS: 0.6295411157028861
