Model: GRU
MSE: 3.3921661564150343
MAE: 1.5160995680710365
EVS: 0.5178829216620829
