Model: GRU
MSE: 3.092388186904847
MAE: 1.4304720040025383
EVS: 0.5486344640380825
