Model: GRU
MSE: 3.747517281047984
MAE: 1.5767184948099071
EVS: 0.5922888648938225
