Model: GRU
MSE: 4.196714884164023
MAE: 1.720229091315434
EVS: 0.6139507389592769
