Model: GRU
MSE: 204.23327387949976
MAE: 14.016679199605152
EVS: -0.1360562841840265
