Model: GRU
MSE: 3.2481818606738555
MAE: 1.4462241386545116
EVS: 0.6144606862779614
