Model: GRU
MSE: 3.6860710571826814
MAE: 1.5372839631705448
EVS: 0.6074861872731407
