Model: GRU
MSE: 3.793530574264627
MAE: 1.5973353221498687
EVS: 0.5361214937765042
