Model: GRU
MSE: 3.5847554822393572
MAE: 1.5475319911693703
EVS: 0.6130874796738133
