Model: GRU
MSE: 2.7549967308514325
MAE: 1.3443600062666268
EVS: 0.6108099481076557
