Model: GRU
MSE: 248.7864136782715
MAE: 15.531328102637982
EVS: -0.10654784137919249
