Model: GRU
MSE: 2.867399348146466
MAE: 1.3742154713334709
EVS: 0.6129261321747714
