Model: GRU
MSE: 5.573919863307843
MAE: 2.0129512589553307
EVS: 0.6190628276312753
