Model: GRU
MSE: 3.0968488700211214
MAE: 1.4050288200378418
EVS: 0.5776032706147074
