Model: GRU
MSE: 3.2873143179258477
MAE: 1.4640424991476124
EVS: 0.5206796086502978
