Model: GRU
MSE: 3.7245481911307503
MAE: 1.5976038143552582
EVS: 0.6026510891922048
