Model: GRU
MSE: 7.52938642444117
MAE: 2.272743948574724
EVS: 0.015601383669189173
