Model: GRU
MSE: 4.779254085750616
MAE: 1.8273242753127525
EVS: 0.6029929951610575
