Model: GRU
MSE: 3.6847993432113917
MAE: 1.5397965825837234
EVS: 0.5903569661694974
