Model: GRU
MSE: 5.522872008968871
MAE: 1.978681909626928
EVS: 0.6038293530407571
