Model: GRU
MSE: 4.977380673235455
MAE: 1.8562457232639706
EVS: 0.5655516436978952
