Model: GRU
MSE: 9.721890013499777
MAE: 2.5444376057591933
EVS: -0.06510379368042929
