Model: GRU
MSE: 4.653170823683765
MAE: 1.768382220432676
EVS: 0.5896650656727391
