Model: GRU
MSE: 2.8179554703831204
MAE: 1.3353382718974147
EVS: 0.5957331965477932
