Model: GRU
MSE: 3.6022377959567042
MAE: 1.519574527082772
EVS: 0.5131338560213689
