Model: GRU
MSE: 203.80464764730766
MAE: 14.028829463597003
EVS: -0.023505561935938557
