Model: GRU
MSE: 2.5416082914689038
MAE: 1.2878958192364922
EVS: 0.6349582243451465
