Model: GRU
MSE: 8.042815381057215
MAE: 2.3750575164268755
EVS: 0.00014981977442662942
