Model: GRU
MSE: 3.5285669508642625
MAE: 1.5405578777707856
EVS: 0.5554364863940205
