Model: GRU
MSE: 6504.830217848689
MAE: 80.61959615247002
EVS: 0.22308304999517536
