Model: GRU
MSE: 2.6600123281146053
MAE: 1.2863131556017646
EVS: 0.612555422123169
