Model: GRU
MSE: 3.6280240735942626
MAE: 1.5393412113189697
EVS: 0.5618717636244512
