Model: GRU
MSE: 6.595246083576089
MAE: 2.0998186900697906
EVS: 0.12326751652449586
