Model: GRU
MSE: 4.8594292623284545
MAE: 1.8534509395730907
EVS: 0.5905869893898568
