Model: GRU
MSE: 2.6494398920842857
MAE: 1.2597915632971401
EVS: 0.6199127486632012
