Model: GRU
MSE: 3.702244749618299
MAE: 1.5367838760902142
EVS: 0.6041330032622934
