Model: GRU
MSE: 3.171281508909758
MAE: 1.4342466633895348
EVS: 0.6018766322005478
