Model: GRU
MSE: 5.020438398507273
MAE: 1.8686236924138562
EVS: 0.4984555958202519
