Model: GRU
MSE: 5.366913497136501
MAE: 1.9274310654607312
EVS: 0.5966458215112613
