Model: GRU
MSE: 15.104778670312372
MAE: 3.319943740450103
EVS: 0.03226391724712885
