Model: GRU
MSE: 3.762071637903934
MAE: 1.559876927014055
EVS: 0.5883200901950153
