Model: GRU
MSE: 3.0284595025611867
MAE: 1.3999662810358509
EVS: 0.5777284328370512
