Model: GRU
MSE: 3.089412981105342
MAE: 1.429722703736404
EVS: 0.6032135382118228
