Model: GRU
MSE: 6.1742557739327415
MAE: 2.1072703723249764
EVS: 0.5762651043476812
