Model: GRU
MSE: 2.611580406374883
MAE: 1.229880612472008
EVS: 0.6305466099641464
