Model: GRU
MSE: 3.672597349626409
MAE: 1.5608200615849988
EVS: 0.5852095615003076
