Model: GRU
MSE: 12.43384702319935
MAE: 2.9517718348009834
EVS: 0.00229998444527979
