Model: GRU
MSE: 3.099216111434465
MAE: 1.4179594598967453
EVS: 0.6077808557053316
