Model: GRU
MSE: 2.9484876843595007
MAE: 1.3839734340536183
EVS: 0.5748369900466113
