Model: GRU
MSE: 12.651935851141609
MAE: 2.972580778187719
EVS: -2.220446049250313e-16
