Model: GRU
MSE: 3.737495497460933
MAE: 1.5824458845730485
EVS: 0.608781362541222
