Model: GRU
MSE: 2.8842178332530897
MAE: 1.3575820922851562
EVS: 0.6171799914488072
