Model: GRU
MSE: 2.640838381123766
MAE: 1.2995209611695389
EVS: 0.632104466086453
