Model: GRU
MSE: 2.7546536556397956
MAE: 1.3766090787690262
EVS: 0.5971151103373273
