Model: GRU
MSE: 4.325276540652778
MAE: 1.6681467911292767
EVS: 0.5374891944065923
