Model: GRU
MSE: 227.64165314226287
MAE: 14.84914653054599
EVS: -0.04514261332954761
