Model: GRU
MSE: 3.8734191672778375
MAE: 1.6398206250420932
EVS: 0.6015977446590243
