Model: GRU
MSE: 218.61252601843685
MAE: 14.536554437259149
EVS: -0.06805260817240733
