Model: GRU
MSE: 5.163654590602916
MAE: 1.8779511616147797
EVS: 0.5423477140056274
