Model: GRU
MSE: 2.561761331890811
MAE: 1.2974998046611916
EVS: 0.6270911270715671
