Model: GRU
MSE: 3.2431507858193642
MAE: 1.4398127835372398
EVS: 0.5955321958379362
