Model: GRU
MSE: 4.537667601092004
MAE: 1.7028790342396702
EVS: 0.6239803765148294
