Model: GRU
MSE: 5.778251871063386
MAE: 1.9879475626452217
EVS: 0.48953314496801836
