Model: GRU
MSE: 2.7996595130689457
MAE: 1.3659453556455414
EVS: 0.6405047924008216
