Model: GRU
MSE: 3.1461887430158137
MAE: 1.3936078959497913
EVS: 0.6073186267336819
