Model: GRU
MSE: 2.4041075596615795
MAE: 1.2769644753686313
EVS: 0.6595708893479006
