Model: GRU
MSE: 3.363339354228942
MAE: 1.4996228053652008
EVS: 0.5697966951389961
