Model: GRU
MSE: 2.939604378303635
MAE: 1.3830199899344608
EVS: 0.5701086133923761
