Model: GRU
MSE: 4.08758081690814
MAE: 1.6498010898458546
EVS: 0.5728110932275978
