Model: GRU
MSE: 3.906598122859981
MAE: 1.6137724991502433
EVS: 0.6314604926391125
