Model: GRU
MSE: 4.321633484889594
MAE: 1.676810017947493
EVS: 0.5827756119972904
