Model: GRU
MSE: 3.656693927267074
MAE: 1.5131090098413928
EVS: 0.5838335340895004
