Model: GRU
MSE: 3.2039751955354907
MAE: 1.466962929429679
EVS: 0.6232009879609971
