Model: GRU
MSE: 2.8514730407762823
MAE: 1.3340252185689991
EVS: 0.5841243542455938
