Model: GRU
MSE: 3.0161031889392103
MAE: 1.3858373493983829
EVS: 0.6040988684217818
