Model: GRU
MSE: 3.0617876893128644
MAE: 1.4123373689322636
EVS: 0.6177078874525901
