Model: GRU
MSE: 4.518348075823449
MAE: 1.7777152225889008
EVS: 0.5992380561252728
