Model: GRU
MSE: 4.030801210386221
MAE: 1.6558536496655694
EVS: 0.5601960126124046
