Model: GRU
MSE: 2.809553385171308
MAE: 1.3585872978999698
EVS: 0.6042674964008505
