Model: GRU
MSE: 2.6277020042317294
MAE: 1.2708085323202198
EVS: 0.6341610437319163
