Model: GRU
MSE: 3.207739214064704
MAE: 1.4151128078329152
EVS: 0.6006317898344032
