Model: GRU
MSE: 2.945516583241681
MAE: 1.360654724055323
EVS: 0.571476587979777
