Model: GRU
MSE: 245.8961641212257
MAE: 15.438923358917236
EVS: -0.10238578990281
