Model: GRU
MSE: 3.031689662114649
MAE: 1.4144713878631592
EVS: 0.5959510844305014
