Model: GRU
MSE: 2.7023007811299067
MAE: 1.3637642531559384
EVS: 0.6097937727660216
