Model: GRU
MSE: 3.3557644967553455
MAE: 1.5320732840176285
EVS: 0.5361109885905637
