Model: GRU
MSE: 3110.5247976656397
MAE: 55.7107609715955
EVS: -2.220446049250313e-16
