Model: GRU
MSE: 7.452378538254148
MAE: 2.378847261954998
EVS: 0.5630915726365835
