Model: GRU
MSE: 4.185184775766715
MAE: 1.7063679859556
EVS: 0.6178949536005685
