Model: GRU
MSE: 5.450495643367456
MAE: 1.9739272841091813
EVS: 0.5372180604260836
