Model: GRU
MSE: 7.091268481754061
MAE: 2.258049455182306
EVS: 0.5798622149130594
