Model: GRU
MSE: 2.8375187463672717
MAE: 1.3539930787579766
EVS: 0.6020808945099705
