Model: GRU
MSE: 3.383575157214033
MAE: 1.4696828743507122
EVS: 0.6001684176068117
