Model: GRU
MSE: 2.7123113445168516
MAE: 1.3287876721086174
EVS: 0.6230449041653991
