Model: GRU
MSE: 251.35402827165282
MAE: 15.612701087162412
EVS: -0.11142385494412066
