Model: GRU
MSE: 3.344100963918036
MAE: 1.455561325467866
EVS: 0.6178584877975908
