Model: GRU
MSE: 3.5748245093429536
MAE: 1.5441659647842934
EVS: 0.5540871708166417
