Model: GRU
MSE: 252.432759105133
MAE: 15.624747568163379
EVS: -0.21417967525360604
