Model: GRU
MSE: 3.965639031595727
MAE: 1.6282209938970105
EVS: 0.6160608752019698
