Model: GRU
MSE: 2.994747265179285
MAE: 1.4421298914942249
EVS: 0.5671104915507533
