Model: GRU
MSE: 2.591519325263617
MAE: 1.28474760055542
EVS: 0.6287059345260889
