Model: GRU
MSE: 2.6554535219639304
MAE: 1.2860227699937492
EVS: 0.6221863281924414
