Model: GRU
MSE: 5.340048292625683
MAE: 1.9491504718517434
EVS: 0.5198822544040826
