Model: GRU
MSE: 3.005681315665525
MAE: 1.4009910451954808
EVS: 0.6222634172383628
