Model: GRU
MSE: 7.228904472665049
MAE: 2.288884771281275
EVS: 0.5807882269945721
