Model: GRU
MSE: 2.6224484073358214
MAE: 1.2909696677635456
EVS: 0.6317548590495797
