Model: GRU
MSE: 2.998278283583157
MAE: 1.4046644177930108
EVS: 0.5708816530331491
