Model: GRU
MSE: 2.8906876155462027
MAE: 1.3598634785619275
EVS: 0.6156630714088541
