Model: GRU
MSE: 3.0488082656457225
MAE: 1.3436873041350266
EVS: 0.5793030465666462
