Model: GRU
MSE: 3.028459660398943
MAE: 1.4093971827934528
EVS: 0.5947965052676363
