Model: GRU
MSE: 3.2222026994580686
MAE: 1.452703360853524
EVS: 0.6386294924759592
