Model: GRU
MSE: 4.044665678969365
MAE: 1.6268127868915427
EVS: 0.6050675221369421
