Model: GRU
MSE: 6.442401177825708
MAE: 2.141322612762451
EVS: 0.5622466876294576
