Model: GRU
MSE: 3.2227698396418263
MAE: 1.4612231254577637
EVS: 0.5843512162294979
