Model: GRU
MSE: 12.646881719245922
MAE: 2.9719663817307045
EVS: -2.220446049250313e-16
