Model: GRU
MSE: 4.7535119612212595
MAE: 1.8415318768599938
EVS: 0.6361899661128722
