Model: GRU
MSE: 3.4272213918552277
MAE: 1.516155399125198
EVS: 0.6160042240596627
