Model: GRU
MSE: 3.96934773547
MAE: 1.6249136513677136
EVS: 0.6025192527839319
