Model: GRU
MSE: 2.816166919204377
MAE: 1.3408038862820328
EVS: 0.5901889879354879
