Model: GRU
MSE: 3.3441273557098863
MAE: 1.498925652997247
EVS: 0.626569482756496
