Model: GRU
MSE: 7.969936497473507
MAE: 2.3390916955882104
EVS: -2.220446049250313e-16
