Model: GRU
MSE: 2.848138150164796
MAE: 1.3295712306581695
EVS: 0.6075765991183295
