Model: GRU
MSE: 7.929720932354422
MAE: 2.4720479866554
EVS: 0.5979282664809047
