Model: GRU
MSE: 199.18900736181916
MAE: 13.866803454941717
EVS: -0.0094880821926977
