Model: GRU
MSE: 3.023602413740013
MAE: 1.4316803175827553
EVS: 0.5645750787955377
