Model: GRU
MSE: 3.21208589975692
MAE: 1.455747209746262
EVS: 0.5339481415278797
