Model: GRU
MSE: 4.046846724926503
MAE: 1.6172265513189907
EVS: 0.4145124203443722
