Model: GRU
MSE: 3.3048483032779084
MAE: 1.4920101659051304
EVS: 0.5993890290302121
