Model: GRU
MSE: 3.817113110524556
MAE: 1.6412506432368839
EVS: 0.46980451734178186
