Model: GRU
MSE: 295.0387057639022
MAE: 16.935031660671893
EVS: -0.20589780445433337
