Model: GRU
MSE: 3.816020802351608
MAE: 1.572014044071066
EVS: 0.5671042313071605
