Model: GRU
MSE: 3.6259085901490264
MAE: 1.5504251430774558
EVS: 0.618116757039525
