Model: GRU
MSE: 3.8148772413264576
MAE: 1.5680516917130043
EVS: 0.5904231059704096
