Model: GRU
MSE: 3.8770956224764923
MAE: 1.5821915741624504
EVS: 0.5678762981999372
