Model: GRU
MSE: 2.853176486023648
MAE: 1.3482720934111496
EVS: 0.584577099688842
