Model: GRU
MSE: 9.7993768065935
MAE: 2.5596389112801385
EVS: 0.0010715802868080937
