Model: GRU
MSE: 2.893402693053319
MAE: 1.3946239866059402
EVS: 0.6378492291889731
