Model: GRU
MSE: 2.8852039421263953
MAE: 1.3296961044443065
EVS: 0.5782322090939138
