Model: GRU
MSE: 2.9714880984936607
MAE: 1.4034197083834945
EVS: 0.5886291765172722
