Model: GRU
MSE: 2.9592441673655174
MAE: 1.3913528425940151
EVS: 0.638030609176212
