Model: GRU
MSE: 6.9593758337929446
MAE: 2.286075937336889
EVS: 0.6210883762996546
