Model: GRU
MSE: 2.6556368284426095
MAE: 1.3251053711463665
EVS: 0.6125909185802731
