Model: GRU
MSE: 3.3545210619303525
MAE: 1.4785485349852463
EVS: 0.5743123214519881
