Model: GRU
MSE: 4.034827077371637
MAE: 1.663285781597269
EVS: 0.6058671591109246
