Model: GRU
MSE: 4.544381998838456
MAE: 1.7822586174668937
EVS: 0.5961430839302242
