Model: GRU
MSE: 5.840758770645215
MAE: 1.995396745615992
EVS: 0.1907491679363693
