Model: GRU
MSE: 4.032187045923208
MAE: 1.643655776977539
EVS: 0.5849196214834109
