Model: GRU
MSE: 209.00282901797874
MAE: 14.178435161195953
EVS: -0.16660485988871532
