Model: GRU
MSE: 2.7021940280516494
MAE: 1.3136418441246296
EVS: 0.6145036968152873
