Model: GRU
MSE: 371.91312676754524
MAE: 19.085277508045063
EVS: -0.12132980419380224
