Model: GRU
MSE: 3.083863678813643
MAE: 1.4111865306722706
EVS: 0.5577947059479605
