Model: GRU
MSE: 2.8920823491919627
MAE: 1.3646839898208092
EVS: 0.6144383919110629
