Model: GRU
MSE: 2.6622307839389765
MAE: 1.3111817754548172
EVS: 0.6106780109600713
