Model: GRU
MSE: 8.280359669599306
MAE: 2.5018737644984803
EVS: 0.57665439835245
