Model: GRU
MSE: 2.6439864707597986
MAE: 1.2914883186077248
EVS: 0.6163032582283133
