Model: GRU
MSE: 3.2466077270070133
MAE: 1.4745907947934906
EVS: 0.6026291297128754
