Model: GRU
MSE: 2.6611072228497856
MAE: 1.3208538828224972
EVS: 0.6109752498587944
