Model: GRU
MSE: 3.7959945143247436
MAE: 1.5664385433854728
EVS: 0.5838146568695477
