Model: GRU
MSE: 3.346656131926136
MAE: 1.487149846964869
EVS: 0.6152992952066243
