Model: GRU
MSE: 3.2612065308629035
MAE: 1.461421012878418
EVS: 0.565424029872236
