Model: GRU
MSE: 3.029987339045349
MAE: 1.400124007257922
EVS: 0.6555295662945253
