Model: GRU
MSE: 2.6607643270731467
MAE: 1.2519296942086056
EVS: 0.6327441644421412
