Model: GRU
MSE: 5.279272672522109
MAE: 1.9413485033758755
EVS: 0.6032227807911461
