Model: GRU
MSE: 4.024269278965017
MAE: 1.5943189325003788
EVS: 0.4489807114376201
