Model: GRU
MSE: 4.687626779101301
MAE: 1.8034739083257214
EVS: 0.6355664450725628
