Model: GRU
MSE: 4.387315056092826
MAE: 1.7066610106106461
EVS: 0.5835239167261137
