Model: GRU
MSE: 4574.504978689603
MAE: 67.36905262388032
EVS: -0.10946286933428673
