Model: GRU
MSE: 7.1842563596480336
MAE: 1.970437082751044
EVS: 0.7834955830693864
