Model: GRU
MSE: 43.53154011275349
MAE: 5.971181211800411
EVS: 0.0
