Model: GRU
MSE: 195.4148319718799
MAE: 12.610237027036733
EVS: -0.1243221374807153
