Model: GRU
MSE: 144.47021606905733
MAE: 10.44311721982627
EVS: -0.09388750459149087
