Model: GRU
MSE: 7.965868427983152
MAE: 2.2454599429821145
EVS: 0.7602271676554982
