Model: GRU
MSE: 8.51918523525381
MAE: 2.3009501490099677
EVS: 0.7381583805283739
