Model: GRU
MSE: 7.381710131077496
MAE: 2.003727777250882
EVS: 0.7791242542233288
