Model: GRU
MSE: 1785.1180066959619
MAE: 41.74984576784331
EVS: -0.2995229323472497
