Model: GRU
MSE: 7.890495489362452
MAE: 2.341655579106561
EVS: 0.7843643189886458
