Model: GRU
MSE: 11.306284646853006
MAE: 2.6813802554689605
EVS: 0.7712812634251497
