Model: GRU
MSE: 7.378883358378214
MAE: 2.0490966418693803
EVS: 0.7720638332502547
