Model: GRU
MSE: 6.434105366292386
MAE: 1.875472483963802
EVS: 0.8029173556578243
