Model: GRU
MSE: 9.070416571687595
MAE: 2.291269742209336
EVS: 0.7835850457550864
