Model: GRU
MSE: 8.04701385757693
MAE: 2.2194653194526146
EVS: 0.8000763737440935
