Model: GRU
MSE: 43.082771382864316
MAE: 5.926339872952165
EVS: 0.004148286046879557
