Model: GRU
MSE: 11.860277018133983
MAE: 2.9468987440240793
EVS: 0.7637841736803448
