Model: GRU
MSE: 7.203665077143392
MAE: 2.021913668204998
EVS: 0.7895804609122674
