Model: GRU
MSE: 9.527402368772346
MAE: 2.3976768789620233
EVS: 0.7156059370379284
