Model: GRU
MSE: 7.218862441046911
MAE: 2.0249700135198134
EVS: 0.7857138210510217
