Model: GRU
MSE: 6.575027504978912
MAE: 1.9541400054405476
EVS: 0.8031716001755039
