Model: GRU
MSE: 8.119046799909615
MAE: 2.2010526061058044
EVS: 0.8077299405266931
