Model: GRU
MSE: 8.145291887839246
MAE: 2.390715884751287
EVS: 0.7972262877589968
