Model: GRU
MSE: 13.201793783984279
MAE: 3.163871247192909
EVS: 0.6862977747584602
