Model: GRU
MSE: 10.686132895680485
MAE: 2.7687300525862595
EVS: 0.7735499820891155
