Model: GRU
MSE: 6.549073101838002
MAE: 1.767398139526104
EVS: 0.7979247944982556
