Model: GRU
MSE: 7.373448003292401
MAE: 2.1869545969469795
EVS: 0.7722343805244886
