Model: GRU
MSE: 7.488736397125992
MAE: 2.1652649353290427
EVS: 0.7697138703814711
