Model: GRU
MSE: 7.202708043190126
MAE: 2.0476220805069496
EVS: 0.7794263916497445
