Model: GRU
MSE: 6.82820110883557
MAE: 1.9709172331053635
EVS: 0.7893155291310658
