Model: GRU
MSE: 7.997616188145524
MAE: 2.208283107856224
EVS: 0.8058866858060895
