Model: GRU
MSE: 8.257534447030848
MAE: 2.223848581314087
EVS: 0.7462032858355268
