Model: GRU
MSE: 9.332560524520295
MAE: 2.3321645958670256
EVS: 0.7852297746673443
