Model: GRU
MSE: 8.83070194625877
MAE: 2.343686502555321
EVS: 0.7284044947802363
