Model: GRU
MSE: 10.967229945476072
MAE: 2.7355763439474434
EVS: 0.7842823285043419
