Model: GRU
MSE: 7.67664962406394
MAE: 2.1551939105165414
EVS: 0.7656257657358675
