Model: GRU
MSE: 6.976611963735936
MAE: 2.0127300311779153
EVS: 0.7900438281163523
