Model: GRU
MSE: 7.1152815213975895
MAE: 1.9341924149414589
EVS: 0.7825560042415618
