Model: GRU
MSE: 7.895818125953285
MAE: 2.208972824030909
EVS: 0.7990941867457743
