Model: GRU
MSE: 7.278643334655495
MAE: 1.990877155599923
EVS: 0.7756667872720154
