Model: GRU
MSE: 8.516015398302555
MAE: 2.307971257587959
EVS: 0.8090294679272295
