Model: GRU
MSE: 7.571906283339515
MAE: 2.15692085233228
EVS: 0.7754875918741975
