Model: GRU
MSE: 7.837039356545524
MAE: 2.0962850883089263
EVS: 0.7744565650845604
