Model: GRU
MSE: 14.021159025011592
MAE: 3.104142220883534
EVS: 0.792943929188352
