Model: GRU
MSE: 8.323712803430146
MAE: 2.177406907081604
EVS: 0.7662452363924127
