Model: GRU
MSE: 7.988067574432444
MAE: 2.138917257045877
EVS: 0.8063104290740581
