Model: GRU
MSE: 178.85088242515246
MAE: 11.830523827980304
EVS: -0.20132759699557834
