Model: GRU
MSE: 7.7055571997498955
MAE: 2.2196124422139136
EVS: 0.782468370217311
