Model: GRU
MSE: 7.866160147764213
MAE: 2.278523461572055
EVS: 0.7612645548827686
