Model: GRU
MSE: 7868.783147379603
MAE: 88.51821531098464
EVS: -0.02893007740173137
