Model: GRU
MSE: 173.5207815775615
MAE: 11.699191940241846
EVS: -0.132135496374435
