Model: GRU
MSE: 9.378657675908393
MAE: 2.466129621555065
EVS: 0.7725797837520417
