Model: GRU
MSE: 7.31457914531837
MAE: 2.0884332040260576
EVS: 0.7840923261998333
