Model: GRU
MSE: 8.177331961849346
MAE: 2.2116683495455773
EVS: 0.7790768969453361
