Model: GRU
MSE: 8.97335219150389
MAE: 2.5269294031735123
EVS: 0.7780057241032201
