Model: GRU
MSE: 182.7703236440854
MAE: 12.162452060600806
EVS: -0.07638990774518573
