Model: GRU
MSE: 876.5755397301001
MAE: 28.8718114721364
EVS: -0.3281171482813079
