Model: GRU
MSE: 1793.2708570608308
MAE: 41.8447757589406
EVS: -0.3062328207303553
