Model: GRU
MSE: 10.77829483822942
MAE: 2.4431703768927475
EVS: 0.7592168109915288
