Model: GRU
MSE: 7.95082450832761
MAE: 2.1967445550293756
EVS: 0.7546202254422656
