Model: GRU
MSE: 7.689879234376639
MAE: 2.1501824280311324
EVS: 0.7882338349872473
