Model: GRU
MSE: 9.017617792545654
MAE: 2.3456709097171653
EVS: 0.7726625621562745
