Model: GRU
MSE: 7.552116484594112
MAE: 2.0556702469957284
EVS: 0.7858540318897653
