Model: GRU
MSE: 6.45918662838761
MAE: 1.9414383234648869
EVS: 0.801585604956924
