Model: GRU
MSE: 12.81830881449383
MAE: 3.073637978783969
EVS: 0.7797937789723612
