Model: GRU
MSE: 7.560855050247812
MAE: 2.0436512355146736
EVS: 0.78290507464188
