Model: GRU
MSE: 6.951388927047819
MAE: 1.9913097167837208
EVS: 0.785622952886368
