Model: GRU
MSE: 6.973795280655694
MAE: 1.9777010597031692
EVS: 0.7845744874375978
