Model: GRU
MSE: 1975.4804184570382
MAE: 43.967600789563406
EVS: -0.30761983042161645
