Model: GRU
MSE: 6.698358856101471
MAE: 1.962172771322316
EVS: 0.7954997794918848
