Model: GRU
MSE: 9.020167784140975
MAE: 2.161301082578199
EVS: 0.7260658708845813
