Model: GRU
MSE: 7.224641318480794
MAE: 2.0433455911175957
EVS: 0.8185265926133443
