Model: GRU
MSE: 11.583972237821051
MAE: 2.8095430094620277
EVS: 0.7909417520879073
