Model: GRU
MSE: 6.588988451873089
MAE: 1.9429727998273125
EVS: 0.7988640932017035
