Model: GRU
MSE: 2733.671391830838
MAE: 51.829108073793606
EVS: -0.4646821435088664
