Model: GRU
MSE: 7.296567539579377
MAE: 2.0433622475328117
EVS: 0.7840078541803301
