Model: GRU
MSE: 7.723229466448844
MAE: 2.1522823469392183
EVS: 0.8147495719235223
