Model: GRU
MSE: 8.818228176564928
MAE: 2.4480541369010664
EVS: 0.7763543690288714
