Model: GRU
MSE: 1235.1321704422749
MAE: 34.573725634607776
EVS: -0.22913165332241014
