Model: GRU
MSE: 156.03662249503296
MAE: 11.266955597647305
EVS: 0.10131669638845131
