Model: GRU
MSE: 7.409468564482761
MAE: 2.1282205417238433
EVS: 0.8070524982396285
