Model: GRU
MSE: 13.372612754358922
MAE: 2.996588608314251
EVS: 0.7730632575304891
