Model: GRU
MSE: 7.266494747569784
MAE: 2.1652705916042985
EVS: 0.7757164506921602
