Model: GRU
MSE: 7.560927658810613
MAE: 2.1136313923474015
EVS: 0.794660418547124
