Model: GRU
MSE: 6.35304840000653
MAE: 1.8224989689629654
EVS: 0.8048313519362884
