Model: GRU
MSE: 7.713424229397062
MAE: 2.2990363959608406
EVS: 0.8065529840701078
