Model: GRU
MSE: 6.650162074148519
MAE: 2.0096385725613297
EVS: 0.809694325071738
