Model: GRU
MSE: 2440.664327437647
MAE: 49.0819610069538
EVS: 0.023067489559547405
