Model: GRU
MSE: 8.948362269112375
MAE: 2.2212459136699807
EVS: 0.7368076344984378
