Model: GRU
MSE: 7.012726156909432
MAE: 2.127501475399938
EVS: 0.7853934058569925
