Model: GRU
MSE: 10.994019395582766
MAE: 2.4322704076766968
EVS: 0.7193856912169657
