Model: GRU
MSE: 8.678134928157133
MAE: 2.152754915171656
EVS: 0.7424058552518057
