Model: GRU
MSE: 9.166638248712522
MAE: 2.402332901954651
EVS: 0.7962980134195772
