Model: GRU
MSE: 6.906772970154313
MAE: 1.9983731960428173
EVS: 0.7901345352898954
