Model: GRU
MSE: 8.66141413722753
MAE: 2.3468961797911545
EVS: 0.7351782560133269
