Model: GRU
MSE: 175.35486037508176
MAE: 12.017194608162189
EVS: 0.04418244412041572
