Model: GRU
MSE: 7.817489276996785
MAE: 2.2551161708502936
EVS: 0.8101542044409059
