Model: GRU
MSE: 7.377044708068987
MAE: 2.0520152038541335
EVS: 0.7839172527594607
