Model: GRU
MSE: 7.947054303175836
MAE: 2.2969621913186433
EVS: 0.8008389720455529
