Model: GRU
MSE: 7.313236926980499
MAE: 2.084485041684118
EVS: 0.774333032804737
