Model: GRU
MSE: 10.634771857644925
MAE: 2.5746976178267906
EVS: 0.7855292571130557
