Model: GRU
MSE: 8.206122993263822
MAE: 2.2222982727248093
EVS: 0.7950134957645205
