Model: GRU
MSE: 182.55396678190897
MAE: 12.229290761266435
EVS: -0.0039940009918144614
