Model: GRU
MSE: 6.474373234125936
MAE: 1.9797499056520134
EVS: 0.8009693779284762
