Model: GRU
MSE: 712.8557335432716
MAE: 25.949071686843347
EVS: -0.22022727658318209
