Model: GRU
MSE: 11.910500895098437
MAE: 2.910303124066057
EVS: 0.769117482604583
