Model: GRU
MSE: 8.558330825019192
MAE: 2.3127142632829734
EVS: 0.7954679669881431
