Model: GRU
MSE: 8.198543258943547
MAE: 2.123394957904158
EVS: 0.7816166947300857
