Model: GRU
MSE: 7.2274753043354165
MAE: 2.1432810405205034
EVS: 0.7865407869770689
