Model: GRU
MSE: 12.06058250468045
MAE: 2.967877930608289
EVS: 0.7798665644122117
