Model: GRU
MSE: 8.598350441694587
MAE: 2.1658182308591645
EVS: 0.7647953349828944
