Model: GRU
MSE: 6.865221976816937
MAE: 1.8671752995458142
EVS: 0.7879328432077285
