Model: GRU
MSE: 7.446185223308751
MAE: 2.0597081143280556
EVS: 0.7805113263242736
