Model: GRU
MSE: 7.242531217350586
MAE: 2.134248980160417
EVS: 0.7763004576097006
