Model: GRU
MSE: 33.06314121551485
MAE: 5.17117059641871
EVS: 0.0
