Model: GRU
MSE: 7.01579378303842
MAE: 2.043000652872283
EVS: 0.7931819857511287
