Model: GRU
MSE: 193.86480612775944
MAE: 12.741244513413001
EVS: 0.026154608954617742
