Model: GRU
MSE: 749.9011953049932
MAE: 26.80481821915199
EVS: 0.02994115805912445
