Model: GRU
MSE: 10.048022479444171
MAE: 2.5218784356939383
EVS: 0.8015633282566205
