Model: GRU
MSE: 9.932571242467839
MAE: 2.529330479687658
EVS: 0.7837328897252982
