Model: GRU
MSE: 7.472026491979736
MAE: 2.150769069277007
EVS: 0.7704375979677847
