Model: GRU
MSE: 7.9800933888749
MAE: 2.1472728663477403
EVS: 0.785536192973566
