Model: GRU
MSE: 8.782971099760632
MAE: 2.167531864396457
EVS: 0.7463772036570777
