Model: GRU
MSE: 7883.984270510933
MAE: 88.46239405664905
EVS: -0.8036819122505725
