Model: GRU
MSE: 148.71128722863588
MAE: 10.832614146429917
EVS: 0.031088982043227187
