Model: GRU
MSE: 6.851906288739323
MAE: 1.9487055663404793
EVS: 0.7949571386626602
