Model: GRU
MSE: 7.801610699350572
MAE: 2.184368470619465
EVS: 0.7911709361985917
