Model: GRU
MSE: 2723.1592799803457
MAE: 51.87279734118231
EVS: 0.0
