Model: GRU
MSE: 7.152034829419424
MAE: 2.1425092035326463
EVS: 0.7860170857576741
