Model: GRU
MSE: 7.047092174034102
MAE: 1.883161553021135
EVS: 0.7881913944977099
