Model: GRU
MSE: 8.540892128630846
MAE: 2.3439020884448083
EVS: 0.7779422849905973
