Model: GRU
MSE: 30.801367977748356
MAE: 4.994292094789702
EVS: 0.38925825935879077
