Model: GRU
MSE: 7.121198707666718
MAE: 1.951586219771155
EVS: 0.7915250681865482
