Model: GRU
MSE: 9.275890106590797
MAE: 2.5303906243422936
EVS: 0.7735952420759217
