Model: GRU
MSE: 6.444756435152718
MAE: 1.876318857587617
EVS: 0.8021145102206417
