Model: GRU
MSE: 6.682521719894104
MAE: 2.0595729433257004
EVS: 0.803390418450515
