Model: GRU
MSE: 8.634576620623365
MAE: 2.433414229031267
EVS: 0.7773156500414087
