Model: GRU
MSE: 9.43423957757815
MAE: 2.5998992385535407
EVS: 0.7650499633307384
