Model: GRU
MSE: 888.5325460332762
MAE: 29.535632791190313
EVS: 0.5002207554182346
