Model: GRU
MSE: 6.673061513918524
MAE: 2.013873503125947
EVS: 0.7939273496582828
