Model: GRU
MSE: 7.405752173929376
MAE: 2.2033828784679543
EVS: 0.789388889195883
