Model: GRU
MSE: 1524.27595664165
MAE: 38.385067742446374
EVS: -0.5711804816378365
