Model: GRU
MSE: 7.569227863380556
MAE: 2.2136932364825546
EVS: 0.7753601782651001
