Model: GRU
MSE: 6.1949415698392
MAE: 1.853819098965875
EVS: 0.8088663904349005
