Model: GRU
MSE: 6.759916276127272
MAE: 2.0146745484450768
EVS: 0.8021381847805211
