Model: GRU
MSE: 7.303523904911962
MAE: 2.080185672215053
EVS: 0.7843573073673267
