Model: GRU
MSE: 10.053695662588982
MAE: 2.5685547610809065
EVS: 0.8048608017366148
