Model: GRU
MSE: 7.445342195165654
MAE: 2.1934508599084
EVS: 0.7960745330484515
