Model: GRU
MSE: 7.4190923108105284
MAE: 2.1455174972271096
EVS: 0.7976600211211475
