Model: GRU
MSE: 10.046647137605234
MAE: 2.6890790051427382
EVS: 0.774377741964043
