Model: GRU
MSE: 6.553932663004798
MAE: 1.863356269639114
EVS: 0.7984872251556604
