Model: GRU
MSE: 8.060140395651121
MAE: 2.383565277888857
EVS: 0.7625208394912417
