Model: GRU
MSE: 8.597579119477125
MAE: 2.2753925487912934
EVS: 0.7819436311756214
