Model: GRU
MSE: 40.1948362806808
MAE: 5.775534498280492
EVS: 0.061133677868201675
