Model: GRU
MSE: 7.594152800891485
MAE: 2.0297852960126153
EVS: 0.7660569123928951
