Model: GRU
MSE: 12.645532630287617
MAE: 3.0622884949733473
EVS: 0.8031093347060724
