Model: GRU
MSE: 8.301584449727786
MAE: 2.1725940252172538
EVS: 0.7520128779755355
