Model: GRU
MSE: 6.25629792020033
MAE: 1.890855678196611
EVS: 0.8112234047453206
