Model: GRU
MSE: 1466.7519261192479
MAE: 37.846680147894496
EVS: -0.06204562592338281
