Model: GRU
MSE: 7.3124604261704915
MAE: 2.19631054483611
EVS: 0.7918771676314627
