Model: GRU
MSE: 20.401821518611367
MAE: 3.872357697322451
EVS: 0.7310787554115475
