Model: GRU
MSE: 7.612268178607414
MAE: 2.0849673172523238
EVS: 0.7709905569756883
