Model: GRU
MSE: 6.361403993089194
MAE: 1.935531920400159
EVS: 0.8035113740861124
