Model: GRU
MSE: 6.856486332363886
MAE: 1.9018744189163734
EVS: 0.7922397804200878
