Model: GRU
MSE: 7.1950746962862615
MAE: 2.0887590687850426
EVS: 0.7969068253695057
