Model: GRU
MSE: 9.187006517896634
MAE: 2.4827831038113297
EVS: 0.7677240143886102
