Model: GRU
MSE: 11.237757630109565
MAE: 2.8392956832359575
EVS: 0.7557147654492239
