Model: GRU
MSE: 161.34279266921394
MAE: 11.45370695919826
EVS: 0.06847814061836888
