Model: GRU
MSE: 7.5496183958725105
MAE: 2.2720777824007232
EVS: 0.7906904878921999
