Model: GRU
MSE: 176.6738919468477
MAE: 11.944871764758538
EVS: -0.050097172655309
