Model: GRU
MSE: 6.843251139469847
MAE: 1.9695653463232106
EVS: 0.788833535821133
