Model: GRU
MSE: 218.7349748964437
MAE: 13.480815427056674
EVS: -0.14303685794309207
