Model: GRU
MSE: 13.134471490333386
MAE: 2.836710320464496
EVS: 0.7619652544135789
