Model: GRU
MSE: 7.5569828594959
MAE: 2.1541763914042504
EVS: 0.8090862464131421
