Model: GRU
MSE: 948.4196356915426
MAE: 30.26792552553374
EVS: 0.0030846214585092957
