Model: GRU
MSE: 7.945839413593639
MAE: 2.2915632519228706
EVS: 0.7922054344660532
