Model: GRU
MSE: 6.427668565226847
MAE: 1.8542104219568187
EVS: 0.8017057216657497
