Model: GRU
MSE: 43.89956258527387
MAE: 5.930883243166167
EVS: 0.2641484195282202
