Model: GRU
MSE: 7.045792029963046
MAE: 1.9622232441244454
EVS: 0.7855641166167489
