Model: GRU
MSE: 7.430803460026858
MAE: 2.1302983349767226
EVS: 0.7778283623630702
