Model: GRU
MSE: 7.936791966419597
MAE: 2.1869810881285834
EVS: 0.7928781734889779
