Model: GRU
MSE: 6.995797070308182
MAE: 2.08034426590492
EVS: 0.784287439024894
