Model: GRU
MSE: 7.104417898488179
MAE: 2.1033658446936774
EVS: 0.7909157667245541
