Model: GRU
MSE: 8.063079266087685
MAE: 2.18500253249859
EVS: 0.7770746233058177
