Model: GRU
MSE: 8.749483847950446
MAE: 2.4093120447520553
EVS: 0.773777838362171
