Model: GRU
MSE: 147.34317958032693
MAE: 10.587401132131445
EVS: -0.08890168113459707
