Model: GRU
MSE: 7.401971050003889
MAE: 2.083273822891301
EVS: 0.8036863932010941
