Model: GRU
MSE: 7.6388556448501355
MAE: 2.1251420645878234
EVS: 0.7817680152282367
