Model: GRU
MSE: 6.977111459682463
MAE: 2.051619653044076
EVS: 0.7883056772426016
