Model: GRU
MSE: 8.068503070390546
MAE: 2.377146104286457
EVS: 0.7668219278162693
