Model: GRU
MSE: 7.1899078309607605
MAE: 2.0455497010000823
EVS: 0.7793769082641031
