Model: GRU
MSE: 8.350054388838396
MAE: 2.087519216126409
EVS: 0.7618593194569947
