Model: GRU
MSE: 8.87732968608758
MAE: 2.383306519738559
EVS: 0.7828025412357646
