Model: GRU
MSE: 8.04251089048399
MAE: 2.1057352300347953
EVS: 0.7813094185025723
