Model: GRU
MSE: 9.491030477830598
MAE: 2.4350063225318648
EVS: 0.780086415141261
