Model: GRU
MSE: 7.158378426032762
MAE: 2.2000648769839057
EVS: 0.7839473290815356
