Model: GRU
MSE: 8.484983316041111
MAE: 2.1982017878828377
EVS: 0.7828005175562516
