Model: GRU
MSE: 10.24813547566108
MAE: 2.7892931309239617
EVS: 0.7440140324624773
