Model: GRU
MSE: 6.7428272144807515
MAE: 1.9837778518939841
EVS: 0.7919695785854756
