Model: GRU
MSE: 9.685381834054455
MAE: 2.570170628613439
EVS: 0.7995276830850552
