Model: GRU
MSE: 7.536245799269961
MAE: 2.2200057999841096
EVS: 0.7675002673807184
