Model: GRU
MSE: 65.05829996196407
MAE: 7.190826268031679
EVS: -0.055541149106393295
