Model: GRU
MSE: 11.180952759518622
MAE: 2.366418110913244
EVS: 0.7253328284649732
