Model: GRU
MSE: 7.330115891963372
MAE: 2.1502695165831467
EVS: 0.7794480577501337
