Model: GRU
MSE: 1602.0911859463602
MAE: 39.335518442351244
EVS: -0.6930642799549893
