Model: GRU
MSE: 8.972736274339578
MAE: 2.451436832033355
EVS: 0.7735713013237296
