Model: GRU
MSE: 10.411213626858379
MAE: 2.630778304461775
EVS: 0.678614803169107
