Model: GRU
MSE: 12.815449786821482
MAE: 2.893704319822377
EVS: 0.7818464739709368
