Model: GRU
MSE: 8.877684119847787
MAE: 2.477444821390612
EVS: 0.7576838698214792
