Model: GRU
MSE: 6.9533885632965635
MAE: 2.0412563671325814
EVS: 0.8073590518982551
