Model: GRU
MSE: 6.442049795469024
MAE: 1.8882360047307507
EVS: 0.8010664880343926
