Model: GRU
MSE: 7.7397529434810135
MAE: 2.244483076292893
EVS: 0.7649761684492049
