Model: GRU
MSE: 36.92023201583439
MAE: 5.566438411844188
EVS: 0.02353368609950035
