Model: GRU
MSE: 555.5786549860699
MAE: 22.843458948464228
EVS: -0.042717618850741434
