Model: GRU
MSE: 7.081275056121246
MAE: 2.0809316963985047
EVS: 0.7942549003525504
