Model: GRU
MSE: 6.888240081267213
MAE: 1.9562325251513515
EVS: 0.7878240084846547
