Model: GRU
MSE: 7.292334907889987
MAE: 2.1978162979257516
EVS: 0.7850707500505064
