Model: GRU
MSE: 616.2225286005719
MAE: 24.181632354341705
EVS: 0.0278322563635528
