Model: GRU
MSE: 7.557933985309195
MAE: 2.1436666126908928
EVS: 0.7962020012555856
