Model: GRU
MSE: 6.360611512291671
MAE: 1.9192272630231133
EVS: 0.8043223318820035
