Model: GRU
MSE: 7.578694676505426
MAE: 2.1537799670778472
EVS: 0.7807544095423792
