Model: GRU
MSE: 9.013023455549893
MAE: 2.2376970710425543
EVS: 0.777018698917647
