Model: GRU
MSE: 8.129546208457736
MAE: 2.3045930451360244
EVS: 0.7535975834389854
