Model: GRU
MSE: 23.153760354777596
MAE: 4.183870940372862
EVS: 0.6819498753889902
