Model: GRU
MSE: 6.560028475552231
MAE: 1.9734518980157787
EVS: 0.8002775665803681
