Model: GRU
MSE: 11.265055193754993
MAE: 2.782576088247628
EVS: 0.7775223163549647
