Model: GRU
MSE: 7.369449776924943
MAE: 2.0359371201745393
EVS: 0.7929498346515246
