Model: GRU
MSE: 7.220302637396979
MAE: 2.0010767147458832
EVS: 0.7933068650562486
