Model: GRU
MSE: 10.654724631238556
MAE: 2.62621100195523
EVS: 0.7899076298818272
