Model: GRU
MSE: 152.9877183138079
MAE: 10.933791407223406
EVS: -0.03298350400628092
