Model: GRU
MSE: 12.17224878493151
MAE: 2.9938716559574523
EVS: 0.7678925105116524
