Model: GRU
MSE: 7.11790462688525
MAE: 1.9993149823155896
EVS: 0.789593848486769
