Model: GRU
MSE: 6.605452847934665
MAE: 1.925022240342765
EVS: 0.8014425523124851
