Model: GRU
MSE: 6.825488991186607
MAE: 1.938312472968266
EVS: 0.7892580728601819
