Model: GRU
MSE: 7.480905860626725
MAE: 2.110820408525138
EVS: 0.7699089605810518
