Model: GRU
MSE: 9.87375929212752
MAE: 2.6476218453769027
EVS: 0.7692786620476882
