Model: GRU
MSE: 9.764474957733544
MAE: 2.4323731578629593
EVS: 0.760710217151527
