Model: GRU
MSE: 6.971603662597592
MAE: 1.9537671249488304
EVS: 0.8080129771933171
