Model: GRU
MSE: 167.06070019705476
MAE: 11.51218259951164
EVS: -0.06666762261670423
