Model: GRU
MSE: 8.302529612518482
MAE: 2.11346828526464
EVS: 0.7686699620046191
