Model: GRU
MSE: 24.574375031538782
MAE: 4.12943671489584
EVS: 0.6963208329865458
