Model: GRU
MSE: 7.201866007986556
MAE: 2.1312060273926834
EVS: 0.7894938284783647
