Model: GRU
MSE: 8.663007457325762
MAE: 2.4305228282665383
EVS: 0.7965186348943459
