Model: GRU
MSE: 8.041653560690271
MAE: 2.29928189105001
EVS: 0.7625377873640181
