Model: GRU
MSE: 510.8539477542884
MAE: 21.875211501943653
EVS: 0.001331590483132139
