Model: GRU
MSE: 3876.2495422268585
MAE: 62.04018638873922
EVS: 0.157770083377202
