Model: GRU
MSE: 7.537841680370304
MAE: 2.2004096919092637
EVS: 0.7850757581494368
