Model: GRU
MSE: 9.049539128872595
MAE: 2.357323699984057
EVS: 0.7945706847492935
