Model: GRU
MSE: 791.3434470407168
MAE: 27.394660719509783
EVS: -0.2626896359295521
