Model: GRU
MSE: 8.507555323594321
MAE: 2.1913881733499725
EVS: 0.7889571230343382
