Model: GRU
MSE: 6.976943607458149
MAE: 2.1367424397632995
EVS: 0.7909700110454694
