Model: GRU
MSE: 7.8184986239532135
MAE: 2.0691498586109707
EVS: 0.7719499661927564
