Model: GRU
MSE: 8.794455477597733
MAE: 2.335273126076008
EVS: 0.7554731594134698
