Model: GRU
MSE: 7.740518032562783
MAE: 2.0864276104959947
EVS: 0.7793311239784951
