Model: GRU
MSE: 6.735260774429539
MAE: 1.9217911136561427
EVS: 0.7951511079521946
