Model: GRU
MSE: 7.555945686474807
MAE: 2.138775850164479
EVS: 0.7841972847631339
