Model: GRU
MSE: 8.232633208636752
MAE: 2.0690156015856513
EVS: 0.786486487123028
