Model: GRU
MSE: 7.299646075166282
MAE: 2.0134117336108766
EVS: 0.7746029245002058
