Model: GRU
MSE: 7.572628614474706
MAE: 2.0931881995036683
EVS: 0.782404362690922
