Model: GRU
MSE: 7.878862056372886
MAE: 2.30204935731559
EVS: 0.7741668960468052
