Model: GRU
MSE: 7.0291063160655245
MAE: 2.0243978192066323
EVS: 0.7892618216726124
