Model: GRU
MSE: 9.170086710807603
MAE: 2.3242847076777755
EVS: 0.7677173907587838
