Model: GRU
MSE: 7.402090428430574
MAE: 2.125135060014396
EVS: 0.7715975037932818
