Model: GRU
MSE: 6.8050817693340475
MAE: 1.9783628480187778
EVS: 0.7960206560867693
