Model: GRU
MSE: 8.293840715088864
MAE: 2.2175041745448936
EVS: 0.7945380760949727
