Model: GRU
MSE: 8.060082531488655
MAE: 2.186704088901651
EVS: 0.751084948082372
