Model: GRU
MSE: 7.695380210027279
MAE: 2.163849057822392
EVS: 0.7634270462315101
