Model: GRU
MSE: 7.048348995634248
MAE: 1.9803455122585953
EVS: 0.7823658370815241
