Model: GRU
MSE: 10.296539360896688
MAE: 2.5386481613948426
EVS: 0.7727883969180305
