Model: GRU
MSE: 7.007049128802856
MAE: 1.995989832384833
EVS: 0.7847713159527159
