Model: GRU
MSE: 8.379394191906849
MAE: 2.4189995445054153
EVS: 0.7524275625634291
