Model: GRU
MSE: 7.340838709221657
MAE: 2.0707685947418213
EVS: 0.7952307787000348
