Model: GRU
MSE: 9.628634703754402
MAE: 2.563174819124156
EVS: 0.7026612670870116
