Model: GRU
MSE: 8.947698461408933
MAE: 2.343200971340311
EVS: 0.8022627253951075
