Model: GRU
MSE: 1429.8144484032623
MAE: 37.34018874990529
EVS: -0.09738537642901957
