Model: GRU
MSE: 8.446402594685601
MAE: 2.344889390057531
EVS: 0.7909783648659668
