Model: GRU
MSE: 7.007409599004435
MAE: 2.086062053154255
EVS: 0.7884423563445677
