Model: GRU
MSE: 3524.151942546594
MAE: 59.08556162077805
EVS: -0.020887521532588327
