Model: GRU
MSE: 7.588756109222231
MAE: 2.1806885620643355
EVS: 0.805557600975792
