Model: GRU
MSE: 7.717907034346291
MAE: 2.153783085017369
EVS: 0.761642611500165
