Model: GRU
MSE: 7.151578825932135
MAE: 2.0126532891701006
EVS: 0.7795035591438342
