Model: GRU
MSE: 7.5423638215659885
MAE: 2.061894655227661
EVS: 0.7704519070068518
