Model: GRU
MSE: 6.612838047521703
MAE: 1.9019591828872418
EVS: 0.795724657260724
