Model: GRU
MSE: 10.170850567830312
MAE: 2.459512944879203
EVS: 0.6972961684090448
