Model: GRU
MSE: 8.408086230261347
MAE: 2.257071980114641
EVS: 0.7793410716791612
