Model: GRU
MSE: 9.787341328328427
MAE: 2.4590545193902376
EVS: 0.7885537119169577
