Model: GRU
MSE: 6.636444905533397
MAE: 2.035766963301034
EVS: 0.8104164314301919
