Model: GRU
MSE: 10.271186185520786
MAE: 2.7798382690974646
EVS: 0.7266682801362288
