Model: GRU
MSE: 11.76978644487274
MAE: 2.9799648071157523
EVS: 0.7570779534891481
