Model: GRU
MSE: 2482.799414948408
MAE: 49.553130840433056
EVS: 0.15709593092021634
