Model: GRU
MSE: 8.190252482577908
MAE: 2.3303882418007684
EVS: 0.7893583446340748
