Model: GRU
MSE: 7.485030085780191
MAE: 2.2120917542227385
EVS: 0.7972547000099679
