Model: GRU
MSE: 1510.1902975840055
MAE: 38.17638305137898
EVS: -0.6296116371476832
