Model: GRU
MSE: 7.411287806377102
MAE: 2.097258477375425
EVS: 0.7996857315792902
