Model: GRU
MSE: 8.313842612383993
MAE: 2.3279794413467934
EVS: 0.7817162564976052
