Model: GRU
MSE: 6.513224466956911
MAE: 1.9914912601997112
EVS: 0.802827164752445
