Model: GRU
MSE: 3954.051721136476
MAE: 62.280954097879345
EVS: -1.3209585243351616
