Model: GRU
MSE: 7.2103375108536625
MAE: 2.0379090226929764
EVS: 0.7804935634806761
