Model: GRU
MSE: 6.663523445896561
MAE: 2.0457670483095893
EVS: 0.7968857187644285
