Model: GRU
MSE: 7.5272311923084985
MAE: 2.1842621277118552
EVS: 0.7685998112194447
