Model: GRU
MSE: 7.165729913415703
MAE: 1.9841056281122669
EVS: 0.804731748085839
