Model: GRU
MSE: 178.59918874899316
MAE: 11.876418267858439
EVS: -0.15994296762563565
