Model: GRU
MSE: 8.315544963040296
MAE: 2.34209930074626
EVS: 0.7948742505034774
