Model: GRU
MSE: 214.3990164432826
MAE: 13.479398982278232
EVS: -0.010275600227170889
