Model: GRU
MSE: 6.642126142114574
MAE: 1.9022595224709347
EVS: 0.7948712610585392
