Model: GRU
MSE: 9.662359693781797
MAE: 2.568478691166845
EVS: 0.7617351239991248
