Model: GRU
MSE: 8.560622407818752
MAE: 2.1775972062143785
EVS: 0.7848583420554376
