Model: GRU
MSE: 6.782575954528319
MAE: 1.906590578884914
EVS: 0.7958397640104428
