Model: GRU
MSE: 11.448677726342998
MAE: 2.805317827633449
EVS: 0.7950186820174817
