Model: GRU
MSE: 8.161035296754072
MAE: 2.1736213338786157
EVS: 0.7757164252702631
