Model: GRU
MSE: 7.392102655249583
MAE: 2.0550729324077737
EVS: 0.7796613189817209
