Model: GRU
MSE: 229.4064363712462
MAE: 13.698404608101681
EVS: -0.29000125257341614
