Model: GRU
MSE: 7.099848547719125
MAE: 2.0162446909937364
EVS: 0.7828469629959877
