Model: GRU
MSE: 7.630821229485217
MAE: 2.1721289240080734
EVS: 0.7690147619364401
