Model: GRU
MSE: 6.514288546690009
MAE: 1.8601136947500294
EVS: 0.7993749781763219
