Model: GRU
MSE: 300.77995068690774
MAE: 16.22449805818755
EVS: -0.15981123631730942
