Model: GRU
MSE: 214.47413073049285
MAE: 13.268740504128592
EVS: -0.16878599188130172
