Model: GRU
MSE: 66.80405195670178
MAE: 7.227142860149515
EVS: -2.220446049250313e-16
