Model: GRU
MSE: 8.93079186803461
MAE: 2.54598331451416
EVS: 0.7744737939077637
