Model: GRU
MSE: 54.37747734209197
MAE: 6.557002988354913
EVS: 0.04867954301377464
