Model: GRU
MSE: 11.004743211824302
MAE: 2.766325798527948
EVS: 0.7654984772609981
