Model: GRU
MSE: 7.540004008313143
MAE: 2.179813631649675
EVS: 0.7675287357340419
