Model: GRU
MSE: 38.612631703315984
MAE: 5.6884680123164735
EVS: 0.0
