Model: GRU
MSE: 36.17015656984699
MAE: 5.483810622116615
EVS: 0.07014028561415808
