Model: GRU
MSE: 6.7572578582340626
MAE: 1.9332519892988533
EVS: 0.7939748098095998
