Model: GRU
MSE: 11.087385199426896
MAE: 2.9074750933153877
EVS: 0.7403106430097413
