Model: GRU
MSE: 6.766325121838177
MAE: 1.9649832002047836
EVS: 0.7911779017887526
