Model: GRU
MSE: 1349.6826714487606
MAE: 36.060799532923205
EVS: -0.5229562734386612
