Model: GRU
MSE: 6.902709350903613
MAE: 2.0189581040678353
EVS: 0.7923710548723093
