Model: GRU
MSE: 6.509905885366629
MAE: 1.953688699623634
EVS: 0.805342500716071
