Model: GRU
MSE: 9.094619416961518
MAE: 2.3719384546937614
EVS: 0.732263880842646
