Model: GRU
MSE: 7.743808534150722
MAE: 2.2581364204143655
EVS: 0.7943221642183964
