Model: GRU
MSE: 8.377181907769666
MAE: 2.427421652037522
EVS: 0.7870145052132322
