Model: GRU
MSE: 7.048251304221833
MAE: 1.9700241993213523
EVS: 0.7841998346118353
