Model: GRU
MSE: 8.165936937223286
MAE: 2.238322430643542
EVS: 0.797240220155049
