Model: GRU
MSE: 8.583521537233835
MAE: 2.2309301146145524
EVS: 0.7796558519651322
