Model: GRU
MSE: 6.071570413707288
MAE: 1.9142739649476677
EVS: 0.8141758064423084
