Model: GRU
MSE: 7.786919241733868
MAE: 2.0820160898669013
EVS: 0.7665732298305944
