Model: GRU
MSE: 182.9393736949011
MAE: 12.364096657983188
EVS: 0.07116260752378234
