Model: GRU
MSE: 6.721572773114601
MAE: 2.0006408198126433
EVS: 0.7977076300884847
