Model: GRU
MSE: 7.489510905241629
MAE: 2.0869125333325615
EVS: 0.7954078682601591
