Model: GRU
MSE: 6.649442120997064
MAE: 1.8768296488400162
EVS: 0.797653115714199
