Model: GRU
MSE: 4065.399974017948
MAE: 63.507996986652245
EVS: 0.007348385224303922
