Model: GRU
MSE: 9.017186932362899
MAE: 2.272960588849824
EVS: 0.7325207763773383
