Model: GRU
MSE: 8.125585791215418
MAE: 2.2275173581879715
EVS: 0.749164172921181
