Model: GRU
MSE: 7.258063847293519
MAE: 2.1348727242699983
EVS: 0.7759489795093739
