Model: GRU
MSE: 7.915655238433706
MAE: 2.295027128581343
EVS: 0.7570813468789304
