Model: GRU
MSE: 7.373094039417843
MAE: 2.1093884172110724
EVS: 0.7722733898861153
