Model: GRU
MSE: 7.105926636464842
MAE: 2.0752391136925796
EVS: 0.784689095319713
