Model: GRU
MSE: 7.141162580490949
MAE: 1.947908960539719
EVS: 0.7927206348806433
