Model: GRU
MSE: 151.37309170521067
MAE: 10.877836402120261
EVS: -0.020807712565840575
