Model: GRU
MSE: 10.038143370532183
MAE: 2.6619562033949227
EVS: 0.6986376276325468
