Model: GRU
MSE: 6.398816463006138
MAE: 1.8586567928051125
EVS: 0.8027337811374591
