Model: GRU
MSE: 6.899752822523715
MAE: 2.061524411727642
EVS: 0.7915383311837669
