Model: GRU
MSE: 833.1920353884985
MAE: 28.33075635186557
EVS: 0.055970783746904784
