Model: GRU
MSE: 7.80351997462145
MAE: 2.21815615686877
EVS: 0.7664132589713012
