Model: GRU
MSE: 6.869853208780661
MAE: 2.011111522543019
EVS: 0.7877950206197639
