Model: GRU
MSE: 9.17298591345263
MAE: 2.4266388416290283
EVS: 0.7974147963634424
