Model: GRU
MSE: 8.23895022745198
MAE: 2.1136278284007104
EVS: 0.7707872929906915
