Model: GRU
MSE: 8.82166895443158
MAE: 2.4566506229597946
EVS: 0.7337065973832189
