Model: GRU
MSE: 7.992906818259581
MAE: 2.119054416130329
EVS: 0.7767905471282596
