Model: GRU
MSE: 7.573335020889402
MAE: 2.221580780785659
EVS: 0.770411363372602
