Model: GRU
MSE: 6.6880858332549336
MAE: 1.9839794574112728
EVS: 0.7942529721991002
