Model: GRU
MSE: 383.2005155594088
MAE: 18.766729453514362
EVS: 0.04206682935895156
