Model: GRU
MSE: 5931.078817753354
MAE: 76.80303797228584
EVS: 0.0
