Model: GRU
MSE: 7.610182100455955
MAE: 2.1263781703751663
EVS: 0.7945976750556293
