Model: GRU
MSE: 7.21700100655471
MAE: 2.0955342588753534
EVS: 0.7882999209653176
