Model: GRU
MSE: 8.605091900649121
MAE: 2.4443644572948586
EVS: 0.7669593774342274
