Model: GRU
MSE: 6.902465781272901
MAE: 1.9748208687223237
EVS: 0.7973649559148411
