Model: GRU
MSE: 154.99703915079618
MAE: 11.063823765721814
EVS: -0.006692996201356882
