Model: GRU
MSE: 6.729429016209757
MAE: 2.0145266282147376
EVS: 0.792252683136144
