Model: GRU
MSE: 7.344689164024297
MAE: 1.9470476980867057
EVS: 0.7884898132670494
