Model: GRU
MSE: 259.08384942154066
MAE: 14.79989928212659
EVS: -0.2370756505211411
