Model: GRU
MSE: 7.293198938281452
MAE: 2.0857159515907027
EVS: 0.7827865110063077
