Model: GRU
MSE: 7.59400212577942
MAE: 2.198440539425817
EVS: 0.768466781945091
