Model: GRU
MSE: 6.291624908584458
MAE: 1.8170759266820447
EVS: 0.8058006062607199
