Model: GRU
MSE: 7.535645800162528
MAE: 2.0949661855039925
EVS: 0.7773244199304623
