Model: GRU
MSE: 8.131184343321813
MAE: 2.127985415787532
EVS: 0.7632741668493465
