Model: GRU
MSE: 6.980176048356138
MAE: 1.981378197669983
EVS: 0.7911378486293194
