Model: GRU
MSE: 6.8106956080845995
MAE: 1.925624230812336
EVS: 0.7913031787970819
