Model: GRU
MSE: 7.365800685769398
MAE: 2.170925337692787
EVS: 0.79203490493464
