Model: GRU
MSE: 5080.098029766611
MAE: 71.05761481975686
EVS: 0.045062466241142185
