Model: GRU
MSE: 8.148605782028676
MAE: 2.170525748154213
EVS: 0.788119259322029
