Model: GRU
MSE: 6.539646226902347
MAE: 2.057361047843407
EVS: 0.8037952093867593
