Model: GRU
MSE: 10.18732761325109
MAE: 2.5700040110226334
EVS: 0.6861314463182049
