Model: GRU
MSE: 7.608392672168571
MAE: 2.20280306092624
EVS: 0.7664155475644983
