Model: GRU
MSE: 6.520050109846199
MAE: 1.960539694490104
EVS: 0.7994744111556786
