Model: GRU
MSE: 6.769305833607297
MAE: 2.0100587565323402
EVS: 0.7928385168535041
