Model: GRU
MSE: 6.878598773881845
MAE: 2.027314276530825
EVS: 0.789763795405956
