Model: GRU
MSE: 9.229770112521699
MAE: 2.501708047143344
EVS: 0.7889973084431777
