Model: GRU
MSE: 9.160188087683707
MAE: 2.2381745371325263
EVS: 0.7538093133133067
