Model: GRU
MSE: 195.26113296061345
MAE: 12.740881730770242
EVS: -0.017264508338640905
