Model: GRU
MSE: 6754.930329821743
MAE: 81.98919335727034
EVS: -0.010204024131688305
