Model: GRU
MSE: 7017.54306681392
MAE: 83.60082455339104
EVS: 0.12130711189237497
