Model: GRU
MSE: 7.256074000412708
MAE: 2.0566840562327156
EVS: 0.8005191056763236
