Model: GRU
MSE: 43.50053826079489
MAE: 5.969580025508486
EVS: 0.0
