Model: GRU
MSE: 4957.8567608977
MAE: 70.12955705050764
EVS: -0.2264232352075053
