Model: GRU
MSE: 10.319416674094452
MAE: 2.695297244616917
EVS: 0.7938082939448552
