Model: GRU
MSE: 8.603341077695204
MAE: 2.418792255993547
EVS: 0.7516931021032424
