Model: GRU
MSE: 6.453373907712888
MAE: 1.898646188193354
EVS: 0.8019583529686771
