Model: GRU
MSE: 7.748934024466528
MAE: 2.2264821817134988
EVS: 0.7795953996094281
