Model: GRU
MSE: 6.955128033392419
MAE: 1.9706336095415313
EVS: 0.7875537123848888
