Model: GRU
MSE: 6.874279264800356
MAE: 1.912995852273086
EVS: 0.7882661557026543
