Model: GRU
MSE: 8.714729535357323
MAE: 2.474473139335369
EVS: 0.7471866282920658
