Model: GRU
MSE: 164.48007273619956
MAE: 11.382245137773712
EVS: -0.07884525218049232
