Model: GRU
MSE: 35.2800929666762
MAE: 4.6649104151232486
EVS: 0.0
