Model: GRU
MSE: 6.487195326058327
MAE: 1.9356000176791488
EVS: 0.7998339036802298
