Model: GRU
MSE: 22.549669923741007
MAE: 4.11453284888432
EVS: 0.6402262608393375
