Model: GRU
MSE: 457.7439556855857
MAE: 20.76971590107885
EVS: 0.18563222041201433
