Model: GRU
MSE: 1166.0091243733639
MAE: 33.07519741716056
EVS: -1.2253814581867162
