Model: GRU
MSE: 8.206821820648624
MAE: 2.3197190186073042
EVS: 0.7879224539653376
