Model: GRU
MSE: 9.978129868634152
MAE: 2.435329955199669
EVS: 0.793832058349814
