Model: GRU
MSE: 7.902205351779198
MAE: 2.1930188516090654
EVS: 0.7643522381122908
