Model: GRU
MSE: 8.605415800464826
MAE: 2.398469826270794
EVS: 0.765138443525912
