Model: GRU
MSE: 6.950357507940065
MAE: 1.963524662215134
EVS: 0.7856929692684008
