Model: GRU
MSE: 7.586780471667261
MAE: 2.1965945589131324
EVS: 0.7730660512064301
