Model: GRU
MSE: 7.332542290031748
MAE: 2.073922066852964
EVS: 0.7924699832567172
