Model: GRU
MSE: 10.158924702762153
MAE: 2.5178533504749168
EVS: 0.810368477728018
