Model: GRU
MSE: 12.535696337144737
MAE: 2.820633320972837
EVS: 0.7709884117212282
