Model: GRU
MSE: 6.897345998587756
MAE: 1.9269777248645652
EVS: 0.7876009836337556
