Model: GRU
MSE: 7.941185732408769
MAE: 2.1461580837595053
EVS: 0.7847215352559849
