Model: GRU
MSE: 528.2674543356235
MAE: 22.27596399701875
EVS: 0.009986775124942948
