Model: GRU
MSE: 7.9972102878819555
MAE: 2.2446151149683984
EVS: 0.7663749051357999
