Model: GRU
MSE: 7.403651684673453
MAE: 2.0472079597670456
EVS: 0.782361249636417
