Model: GRU
MSE: 8.583599843727537
MAE: 2.234426171615206
EVS: 0.785347557237822
