Model: GRU
MSE: 7.980388576174278
MAE: 2.219025126818953
EVS: 0.7676076901759237
