Model: GRU
MSE: 8.122087337606319
MAE: 2.1960296959712586
EVS: 0.7939943769453415
