Model: GRU
MSE: 10.069428398123035
MAE: 2.523182774412221
EVS: 0.7831911587734086
