Model: GRU
MSE: 6.825782846047391
MAE: 1.930405357788349
EVS: 0.7893701820624741
