Model: GRU
MSE: 7.424830205373782
MAE: 2.2172232167474153
EVS: 0.7746624667319614
