Model: GRU
MSE: 9.172282189212744
MAE: 2.5232014450533637
EVS: 0.7175630375038172
