Model: GRU
MSE: 42.688443574470575
MAE: 5.898536879440834
EVS: 0.011161083337705047
