Model: GRU
MSE: 273.4688935836781
MAE: 15.21821168373371
EVS: -0.29354686436150135
