Model: GRU
MSE: 8.286556010104794
MAE: 2.4248826257113754
EVS: 0.773996417727947
