Model: GRU
MSE: 7.486025830819497
MAE: 2.037654556077102
EVS: 0.7821234574365634
