Model: GRU
MSE: 6.675223046198987
MAE: 1.9278281187189037
EVS: 0.7945428481386411
