Model: GRU
MSE: 6.606323487250256
MAE: 1.954360676222834
EVS: 0.8014510051170143
