Model: GRU
MSE: 12.494716872476817
MAE: 3.0970185131862245
EVS: 0.748880637538307
