Model: GRU
MSE: 6.315318849501061
MAE: 1.8990208321604236
EVS: 0.807006771365868
