Model: GRU
MSE: 7.832647535120435
MAE: 2.0013876577903487
EVS: 0.7647909836837374
