Model: GRU
MSE: 1050.5377482621857
MAE: 31.90933451159247
EVS: 0.0012373802588725447
