Model: GRU
MSE: 939.7128426030904
MAE: 30.098977483552076
EVS: -0.04300671871914519
