Model: GRU
MSE: 8.488319127421162
MAE: 2.2343736722551544
EVS: 0.7978875126594573
