Model: GRU
MSE: 8.721209273428608
MAE: 2.2584203193927634
EVS: 0.7778070393307448
