Model: GRU
MSE: 157.21058907987342
MAE: 10.977429940782745
EVS: -0.1338941502311206
