Model: GRU
MSE: 6.853925760999543
MAE: 1.9376000741432453
EVS: 0.7883092865346265
