Model: GRU
MSE: 7.7377763365130185
MAE: 2.195790751227017
EVS: 0.7617988531266008
