Model: GRU
MSE: 10.820459064753551
MAE: 2.890605170151283
EVS: 0.7686528535260643
