Model: GRU
MSE: 11.423966822939155
MAE: 2.545263529851519
EVS: 0.7375616859877542
