Model: GRU
MSE: 836.8241454054055
MAE: 27.91318755314268
EVS: -0.7817185370048461
