Model: GRU
MSE: 7.257347021239963
MAE: 2.0500919613344917
EVS: 0.7779655659754527
