Model: GRU
MSE: 7.295753768026144
MAE: 2.1119706918453347
EVS: 0.7807579049651032
