Model: GRU
MSE: 159.18035822815503
MAE: 11.16607940196991
EVS: -0.06570003318075401
