Model: GRU
MSE: 6.802404293716084
MAE: 2.0702112173211984
EVS: 0.7956823303792977
