Model: GRU
MSE: 6.692851047448763
MAE: 1.8995171785354614
EVS: 0.7932596310650581
