Model: GRU
MSE: 7.510197189170028
MAE: 2.169700227934739
EVS: 0.7689288483254652
