Model: GRU
MSE: 6.511091341579652
MAE: 2.052757871562037
EVS: 0.8174577082211247
