Model: GRU
MSE: 6.930235113224331
MAE: 1.9669832977755317
EVS: 0.8010411312022274
