Model: GRU
MSE: 6.86887935326356
MAE: 2.0643226360452585
EVS: 0.7880508611806172
