Model: GRU
MSE: 8.648154646845624
MAE: 2.492000567501989
EVS: 0.7892321664057039
