Model: GRU
MSE: 1392.8195112120904
MAE: 36.742430917147935
EVS: -0.3225333241689854
