Model: GRU
MSE: 8.272150584836012
MAE: 2.130485616881272
EVS: 0.7731341478064329
