Model: GRU
MSE: 256.8430084539849
MAE: 14.64261924809423
EVS: -0.31090075731285793
