Model: GRU
MSE: 10.052019429702165
MAE: 2.3494798911028894
EVS: 0.7575090434766871
