Model: GRU
MSE: 9.15472615625597
MAE: 2.4441184339852167
EVS: 0.7891088933369254
