Model: GRU
MSE: 10.129641667058195
MAE: 2.67770621283301
EVS: 0.7588976229842481
