Model: GRU
MSE: 6.906810514755377
MAE: 1.9912193725849021
EVS: 0.7938521415395581
