Model: GRU
MSE: 6.2511485901837265
MAE: 1.8924466782602771
EVS: 0.8081763905942084
