Model: GRU
MSE: 7.638021440065422
MAE: 2.0910088049954383
EVS: 0.7768345429903847
