Model: GRU
MSE: 158.4309230424642
MAE: 11.121147563745236
EVS: -0.07348359678665428
