Model: GRU
MSE: 8.768196336324964
MAE: 2.463836234191368
EVS: 0.7927003431020065
