Model: GRU
MSE: 2212.4758464328434
MAE: 46.574178564137426
EVS: -0.33823989879904937
