Model: GRU
MSE: 8.222309680823209
MAE: 2.4468902637218606
EVS: 0.7701264289283185
