Model: GRU
MSE: 7.777412892943734
MAE: 2.150060612579872
EVS: 0.7664497445669987
