Model: GRU
MSE: 12.73869333546545
MAE: 3.082196128779444
EVS: 0.7514936500423508
