Model: GRU
MSE: 172.5640663490085
MAE: 11.785888121045868
EVS: -0.039686290071398345
