Model: GRU
MSE: 186.99109802124246
MAE: 12.35004485475606
EVS: -0.06472577336204566
