Model: GRU
MSE: 9.258162286944398
MAE: 2.410315507444842
EVS: 0.788794393885349
