Model: GRU
MSE: 2493.32951456744
MAE: 49.64542467840786
EVS: 0.11463093846964412
