Model: GRU
MSE: 7.6539440459732075
MAE: 2.092053679556682
EVS: 0.8075740360182355
