Model: GRU
MSE: 10.199714598058803
MAE: 2.3975588389805385
EVS: 0.7742669181647446
