Model: GRU
MSE: 9.46065564194795
MAE: 2.5263666284495385
EVS: 0.7690552874945952
