Model: GRU
MSE: 8.251762268456465
MAE: 2.1809420256779113
EVS: 0.7577363672201333
