Model: GRU
MSE: 7.220193855948206
MAE: 2.1532899449611533
EVS: 0.7812932208539887
