Model: GRU
MSE: 8.672973501281156
MAE: 2.4292781270783523
EVS: 0.7532939100183644
