Model: GRU
MSE: 7.1602090774774245
MAE: 2.0270636081695557
EVS: 0.793095877492233
