Model: GRU
MSE: 6.907401367639934
MAE: 2.0561244323335846
EVS: 0.7875846656439778
