Model: GRU
MSE: 7.891748209949716
MAE: 2.1899782501418015
EVS: 0.7775593167030087
