Model: GRU
MSE: 6.671295895093113
MAE: 1.9734099610098477
EVS: 0.7972316800126298
