Model: GRU
MSE: 7.7033339636000955
MAE: 2.1490640270298926
EVS: 0.7649608442353659
