Model: GRU
MSE: 7.728771882770546
MAE: 2.0967768636243096
EVS: 0.7972234106071612
