Model: GRU
MSE: 7.2115609309037705
MAE: 1.9924316611783257
EVS: 0.7897759444970632
