Model: GRU
MSE: 7.173542164001274
MAE: 2.0945817191025307
EVS: 0.7788104060535636
