Model: GRU
MSE: 7.558980651687524
MAE: 2.215047269031919
EVS: 0.7783978031900418
