Model: GRU
MSE: 7.142878934701387
MAE: 2.0562448830440125
EVS: 0.7793563957220793
