Model: GRU
MSE: 7.503222048499205
MAE: 2.0933900126095475
EVS: 0.7762254197638273
