Model: GRU
MSE: 7.2570467383952435
MAE: 2.048079480384958
EVS: 0.7762400960422381
