Model: GRU
MSE: 8.795226515121248
MAE: 2.3174178107031462
EVS: 0.8147747801034585
