Model: GRU
MSE: 13.478467399072604
MAE: 3.2566572222216377
EVS: 0.7318668000031161
