Model: GRU
MSE: 7.225330152392566
MAE: 2.03785253393239
EVS: 0.7772282933621701
