Model: GRU
MSE: 7.253828893161947
MAE: 2.034482770952685
EVS: 0.7763358563987997
