Model: GRU
MSE: 6.232665227373508
MAE: 1.8731058024126908
EVS: 0.808577434450841
