Model: GRU
MSE: 249.03513042580067
MAE: 14.667588521694315
EVS: -0.04710222148745813
