Model: GRU
MSE: 808.5525545998402
MAE: 27.74806387671109
EVS: -0.19230495090861255
