Model: GRU
MSE: 391.353966496335
MAE: 18.85473165840938
EVS: -0.10752705059989376
