Model: GRU
MSE: 7.247387148660013
MAE: 2.0608146108430008
EVS: 0.7882862093384903
