Model: GRU
MSE: 7.965894190948704
MAE: 2.1893808677278717
EVS: 0.7540086594551757
