Model: GRU
MSE: 436.34462456116495
MAE: 19.877669663264832
EVS: -0.273404461396491
