Model: GRU
MSE: 7.113188130612597
MAE: 2.0118638277053833
EVS: 0.7879568375392396
