Model: GRU
MSE: 11.778887422014487
MAE: 2.626576026965832
EVS: 0.7836270667662413
