Model: GRU
MSE: 9.551982602342607
MAE: 2.504127490109411
EVS: 0.7948146315683592
