Model: GRU
MSE: 8.917521623910332
MAE: 2.264869311760212
EVS: 0.7585943209819441
