Model: GRU
MSE: 7.588058200282115
MAE: 2.126113908044223
EVS: 0.773277891425983
