Model: GRU
MSE: 9.120179757266113
MAE: 2.5575874715015807
EVS: 0.745536221974062
