Model: GRU
MSE: 8.115058904449096
MAE: 2.1343200535609803
EVS: 0.7715575564859776
