Model: GRU
MSE: 7.084132364994025
MAE: 1.988486799700507
EVS: 0.7812740781172159
