Model: GRU
MSE: 7.598627304911882
MAE: 2.1007588238551698
EVS: 0.7869029070696961
