Model: GRU
MSE: 7.185262259844149
MAE: 2.0999949307277284
EVS: 0.7796456700661387
