Model: GRU
MSE: 416.20385406969103
MAE: 19.792021200574677
EVS: 0.2438027372617717
