Model: GRU
MSE: 159.99065231426295
MAE: 11.193814174882297
EVS: -0.07157382787161937
