Model: GRU
MSE: 8.300449961430868
MAE: 2.151710633573861
EVS: 0.7557018748005201
