Model: GRU
MSE: 8.012549997770366
MAE: 2.339438120866644
EVS: 0.8078542280682939
