Model: GRU
MSE: 6.57052204479678
MAE: 1.9127766592749234
EVS: 0.797272815984145
