Model: GRU
MSE: 6.843710596310641
MAE: 2.0040820508167663
EVS: 0.7888241819387736
