Model: GRU
MSE: 6.978272806377958
MAE: 2.057652837889535
EVS: 0.7937570854978426
