Model: GRU
MSE: 6.501021011984085
MAE: 1.9661008859502858
EVS: 0.7992729788350832
