Model: GRU
MSE: 8.296646333619146
MAE: 2.3496658678712516
EVS: 0.7813543500679362
