Model: GRU
MSE: 6.850795549993913
MAE: 2.042465329170227
EVS: 0.7916525769895254
