Model: GRU
MSE: 13.148408140953801
MAE: 2.8722125374037644
EVS: 0.7740866676626472
