Model: GRU
MSE: 3769.897703954096
MAE: 61.15616015730233
EVS: 0.07878362004429151
