Model: GRU
MSE: 8.788184650319309
MAE: 2.3690351134744185
EVS: 0.7979615313443641
