Model: GRU
MSE: 9.02678705526705
MAE: 2.253746776745237
EVS: 0.7776983058832763
