Model: GRU
MSE: 6.415959418245648
MAE: 1.8908096593001793
EVS: 0.8018115737954467
