Model: GRU
MSE: 9.60308406009686
MAE: 2.6230637533911345
EVS: 0.745117300233322
