Model: GRU
MSE: 8.551696474674564
MAE: 2.209817960344512
EVS: 0.7808817688560546
