Model: GRU
MSE: 8.492944166650137
MAE: 2.418959346310846
EVS: 0.7490488561576439
