Model: GRU
MSE: 166.2860659467321
MAE: 11.367428742606064
EVS: -0.14504597251325024
