Model: GRU
MSE: 7.092210817167381
MAE: 1.9384834437534726
EVS: 0.7811482117551852
