Model: GRU
MSE: 7.679198393686485
MAE: 2.121532678604126
EVS: 0.8028642454791071
