Model: GRU
MSE: 9.52794213227005
MAE: 2.415133007935115
EVS: 0.7854417688827747
