Model: GRU
MSE: 37.47385941369885
MAE: 4.761322531206854
EVS: -0.031071386650685096
