Model: GRU
MSE: 6.279259586252629
MAE: 1.9425598506269783
EVS: 0.8217092585813707
