Model: GRU
MSE: 8.489112345598054
MAE: 2.28216159754786
EVS: 0.7776069872701847
