Model: GRU
MSE: 7.78942527954
MAE: 2.358433719339042
EVS: 0.7691680954668083
