Model: GRU
MSE: 6.816533604428094
MAE: 1.9531766237883732
EVS: 0.7935681615984034
