Model: GRU
MSE: 12.190914450475065
MAE: 2.8327292974652916
EVS: 0.8103975789998425
