Model: GRU
MSE: 7.316073613773785
MAE: 1.9443255991771304
EVS: 0.7902118812134703
