Model: GRU
MSE: 8.01475443535477
MAE: 2.2191012234523377
EVS: 0.7582656509547534
