Model: GRU
MSE: 6.372957496786862
MAE: 1.9708042720268513
EVS: 0.8196963736315539
