Model: GRU
MSE: 10.08140270884379
MAE: 2.7056004178935082
EVS: 0.7773931024726015
