Model: GRU
MSE: 7.088682603047907
MAE: 2.083039392743792
EVS: 0.7866065116384472
