Model: GRU
MSE: 8.140963950247201
MAE: 2.1868973497686715
EVS: 0.7650613588586381
