Model: GRU
MSE: 6.780151831993937
MAE: 2.0028444076406546
EVS: 0.7995084233409273
