Model: GRU
MSE: 7.1494163793986525
MAE: 1.9767078448986184
EVS: 0.7806170743393452
