Model: GRU
MSE: 499.14427745494396
MAE: 21.653062721778607
EVS: 0.06434611502586562
