Model: GRU
MSE: 6.698089572453008
MAE: 1.921662840349921
EVS: 0.7961952319216345
