Model: GRU
MSE: 7.834365553939945
MAE: 2.2023363935536353
EVS: 0.7863966154597718
