Model: GRU
MSE: 7.360874568156176
MAE: 2.003473865574804
EVS: 0.7909725081850465
