Model: GRU
MSE: 7.337275270885591
MAE: 2.0672332212842743
EVS: 0.773348949899724
