Model: GRU
MSE: 9.548575012169715
MAE: 2.4635849923923097
EVS: 0.7929638964973842
