Model: GRU
MSE: 6.4963323212547035
MAE: 1.898220185575814
EVS: 0.799489759410932
