Model: GRU
MSE: 8.672285131835546
MAE: 2.2494198556604057
EVS: 0.7730031359783082
