Model: GRU
MSE: 7.702090031592308
MAE: 2.1837423423240923
EVS: 0.7625467228243791
