Model: GRU
MSE: 10.3622030222479
MAE: 2.605510275939415
EVS: 0.6818194980809329
