Model: GRU
MSE: 7.63394138737219
MAE: 2.1797862546197297
EVS: 0.7774272544658265
