Model: GRU
MSE: 7.689125780410086
MAE: 2.070426077678286
EVS: 0.7625966074754117
