Model: GRU
MSE: 11.675579887923611
MAE: 2.9105361494524726
EVS: 0.7653328835040925
