Model: GRU
MSE: 165.68391111783671
MAE: 11.338373463729333
EVS: -0.1468243079073075
