Model: GRU
MSE: 6.579026817607794
MAE: 1.9661009188356071
EVS: 0.7971079977250033
