Model: GRU
MSE: 6.417199882217052
MAE: 1.8947591041696483
EVS: 0.8017876473820202
