Model: GRU
MSE: 7.563773986272669
MAE: 2.0664278145494133
EVS: 0.7840940956584683
