Model: GRU
MSE: 7.893447311620054
MAE: 2.209194101136306
EVS: 0.7561749381642019
