Model: GRU
MSE: 7.480126668739182
MAE: 2.0536499516717317
EVS: 0.7691798847680205
