Model: GRU
MSE: 6.682960832397402
MAE: 1.9403790903502498
EVS: 0.8108417275155234
