Model: GRU
MSE: 7.612139580080008
MAE: 2.192770871622809
EVS: 0.780411889386618
