Model: GRU
MSE: 18.072473444722075
MAE: 3.590014498809288
EVS: 0.6948395315824853
