Model: GRU
MSE: 9.03827386705725
MAE: 2.488399620713859
EVS: 0.7644967714955373
