Model: GRU
MSE: 7.53847195715094
MAE: 2.1801271767451844
EVS: 0.7775870592963242
