Model: GRU
MSE: 7.704754918302628
MAE: 2.123362631633364
EVS: 0.7703629721817515
