Model: GRU
MSE: 6.6815842506176
MAE: 1.9155476504358753
EVS: 0.7944372610025838
