Model: GRU
MSE: 6.747233223465953
MAE: 2.0154511587960378
EVS: 0.7958543502108247
