Model: GRU
MSE: 7.0159404368955425
MAE: 2.01082228175525
EVS: 0.7833004445869219
