Model: GRU
MSE: 8.077277897512962
MAE: 2.224842187659494
EVS: 0.7516220725840604
