Model: GRU
MSE: 9.542553936372341
MAE: 2.4883418329830826
EVS: 0.7846267775984767
