Model: GRU
MSE: 9.83375929201951
MAE: 2.4983317358740447
EVS: 0.7753115328377695
