Model: GRU
MSE: 6.68361000045075
MAE: 2.0070568148432106
EVS: 0.7946230642638732
