Model: GRU
MSE: 8.579727496339348
MAE: 2.181663620060888
EVS: 0.7642339975080462
