Model: GRU
MSE: 7.336859832599379
MAE: 2.025660457282231
EVS: 0.7948422621609399
