Model: GRU
MSE: 9.167572518954774
MAE: 2.2561526134096344
EVS: 0.7630778079159316
