Model: GRU
MSE: 8.425007899463361
MAE: 2.1765321883661994
EVS: 0.7698591745049586
