Model: GRU
MSE: 15.379612293283133
MAE: 3.1534700886956575
EVS: 0.7761045255860276
