Model: GRU
MSE: 9.46531091889352
MAE: 2.5871694087982178
EVS: 0.7693560928345644
