Model: GRU
MSE: 7.464072664742739
MAE: 2.01059091091156
EVS: 0.7721854205634466
