Model: GRU
MSE: 7.6731157242600805
MAE: 2.2130962774671357
EVS: 0.7637228313025537
