Model: GRU
MSE: 7.790078149992556
MAE: 2.1468346458056877
EVS: 0.7943298292846236
