Model: GRU
MSE: 3525.2299004791043
MAE: 59.06623051084321
EVS: -0.1247410041400101
