Model: GRU
MSE: 7.748155686588887
MAE: 2.1719575092710297
EVS: 0.7873675702286377
