Model: GRU
MSE: 6.925534765997898
MAE: 2.038952887058258
EVS: 0.8005539991626978
