Model: GRU
MSE: 12.182655817126461
MAE: 3.0545416289362413
EVS: 0.7570199740394452
