Model: GRU
MSE: 10.277911523676313
MAE: 2.7932499688247154
EVS: 0.7583591979792883
