Model: GRU
MSE: 7.469539811377613
MAE: 2.2704220363071985
EVS: 0.7768769861506997
