Model: GRU
MSE: 6.726416683459222
MAE: 1.9922887785681362
EVS: 0.7927672772763023
