Model: GRU
MSE: 8.76694995389773
MAE: 2.372863300915422
EVS: 0.780042573819918
