Model: GRU
MSE: 7.393257330145887
MAE: 2.007812027273507
EVS: 0.784147411521327
