Model: GRU
MSE: 7.489536038710098
MAE: 2.2057232692323883
EVS: 0.7782876699615264
