Model: GRU
MSE: 170.33172824003262
MAE: 11.75702702999115
EVS: 0.008282802028585001
