Model: GRU
MSE: 1014.860264819676
MAE: 31.37134552001953
EVS: 0.05168731625368239
