Model: GRU
MSE: 8.636980313762741
MAE: 2.4496209950282655
EVS: 0.7768236037485478
