Model: GRU
MSE: 13.757198179488192
MAE: 3.2283676574970115
EVS: 0.7145299186787488
