Model: GRU
MSE: 7.465034414129398
MAE: 2.036423087120056
EVS: 0.7710655794172937
