Model: GRU
MSE: 8.147354712507296
MAE: 2.1702223317376497
EVS: 0.7592295135811575
