Model: GRU
MSE: 7.378579723257826
MAE: 2.081839183281208
EVS: 0.7787987963340048
