Model: GRU
MSE: 7.658197600119699
MAE: 2.2423595190048218
EVS: 0.7657595929710282
