Model: GRU
MSE: 8.395789297345846
MAE: 2.2082145296294113
EVS: 0.7408857848922976
