Model: GRU
MSE: 8.93017025740284
MAE: 2.40449596273488
EVS: 0.7397028383843247
