Model: GRU
MSE: 30.313714169614943
MAE: 4.958306838726175
EVS: 0.10014000572922677
