Model: GRU
MSE: 9.402258691606887
MAE: 2.6795037409354903
EVS: 0.7596479208377854
