Model: GRU
MSE: 7.101883202283633
MAE: 1.9755682205331737
EVS: 0.7841507199644968
