Model: GRU
MSE: 10.776117618974876
MAE: 2.796902543511884
EVS: 0.8124322893475052
