Model: GRU
MSE: 7.921448653974572
MAE: 2.17919974491514
EVS: 0.7817723810560958
