Model: GRU
MSE: 7.204169177713342
MAE: 2.128768493389261
EVS: 0.785404712572371
