Model: GRU
MSE: 9.39802037523595
MAE: 2.4023439719759185
EVS: 0.7648381836731029
