Model: GRU
MSE: 7.190965099515453
MAE: 2.0669401390799162
EVS: 0.7969674069921381
