Model: GRU
MSE: 7.253339571776325
MAE: 2.192059714218666
EVS: 0.7794461011109152
