Model: GRU
MSE: 6.8744809545511
MAE: 1.9953401705314373
EVS: 0.8103812660870912
