Model: GRU
MSE: 8.472478353776056
MAE: 2.2252984293575944
EVS: 0.7427096676140794
