Model: GRU
MSE: 8.248074467883965
MAE: 2.2793726715548286
EVS: 0.79568118744742
