Model: GRU
MSE: 6.710649378800225
MAE: 2.007349265032801
EVS: 0.7927046760448417
