Model: GRU
MSE: 7.624989047425892
MAE: 2.2399622489666116
EVS: 0.7782013787756623
