Model: GRU
MSE: 8.133247977250916
MAE: 2.233938192499095
EVS: 0.7638557040388076
