Model: GRU
MSE: 6.66042473699511
MAE: 1.9290769038529232
EVS: 0.7945178263548613
