Model: GRU
MSE: 34.42353886877437
MAE: 5.375403568662446
EVS: 0.02008052534863547
