Model: GRU
MSE: 849.5291992874047
MAE: 28.487967951544398
EVS: -0.17276272381244095
