Model: GRU
MSE: 6.163793374138432
MAE: 1.8190239544572502
EVS: 0.8096277972030332
