Model: GRU
MSE: 13.194934580189452
MAE: 3.05835812256254
EVS: 0.790657846467802
