Model: GRU
MSE: 21.146740055546843
MAE: 3.9632521333365607
EVS: 0.35788316949129984
