Model: GRU
MSE: 8.012314788981334
MAE: 2.184121945808674
EVS: 0.7614247189276956
