Model: GRU
MSE: 1575.3121224792608
MAE: 38.84596337943241
EVS: -1.0481555407959835
