Model: GRU
MSE: 6.4393171566864265
MAE: 1.9397368636624566
EVS: 0.8014426700926123
