Model: GRU
MSE: 206.39480334932492
MAE: 12.973348148937884
EVS: -0.17653633101953004
