Model: GRU
MSE: 1156.5708737173306
MAE: 33.407437752033104
EVS: -0.2515061262849281
