Model: GRU
MSE: 8.66882555718496
MAE: 2.2511740635181297
EVS: 0.8039309788514696
