Model: GRU
MSE: 8.513037317436046
MAE: 2.42804925195102
EVS: 0.7629524591923903
