Model: GRU
MSE: 8.270200548303633
MAE: 2.338900590765065
EVS: 0.7520815809191655
