Model: GRU
MSE: 5.9522928077710375
MAE: 1.8134002438906967
EVS: 0.8173976188992265
