Model: GRU
MSE: 9.59746004003861
MAE: 2.618426298273021
EVS: 0.7723130907235225
