Model: GRU
MSE: 14.536925488033305
MAE: 3.172235400512301
EVS: 0.7695094158251283
