Model: GRU
MSE: 43.529642941063855
MAE: 5.9828614366465604
EVS: -0.004599573529532108
