Model: GRU
MSE: 8.064972143373279
MAE: 2.3165746228448274
EVS: 0.766443843822239
