Model: GRU
MSE: 8.727095873200723
MAE: 2.4892860938762795
EVS: 0.7622560092126892
