Model: GRU
MSE: 8.172216873738709
MAE: 2.3659067195037315
EVS: 0.7947192756420558
