Model: GRU
MSE: 6.683280664898826
MAE: 1.992478896831644
EVS: 0.7958367334252475
