Model: GRU
MSE: 10.537061531234723
MAE: 2.6951509631913284
EVS: 0.7845106382328972
