Model: GRU
MSE: 7.9369611370348645
MAE: 2.1138444851184715
EVS: 0.7861127837419326
