Model: GRU
MSE: 8.351697745226758
MAE: 2.396360759077401
EVS: 0.7577514301776334
