Model: GRU
MSE: 1347.5005688932474
MAE: 36.08677972596267
EVS: -0.3976477185125573
