Model: GRU
MSE: 6.269133974125587
MAE: 1.9128701029152706
EVS: 0.807604851795016
