Model: GRU
MSE: 7.990214148832839
MAE: 2.1916173655411293
EVS: 0.7537075450340573
