Model: GRU
MSE: 1606.0185035763723
MAE: 39.594205757667275
EVS: -0.18365147954214756
