Model: GRU
MSE: 2496.2108929523515
MAE: 49.54141426086426
EVS: -0.2930600034544355
