Model: GRU
MSE: 7.508258265930045
MAE: 2.1105833012482216
EVS: 0.768171938865279
