Model: GRU
MSE: 7.333203347580981
MAE: 2.129613128201715
EVS: 0.7812702154136657
