Model: GRU
MSE: 9.399043137457051
MAE: 2.4114339146120796
EVS: 0.7945403187241374
