Model: GRU
MSE: 8.654108332761307
MAE: 2.501937220836508
EVS: 0.7434031432880577
