Model: GRU
MSE: 212.0164400062833
MAE: 13.3217356862693
EVS: -0.06720655206390447
