Model: GRU
MSE: 7.99564524389791
MAE: 2.376236442861886
EVS: 0.7938178198662197
