Model: GRU
MSE: 7.15718948678975
MAE: 2.0634523424608955
EVS: 0.780514733154616
