Model: GRU
MSE: 6.627175963092001
MAE: 1.9782549964970555
EVS: 0.7952929080767123
