Model: GRU
MSE: 7.121520622826875
MAE: 2.1136555178412078
EVS: 0.7808937283923916
