Model: GRU
MSE: 7.3562600496159325
MAE: 2.1400359293510176
EVS: 0.7728017366681968
