Model: GRU
MSE: 10.732344540427162
MAE: 2.5390590264879425
EVS: 0.7969194957844693
