Model: GRU
MSE: 7.664775082602775
MAE: 2.18267664416083
EVS: 0.7646561946427195
