Model: GRU
MSE: 8.53423132335807
MAE: 2.355008906331556
EVS: 0.7847238164358686
