Model: GRU
MSE: 6.77874290151821
MAE: 1.9190161341223224
EVS: 0.7928910738834993
