Model: GRU
MSE: 7.9149717455743565
MAE: 2.3163853513783423
EVS: 0.7643380395731751
