Model: GRU
MSE: 13.884897371350736
MAE: 3.1546859412357726
EVS: 0.7612311029357448
