Model: GRU
MSE: 7.530681589636514
MAE: 2.096458371343284
EVS: 0.7757500132716095
