Model: GRU
MSE: 194.15596183922406
MAE: 12.653123378753662
EVS: -0.05196606558901662
