Model: GRU
MSE: 8.534284047472628
MAE: 2.3593599714081863
EVS: 0.7364177873611628
