Model: GRU
MSE: 7.417819266840439
MAE: 2.12234235220942
EVS: 0.7712623963772771
