Model: GRU
MSE: 7.44215737596619
MAE: 2.2559801463423104
EVS: 0.7826305208466564
