Model: GRU
MSE: 6.869300745295659
MAE: 2.017044823745201
EVS: 0.7878184231989689
