Model: GRU
MSE: 7.669675746262128
MAE: 2.2486357606690506
EVS: 0.7728661536330482
