Model: GRU
MSE: 8.051383187711837
MAE: 2.1722338610681993
EVS: 0.7714777514071594
