Model: GRU
MSE: 6.670054234215431
MAE: 1.9182847902692597
EVS: 0.7993750305959394
