Model: GRU
MSE: 9.19436604094635
MAE: 2.5177700519561768
EVS: 0.7828627342949483
