Model: GRU
MSE: 13.07461776528286
MAE: 3.0522441206307245
EVS: 0.7440083328695255
