Model: GRU
MSE: 7.341792818187906
MAE: 2.160021052278321
EVS: 0.7910344407836687
