Model: GRU
MSE: 7.147130821024783
MAE: 1.9621034244011188
EVS: 0.7829174770215934
