Model: GRU
MSE: 6.845558507098542
MAE: 1.9863436283736393
EVS: 0.8129386723144586
