Model: GRU
MSE: 166.03170359765573
MAE: 11.497511830823175
EVS: -0.04530895042779459
