Model: GRU
MSE: 9.443531755449516
MAE: 2.44372022151947
EVS: 0.7931399128486267
