Model: GRU
MSE: 8.831025624580752
MAE: 2.2937810585416596
EVS: 0.7854370775674724
