Model: GRU
MSE: 7.318819295508696
MAE: 2.059037340098414
EVS: 0.7855963637412223
