Model: GRU
MSE: 7.3277774001335
MAE: 2.0234169713382064
EVS: 0.7811804706957401
