Model: GRU
MSE: 6.708673243045433
MAE: 1.9740364140477673
EVS: 0.8119388266518298
