Model: GRU
MSE: 8.059048529600922
MAE: 2.3264728948987763
EVS: 0.7701407713380513
