Model: GRU
MSE: 8.410316443765195
MAE: 2.1902166317249168
EVS: 0.7641777245767877
