Model: GRU
MSE: 6.7535666801097065
MAE: 1.9179233312606812
EVS: 0.7919312365432162
