Model: GRU
MSE: 9.258936411367973
MAE: 2.4689567212400765
EVS: 0.7839815024435308
