Model: GRU
MSE: 7.1966154955361565
MAE: 2.045303601643135
EVS: 0.7777143091399487
