Model: GRU
MSE: 8.854678655272496
MAE: 2.5022744228099953
EVS: 0.7430738466447364
