Model: GRU
MSE: 6.979712250308875
MAE: 2.0899846348269233
EVS: 0.7989282208828558
