Model: GRU
MSE: 7.004375894288967
MAE: 2.0131226408070533
EVS: 0.8015425325856675
