Model: GRU
MSE: 7735.024697803985
MAE: 87.74036460087217
EVS: -0.13224138938151597
