Model: GRU
MSE: 15.294742911738112
MAE: 3.333573579788208
EVS: 0.7933915814898527
