Model: GRU
MSE: 6.633033407586189
MAE: 1.9670344118414254
EVS: 0.802712150999288
