Model: GRU
MSE: 7.981009649970192
MAE: 2.1872716114438813
EVS: 0.7931611953248012
