Model: GRU
MSE: 13.844100005360051
MAE: 3.2134670471322946
EVS: 0.5793021744854314
