Model: GRU
MSE: 170.06739608413264
MAE: 11.728601846201666
EVS: -0.004173918877490301
