Model: GRU
MSE: 6.9280196686214435
MAE: 1.9548765133167136
EVS: 0.7922649443849019
