Model: GRU
MSE: 8.921640790759016
MAE: 2.298497126020234
EVS: 0.7291913562854946
