Model: GRU
MSE: 9.052220700596665
MAE: 2.432512373759829
EVS: 0.7884440536919883
