Model: GRU
MSE: 7.532795698165591
MAE: 2.033112205308059
EVS: 0.7852623460351198
