Model: GRU
MSE: 202.27706252039138
MAE: 12.82890060030181
EVS: -0.1644682745491448
