Model: GRU
MSE: 9.141767300137143
MAE: 2.4025953823122483
EVS: 0.8089308441391473
