Model: GRU
MSE: 6.768952023790715
MAE: 1.9826699256896974
EVS: 0.7959940047712672
