Model: GRU
MSE: 9.116849722854258
MAE: 2.2338286802686493
EVS: 0.7360606676998824
