Model: GRU
MSE: 8.541855399435855
MAE: 2.257219633151745
EVS: 0.7709971370646798
