Model: GRU
MSE: 7.9329544420590645
MAE: 2.265778455240973
EVS: 0.7603208839550959
