Model: GRU
MSE: 6.787336358135956
MAE: 1.9877745447487667
EVS: 0.8081291195580562
