Model: GRU
MSE: 7.137733175797722
MAE: 2.082152448851487
EVS: 0.7930001213191354
