Model: GRU
MSE: 7.0133142844206695
MAE: 2.026416227735322
EVS: 0.7876047532873443
