Model: GRU
MSE: 193.89019741801567
MAE: 12.727883676002765
EVS: 0.014858483195558714
