Model: GRU
MSE: 9.113696035109138
MAE: 2.3937503592721345
EVS: 0.7977759893895544
