Model: GRU
MSE: 6.702847800435471
MAE: 1.9340484388943375
EVS: 0.7962035628533465
