Model: GRU
MSE: 8.240041170915255
MAE: 2.103322386741638
EVS: 0.759980113878362
