Model: GRU
MSE: 8.801000873063654
MAE: 2.4468385556648515
EVS: 0.7606835683983106
