Model: GRU
MSE: 6.277413689158622
MAE: 1.8266952305004514
EVS: 0.8075607835734253
