Model: GRU
MSE: 7.874454675924485
MAE: 2.231999524708452
EVS: 0.7660177469853627
