Model: GRU
MSE: 8.331817109949721
MAE: 2.2005997485127944
EVS: 0.7897859090190009
