Model: GRU
MSE: 8666.308637954115
MAE: 92.42599013756062
EVS: -2.822572357149746
