Model: GRU
MSE: 12.975101969952169
MAE: 3.112020254135132
EVS: 0.7398847512291518
