Model: GRU
MSE: 12.346177684389646
MAE: 2.788725022611947
EVS: 0.7921059321252574
