Model: GRU
MSE: 9.170187355335614
MAE: 2.5451602853577713
EVS: 0.7219728678182432
