Model: GRU
MSE: 7.218790794801395
MAE: 2.0155324401526618
EVS: 0.7771146832925255
