Model: GRU
MSE: 7.5188468020272845
MAE: 2.225061673542549
EVS: 0.7819077653566933
