Model: GRU
MSE: 10.026388520647586
MAE: 2.678555155622548
EVS: 0.75960464353792
