Model: GRU
MSE: 150.1253846361214
MAE: 10.789132886919482
EVS: -0.041635143844855005
