Model: GRU
MSE: 6.480518580255842
MAE: 1.9130150942966855
EVS: 0.8012894712288723
