Model: GRU
MSE: 7.973039995594314
MAE: 2.2809146601578285
EVS: 0.8079864882913804
