Model: GRU
MSE: 7.947667905137798
MAE: 2.060556954350965
EVS: 0.7568772950327951
