Model: GRU
MSE: 6.883701725817683
MAE: 2.0263181143793565
EVS: 0.7879927245433995
