Model: GRU
MSE: 7.044574819684831
MAE: 2.0345282688223083
EVS: 0.7982032813265644
