Model: GRU
MSE: 7.7128435765427605
MAE: 2.2183140187427917
EVS: 0.7844554138661692
