Model: GRU
MSE: 6.802586715893278
MAE: 1.9105097260968438
EVS: 0.7922502729677489
