Model: GRU
MSE: 235.36728705716908
MAE: 14.279449873957141
EVS: 0.028035731277190612
