Model: GRU
MSE: 169.86163971466814
MAE: 11.641758836548904
EVS: -0.060512303111161625
