Model: GRU
MSE: 7.47094671973435
MAE: 2.190861697854667
EVS: 0.798573893836181
