Model: GRU
MSE: 8.949375526596699
MAE: 2.309042371552566
EVS: 0.7889556944143004
