Model: GRU
MSE: 7.557160530618075
MAE: 2.199888800752574
EVS: 0.8023151562557885
