Model: GRU
MSE: 6.917233212501797
MAE: 1.987701333802322
EVS: 0.7879336599466382
