Model: GRU
MSE: 8.902550626834962
MAE: 2.1647108669938713
EVS: 0.7581908113407589
