Model: GRU
MSE: 7.614201293467506
MAE: 2.170347205523787
EVS: 0.7721973350486684
