Model: GRU
MSE: 7.638869304470856
MAE: 2.115584640667356
EVS: 0.7893195909008628
