Model: GRU
MSE: 6.670875599790645
MAE: 1.9935990284229148
EVS: 0.7967910294443126
