Model: GRU
MSE: 7.0614462171697365
MAE: 1.9736742315621212
EVS: 0.7818915400403945
