Model: GRU
MSE: 8.000513933953565
MAE: 2.131024362712071
EVS: 0.795825933465185
