Model: GRU
MSE: 10.15573693023534
MAE: 2.284410542455213
EVS: 0.7396087974198708
