Model: GRU
MSE: 11.052598170003856
MAE: 2.6783313617624085
EVS: 0.8082255530823694
