Model: GRU
MSE: 9.478111935944847
MAE: 2.636892861333387
EVS: 0.7766222860435101
