Model: GRU
MSE: 6.364425766812703
MAE: 1.9074058779354752
EVS: 0.8035962847972097
