Model: GRU
MSE: 6.866955643033426
MAE: 2.0544333375733475
EVS: 0.7887070145659456
