Model: GRU
MSE: 183.0228587672334
MAE: 12.220028967692935
EVS: -0.04082440475365767
