Model: GRU
MSE: 7.269511221832736
MAE: 2.070997242269845
EVS: 0.7754635677501768
