Model: GRU
MSE: 6.463538589921487
MAE: 1.8020031842692146
EVS: 0.8111682843178104
