Model: GRU
MSE: 7.009180168195427
MAE: 1.97161610167602
EVS: 0.797278067374022
