Model: GRU
MSE: 6.819378433382115
MAE: 1.8566980526365082
EVS: 0.7920238571401518
