Model: GRU
MSE: 3051.6823015790824
MAE: 54.87309219097269
EVS: -0.25496830994525643
