Model: GRU
MSE: 1095.1476384702373
MAE: 32.52766355974921
EVS: -0.14600704740402826
