Model: GRU
MSE: 8.1798815776966
MAE: 2.17552191635658
EVS: 0.7890804461006904
