Model: GRU
MSE: 164.7198983810141
MAE: 11.423961156401141
EVS: -0.05686469448821874
