Model: GRU
MSE: 8.23371367924431
MAE: 2.328454251947074
EVS: 0.7771950365078701
