Model: GRU
MSE: 7.819714128779235
MAE: 2.1559767353123633
EVS: 0.7600148350975102
