Model: GRU
MSE: 8.69635627742323
MAE: 2.1478819847106934
EVS: 0.767299645963468
