Model: GRU
MSE: 7.998848487917712
MAE: 2.110935770232102
EVS: 0.7753643626414333
