Model: GRU
MSE: 56.90287619115551
MAE: 6.6825705889997815
EVS: 0.007732412104113906
