Model: GRU
MSE: 7.407858010137839
MAE: 2.073614913841774
EVS: 0.8098268432609663
