Model: GRU
MSE: 8.270909668855772
MAE: 2.2382230840880295
EVS: 0.799788644236233
