Model: GRU
MSE: 6.907217908165712
MAE: 1.9433827564634125
EVS: 0.792133655309077
