Model: GRU
MSE: 6.245344028594916
MAE: 1.9099582803660426
EVS: 0.8121186198272601
