Model: GRU
MSE: 7.518451478495751
MAE: 1.991244940922178
EVS: 0.7744008966044993
