Model: GRU
MSE: 8.961749324759529
MAE: 2.2776695284350166
EVS: 0.7739096467491409
