Model: GRU
MSE: 8.423405531519936
MAE: 2.299218880719152
EVS: 0.7846729356514845
