Model: GRU
MSE: 7.173312532918298
MAE: 2.075916442377814
EVS: 0.8088583886285772
