Model: GRU
MSE: 7.35387495788537
MAE: 2.060960292816162
EVS: 0.7780201757014189
