Model: GRU
MSE: 8.437913494786228
MAE: 2.3721441564888788
EVS: 0.7969988526384588
