Model: GRU
MSE: 7.323754071591668
MAE: 2.157543823636811
EVS: 0.7758577619088534
