Model: GRU
MSE: 7.650081693407693
MAE: 2.1724137684394575
EVS: 0.7649639841938829
