Model: GRU
MSE: 2035.709245447874
MAE: 44.762767725977405
EVS: 0.011377209339334615
