Model: GRU
MSE: 9.328647123492397
MAE: 2.2414342411633195
EVS: 0.7612802294245535
