Model: GRU
MSE: 6.963930658098089
MAE: 1.9261279270566742
EVS: 0.7876261588691253
