Model: GRU
MSE: 6.962538541591889
MAE: 2.021858480469934
EVS: 0.7934654648268207
