Model: GRU
MSE: 10.519527049209229
MAE: 2.649670288480561
EVS: 0.7806933448990176
