Model: GRU
MSE: 9.47642625214055
MAE: 2.3652753172249628
EVS: 0.8046069004542318
