Model: GRU
MSE: 7.830039028451392
MAE: 2.2696279780618074
EVS: 0.7593686101100358
