Model: GRU
MSE: 7.127627574819785
MAE: 2.030962643952205
EVS: 0.7878968928626429
