Model: GRU
MSE: 8.085386534575047
MAE: 2.410353261848976
EVS: 0.7804864537449159
