Model: GRU
MSE: 8.820601056247357
MAE: 2.3131625117926764
EVS: 0.8027627247135309
