Model: GRU
MSE: 8.886119475211233
MAE: 2.372035019356629
EVS: 0.8103762332784266
