Model: GRU
MSE: 6.514157688925089
MAE: 1.9546930389157657
EVS: 0.800850389789148
