Model: GRU
MSE: 1103.4934163377493
MAE: 32.875519884043726
EVS: 0.29897796475183636
