Model: GRU
MSE: 7.312079538817352
MAE: 2.1540342281604636
EVS: 0.7968204617010695
