Model: GRU
MSE: 6.786329766035618
MAE: 1.992267053702782
EVS: 0.7911778061459602
