Model: GRU
MSE: 6.556245007346022
MAE: 1.9561338178042709
EVS: 0.7979177047646426
