Model: GRU
MSE: 34.8153743905912
MAE: 5.441148889475856
EVS: 0.026168135353515032
