Model: GRU
MSE: 8.876430091290025
MAE: 2.459368555886405
EVS: 0.7491823473800567
