Model: GRU
MSE: 8.990587501976277
MAE: 2.4969177790756882
EVS: 0.7907320275360321
