Model: GRU
MSE: 7.991438476615669
MAE: 2.211854992241695
EVS: 0.7789468141143705
