Model: GRU
MSE: 6.514040690405078
MAE: 2.017129092380918
EVS: 0.8006206786019989
