Model: GRU
MSE: 7.035475188390404
MAE: 2.074135134960043
EVS: 0.8001802929197552
