Model: GRU
MSE: 7.740713568593778
MAE: 2.2233483955777924
EVS: 0.793659844388825
