Model: GRU
MSE: 35.988762854773746
MAE: 5.263761947894919
EVS: 0.6578381980490129
