Model: GRU
MSE: 7.464687133480316
MAE: 2.0878854250085763
EVS: 0.7878149919676715
