Model: GRU
MSE: 807.6723032204563
MAE: 26.7114849583856
EVS: -1.908944847999682
