Model: GRU
MSE: 3193.742982249945
MAE: 56.21429226316255
EVS: -0.04090400415131645
