Model: GRU
MSE: 7.526040719340144
MAE: 2.1255492341929467
EVS: 0.7676415414782252
