Model: GRU
MSE: 6.886402433990626
MAE: 1.9263680392298206
EVS: 0.7927694439593883
