Model: GRU
MSE: 206.192342377143
MAE: 13.073734817833737
EVS: -0.08950971695053234
