Model: GRU
MSE: 7.171842136429142
MAE: 2.0548718304469666
EVS: 0.782517535855063
