Model: GRU
MSE: 10.11894962828655
MAE: 2.7122294573948302
EVS: 0.734632667844564
