Model: GRU
MSE: 162.32441507837112
MAE: 11.236828508048221
EVS: -0.11386087176460125
