Model: GRU
MSE: 8.375764752996856
MAE: 2.317609503351409
EVS: 0.7790183811549073
