Model: GRU
MSE: 6.429599016335546
MAE: 1.9100979854320657
EVS: 0.8065434176935677
