Model: GRU
MSE: 6.41276224347162
MAE: 1.8850469712553353
EVS: 0.8032010230768145
