Model: GRU
MSE: 185.32434063357317
MAE: 12.364859507001679
EVS: -0.0019280145006315141
