Model: GRU
MSE: 10.919110080515502
MAE: 2.740174860789858
EVS: 0.7796928920812519
