Model: GRU
MSE: 9.857963726844677
MAE: 2.329647018991668
EVS: 0.7677041378161493
