Model: GRU
MSE: 6.513339859597059
MAE: 1.87887730680663
EVS: 0.7991377007175114
