Model: GRU
MSE: 7.029027642746118
MAE: 1.9833949845412682
EVS: 0.7904606253564446
