Model: GRU
MSE: 8.278951732131848
MAE: 2.386434497504399
EVS: 0.7522169355610134
