Model: GRU
MSE: 8.094860486975438
MAE: 2.2271069987066863
EVS: 0.8181156154764874
