Model: GRU
MSE: 35.98624711030521
MAE: 5.3955624185759445
EVS: 0.38368373462650096
