Model: GRU
MSE: 7.0979089568248686
MAE: 2.0872666959104866
EVS: 0.7950370121652899
