Model: GRU
MSE: 176.0853305981716
MAE: 11.901854112230499
EVS: -0.06360472368581771
