Model: GRU
MSE: 1726.9571645210501
MAE: 40.93451601883461
EVS: -0.5853911969027044
