Model: GRU
MSE: 6.587876555732902
MAE: 1.9340108653594708
EVS: 0.8123202847830021
