Model: GRU
MSE: 12.002619787585228
MAE: 2.8127976450426826
EVS: 0.7604140190887201
