Model: GRU
MSE: 6.517895527796035
MAE: 1.920200175252454
EVS: 0.8021738674651687
