Model: GRU
MSE: 196.19428588956146
MAE: 12.739940552875913
EVS: -0.0468311002221542
