Model: GRU
MSE: 8.402807434154495
MAE: 2.0523250657936623
EVS: 0.7594329686558128
