Model: GRU
MSE: 8.697376327019203
MAE: 2.500297390181443
EVS: 0.7720748735293246
