Model: GRU
MSE: 6.687404392093432
MAE: 1.9204381992077004
EVS: 0.8070894851978612
