Model: GRU
MSE: 192.73265783358167
MAE: 12.668636844075959
EVS: 0.004135577248527533
