Model: GRU
MSE: 7.276216148445742
MAE: 2.168964451756971
EVS: 0.7763809489080432
