Model: GRU
MSE: 8.443847662920597
MAE: 2.433513801673363
EVS: 0.7547100708443779
