Model: GRU
MSE: 7.431900541208254
MAE: 2.142924189567566
EVS: 0.7802820089460256
