Model: GRU
MSE: 9.005768252379006
MAE: 2.219391181551177
EVS: 0.7587821944293927
