Model: GRU
MSE: 7.624930414525038
MAE: 2.243239567197602
EVS: 0.7849632342582523
