Model: GRU
MSE: 38.114258139927294
MAE: 5.572003742744183
EVS: 0.11931682073143979
