Model: GRU
MSE: 8.47210051467495
MAE: 2.2733754536201216
EVS: 0.7492286487925977
