Model: GRU
MSE: 11.826332000368476
MAE: 2.8243539251130203
EVS: 0.7937610998546843
