Model: GRU
MSE: 8.877904328694514
MAE: 2.4156140068481706
EVS: 0.7803567318673802
