Model: GRU
MSE: 7.985338907202341
MAE: 2.2919077215523553
EVS: 0.7603065740384682
