Model: GRU
MSE: 7.70191485601544
MAE: 2.087789739000386
EVS: 0.7742735379362858
