Model: GRU
MSE: 7.026658129132937
MAE: 2.0204906381409744
EVS: 0.7897078753572278
