Model: GRU
MSE: 7.108475274262548
MAE: 2.0213776621325263
EVS: 0.781235786845532
