Model: GRU
MSE: 2207.1580067920972
MAE: 46.64552307128906
EVS: 0.03147739539155092
