Model: GRU
MSE: 7.497836643696865
MAE: 1.9491808866632396
EVS: 0.7724741951104295
