Model: GRU
MSE: 10.802665308789212
MAE: 2.734485006537931
EVS: 0.7963779953403913
