Model: GRU
MSE: 6.435003254251385
MAE: 1.9012881599623581
EVS: 0.8012417249870691
