Model: GRU
MSE: 7.2950169850236435
MAE: 2.06719237360461
EVS: 0.7817053478178
