Model: GRU
MSE: 6.984915344153808
MAE: 2.0803231699713347
EVS: 0.7862819497328921
