Model: GRU
MSE: 7.768855614473564
MAE: 2.1638821815622262
EVS: 0.7601425644783513
