Model: GRU
MSE: 7.617313182403203
MAE: 2.1397016048431396
EVS: 0.8027464096710349
