Model: GRU
MSE: 7.880325343354381
MAE: 2.1311965759458213
EVS: 0.7759335686219346
