Model: GRU
MSE: 7.631351636829179
MAE: 2.1844355690068213
EVS: 0.7804573377670077
