Model: GRU
MSE: 9.096732147334878
MAE: 2.414540800554999
EVS: 0.784171812576557
