Model: GRU
MSE: 1424.467966134359
MAE: 37.28431432000522
EVS: -0.06103067775236348
