Model: GRU
MSE: 7.246818046099533
MAE: 2.0070542676108225
EVS: 0.7816834887763094
