Model: GRU
MSE: 8.637905373827545
MAE: 2.2348106482933305
EVS: 0.7883434691661131
