Model: GRU
MSE: 6.772244815561368
MAE: 1.91762716194679
EVS: 0.8058038774806602
