Model: GRU
MSE: 7.007210024491189
MAE: 2.0175308359080346
EVS: 0.7905251019831381
