Model: GRU
MSE: 9.881914730631467
MAE: 2.3507836029447358
EVS: 0.723434744588721
