Model: GRU
MSE: 8.670496774240382
MAE: 2.2084880902849395
EVS: 0.7599528619498701
