Model: GRU
MSE: 149.30002353979373
MAE: 10.862219047957453
EVS: 0.032742781566923784
