Model: GRU
MSE: 4945.605212013713
MAE: 70.09445795519599
EVS: 0.0
