Model: GRU
MSE: 13.970155988781816
MAE: 3.1194844615870507
EVS: 0.7803169543715627
