Model: GRU
MSE: 7.261176959118268
MAE: 2.06876173512689
EVS: 0.801226946747662
