Model: GRU
MSE: 7.48582610286652
MAE: 2.2001735424173288
EVS: 0.7776041776684122
