Model: GRU
MSE: 6.963579361676258
MAE: 2.03696373413349
EVS: 0.7876434540598687
