Model: GRU
MSE: 496.50186569989876
MAE: 21.475556143398943
EVS: -0.0905153256415534
