Model: GRU
MSE: 9.695842112268426
MAE: 2.352633667403254
EVS: 0.7570685316907182
