Model: GRU
MSE: 6.8675790584708905
MAE: 1.9555745946949925
EVS: 0.7924289998834286
