Model: GRU
MSE: 8.37861412331055
MAE: 2.2324607331177284
EVS: 0.7599756827214574
