Model: GRU
MSE: 7.205722381745279
MAE: 2.0070123836911957
EVS: 0.7777780405063198
