Model: GRU
MSE: 6.83202608297059
MAE: 1.9556944164736518
EVS: 0.7889612702571385
