Model: GRU
MSE: 43.56246385907525
MAE: 5.972776149881297
EVS: 0.0
