Model: GRU
MSE: 6.9673507710424865
MAE: 2.0412076423908103
EVS: 0.7884498466662083
