Model: GRU
MSE: 8.970628103290716
MAE: 2.281639312875682
EVS: 0.7328297837105754
