Model: GRU
MSE: 8.334564448243569
MAE: 2.316254895308922
EVS: 0.7799166532793785
