Model: GRU
MSE: 232.43891701251357
MAE: 14.136624007389463
EVS: -0.00687635904887185
