Model: GRU
MSE: 8.774022665179373
MAE: 2.3563696515971215
EVS: 0.7930085833791897
