Model: GRU
MSE: 8.142458516364368
MAE: 2.310439450987454
EVS: 0.8066694230640261
