Model: GRU
MSE: 8.036646770120536
MAE: 2.317248899361183
EVS: 0.7784351437541098
