Model: GRU
MSE: 328.6192905286903
MAE: 17.137786848791713
EVS: -0.07856674431128119
