Model: GRU
MSE: 31.312884520901836
MAE: 5.06955179674872
EVS: 0.2614229939528889
