Model: GRU
MSE: 7.5175985232176075
MAE: 2.192667537722094
EVS: 0.7677761090844876
