Model: GRU
MSE: 8.872339200332211
MAE: 2.5095968328673264
EVS: 0.781380975819929
