Model: GRU
MSE: 5576.173832200297
MAE: 74.45537777604729
EVS: -0.006127992308069041
