Model: GRU
MSE: 8.456607243271758
MAE: 2.3960835687045394
EVS: 0.7388029311488555
