Model: GRU
MSE: 7.53172870241219
MAE: 2.2229360013172546
EVS: 0.7704469122798897
