Model: GRU
MSE: 3683.712181937028
MAE: 60.367797456938646
EVS: -0.21836765493427923
