Model: GRU
MSE: 6.811647927929384
MAE: 1.9869464245335808
EVS: 0.7991208204343918
