Model: GRU
MSE: 7.348043765079218
MAE: 2.09118730446388
EVS: 0.7796014430066055
