Model: GRU
MSE: 8.193678307551938
MAE: 2.1555820580186515
EVS: 0.7513679056235809
