Model: GRU
MSE: 7.02587049443706
MAE: 2.0585255746183724
EVS: 0.7849847964424932
