Model: GRU
MSE: 13.169370973418813
MAE: 3.05027279360541
EVS: 0.7810477381151908
