Model: GRU
MSE: 7.520349113661392
MAE: 2.1952073540006367
EVS: 0.7843822487796803
