Model: GRU
MSE: 4404.191907315373
MAE: 66.2752957837335
EVS: 0.6361975759389347
