Model: GRU
MSE: 189.14609438372355
MAE: 12.494569498917151
EVS: -0.020377111500487377
