Model: GRU
MSE: 8.623752697649268
MAE: 2.433318281995839
EVS: 0.7777203965164196
