Model: GRU
MSE: 7.636325105599734
MAE: 2.2950374340188913
EVS: 0.7732770595205051
