Model: GRU
MSE: 8.432660430683898
MAE: 2.460340976715088
EVS: 0.7578307215941033
