Model: GRU
MSE: 7.213286774667236
MAE: 2.0544991986504915
EVS: 0.7830356357232715
