Model: GRU
MSE: 8.647073125654313
MAE: 2.2586099238231263
EVS: 0.7846976399199348
