Model: GRU
MSE: 9.259588490601832
MAE: 2.47841162517153
EVS: 0.7973499162273526
