Model: GRU
MSE: 7.84097257464104
MAE: 2.244422098685955
EVS: 0.7696392548226413
