Model: GRU
MSE: 9.485151792226704
MAE: 2.2617872912308266
EVS: 0.7284088080118667
