Model: GRU
MSE: 8.330819717175967
MAE: 2.1681547000490387
EVS: 0.7748297676871162
