Model: GRU
MSE: 7.513741465901102
MAE: 2.059403760679837
EVS: 0.7948293266812119
