Model: GRU
MSE: 9.803374281202194
MAE: 2.620010499296517
EVS: 0.7611138350085784
