Model: GRU
MSE: 6.87377030338685
MAE: 1.9979613793307338
EVS: 0.7877658214826208
