Model: GRU
MSE: 8.517455394128826
MAE: 2.2215427530222924
EVS: 0.7897127277786602
