Model: GRU
MSE: 10.16560425881372
MAE: 2.6365864811272455
EVS: 0.7840088415615549
