Model: GRU
MSE: 9.698260415653166
MAE: 2.517883641966458
EVS: 0.7768475827312862
