Model: GRU
MSE: 7.191047321562991
MAE: 2.0253436647612473
EVS: 0.7840214800842262
