Model: GRU
MSE: 7.0695626633618796
MAE: 1.9898535095412155
EVS: 0.7963663307484941
