Model: GRU
MSE: 12.689286853497567
MAE: 3.1101937787286165
EVS: 0.7638121645000914
