Model: GRU
MSE: 7.9585058547110465
MAE: 2.1832480882776193
EVS: 0.7586584562572216
