Model: GRU
MSE: 7.52302117147429
MAE: 2.16591058106258
EVS: 0.7686830962394386
