Model: GRU
MSE: 265.4413645940051
MAE: 15.032291091721634
EVS: -0.21930602227507956
