Model: GRU
MSE: 6.996587941754469
MAE: 1.9442078245097194
EVS: 0.7872899965060639
