Model: GRU
MSE: 7.7220438324115
MAE: 2.1850395932279785
EVS: 0.7809926691431127
