Model: GRU
MSE: 10.177121092076263
MAE: 2.360731047802958
EVS: 0.735426748050394
