Model: GRU
MSE: 10.58815686205537
MAE: 2.4462032297561906
EVS: 0.7626204989809381
