Model: GRU
MSE: 38.60468190350382
MAE: 5.687974041905896
EVS: 0.0
