Model: GRU
MSE: 7.813171804687119
MAE: 2.141701165972085
EVS: 0.7860430979520738
