Model: GRU
MSE: 152.23392447904556
MAE: 10.948139042689883
EVS: 0.0
