Model: GRU
MSE: 10.031320103331135
MAE: 2.449290020712491
EVS: 0.764992330137091
