Model: GRU
MSE: 11.26035226361265
MAE: 2.8350236415863037
EVS: 0.7558526039233898
