Model: GRU
MSE: 6.691204908303035
MAE: 1.854614105717889
EVS: 0.7935376122367516
