Model: GRU
MSE: 7.205182260728783
MAE: 2.0526539868321914
EVS: 0.7795245150195733
