Model: GRU
MSE: 6.682063510571945
MAE: 1.9972045072193803
EVS: 0.8051388897709625
