Model: GRU
MSE: 8.486125617564994
MAE: 2.2589558404067467
EVS: 0.7710424483324613
