Model: GRU
MSE: 8.154566249953785
MAE: 2.3130092209783095
EVS: 0.7487356021493435
