Model: GRU
MSE: 7.689294754111185
MAE: 2.0852602226980803
EVS: 0.7740523526429212
