Model: GRU
MSE: 7.406846444629918
MAE: 2.084516932224405
EVS: 0.7972495268895621
