Model: GRU
MSE: 8.899646734847547
MAE: 2.44581807070765
EVS: 0.7687586904351702
