Model: GRU
MSE: 6.879587451071138
MAE: 1.94896674978322
EVS: 0.7986073853973512
