Model: GRU
MSE: 8.869700749766311
MAE: 2.170869255888051
EVS: 0.754329986446873
