Model: GRU
MSE: 8.074034985089774
MAE: 2.1783483686118292
EVS: 0.79202650288059
