Model: GRU
MSE: 6.60487198599279
MAE: 1.9980619693624562
EVS: 0.7978329970995225
