Model: GRU
MSE: 17.8817822774474
MAE: 3.2399398951694884
EVS: 0.6800242423940919
