Model: GRU
MSE: 7.2038630577481175
MAE: 2.099300877801303
EVS: 0.7889018965092389
