Model: GRU
MSE: 9.079889173744128
MAE: 2.4767551915398958
EVS: 0.719515879170875
