Model: GRU
MSE: 7.452524958466871
MAE: 2.066037157486225
EVS: 0.7797971883950012
