Model: GRU
MSE: 7.234708805547192
MAE: 2.001960978425782
EVS: 0.7774014546459614
