Model: GRU
MSE: 7.018473754789311
MAE: 1.9426074798764854
EVS: 0.7838483671492151
