Model: GRU
MSE: 6.714709118157803
MAE: 1.9487449424020176
EVS: 0.7939068306597589
