Model: GRU
MSE: 8.276620715542453
MAE: 2.265834894673578
EVS: 0.7780912404380649
