Model: GRU
MSE: 8.911980131279154
MAE: 2.5254286692060273
EVS: 0.7832172997655449
