Model: GRU
MSE: 31.380418141805798
MAE: 5.093619313733331
EVS: 0.08465431147737379
