Model: GRU
MSE: 6.753158511043544
MAE: 1.9444457272003437
EVS: 0.7933261990519986
