Model: GRU
MSE: 7.602046400609578
MAE: 2.20365662821408
EVS: 0.7782913007679003
