Model: GRU
MSE: 9.047305097196015
MAE: 2.3144494808953384
EVS: 0.735098891665493
