Model: GRU
MSE: 7.4356999278370495
MAE: 1.930052428409971
EVS: 0.7828408205621133
