Model: GRU
MSE: 7.429138698926325
MAE: 2.1135750865114145
EVS: 0.791044751667368
