Model: GRU
MSE: 7.478443040230449
MAE: 2.196437950791984
EVS: 0.7941353872291275
