Model: GRU
MSE: 8.005668765372286
MAE: 2.1834899577601203
EVS: 0.780908662818474
