Model: GRU
MSE: 7.642855800931392
MAE: 2.1267314450494172
EVS: 0.7640677017715574
