Model: GRU
MSE: 7.177317015967517
MAE: 2.023019215156292
EVS: 0.779553655165744
