Model: GRU
MSE: 6.678529929140014
MAE: 1.9515986730312478
EVS: 0.7955457934452499
