Model: GRU
MSE: 8.409351079249571
MAE: 2.359537025977825
EVS: 0.8007198584428727
