Model: GRU
MSE: 8.201611981197281
MAE: 2.238142469833637
EVS: 0.7638086503183379
