Model: GRU
MSE: 1292.3186747036436
MAE: 35.52233104048104
EVS: 0.058368143925964455
