Model: GRU
MSE: 8.966045177994719
MAE: 2.397309862334153
EVS: 0.7736171135674187
