Model: GRU
MSE: 11.145492074042734
MAE: 2.7927932739257812
EVS: 0.7755875029082846
