Model: GRU
MSE: 11.489086065266225
MAE: 2.811482684365634
EVS: 0.7727149799075586
