Model: GRU
MSE: 8.183338288770042
MAE: 2.132464865158344
EVS: 0.7741749155299003
