Model: GRU
MSE: 7.696773275822799
MAE: 2.2038287787601867
EVS: 0.7960598209259141
