Model: GRU
MSE: 9.567505984358805
MAE: 2.500459597028535
EVS: 0.7668563141166443
