Model: GRU
MSE: 38.62267025712547
MAE: 5.689091320695548
EVS: 0.0
