Model: GRU
MSE: 8.305165366874709
MAE: 2.342838772412004
EVS: 0.7894170129225566
