Model: GRU
MSE: 6.658767873445218
MAE: 2.03549639520974
EVS: 0.795424790490615
