Model: GRU
MSE: 6.605992345861429
MAE: 2.0466670496710417
EVS: 0.8021057923073281
