Model: GRU
MSE: 7.998710667780375
MAE: 2.0962108753878494
EVS: 0.7867427043858197
