Model: GRU
MSE: 307.3550271662468
MAE: 16.57441496026927
EVS: -0.008390536065096876
