Model: GRU
MSE: 7.03228078273172
MAE: 2.0108274344740242
EVS: 0.7840826138160353
