Model: GRU
MSE: 6.928623031238228
MAE: 2.1252734229482453
EVS: 0.7914017152119754
