Model: GRU
MSE: 6.793159885516616
MAE: 1.9716602029471562
EVS: 0.8013703315513243
