Model: GRU
MSE: 7.166157011083793
MAE: 2.032270604166491
EVS: 0.7825534009594023
