Model: GRU
MSE: 6.831856161366933
MAE: 1.973539763483508
EVS: 0.802813508435575
