Model: GRU
MSE: 7.465642724874624
MAE: 2.085960795139444
EVS: 0.7928228849678283
