Model: GRU
MSE: 8.732843380387486
MAE: 2.4449125518058907
EVS: 0.8196733677168999
