Model: GRU
MSE: 7.041532171700336
MAE: 1.9516650828821906
EVS: 0.7951535577232416
