Model: GRU
MSE: 7.255310193624398
MAE: 2.01231731217483
EVS: 0.7927873560951495
