Model: GRU
MSE: 7.37710622661236
MAE: 2.0944956335528144
EVS: 0.7761916878678512
