Model: GRU
MSE: 7.476384928207516
MAE: 2.054981568763996
EVS: 0.7896222720692909
