Model: GRU
MSE: 11.752619409185467
MAE: 2.6528688422564803
EVS: 0.7574752645985006
