Model: GRU
MSE: 11.37627659509224
MAE: 2.7644199543985826
EVS: 0.7798349370177156
