Model: GRU
MSE: 39.873505898725725
MAE: 5.774858408960803
EVS: 0.007004457811617404
