Model: GRU
MSE: 6.663515896236941
MAE: 1.917148588032558
EVS: 0.794365313189184
