Model: GRU
MSE: 7.054217885671043
MAE: 1.9734564320794468
EVS: 0.783474588635921
