Model: GRU
MSE: 7.423678861269938
MAE: 2.0892769468241723
EVS: 0.7974978095235941
