Model: GRU
MSE: 7.337155323031014
MAE: 2.1680113775976775
EVS: 0.7756820472643938
