Model: GRU
MSE: 9.821120555000828
MAE: 2.6325202974779853
EVS: 0.780795868674186
