Model: GRU
MSE: 4606.692740522917
MAE: 67.58015047270676
EVS: -0.22376705948068842
