Model: GRU
MSE: 8.852796405462554
MAE: 2.3420561099874564
EVS: 0.7972488797622228
