Model: GRU
MSE: 7.826138186885428
MAE: 2.21556385632219
EVS: 0.7666303904876647
