Model: GRU
MSE: 7.244341438839594
MAE: 2.0815186788295876
EVS: 0.7796490678635021
