Model: GRU
MSE: 6.508944262192517
MAE: 1.9312917322948062
EVS: 0.7999895647507532
