Model: GRU
MSE: 7.734168377804441
MAE: 2.211684284539058
EVS: 0.8031244084227713
