Model: GRU
MSE: 7.168275264903687
MAE: 1.9738032180687477
EVS: 0.7823985517587408
