Model: GRU
MSE: 8.412490911898027
MAE: 2.300858505840959
EVS: 0.7485429100816614
