Model: GRU
MSE: 9.843110592636686
MAE: 2.2438808309620826
EVS: 0.7551466680608867
