Model: GRU
MSE: 6.6617387403784925
MAE: 1.899337332824181
EVS: 0.7949278055239992
