Model: GRU
MSE: 6.657744518400351
MAE: 1.9470468101830318
EVS: 0.7958326755285468
