Model: GRU
MSE: 7.239217385652298
MAE: 2.1557772652856233
EVS: 0.7806982533305729
