Model: GRU
MSE: 1044.476612118915
MAE: 31.710960453954236
EVS: -0.2013897128670663
