Model: GRU
MSE: 6.840189910909589
MAE: 2.095255740757646
EVS: 0.7893338514049605
