Model: GRU
MSE: 7.600062538301966
MAE: 1.9441264744462639
EVS: 0.7894339436038014
