Model: GRU
MSE: 6.860389679442
MAE: 2.0663647980525575
EVS: 0.7881230115531838
