Model: GRU
MSE: 6.377423035660968
MAE: 1.9168241599510456
EVS: 0.803094994190944
