Model: GRU
MSE: 9.875724924847791
MAE: 2.522346093736846
EVS: 0.778367335769063
