Model: GRU
MSE: 6.46565013890476
MAE: 1.907289061053046
EVS: 0.8018544397004952
