Model: GRU
MSE: 6.838756937134632
MAE: 1.974610867171452
EVS: 0.7887469084875152
