Model: GRU
MSE: 8.820912100173581
MAE: 2.26255437423443
EVS: 0.7957072284848934
