Model: GRU
MSE: 9.616772526336693
MAE: 2.363153398036957
EVS: 0.7790837780386806
