Model: GRU
MSE: 8.055581781078887
MAE: 2.2450969219207764
EVS: 0.751162486614067
