Model: GRU
MSE: 6.679215853248762
MAE: 1.9615791851076587
EVS: 0.7941246869185411
