Model: GRU
MSE: 8.05255649046975
MAE: 2.158284060913941
EVS: 0.7975524062221613
