Model: GRU
MSE: 9.103107634262015
MAE: 2.3000307905262916
EVS: 0.7838098656359014
