Model: GRU
MSE: 8.242392715383108
MAE: 2.285080123564293
EVS: 0.8008377932491486
