Model: GRU
MSE: 769.2239559113366
MAE: 26.936443197316137
EVS: -0.34844144597360094
