Model: GRU
MSE: 9.754431662020092
MAE: 2.602816875638633
EVS: 0.7991397425522067
