Model: GRU
MSE: 748.3124988675502
MAE: 26.81683398937357
EVS: 0.09892020631941156
