Model: GRU
MSE: 9.691072033333697
MAE: 2.2975995417298942
EVS: 0.735637665883919
