Model: GRU
MSE: 5599.744441412441
MAE: 74.55144500732422
EVS: -0.29205057939063184
