Model: GRU
MSE: 8.256890500397597
MAE: 2.316022905810126
EVS: 0.7645987786127779
