Model: GRU
MSE: 2343.021694995084
MAE: 48.089365597428944
EVS: 0.059852774500311456
