Model: GRU
MSE: 10.31370149426098
MAE: 2.554781876761338
EVS: 0.7686062815916004
