Model: GRU
MSE: 147.57386371104772
MAE: 10.832898715446735
EVS: 0.0664152712600602
