Model: GRU
MSE: 161.7910197610979
MAE: 11.294497494039865
EVS: -0.05724576989632224
