Model: GRU
MSE: 10.278471209711867
MAE: 2.6457132512125474
EVS: 0.7944519545791355
