Model: GRU
MSE: 8.122852454331767
MAE: 2.155628771617495
EVS: 0.7709933347865313
