Model: GRU
MSE: 15.996437673865275
MAE: 3.387004646761664
EVS: 0.7673187160064694
