Model: GRU
MSE: 6.733341764458326
MAE: 1.9862876863315189
EVS: 0.8148245837311595
