Model: GRU
MSE: 8.443203037695813
MAE: 2.3379140763447204
EVS: 0.7517363864486818
