Model: GRU
MSE: 7.699841581032438
MAE: 2.08721268588099
EVS: 0.7655703682960363
