Model: GRU
MSE: 1190.7270869389522
MAE: 33.82564771586451
EVS: -0.43804492995901434
