Model: GRU
MSE: 8.396323699538964
MAE: 2.194881537864948
EVS: 0.7597935195475797
