Model: GRU
MSE: 7.331851306628226
MAE: 2.0362781039599716
EVS: 0.7996727751006695
