Model: GRU
MSE: 6.721233056431172
MAE: 1.936451291215831
EVS: 0.7924673403007616
