Model: GRU
MSE: 8.633341370709728
MAE: 2.2050062048024146
EVS: 0.7489880596599897
