Model: GRU
MSE: 7.750367385787419
MAE: 2.151812323208513
EVS: 0.7963681903732507
