Model: GRU
MSE: 8.622085017617037
MAE: 2.338333661186284
EVS: 0.7608312679026942
