Model: GRU
MSE: 7.432833105547953
MAE: 2.1270968174112252
EVS: 0.7717228541658852
