Model: GRU
MSE: 6.536583097012216
MAE: 1.8469672408597222
EVS: 0.7987900222660649
