Model: GRU
MSE: 7.666542061393333
MAE: 2.120509172308034
EVS: 0.7932323024591986
