Model: GRU
MSE: 6.886537811600262
MAE: 2.134712268566263
EVS: 0.8077218239846613
