Model: GRU
MSE: 1346.7808937195352
MAE: 36.28282625921841
EVS: 0.06285532425329576
