Model: GRU
MSE: 6.9899553930460705
MAE: 1.997900479826434
EVS: 0.7931675634559339
