Model: GRU
MSE: 15.091725859824331
MAE: 2.9527172055737725
EVS: 0.5660847314303468
