Model: GRU
MSE: 6.500481132397509
MAE: 1.966213029006432
EVS: 0.8149785666805763
