Model: GRU
MSE: 163.7657864967377
MAE: 11.51348557348909
EVS: 0.03604143063674381
