Model: GRU
MSE: 8.157177449802706
MAE: 2.3061577287213555
EVS: 0.7974371860221592
