Model: GRU
MSE: 56.04345446617349
MAE: 6.6407855461383685
EVS: 0.021856827742709473
