Model: GRU
MSE: 7.441553796363526
MAE: 2.026656442675097
EVS: 0.7861012011545514
