Model: GRU
MSE: 7.939521582723218
MAE: 2.208999584461081
EVS: 0.7687553523445004
