Model: GRU
MSE: 12.438606693761997
MAE: 2.982345671489321
EVS: 0.7718174869351279
