Model: GRU
MSE: 11.629773475297373
MAE: 2.8003989992470575
EVS: 0.7875977100666784
