Model: GRU
MSE: 7.260796271782315
MAE: 2.0063764761234153
EVS: 0.7780778417672077
