Model: GRU
MSE: 9.227255459275225
MAE: 2.508454655778819
EVS: 0.7677303255193267
