Model: GRU
MSE: 13.643447251593814
MAE: 3.123921042886274
EVS: 0.8124643394566933
