Model: GRU
MSE: 7.881234307744527
MAE: 2.0783305661431672
EVS: 0.774869009013247
