Model: GRU
MSE: 7.649810544727337
MAE: 2.076065084029888
EVS: 0.7654927563055436
