Model: GRU
MSE: 6.92226999000346
MAE: 2.02000905727518
EVS: 0.7995658344115376
