Model: GRU
MSE: 35.21062358051774
MAE: 5.436058011548273
EVS: 0.0
