Model: GRU
MSE: 157.33542985465525
MAE: 11.179429596868054
EVS: 0.0005063681125062613
