Model: GRU
MSE: 11.661184874491115
MAE: 2.920344878887308
EVS: 0.7428884239494792
