Model: GRU
MSE: 7.874577951635494
MAE: 2.239154104528756
EVS: 0.7568193224444392
