Model: GRU
MSE: 9.289826658677184
MAE: 2.3570216051463424
EVS: 0.7649508623223348
