Model: GRU
MSE: 8.741174505223011
MAE: 2.280330275667125
EVS: 0.7696096904600889
