Model: GRU
MSE: 7.30471793192331
MAE: 2.009331731960691
EVS: 0.7762789086387548
