Model: GRU
MSE: 11.308076749500545
MAE: 2.7428718353139945
EVS: 0.7643713311890818
