Model: GRU
MSE: 7.0457364193955065
MAE: 1.950958717485954
EVS: 0.7886594623154166
