Model: GRU
MSE: 9.06877407607989
MAE: 2.4795898630701263
EVS: 0.7839231336998596
