Model: GRU
MSE: 7.93266830802226
MAE: 2.2827407656044794
EVS: 0.7589686041937453
