Model: GRU
MSE: 8.171134586544442
MAE: 2.241777103522728
EVS: 0.7476707112520948
