Model: GRU
MSE: 1214.2807692402835
MAE: 34.425855241972826
EVS: 0.0998053354170001
