Model: GRU
MSE: 8.87417503099645
MAE: 2.4448409902638404
EVS: 0.7730093245076641
