Model: GRU
MSE: 26.320119538201602
MAE: 4.264393642030913
EVS: 0.6599537503350208
