Model: GRU
MSE: 10.347662881231166
MAE: 2.639134670126027
EVS: 0.7637069675206809
