Model: GRU
MSE: 35.525556576384716
MAE: 4.718116562941979
EVS: -0.018934379725210393
