Model: GRU
MSE: 9.991534632143615
MAE: 2.6197533196416396
EVS: 0.777569455296925
