Model: GRU
MSE: 9.786035796701547
MAE: 2.521441001316597
EVS: 0.8031998039084398
