Model: GRU
MSE: 6.238372311784368
MAE: 1.8941588401794434
EVS: 0.8080901313835318
