Model: GRU
MSE: 8.104494836447667
MAE: 2.1613438992664733
EVS: 0.7640378287308607
