Model: GRU
MSE: 7.986461239382465
MAE: 2.4146514432183626
EVS: 0.7832752322993801
