Model: GRU
MSE: 6.496100244829998
MAE: 2.0089882982188256
EVS: 0.8051549901564685
