Model: GRU
MSE: 9.640486085784403
MAE: 2.481624542639173
EVS: 0.7768833182639769
