Model: GRU
MSE: 9.29319256531857
MAE: 2.5779344624486464
EVS: 0.7653105112900465
