Model: GRU
MSE: 6.818157322951329
MAE: 1.9682060973397617
EVS: 0.8005055681923903
