Model: GRU
MSE: 8.326257035730295
MAE: 2.113331909837394
EVS: 0.7791390648825037
