Model: GRU
MSE: 7.072780980404823
MAE: 2.1135644049480042
EVS: 0.8020507233446715
