Model: GRU
MSE: 8.203461478874774
MAE: 2.1805569971429892
EVS: 0.7778262032451787
