Model: GRU
MSE: 7.149742462061566
MAE: 2.1116317387284904
EVS: 0.7842474630363667
