Model: GRU
MSE: 8.255172145318971
MAE: 2.437880437949608
EVS: 0.7793969381439834
