Model: GRU
MSE: 6.557008699526508
MAE: 1.8546125148904735
EVS: 0.7976835464905685
