Model: GRU
MSE: 10.03110656046207
MAE: 2.5830124411089668
EVS: 0.8096676783121918
