Model: GRU
MSE: 8.562275367016701
MAE: 2.3294090998583825
EVS: 0.8104577676624684
