Model: GRU
MSE: 8.528876488858012
MAE: 2.2466599591847123
EVS: 0.7994559993874321
