Model: GRU
MSE: 6.84480261333281
MAE: 1.9862698922897208
EVS: 0.7914869410084782
