Model: GRU
MSE: 7.426564732186129
MAE: 2.121457009479917
EVS: 0.7712246698654849
