Model: GRU
MSE: 7.325629469667682
MAE: 2.0678586219919137
EVS: 0.7807411483650736
