Model: GRU
MSE: 151.24775324776377
MAE: 10.803765369900342
EVS: -0.0665457614031526
