Model: GRU
MSE: 7.352948719234259
MAE: 2.090870805855455
EVS: 0.7728646789090831
