Model: GRU
MSE: 6.861332857787692
MAE: 1.9390385150909424
EVS: 0.7944983206279029
