Model: GRU
MSE: 9.10999411964455
MAE: 2.395254977818193
EVS: 0.7934651577883882
