Model: GRU
MSE: 7.029187013054548
MAE: 1.9335814180045292
EVS: 0.783202031304976
