Model: GRU
MSE: 7.4561231186791135
MAE: 2.14500354898387
EVS: 0.7759052152644931
