Model: GRU
MSE: 8.09022991789843
MAE: 2.1630252476396232
EVS: 0.7927340528178596
