Model: GRU
MSE: 635.9273860357044
MAE: 24.452849897845038
EVS: -0.17340020428308978
