Model: GRU
MSE: 6.959948070481023
MAE: 2.12349717370395
EVS: 0.7894825337054339
