Model: GRU
MSE: 226.9139741407858
MAE: 13.60036327098978
EVS: -0.2956834617032944
