Model: GRU
MSE: 7.126155005966702
MAE: 2.0172967006420266
EVS: 0.7925096920060481
