Model: GRU
MSE: 7.312088680044166
MAE: 2.0043963276106735
EVS: 0.7744358241052958
