Model: GRU
MSE: 6.9138959834755935
MAE: 2.0184818793987405
EVS: 0.7864953287176243
