Model: GRU
MSE: 12.963611780419988
MAE: 2.609374597154815
EVS: 0.7133471019390334
