Model: GRU
MSE: 181.55319162372004
MAE: 12.292294128187772
EVS: 0.05929410776287014
