Model: GRU
MSE: 7.9342515627077255
MAE: 2.238100265634471
EVS: 0.7845554266501023
