Model: GRU
MSE: 10.504416183047745
MAE: 2.3952646296599815
EVS: 0.7053020834005392
