Model: GRU
MSE: 7.654751408356846
MAE: 2.069929443556687
EVS: 0.7715570948177747
