Model: GRU
MSE: 6.750161088519465
MAE: 1.9618444391365708
EVS: 0.7939607178755292
