Model: GRU
MSE: 10.931490462849053
MAE: 2.6528732036722116
EVS: 0.7517096745977384
