Model: GRU
MSE: 6.4158434050803965
MAE: 1.9151370689786713
EVS: 0.810908173797708
