Model: GRU
MSE: 7.995614036439985
MAE: 2.2744797139332213
EVS: 0.7546506531660173
