Model: GRU
MSE: 424.40449561408406
MAE: 19.500712887994176
EVS: -0.3631055416242346
