Model: GRU
MSE: 9.36664535951284
MAE: 2.473290500969722
EVS: 0.8094728707670732
