Model: GRU
MSE: 7.541896097983275
MAE: 2.0199532796596658
EVS: 0.7675058066216826
