Model: GRU
MSE: 7.571227459578565
MAE: 2.074384459133806
EVS: 0.7931856645770212
