Model: GRU
MSE: 6.8559796258775645
MAE: 1.987024266144325
EVS: 0.7883526402666559
