Model: GRU
MSE: 7.377234568857804
MAE: 2.221208876576917
EVS: 0.7857392211952531
