Model: GRU
MSE: 721.6784239641979
MAE: 26.24010043308653
EVS: -0.023581276871961432
