Model: GRU
MSE: 7.553206145791144
MAE: 2.1268769338213165
EVS: 0.7708808814411483
