Model: GRU
MSE: 35.10235639798314
MAE: 5.41191081343026
EVS: 0.05228373701183575
