Model: GRU
MSE: 6.843816117335751
MAE: 1.9239014222704132
EVS: 0.7926948752469569
