Model: GRU
MSE: 8.227833434074329
MAE: 2.2036888106115935
EVS: 0.7905416328645359
