Model: GRU
MSE: 143.15517867280568
MAE: 10.57293728302265
EVS: 0.03101429139300893
