Model: GRU
MSE: 8.441391013970886
MAE: 2.4064632941936623
EVS: 0.7789667627841099
