Model: GRU
MSE: 7.6184978949226965
MAE: 2.231836882130853
EVS: 0.7749006467441567
