Model: GRU
MSE: 157.2585557301073
MAE: 11.19416643011159
EVS: 0.013066230584979244
