Model: GRU
MSE: 7.505097540906245
MAE: 2.1574807167053223
EVS: 0.7698072274148564
