Model: GRU
MSE: 6.69109077906706
MAE: 1.967522958229328
EVS: 0.7958721187903043
