Model: GRU
MSE: 7.839467744547271
MAE: 2.280918002128601
EVS: 0.7825614341038445
