Model: GRU
MSE: 6.863123797608711
MAE: 1.9692168523525369
EVS: 0.789410512484842
