Model: GRU
MSE: 8.690592092143216
MAE: 2.370024894845897
EVS: 0.7322537814888432
