Model: GRU
MSE: 9.570956155517887
MAE: 2.3437536297173334
EVS: 0.7213588958681092
