Model: GRU
MSE: 8.491722160003013
MAE: 2.3688828739626655
EVS: 0.7508603873023947
