Model: GRU
MSE: 7.509228332905795
MAE: 1.997005585966439
EVS: 0.7849627538442041
