Model: GRU
MSE: 8.15538477263404
MAE: 2.336985160564554
EVS: 0.7696635098578034
