Model: GRU
MSE: 705.1010921408117
MAE: 25.793942023967876
EVS: -0.22863680922687157
