Model: GRU
MSE: 6.656187860713431
MAE: 1.9962465557558784
EVS: 0.8011510513490634
