Model: GRU
MSE: 8.05618209040817
MAE: 2.1367267781290513
EVS: 0.7919459660697261
