Model: GRU
MSE: 899.3915180988685
MAE: 29.37059343272242
EVS: -0.1355356380798971
