Model: GRU
MSE: 11.002448882316605
MAE: 2.763757619364508
EVS: 0.7821415368659461
