Model: GRU
MSE: 1142.1117518829612
MAE: 33.31180089095543
EVS: -0.001961477763019026
