Model: GRU
MSE: 7.706310957186363
MAE: 2.1114054671649276
EVS: 0.7686193941833385
