Model: GRU
MSE: 8.493554367556854
MAE: 2.2844678204635094
EVS: 0.7802270728664933
