Model: GRU
MSE: 7.784435819848392
MAE: 2.273456207637129
EVS: 0.7721698206928156
