Model: GRU
MSE: 13.8499211693658
MAE: 3.2264347569695833
EVS: 0.7557261952889156
