Model: GRU
MSE: 7.255971913939413
MAE: 2.023063614450652
EVS: 0.7762954923357002
