Model: GRU
MSE: 6.523521195037904
MAE: 1.9425224764593716
EVS: 0.8033322144947369
