Model: GRU
MSE: 1555.788239522543
MAE: 38.907257343160694
EVS: -0.29782951817333525
