Model: GRU
MSE: 32.29767964590046
MAE: 5.12258085711249
EVS: 0.02505880320198095
