Model: GRU
MSE: 7.031288608365906
MAE: 1.988667290786217
EVS: 0.7831850157197443
