Model: GRU
MSE: 8.469439106257601
MAE: 2.3661180118034624
EVS: 0.7420640742898397
