Model: GRU
MSE: 7.511388943352734
MAE: 2.026631680028192
EVS: 0.7690474230403493
