Model: GRU
MSE: 8.338480530252689
MAE: 2.3395071276302994
EVS: 0.7988198421178214
