Model: GRU
MSE: 7.771647011946154
MAE: 2.0721204321959923
EVS: 0.7859408174698594
