Model: GRU
MSE: 1336.137504987525
MAE: 36.13083319828428
EVS: 0.051642453589588855
