Model: GRU
MSE: 8.000153492559091
MAE: 2.2585856873413612
EVS: 0.7811342506858487
