Model: GRU
MSE: 9.177333258706666
MAE: 2.5481639730519263
EVS: 0.7653088338355769
