Model: GRU
MSE: 7.893016692873896
MAE: 2.1216390955037085
EVS: 0.7561810769285018
