Model: GRU
MSE: 7.332056123055686
MAE: 2.05874902832097
EVS: 0.7759226941397874
