Model: GRU
MSE: 6.512882090998351
MAE: 1.9412262398621132
EVS: 0.7990587956972073
