Model: GRU
MSE: 8.361318946058253
MAE: 2.366539182334111
EVS: 0.7591548757915885
