Model: GRU
MSE: 9.274863516029132
MAE: 2.1400789186872284
EVS: 0.7143433356462661
