Model: GRU
MSE: 8.16900214348229
MAE: 2.30253141607557
EVS: 0.751805826411213
