Model: GRU
MSE: 8.179421875964273
MAE: 2.1149398633118333
EVS: 0.7678705991825338
