Model: GRU
MSE: 6.9079545152031905
MAE: 1.9769989210983803
EVS: 0.7952347261267765
