Model: GRU
MSE: 8.790522794193521
MAE: 2.208466727158119
EVS: 0.7560943686962756
