Model: GRU
MSE: 7.370282382772976
MAE: 2.070728844609754
EVS: 0.7832693447132395
