Model: GRU
MSE: 1634.1934094053688
MAE: 40.090014556358604
EVS: 0.16644026981125115
