Model: GRU
MSE: 49.024685422002285
MAE: 6.264149534291234
EVS: 0.0066809908583849165
