Model: GRU
MSE: 7.573703048774507
MAE: 2.161402457746966
EVS: 0.8002151343109295
