Model: GRU
MSE: 7.124221009108637
MAE: 2.088318997416003
EVS: 0.8112405493495265
