Model: GRU
MSE: 9.880890410451457
MAE: 2.6924731155921675
EVS: 0.7795036865686987
