Model: GRU
MSE: 7.270157263040166
MAE: 2.142940537682895
EVS: 0.7833577111532177
