Model: GRU
MSE: 55.50427073878774
MAE: 6.432823317391532
EVS: -0.001569983956149823
