Model: GRU
MSE: 3366.346051025174
MAE: 57.9455867767334
EVS: -0.1937964310666651
