Model: GRU
MSE: 8.631199649849302
MAE: 2.109256782702037
EVS: 0.7025620439859015
