Model: GRU
MSE: 13.474568781690012
MAE: 2.982711524622781
EVS: 0.6661038010019642
