Model: GRU
MSE: 9.893397586563239
MAE: 2.492877605983189
EVS: 0.7069308438520896
