Model: GRU
MSE: 4349.147354715754
MAE: 65.71519915262859
EVS: -0.19099906302695135
