Model: GRU
MSE: 11.269869240678146
MAE: 2.537951171398163
EVS: 0.5924965006296667
