Model: GRU
MSE: 8.6841564933439
MAE: 2.264926700932639
EVS: 0.7056772748811234
