Model: GRU
MSE: 11.329874438464422
MAE: 2.749351945416681
EVS: 0.6081221035759533
