Model: GRU
MSE: 9.999390197960096
MAE: 2.3355307696295564
EVS: 0.6174499404867483
