Model: GRU
MSE: 18.89317698810068
MAE: 3.2696979483779596
EVS: -0.21775414376044977
