Model: GRU
MSE: 947.2556926335751
MAE: 30.335477692740305
EVS: 0.06744879808749848
