Model: GRU
MSE: 937.7456986288715
MAE: 30.36371441276706
EVS: -0.01780134761860741
