Model: GRU
MSE: 13.234289894834589
MAE: 2.900117908205305
EVS: 0.6766644633906452
