Model: GRU
MSE: 8.755601197736429
MAE: 2.360978014128549
EVS: 0.7182592869718172
