Model: GRU
MSE: 3839.3264789198515
MAE: 61.73654289245606
EVS: -0.27548817148184135
