Model: GRU
MSE: 10.052834122293625
MAE: 2.3723106306107318
EVS: 0.6112458877243072
