Model: GRU
MSE: 8.380660299851886
MAE: 2.1261481361729757
EVS: 0.715101537370516
