Model: GRU
MSE: 12.015159025765763
MAE: 2.6837056318918866
EVS: 0.5988597227639936
