Model: GRU
MSE: 8.288208988103312
MAE: 2.1639704448836192
EVS: 0.7149363541662042
