Model: GRU
MSE: 16.355680267253135
MAE: 3.048710240672032
EVS: -0.03416988080623229
