Model: GRU
MSE: 9.172673264101842
MAE: 2.5201632806233
EVS: 0.18532525306582703
