Model: GRU
MSE: 9.13439782336448
MAE: 2.3076104589871
EVS: 0.685784032085826
