Model: GRU
MSE: 1502.7276005217293
MAE: 38.37491010938372
EVS: -0.038852975662383216
