Model: GRU
MSE: 3361.824728487457
MAE: 57.80465025820975
EVS: -0.008222618052367903
