Model: GRU
MSE: 11.325040303367917
MAE: 2.3729601317438584
EVS: 0.6723879796165426
