Model: GRU
MSE: 2265.2589202199324
MAE: 45.801791191101074
EVS: -668.8193756268338
