Model: GRU
MSE: 9.191699775483103
MAE: 2.1397502364856855
EVS: 0.7217983838480818
