Model: GRU
MSE: 108.27518958094639
MAE: 9.28172840277354
EVS: 0.026772400083869274
