Model: GRU
MSE: 170.02028844950166
MAE: 12.3656978850462
EVS: -0.10283597425242208
