Model: GRU
MSE: 13.116775821340143
MAE: 2.8417934522790422
EVS: 0.5206444863184986
