Model: GRU
MSE: 8.791294334163544
MAE: 2.271259435585567
EVS: 0.7142621550302063
