Model: GRU
MSE: 8.858711448235328
MAE: 2.349088774408613
EVS: 0.6943172936276627
