Model: GRU
MSE: 1711.3150283504945
MAE: 41.07340409415109
EVS: 0.16148175773413098
