Model: GRU
MSE: 14.061815150762799
MAE: 3.019922519216732
EVS: 0.12985341787120197
