Model: GRU
MSE: 9.134397858935797
MAE: 2.3076104845319474
EVS: 0.685784030078781
