Model: GRU
MSE: 24.47971253898644
MAE: 4.159702899504681
EVS: -0.18772406463780866
