Model: GRU
MSE: 9.691696563046794
MAE: 2.3505831203553886
EVS: 0.8267295482612687
