Model: GRU
MSE: 1205.2476567645535
MAE: 34.10310128310631
EVS: 0.1318919183596976
