Model: GRU
MSE: 8.049303130046402
MAE: 2.0599912682483934
EVS: 0.8345736328127132
