Model: GRU
MSE: 213.30190600133005
MAE: 12.966137513900415
EVS: 0.028193315755414394
