Model: GRU
MSE: 9.932227074972822
MAE: 2.3018381414702906
EVS: 0.8200183583473601
