Model: GRU
MSE: 23.43106845325063
MAE: 3.660809713396533
EVS: 0.613632637314927
