Model: GRU
MSE: 4143.020767981045
MAE: 64.03301371912802
EVS: 0.08502401259912151
