Model: GRU
MSE: 8.06657559923521
MAE: 1.9441494054027966
EVS: 0.825599087576754
