Model: GRU
MSE: 1998.2944427693853
MAE: 44.51744588216146
EVS: 0.3882130893740888
