Model: GRU
MSE: 3731.3247849384825
MAE: 60.729705201477564
EVS: 0.11793315573455632
