Model: GRU
MSE: 238.22064163662233
MAE: 13.875672934795247
EVS: 0.06075518005615266
