Model: GRU
MSE: 0.7104869536442692
MAE: 0.5831246776240212
EVS: 0.9696309733878065
