Model: GRU
MSE: 9.341621133492435
MAE: 2.274386878465784
EVS: 0.8350714661562599
