Model: GRU
MSE: 3645.309673011675
MAE: 60.052178420029676
EVS: 0.1696505668693169
