Model: GRU
MSE: 6.926664784802714
MAE: 1.8913371737661033
EVS: 0.8589786747238544
