Model: GRU
MSE: 9.970303637003823
MAE: 2.3909189669446573
EVS: 0.8134670470405498
