Model: GRU
MSE: 4261.846049713421
MAE: 62.97721247770348
EVS: -12.73338368592098
