Model: GRU
MSE: 9.08000034092534
MAE: 2.1173093027559813
EVS: 0.8181123898860787
