Model: GRU
MSE: 8.023722425079047
MAE: 1.9514881512921327
EVS: 0.8269438692650017
