Model: GRU
MSE: 6.915148759078483
MAE: 1.958118348462241
EVS: 0.6944187902913208
