Model: GRU
MSE: 5.2928809576927875
MAE: 1.4798772198813301
EVS: 0.706868398982778
