Model: GRU
MSE: 5.960537774254278
MAE: 1.9617332261184168
EVS: 0.4349663523745325
