Model: GRU
MSE: 3781.4649817027766
MAE: 61.213824081420896
EVS: -1.028606915011585
