Model: GRU
MSE: 5.28075097184828
MAE: 1.7790961070936553
EVS: 0.8474541899190672
