Model: GRU
MSE: 4.822304263012501
MAE: 1.2833909690380096
EVS: 0.7158351031553444
