Model: GRU
MSE: 235.0877571678075
MAE: 14.7856522832598
EVS: 0.026709664181715165
