Model: GRU
MSE: 1920.547286318549
MAE: 43.38770722369758
EVS: -0.25367741221717277
