Model: GRU
MSE: 47.27718637528615
MAE: 5.865317729570098
EVS: 0.4392649416711568
