Model: GRU
MSE: 3997.1761211615594
MAE: 63.2216739654541
EVS: 0.2157513304700842
