Model: GRU
MSE: 6.4592815280233875
MAE: 1.807598253339529
EVS: 0.8380282150669401
