Model: GRU
MSE: 5.187556271540247
MAE: 1.3493505154337202
EVS: 0.6939070352700258
