Model: GRU
MSE: 6.99787274579158
MAE: 1.8606369413178547
EVS: 0.37923935719582913
