Model: GRU
MSE: 1100.6906658188154
MAE: 32.88985478878021
EVS: 0.3739662523520356
