Model: GRU
MSE: 164.11174686857345
MAE: 12.080098983219692
EVS: -0.07437062521580562
