Model: GRU
MSE: 4.522918164229151
MAE: 1.3981641699870428
EVS: 0.8663053382244476
