Model: GRU
MSE: 41.185229796847366
MAE: 4.870423022338322
EVS: -0.03190230153008722
