Model: GRU
MSE: 10.307685838967839
MAE: 2.5040512557844727
EVS: 0.7776712205874814
