Model: GRU
MSE: 6.5303653994729745
MAE: 1.8600370407104492
EVS: 0.6926916650999926
