Model: GRU
MSE: 1687.6779593907363
MAE: 40.83617057800293
EVS: 0.3360043078355247
