Model: GRU
MSE: 1372.9885159395863
MAE: 36.63987685031578
EVS: -0.0076518842881545535
