Model: GRU
MSE: 5.481690200230708
MAE: 1.3436799009995803
EVS: 0.6770116572828209
