Model: GRU
MSE: 94.08223270322729
MAE: 9.646367618015834
EVS: -0.051279158017033755
