Model: GRU
MSE: 6.399072150188234
MAE: 1.774030986552437
EVS: 0.8531519025303405
