Model: GRU
MSE: 4.6420433067199145
MAE: 1.6128487866752002
EVS: 0.8810732331058969
