Model: GRU
MSE: 5.620777591639441
MAE: 1.413138271974666
EVS: 0.6720538370563816
