Model: GRU
MSE: 162.92975640687789
MAE: 11.812641380263157
EVS: 0.22526054719500643
