Model: GRU
MSE: 5.455899923788337
MAE: 1.4552344816071647
EVS: 0.6937270696740285
