Model: GRU
MSE: 53.80343617649771
MAE: 7.174907588958741
EVS: -0.037561279642852385
