Model: GRU
MSE: 979.1797321583159
MAE: 31.013659636179607
EVS: -0.018319596348777667
