Model: GRU
MSE: 5.3567125970899045
MAE: 1.563177365916116
EVS: 0.7113154385537135
