Model: GRU
MSE: 5.405534043742994
MAE: 1.1547902128526144
EVS: 0.6851160268196712
