Model: GRU
MSE: 15.116604304729625
MAE: 3.2350758489663316
EVS: 0.798950175134751
