Model: GRU
MSE: 6.6210701137304415
MAE: 2.042326925512479
EVS: 0.8421166458926131
