Model: GRU
MSE: 7.367883665421769
MAE: 2.054044602598463
EVS: 0.6723698358912555
