Model: GRU
MSE: 8.252556592002657
MAE: 2.3744968788964407
EVS: 0.6840150520024908
