Model: GRU
MSE: 5.7946440628698435
MAE: 1.491279798746109
EVS: 0.6817608967984685
