Model: GRU
MSE: 555.9451642594762
MAE: 23.155643302853367
EVS: -0.5719960105436968
