Model: GRU
MSE: 1531.2790805658585
MAE: 38.92091489607288
EVS: 0.2050994030797988
