Model: GRU
MSE: 4.6351140773100585
MAE: 1.5056115742056415
EVS: 0.7798038251189169
