Model: GRU
MSE: 85.6197089425025
MAE: 8.06858207498278
EVS: -0.05525713203337457
