Model: GRU
MSE: 4.367263099807194
MAE: 1.579611227224613
EVS: 0.8045322251492646
