Model: GRU
MSE: 1237.0607839670517
MAE: 34.87043166919878
EVS: 0.01445547102770528
