Model: GRU
MSE: 4.728551998544099
MAE: 1.49610309663434
EVS: 0.789192890956252
