Model: GRU
MSE: 6.516067432666104
MAE: 1.871889325719455
EVS: 0.6600995591712696
