Model: GRU
MSE: 3.555629669558945
MAE: 1.3245544565135035
EVS: 0.798295551181577
