Model: GRU
MSE: 3.8398263841072158
MAE: 1.3574441424474635
EVS: 0.8004013238176291
