Model: GRU
MSE: 128.75759239835094
MAE: 10.560973869051253
EVS: 0.14546456248639283
