Model: GRU
MSE: 8.650313740832543
MAE: 2.341712709758189
EVS: 0.7476774932472712
