Model: GRU
MSE: 4.557995999689206
MAE: 1.5447810741776196
EVS: 0.8358300414343101
