Model: GRU
MSE: 1722.5856876331854
MAE: 41.17274769750135
EVS: -0.5540954310655914
