Model: GRU
MSE: 919.7211884057141
MAE: 29.976775425878063
EVS: -0.1979818288732662
