Model: GRU
MSE: 113.33996037412642
MAE: 9.693601258974226
EVS: 0.10367780734563736
