Model: GRU
MSE: 4712.838540803307
MAE: 68.51060330137915
EVS: -0.05118052481372959
