Model: GRU
MSE: 4.748234771871106
MAE: 1.5724003270363351
EVS: 0.7976363203052745
