Model: GRU
MSE: 21.07447654576976
MAE: 3.9160321893394965
EVS: 0.5386168753518364
