Model: GRU
MSE: 6.913200668749498
MAE: 2.043582139696394
EVS: 0.6696418563908975
