Model: GRU
MSE: 11.994318279246857
MAE: 2.557497277551768
EVS: 0.0010203566677289277
