Model: GRU
MSE: 9.246244206892783
MAE: 2.2728047098432267
EVS: 0.5623497882813921
