Model: GRU
MSE: 9.255601363892572
MAE: 2.5061371326446533
EVS: 0.5936485679676851
