Model: GRU
MSE: 6.678265351394852
MAE: 2.0417352738927623
EVS: 0.7309153016355222
