Model: GRU
MSE: 1804.819487563978
MAE: 42.29510866800944
EVS: -0.018902081818233718
