Model: GRU
MSE: 4.492154645887737
MAE: 1.6591107745965321
EVS: 0.6269071657467407
