Model: GRU
MSE: 6.570195379156071
MAE: 1.9365234749657767
EVS: 0.6680366049027713
