Model: GRU
MSE: 7.117577744030404
MAE: 2.1986132621765138
EVS: -0.2785303989771788
