Model: GRU
MSE: 3.9926795688596783
MAE: 1.577481746673584
EVS: 0.6547609835614052
