Model: GRU
MSE: 15.897417132530853
MAE: 3.42313791683742
EVS: 0.6537185894130074
