Model: GRU
MSE: 15.529874609418735
MAE: 3.433653195699056
EVS: 0.0650933448739629
