Model: GRU
MSE: 5.970167302860584
MAE: 2.087494551125219
EVS: 0.6152924075668549
