Model: GRU
MSE: 11.042947397333995
MAE: 2.8207729067121234
EVS: 0.6773348313706604
