Model: GRU
MSE: 414.5144910509007
MAE: 20.3562068939209
EVS: 0.442672228848096
