Model: GRU
MSE: 9.562286999621627
MAE: 2.2784258433750697
EVS: 0.5382084922293411
