Model: GRU
MSE: 4.1975056758603
MAE: 1.7151959871841689
EVS: 0.710953753618352
