Model: GRU
MSE: 13.379485982859741
MAE: 3.046017190388271
EVS: 0.6289585422483734
