Model: GRU
MSE: 9.562287118218322
MAE: 2.278425795691354
EVS: 0.5382084759460839
