Model: GRU
MSE: 4.003101690420974
MAE: 1.6308142603660116
EVS: 0.7218923237089234
