Model: GRU
MSE: 3.852695064423297
MAE: 1.6468230644861857
EVS: 0.7530539377375443
