Model: GRU
MSE: 8.271407204607593
MAE: 2.316344339506967
EVS: 0.6430976481385561
