Model: GRU
MSE: 9.193341761770048
MAE: 2.441713387625558
EVS: 0.6550202132301505
