Model: GRU
MSE: 9.74864536108842
MAE: 2.470070035117013
EVS: 0.6241336235425693
