Model: GRU
MSE: 15.737154098229318
MAE: 2.9743035112108505
EVS: 0.19247281065839006
