Model: GRU
MSE: 214.54137126710293
MAE: 14.251728914221939
EVS: 0.010226656259732736
