Model: GRU
MSE: 5.1892547613709175
MAE: 1.7122908194859823
EVS: 0.7247255001271902
