Model: GRU
MSE: 25.323068684320724
MAE: 4.428759706431422
EVS: 0.27992121736231645
