Model: GRU
MSE: 8.798918838805513
MAE: 2.2275810037340436
EVS: 0.574226856496878
