Model: GRU
MSE: 4.041900430265446
MAE: 1.647786764303843
EVS: 0.7475372472321613
