Model: GRU
MSE: 252.16173820034737
MAE: 15.271218633651733
EVS: 0.01240110760061841
