Model: GRU
MSE: 8.633284471312816
MAE: 2.1582660334450856
EVS: 0.570136542105455
