Model: GRU
MSE: 11.055996293087917
MAE: 2.5961188612313104
EVS: 0.31710593744054216
