Model: GRU
MSE: 31.86072369091011
MAE: 4.465498188563756
EVS: 0.00019615880032441968
