Model: GRU
MSE: 9.48332655053703
MAE: 2.244679205758231
EVS: 0.5169056836839316
