Model: GRU
MSE: 2465.9335373767804
MAE: 49.65027454921177
EVS: 0.3141972559101954
