Model: GRU
MSE: 4.512439721498304
MAE: 1.8158768982183737
EVS: 0.7250076439321158
