Model: GRU
MSE: 292.9235296202973
MAE: 16.579022042093605
EVS: 0.03273153895109848
