Model: GRU
MSE: 21.27513193002857
MAE: 3.8290929037949133
EVS: 0.001287034501980422
