Model: GRU
MSE: 7.781777912510344
MAE: 2.2087019558076735
EVS: 0.576223527859312
