Model: GRU
MSE: 705.0142464583511
MAE: 25.840680725720464
EVS: -0.7056795014378612
