Model: GRU
MSE: 0.2944047728159329
MAE: 0.43980010811771664
EVS: 0.9830068881132769
