Model: GRU
MSE: 2.1336807647574587
MAE: 1.1927066530500139
EVS: 0.8989045793337559
