Model: GRU
MSE: 5.615003623950137
MAE: 1.839272375764518
EVS: 0.7178881310350436
