Model: GRU
MSE: 8.140901158059098
MAE: 2.274682915724557
EVS: 0.7026548112630304
