Model: GRU
MSE: 16.41143682832822
MAE: 3.2578038316865205
EVS: 0.49643579359156487
