Model: GRU
MSE: 6.720904202321894
MAE: 1.8809424741580463
EVS: 0.6382757768958012
