Model: GRU
MSE: 7.721554883174729
MAE: 2.145316548669149
EVS: 0.6393446584976981
