Model: GRU
MSE: 7.604663510149452
MAE: 2.0979888279726553
EVS: 0.6187567574491203
