Model: GRU
MSE: 1876.2984172759886
MAE: 43.10316061292376
EVS: -0.019998146437544495
