Model: GRU
MSE: 1865.6519163926262
MAE: 42.9778822090975
EVS: -0.008520280060775542
