Model: GRU
MSE: 6.759327264118909
MAE: 1.9274553687144549
EVS: 0.632319342063826
