Model: GRU
MSE: 6.9735010811928415
MAE: 1.9907239496902067
EVS: 0.6289412263277407
