Model: GRU
MSE: 6.137909329187129
MAE: 1.795869867966093
EVS: 0.67154472163214
