Model: GRU
MSE: 7.905597250761568
MAE: 2.1964104344287225
EVS: 0.6113307483529689
