Model: GRU
MSE: 6.263183267085033
MAE: 1.8601728990160187
EVS: 0.665103699161087
