Model: GRU
MSE: 6.111100179476359
MAE: 1.7045496531895228
EVS: 0.48140388168086334
