Model: GRU
MSE: 5.132100838311633
MAE: 1.6761761357386906
EVS: 0.7183329181203855
