Model: GRU
MSE: 7.4306378767949735
MAE: 2.256884092092514
EVS: 0.5857087553307487
