Model: GRU
MSE: 6.333241599306549
MAE: 1.6346362386431013
EVS: 0.46482620135207475
