Model: GRU
MSE: 6.335979541128881
MAE: 1.6629855019705637
EVS: 0.4677256940415835
