Model: GRU
MSE: 5.910013141090677
MAE: 1.6818581104278565
EVS: 0.4979375741371068
