Model: GRU
MSE: 6.604545354432769
MAE: 1.9274602893923152
EVS: 0.7023500088639454
