Model: GRU
MSE: 5.316409167431484
MAE: 1.737850621595221
EVS: 0.7052433573932682
