Model: GRU
MSE: 4.90550307439799
MAE: 1.666646641989549
EVS: 0.7500549718018342
