Model: GRU
MSE: 5.875726807820323
MAE: 1.6800367968423027
EVS: 0.4998159040664357
