Model: GRU
MSE: 6.199775502499353
MAE: 1.7757446493421283
EVS: 0.4768430853860468
