Model: GRU
MSE: 5.1612497659640795
MAE: 1.7674142049283397
EVS: 0.776831203178032
