Model: GRU
MSE: 6.13193147390353
MAE: 1.6198100907461983
EVS: 0.47842465468300843
