Model: GRU
MSE: 61.34771258351253
MAE: 7.643364655971527
EVS: -0.12133690396850394
