Model: GRU
MSE: 6.760870724074321
MAE: 1.784293031692505
EVS: 0.48634847889990096
