Model: GRU
MSE: 20.994444749596706
MAE: 3.335892919766701
EVS: 0.004895458386165563
