Model: GRU
MSE: 6.076131990820795
MAE: 1.7805135726928711
EVS: 0.4858520872849381
