Model: GRU
MSE: 10.27928183931571
MAE: 2.7417404846269258
EVS: 0.6815770101818497
