Model: GRU
MSE: 18.490384262161538
MAE: 3.595137373606364
EVS: 0.0007107235175466409
