Model: GRU
MSE: 4.3003101324574935
MAE: 1.5004319486946895
EVS: 0.31837046157084026
