Model: GRU
MSE: 52486.97202969971
MAE: 226.24771118164062
EVS: -47.4580598255658
