Model: GRU
MSE: 7.765528945495109
MAE: 1.9641002110072545
EVS: 0.4615232038387068
