Model: GRU
MSE: 6.243559204604643
MAE: 1.6350904192243303
EVS: 0.4677208550401978
