Model: GRU
MSE: 3.94687575941639
MAE: 1.454835003819959
EVS: 0.26235846374210303
