Model: GRU
MSE: 8.623910384154312
MAE: 2.813957623073033
EVS: -0.016826208984425328
