Model: GRU
MSE: 6.118291804780168
MAE: 2.034430785257308
EVS: 0.7180519253376009
