Model: GRU
MSE: 13.606593747636452
MAE: 3.688711643218994
EVS: 0.0
