Model: GRU
MSE: 7.488266036834814
MAE: 2.0521842888423376
EVS: 0.45565904415088565
