Model: GRU
MSE: 6.666435859535952
MAE: 1.7417068890162877
EVS: 0.4906202963408042
