Model: GRU
MSE: 5.964323010285557
MAE: 1.9261622071266176
EVS: 0.6985687847034343
