Model: GRU
MSE: 5.933639441912705
MAE: 1.6625507354736329
EVS: 0.49837891722829275
