Model: GRU
MSE: 1063.4335644549908
MAE: 31.53645851952689
EVS: -4.872680904301608
