Model: GRU
MSE: 7.882499005386011
MAE: 2.3323299057629643
EVS: 0.7411735746219972
