Model: GRU
MSE: 6.071394987312656
MAE: 1.5696723801749093
EVS: 0.48297628874940746
