Model: GRU
MSE: 51.15948567481335
MAE: 6.413667279846814
EVS: -1.4166637749197486
