Model: GRU
MSE: 164.85073655247712
MAE: 12.038686898289894
EVS: 0.01426711355413357
