Model: GRU
MSE: 4.543763095119917
MAE: 1.5319845353734904
EVS: 0.8377595425080802
