Model: GRU
MSE: 5.590976018441217
MAE: 1.7882334076125046
EVS: 0.7851508166782095
