Model: GRU
MSE: 5.929322603611155
MAE: 1.7251222714301078
EVS: 0.7612896064381722
