Model: GRU
MSE: 8.306321734566485
MAE: 2.251882154777132
EVS: 0.7773289761342165
