Model: GRU
MSE: 6.235319857662344
MAE: 1.8631740242409307
EVS: 0.7579488994026646
