Model: GRU
MSE: 15.561957139619379
MAE: 3.248017740249634
EVS: 0.4475601684248881
