Model: GRU
MSE: 210.79449170644622
MAE: 13.534325439971068
EVS: -0.0823378771145733
