Model: GRU
MSE: 242.65554475354134
MAE: 15.327262683283715
EVS: 0.2752885688545579
