Model: GRU
MSE: 33711.68459441916
MAE: 177.3374623531053
EVS: -138.6677698038643
