Model: GRU
MSE: 3.9918190235444095
MAE: 1.3935007935967938
EVS: 0.8556599237594802
