Model: GRU
MSE: 27.51713314965297
MAE: 4.290967406740614
EVS: 0.007332962569193802
