Model: GRU
MSE: 25.187325484137798
MAE: 4.408984041833258
EVS: 2.3171287933165807e-05
