Model: GRU
MSE: 6.9561422860860045
MAE: 1.9047325624359979
EVS: 0.7564354881161337
