Model: GRU
MSE: 7.264112162910008
MAE: 1.953916331830497
EVS: 0.7387903985088344
