Model: GRU
MSE: 8.491479340518504
MAE: 2.2102787835257396
EVS: 0.14990650938424932
