Model: GRU
MSE: 6.015232177550515
MAE: 1.722236411190965
EVS: 0.7590283432965259
