Model: GRU
MSE: 8.095737332480622
MAE: 2.0576718056049104
EVS: 0.6783336655699324
