Model: GRU
MSE: 4.873360405900972
MAE: 1.4748161043439592
EVS: 0.5419714585373125
