Model: GRU
MSE: 7.822227639033896
MAE: 2.0826966663834394
EVS: 0.7512724283085844
