Model: GRU
MSE: 51.17182965109476
MAE: 6.605992810479526
EVS: 0.4560068056245449
