Model: GRU
MSE: 4.349844276160465
MAE: 1.7512483432375152
EVS: 0.8316998981003347
