Model: GRU
MSE: 14.734145203733487
MAE: 3.563745383558602
EVS: 0.8028174922091555
