Model: GRU
MSE: 13.737927924381468
MAE: 3.4433444286214896
EVS: 0.7670005574559122
