Model: GRU
MSE: 9.780528958173328
MAE: 2.84993026174348
EVS: 0.7951006881440565
