Model: GRU
MSE: 6.224642558151285
MAE: 2.208791297057579
EVS: 0.8118017311179301
