Model: GRU
MSE: 4.267314876340598
MAE: 1.5989036066778775
EVS: 0.7973677763951228
