Model: GRU
MSE: 12.683236457588976
MAE: 3.265028879560273
EVS: 0.8050526435621913
