Model: GRU
MSE: 337.7373441980615
MAE: 17.874508265791267
EVS: 0.0
