Model: GRU
MSE: 5.2190912248621375
MAE: 1.8361090380569984
EVS: 0.7689020346323204
