Model: GRU
MSE: 4.876370238312797
MAE: 1.8250682518399994
EVS: 0.7875534528022793
