Model: GRU
MSE: 8.008988602007948
MAE: 2.515780679110823
EVS: 0.7883624122040098
