Model: GRU
MSE: 149.3949175139736
MAE: 11.388214267533401
EVS: -0.08027692842332068
