Model: GRU
MSE: 4.544832786204321
MAE: 1.7730506781874031
EVS: 0.8035469328182078
