Model: GRU
MSE: 6.932060582675992
MAE: 2.30538219419019
EVS: 0.7807689614192093
