Model: GRU
MSE: 52.9025106697744
MAE: 6.444202883490201
EVS: 0.04918308433655538
