Model: GRU
MSE: 10.951758193942435
MAE: 3.0673769589128166
EVS: 0.8006335833768159
