Model: GRU
MSE: 5.585061939608749
MAE: 2.049080043003477
EVS: 0.8095666931445489
