Model: GRU
MSE: 3.4802040908201937
MAE: 1.3727253387714256
EVS: 0.8095958170841793
