Model: GRU
MSE: 24.876786472108176
MAE: 4.490050069217024
EVS: 0.4540929269056734
