Model: GRU
MSE: 11.149957953530098
MAE: 3.075225862963446
EVS: 0.7516692649994408
