Model: GRU
MSE: 28.357879649412695
MAE: 4.671788971999596
EVS: 0.0
