Model: GRU
MSE: 7.084822516465281
MAE: 2.3448991857726
EVS: 0.7674323461475441
