Model: GRU
MSE: 16.077521787835586
MAE: 3.762990137626385
EVS: 0.7852137917987576
