Model: GRU
MSE: 29.95127161362549
MAE: 4.857939637940506
EVS: 0.35567508897302424
