Model: GRU
MSE: 22.084017395163503
MAE: 4.450440694545877
EVS: 0.7734348998315698
