Model: GRU
MSE: 3.634342397326187
MAE: 1.4345463226581443
EVS: 0.8012946137204096
