Model: GRU
MSE: 4.469548253919972
MAE: 1.744132132365786
EVS: 0.811867247452761
