Model: GRU
MSE: 7.259250877165868
MAE: 2.4066213081622947
EVS: 0.7723392967235029
