Model: GRU
MSE: 5.603490701487065
MAE: 1.9770474598325531
EVS: 0.7927228364653335
