Model: GRU
MSE: 29.444023317338758
MAE: 4.820746339600662
EVS: 0.3805613056095416
