Model: GRU
MSE: 10.385914906680448
MAE: 2.8524300476600386
EVS: 0.7081264894991794
