Model: GRU
MSE: 119.37642745375709
MAE: 9.929676055908203
EVS: -0.13918640734077758
