Model: GRU
MSE: 4.217082264429968
MAE: 1.631818565829047
EVS: 0.8108491100547893
