Model: GRU
MSE: 3.9314376605600656
MAE: 1.5715119427648083
EVS: 0.805989604165793
