Model: GRU
MSE: 72.77594389716367
MAE: 7.69684597541546
EVS: -2.220446049250313e-16
