Model: GRU
MSE: 4.840271752810512
MAE: 1.780016829227579
EVS: 0.8162979672079218
