Model: GRU
MSE: 4.745929366176566
MAE: 1.7328381538391113
EVS: 0.7968755207099154
