Model: GRU
MSE: 6.561523130718643
MAE: 2.2673252451008765
EVS: 0.812049676036926
