Model: GRU
MSE: 6.258740089238499
MAE: 2.1361845526201972
EVS: 0.786919642419067
