Model: GRU
MSE: 4.3374145144451655
MAE: 1.6554313856979896
EVS: 0.7888688884888245
