Model: GRU
MSE: 13.544301635964091
MAE: 3.3684164080126533
EVS: 0.76208625554732
