Model: GRU
MSE: 7.289450962548235
MAE: 2.341979141893058
EVS: 0.7672958823959846
