Model: GRU
MSE: 124.10181667469713
MAE: 10.247014163896955
EVS: -0.04721776703927083
