Model: GRU
MSE: 4.361761526615059
MAE: 1.585765287793916
EVS: 0.7803319971565965
