Model: GRU
MSE: 994.402446337807
MAE: 31.213289425290863
EVS: -0.1038258758342201
