Model: GRU
MSE: 7.5265543096878975
MAE: 2.450116050654444
EVS: 0.8087656360112956
