Model: GRU
MSE: 186.041978553452
MAE: 12.838826154840403
EVS: -0.16268296022811746
