Model: GRU
MSE: 19.16501633208824
MAE: 3.9136082550574995
EVS: 0.6062322222154708
