Model: GRU
MSE: 6.419470301352694
MAE: 2.114236256171917
EVS: 0.7883959982024942
