Model: GRU
MSE: 12.368528572843122
MAE: 3.210283739813443
EVS: 0.7846350855390243
