Model: GRU
MSE: 19.236154266622112
MAE: 4.120508646142894
EVS: 0.7577823328936858
