Model: GRU
MSE: 4.94058400930244
MAE: 1.773482840636681
EVS: 0.7712562815169356
