Model: GRU
MSE: 15.22786988850712
MAE: 3.611067895231576
EVS: 0.7719045664930799
