Model: GRU
MSE: 12.606206927994055
MAE: 3.3002610288817307
EVS: 0.7914000978575011
