Model: GRU
MSE: 5.3189688326362035
MAE: 1.9432603203017136
EVS: 0.7836566975904051
