Model: GRU
MSE: 3.9517448143872
MAE: 1.619743355389299
EVS: 0.8198972792645848
