Model: GRU
MSE: 11.250610057410395
MAE: 3.083995218934684
EVS: 0.7753777753300378
