Model: GRU
MSE: 5.250133361216054
MAE: 1.8021567854388008
EVS: 0.7717259484964779
