Model: GRU
MSE: 8.438974984413468
MAE: 2.631746538754167
EVS: 0.7872330825728531
