Model: GRU
MSE: 3.112941214602105
MAE: 1.2601147437917775
EVS: 0.832591366902334
