Model: GRU
MSE: 23.84260035065447
MAE: 4.152025033687723
EVS: 0.28475512275064363
