Model: GRU
MSE: 10.29995141904677
MAE: 2.9071026670521705
EVS: 0.7821573734227332
