Model: GRU
MSE: 10.86060195073483
MAE: 3.0084011143651503
EVS: 0.7798943076636564
