Model: GRU
MSE: 9.826314187211077
MAE: 2.8388776285894988
EVS: 0.8064707082857638
