Model: GRU
MSE: 4.904244511552614
MAE: 1.84757373250764
EVS: 0.8125906473520565
