Model: GRU
MSE: 6.602442870606712
MAE: 2.1150039722179543
EVS: 0.7703470843999247
