Model: GRU
MSE: 9.545854680609205
MAE: 2.888134742605275
EVS: 0.8341221480252152
