Model: GRU
MSE: 5.962970228458873
MAE: 2.0119334664838067
EVS: 0.8008345022817227
