Model: GRU
MSE: 6.223097226337014
MAE: 1.9843472283461998
EVS: 0.746807049475612
