Model: GRU
MSE: 6.373107287458137
MAE: 2.142226523366468
EVS: 0.7958203810566369
