Model: GRU
MSE: 5.566188147573955
MAE: 1.8781756707600186
EVS: 0.7812012603670415
