Model: GRU
MSE: 12.777004805661608
MAE: 3.312935870269249
EVS: 0.767239259432274
