Model: GRU
MSE: 4.6259444333045945
MAE: 1.6784238815307617
EVS: 0.7879402887294389
