Model: GRU
MSE: 9.403519539276449
MAE: 2.6608396809676598
EVS: 0.7405921556537614
