Model: GRU
MSE: 50.4731897081108
MAE: 6.274537152257459
EVS: -2.220446049250313e-16
