Model: GRU
MSE: 12.879650870100614
MAE: 3.162839305811915
EVS: 0.5907044695986623
