Model: GRU
MSE: 9.910797661795751
MAE: 2.8834180667482574
EVS: 0.7752291994488809
