Model: GRU
MSE: 4.992792440631342
MAE: 1.6712804498343632
EVS: 0.7682391855563702
