Model: GRU
MSE: 7.139113833279793
MAE: 2.2908614362989153
EVS: 0.7784968973384254
