Model: GRU
MSE: 8.641616069045917
MAE: 2.6224701815638047
EVS: 0.7534316756361302
