Model: GRU
MSE: 8.656127600896152
MAE: 2.2316413994493156
EVS: 0.5419560008188471
