Model: GRU
MSE: 4.371649184055718
MAE: 1.6283960342407227
EVS: 0.8020066634585886
