Model: GRU
MSE: 3.807986394098003
MAE: 1.5119842085345039
EVS: 0.8007525887286414
