Model: GRU
MSE: 4.436550851020865
MAE: 1.6705570632013782
EVS: 0.8103604662669301
