Model: GRU
MSE: 16.38390356698249
MAE: 3.804316520690918
EVS: 0.7399115469753046
