Model: GRU
MSE: 6.406805108870812
MAE: 2.0660596962632805
EVS: 0.7890203565777152
