Model: GRU
MSE: 4.29225360458236
MAE: 1.579718828201294
EVS: 0.7798098108294909
