Model: GRU
MSE: 408.63936636740823
MAE: 19.634542777620513
EVS: -0.2678171991777871
