Model: GRU
MSE: 134.02104865115663
MAE: 10.723716217896033
EVS: -0.042965505331029386
