Model: GRU
MSE: 5.09159990848113
MAE: 1.8801558839863743
EVS: 0.8041524021547888
