Model: GRU
MSE: 3050.741320696835
MAE: 55.07859184002054
EVS: 0.06300992551046036
