Model: GRU
MSE: 13.077321938531421
MAE: 3.3461330101407807
EVS: 0.791695004328458
