Model: GRU
MSE: 8.048740140497918
MAE: 2.553432037090433
EVS: 0.7880261442800742
