Model: GRU
MSE: 6.468419036960884
MAE: 2.2339232214565934
EVS: 0.7879752826252764
