Model: GRU
MSE: 7.21069875648727
MAE: 2.2981584318752946
EVS: 0.7896824277843919
