Model: GRU
MSE: 5.971604476407613
MAE: 2.0527633880746774
EVS: 0.7746073787077653
