Model: GRU
MSE: 8.812179613345636
MAE: 2.6642573701924293
EVS: 0.7678674902166188
