Model: GRU
MSE: 7.839395703783377
MAE: 2.504588850613298
EVS: 0.7969104266968128
