Model: GRU
MSE: 8.120386201214124
MAE: 2.2501449831600846
EVS: 0.6151337334734372
