Model: GRU
MSE: 3.3523595504326367
MAE: 1.2286006911047573
EVS: 0.8195035978365915
