Model: GRU
MSE: 3.2032890723682264
MAE: 1.2647667444985489
EVS: 0.8244815005343973
