Model: GRU
MSE: 11.659322671250576
MAE: 3.0574892307149955
EVS: 0.766620328159233
