Model: GRU
MSE: 6.743145634462378
MAE: 2.0396015972926698
EVS: 0.7574611439397648
