Model: GRU
MSE: 3.318879285655678
MAE: 1.2868336069172825
EVS: 0.8183619633330195
