Model: GRU
MSE: 5.906953565541165
MAE: 1.9610413025165427
EVS: 0.7302401783527163
