Model: GRU
MSE: 11.993658823672169
MAE: 3.1377388115586906
EVS: 0.7383941262689327
