Model: GRU
MSE: 42.34714297386268
MAE: 5.729651220913591
EVS: -1.2455911219566573e-05
