Model: GRU
MSE: 136.7903858177846
MAE: 10.839241837633066
EVS: -0.05822174309684569
