Model: GRU
MSE: 239.09520194084206
MAE: 14.799553081907074
EVS: -0.10028522023621811
