Model: GRU
MSE: 16.230929672461567
MAE: 3.762904561799148
EVS: 0.7438419125351468
