Model: GRU
MSE: 156.2047297058943
MAE: 11.779326977400943
EVS: 0.043154773240216326
