Model: GRU
MSE: 8.9690281417713
MAE: 2.6962792462316054
EVS: 0.8008350592690814
