Model: GRU
MSE: 8.480988004000354
MAE: 2.6506575798166208
EVS: 0.7813404906162196
