Model: GRU
MSE: 34.54323856472208
MAE: 5.151774307777142
EVS: 0.0
