Model: GRU
MSE: 10.135856252729722
MAE: 2.9202247488087623
EVS: 0.8028046516023384
