Model: GRU
MSE: 3833.863372723245
MAE: 61.77073800974879
EVS: 0.0
