Model: GRU
MSE: 5.464418869416508
MAE: 1.9233738636148388
EVS: 0.7482851482562833
