Model: GRU
MSE: 4.769910740225453
MAE: 1.8066688817122887
EVS: 0.8106834768658717
