Model: GRU
MSE: 196.45107767578236
MAE: 13.414659360359455
EVS: 0.09547003889918604
