Model: GRU
MSE: 7.8972174927497845
MAE: 2.5027570642274
EVS: 0.7814449066373608
