Model: GRU
MSE: 5.990474508730741
MAE: 1.9239837383401805
EVS: 0.7811256995620856
