Model: GRU
MSE: 116.04202962658812
MAE: 9.82851048892942
EVS: -0.06596266541671181
