Model: GRU
MSE: 157.29428713370473
MAE: 11.707585897938959
EVS: -0.10896368228485298
