Model: GRU
MSE: 3.9798318112211675
MAE: 1.5267895868846348
EVS: 0.793215766377627
