Model: GRU
MSE: 3.926530859516149
MAE: 1.411918648358049
EVS: 0.7988531284803962
