Model: GRU
MSE: 5.842385665797667
MAE: 1.9821874684300915
EVS: 0.7690532926900161
