Model: GRU
MSE: 5.024349111227413
MAE: 1.8566784159890537
EVS: 0.7894621983341814
