Model: GRU
MSE: 8.359450432779372
MAE: 2.56655923251448
EVS: 0.7757084774045694
