Model: GRU
MSE: 4.380661933380666
MAE: 1.558979449601009
EVS: 0.7709425158214404
