Model: GRU
MSE: 4.5112305082226865
MAE: 1.7535827242094895
EVS: 0.8094227312246716
