Model: GRU
MSE: 110.48961565808631
MAE: 9.569006023735836
EVS: -0.037525616639823234
