Model: GRU
MSE: 8.706401325480059
MAE: 2.6940740963508345
EVS: 0.787738534858988
