Model: GRU
MSE: 6.176323559793006
MAE: 2.1375415078524886
EVS: 0.7869033976745722
