Model: GRU
MSE: 10.861172589697084
MAE: 2.983370123238399
EVS: 0.7717833632606197
