Model: GRU
MSE: 13.814262429929304
MAE: 3.3856930321660537
EVS: 0.7728751714259018
