Model: GRU
MSE: 28.040936562056643
MAE: 5.00427560970701
EVS: 0.7603565339675259
