Model: GRU
MSE: 12.91970481646603
MAE: 3.283481400588463
EVS: 0.7408361470540514
