Model: GRU
MSE: 4.5346794208941965
MAE: 1.7890519602545376
EVS: 0.82625277557914
