Model: GRU
MSE: 162.3205981201315
MAE: 11.954664834614459
EVS: -0.06399853376337994
