Model: GRU
MSE: 5.901948865039077
MAE: 2.0649280301455795
EVS: 0.8040228936313698
