Model: GRU
MSE: 4.038502024248244
MAE: 1.4672777652740479
EVS: 0.7802689372149106
