Model: GRU
MSE: 66.74339113018124
MAE: 7.392200815266576
EVS: 0.07029202123866973
