Model: GRU
MSE: 6.051995397204453
MAE: 1.960687834641029
EVS: 0.7643000503005868
