Model: GRU
MSE: 10.464346397068033
MAE: 2.911995024516665
EVS: 0.7651931429856746
