Model: GRU
MSE: 125.91846148082524
MAE: 10.305511236190796
EVS: -0.08090229956228634
