Model: GRU
MSE: 9.56324523143187
MAE: 2.8396926912768135
EVS: 0.7753192265502851
