Model: GRU
MSE: 10.222681840811008
MAE: 2.9120747467567183
EVS: 0.7657002409366609
