Model: GRU
MSE: 9.131727473028734
MAE: 2.7754634577652504
EVS: 0.8108040562303431
