Model: GRU
MSE: 53.81697443580576
MAE: 6.695066583567653
EVS: 0.2849303846319414
