Model: GRU
MSE: 163.39936105650781
MAE: 11.968385170245993
EVS: -0.10514763074555589
