Model: GRU
MSE: 156.37240303122215
MAE: 11.779721079201535
EVS: 0.03447085031049868
