Model: GRU
MSE: 3.6369423129705494
MAE: 1.3583958642236118
EVS: 0.8009125650748633
