Model: GRU
MSE: 123.511418196481
MAE: 10.218225009482483
EVS: -0.04715079365607555
