Model: GRU
MSE: 23.469156474767306
MAE: 4.240495829746641
EVS: 0.26475293214824813
