Model: GRU
MSE: 7.66248797690476
MAE: 2.472533365775799
EVS: 0.7815617629061589
