Model: GRU
MSE: 3.2792780370644925
MAE: 1.2677337630041714
EVS: 0.8207812440556302
