Model: GRU
MSE: 14.498439163830582
MAE: 3.4013422110985063
EVS: 0.6273546230855782
