Model: GRU
MSE: 6.021291854250889
MAE: 2.0844441652297974
EVS: 0.7901809152877227
