Model: GRU
MSE: 161.64445513816196
MAE: 11.911347471434494
EVS: -0.08360837465976734
