Model: GRU
MSE: 3.68893537389939
MAE: 1.3717666658861885
EVS: 0.8010891047528491
