Model: GRU
MSE: 147.83470292403055
MAE: 11.316181709026468
EVS: -0.08440214967521764
