Model: GRU
MSE: 4.981182765627715
MAE: 1.771447494112212
EVS: 0.7630570267426041
