Model: GRU
MSE: 6.1863733913529195
MAE: 1.8319304729330128
EVS: 0.7744179355868958
