Model: GRU
MSE: 13.73123308783871
MAE: 3.387003051823583
EVS: 0.7843827326153546
