Model: GRU
MSE: 16.643610551426125
MAE: 3.7487130411740006
EVS: 0.7057126438981959
