Model: GRU
MSE: 6.720003081958314
MAE: 2.2661699262158623
EVS: 0.7952710018323457
