Model: GRU
MSE: 7.3092946552691265
MAE: 2.3296433235036917
EVS: 0.7861352822867138
