Model: GRU
MSE: 3.819461065811718
MAE: 1.478903211396316
EVS: 0.811849411941409
