Model: GRU
MSE: 5.499729222249721
MAE: 1.9200638738171807
EVS: 0.7902436730752793
