Model: GRU
MSE: 4.342282293991701
MAE: 1.4901922735674629
EVS: 0.7625211180602646
