Model: GRU
MSE: 3.933310206651714
MAE: 1.5371908607154057
EVS: 0.8110247119251973
