Model: GRU
MSE: 4.663382404897667
MAE: 1.5685347853035763
EVS: 0.7497979758615583
