Model: GRU
MSE: 6.150978428474155
MAE: 2.1214108302675445
EVS: 0.7722366993264681
