Model: GRU
MSE: 5.724162752847902
MAE: 1.9273532423479804
EVS: 0.7859966104661652
