Model: GRU
MSE: 3.9036833339990946
MAE: 1.3316700211886703
EVS: 0.786011229336923
