Model: GRU
MSE: 5.986231323561755
MAE: 1.9189582586288452
EVS: 0.7574619667299667
