Model: GRU
MSE: 11.555237879460323
MAE: 3.096243323950932
EVS: 0.8117352223022866
