Model: GRU
MSE: 4.009020236407842
MAE: 1.5637184587018242
EVS: 0.7995120688194842
