Model: GRU
MSE: 84.07821368590292
MAE: 8.54891510667472
EVS: 0.2536576237534566
