Model: GRU
MSE: 10.989897773629647
MAE: 2.968257756068789
EVS: 0.7854303920604313
