Model: GRU
MSE: 11.56075420949905
MAE: 3.044522326568077
EVS: 0.7873068683135016
