Model: GRU
MSE: 5.213785863254511
MAE: 1.69027224902449
EVS: 0.7477938831584738
