Model: GRU
MSE: 8.737849133360104
MAE: 2.626831235556767
EVS: 0.8152419817875737
