Model: GRU
MSE: 8.668021402921948
MAE: 2.6482169792569916
EVS: 0.7926165751836957
