Model: GRU
MSE: 12.994951085080974
MAE: 3.2723108488937904
EVS: 0.7864988630504853
