Model: GRU
MSE: 3.6361240009555935
MAE: 1.3668513133608062
EVS: 0.8015462814496075
