Model: GRU
MSE: 8.966914050776342
MAE: 2.714955946494793
EVS: 0.7846853342058512
