Model: GRU
MSE: 34.50200618108125
MAE: 5.475580067470156
EVS: 0.6404376435586484
