Model: GRU
MSE: 5.470958386631532
MAE: 1.9370651491757096
EVS: 0.7970397916394426
