Model: GRU
MSE: 41.910283004743775
MAE: 5.68533233116413
EVS: 0.0
