Model: GRU
MSE: 2993.7904606315115
MAE: 54.54141985136887
EVS: -0.04302154361721677
