Model: GRU
MSE: 365.2550787586968
MAE: 18.55319772917649
EVS: -0.1532204943940294
