Model: GRU
MSE: 116.09251283226428
MAE: 9.843619149306726
EVS: -0.05243493459167192
