Model: GRU
MSE: 41.79472393958453
MAE: 5.677132047455887
EVS: 0.0
