Model: GRU
MSE: 9.677427541161718
MAE: 2.777347079638777
EVS: 0.7749431980505098
