Model: GRU
MSE: 8.058379122960307
MAE: 2.5605953808488517
EVS: 0.8454853913923093
