Model: GRU
MSE: 133.49371312642447
MAE: 10.680223358088526
EVS: -0.06509261836596347
