Model: GRU
MSE: 5.58236522247736
MAE: 1.9658709394520726
EVS: 0.7754338537175922
