Model: GRU
MSE: 3.9193004868356516
MAE: 1.367566047043636
EVS: 0.7868420806719383
