Model: GRU
MSE: 6.537770078470837
MAE: 2.18064153605494
EVS: 0.794880530689059
