Model: GRU
MSE: 11.822405296220092
MAE: 3.1619446113191803
EVS: 0.7567827316268754
