Model: GRU
MSE: 9.92632663324
MAE: 2.8627380502635034
EVS: 0.7904704776928495
