Model: GRU
MSE: 19.82733084014871
MAE: 4.1908172492323255
EVS: 0.7677202739583
