Model: GRU
MSE: 5.303370719087053
MAE: 1.9753901711825668
EVS: 0.8224672782756103
