Model: GRU
MSE: 8.71014174174801
MAE: 2.718526470250097
EVS: 0.7930595757761885
