Model: GRU
MSE: 7.900547789427742
MAE: 2.4140562682316222
EVS: 0.7854792701907722
