Model: GRU
MSE: 13.264176396906112
MAE: 3.357134144881676
EVS: 0.764328591910019
