Model: GRU
MSE: 3.938247802868378
MAE: 1.3795899070542434
EVS: 0.7932588524956464
