Model: GRU
MSE: 154.47745583910446
MAE: 11.620379743904904
EVS: -0.06606240888881665
