Model: GRU
MSE: 13.483721061971004
MAE: 3.409131378963076
EVS: 0.7897078652115299
