Model: GRU
MSE: 6.189970983742817
MAE: 2.0769260340723497
EVS: 0.7502364556107065
