Model: GRU
MSE: 42.61833023350068
MAE: 5.757787572926488
EVS: 9.503284892076191e-05
