Model: GRU
MSE: 158.51486765960937
MAE: 11.852738960035916
EVS: 0.011615120499114506
