Model: GRU
MSE: 113.2763596282653
MAE: 9.655696390003994
EVS: -0.09893957284800847
