Model: GRU
MSE: 76.8580864260516
MAE: 8.104777599203176
EVS: 0.2509274874528361
