Model: GRU
MSE: 5.23053850170435
MAE: 1.880255468960466
EVS: 0.7912131687555312
