Model: GRU
MSE: 4.536638726794999
MAE: 1.6264007461482082
EVS: 0.7764271206563277
