Model: GRU
MSE: 8.948295030131465
MAE: 2.6608503440330766
EVS: 0.7796260101414122
