Model: GRU
MSE: 135.08731944653144
MAE: 10.724062594874152
EVS: -0.10101827425851218
