Model: GRU
MSE: 4.630217536568129
MAE: 1.701778140561334
EVS: 0.771492539634347
