Model: GRU
MSE: 10.384793422394907
MAE: 2.856648379358752
EVS: 0.741916116556776
