Model: GRU
MSE: 4.8334921044387364
MAE: 1.8005565281572014
EVS: 0.7836973253520718
