Model: GRU
MSE: 9.15009453541051
MAE: 2.556274726473052
EVS: 0.6831005985352863
