Model: GRU
MSE: 60.984739120795645
MAE: 6.966765535288844
EVS: -2.220446049250313e-16
