Model: GRU
MSE: 1124.2082192342991
MAE: 33.26453294425175
EVS: 0.030715612255489688
