Model: GRU
MSE: 41.87699881953866
MAE: 5.682972480510843
EVS: 0.0
