Model: GRU
MSE: 4.97305457001616
MAE: 1.6698104153419364
EVS: 0.727401795054188
