Model: GRU
MSE: 7.189813954248447
MAE: 2.3062705007092705
EVS: 0.7980189099817647
