Model: GRU
MSE: 14.500203132535084
MAE: 3.5300485430092645
EVS: 0.7650102750715094
