Model: GRU
MSE: 145.42371682697777
MAE: 11.33129281011121
EVS: 0.06654742663309354
