Model: GRU
MSE: 6791.452335589136
MAE: 82.12092360134783
EVS: -1.6100917516217441
