Model: GRU
MSE: 5.025809037944515
MAE: 1.8907874699296623
EVS: 0.8042299360714568
