Model: GRU
MSE: 10.642841890456271
MAE: 2.9183001929316026
EVS: 0.774354880204287
