Model: GRU
MSE: 16.240295867636352
MAE: 3.7329102220206427
EVS: 0.755918357888258
