Model: GRU
MSE: 746.7062119343403
MAE: 26.93526524510877
EVS: -0.16219920207896776
