Model: GRU
MSE: 7.531149952281978
MAE: 2.434701105643963
EVS: 0.768184153473098
