Model: GRU
MSE: 10.65180272232517
MAE: 2.928300578018715
EVS: 0.7846135057500764
