Model: GRU
MSE: 7.9252004608306965
MAE: 2.4725113983812004
EVS: 0.7709015565596079
