Model: GRU
MSE: 4.293326076409551
MAE: 1.5603436601573024
EVS: 0.799513115536533
