Model: GRU
MSE: 28.339128493887355
MAE: 4.670365432213092
EVS: 0.0
