Model: GRU
MSE: 9.296761779192888
MAE: 2.6519319024579278
EVS: 0.7814226171420423
