Model: GRU
MSE: 15.878697630602618
MAE: 3.678708553314209
EVS: 0.782825138821317
