Model: GRU
MSE: 133.34613538000823
MAE: 10.6661696434021
EVS: -0.07344921008431493
