Model: GRU
MSE: 4.364108135808637
MAE: 1.3749272576693832
EVS: 0.761431447776602
