Model: GRU
MSE: 3.9823849145085175
MAE: 1.3863503768526275
EVS: 0.7828419851819267
