Model: GRU
MSE: 5.399952066409229
MAE: 1.961553960010923
EVS: 0.7957494861326031
