Model: GRU
MSE: 9.477005202646364
MAE: 2.7792542474023225
EVS: 0.7293889662836834
