Model: GRU
MSE: 10.924821209585408
MAE: 3.0094035165063264
EVS: 0.7838904360590571
