Model: GRU
MSE: 3.518370419808493
MAE: 1.2931035058251743
EVS: 0.8078201105646202
