Model: GRU
MSE: 7.743715798067102
MAE: 2.494119981239582
EVS: 0.7985028451982769
