Model: GRU
MSE: 4.490194191376216
MAE: 1.6351945687984597
EVS: 0.7927610540668525
