Model: GRU
MSE: 4.88419212785595
MAE: 1.8687434689751987
EVS: 0.8049493815138682
