Model: GRU
MSE: 6.345050240738574
MAE: 2.166855474998211
EVS: 0.7764611944518305
