Model: GRU
MSE: 13.6756294281874
MAE: 3.456962256596006
EVS: 0.804956763398702
