Model: GRU
MSE: 6.003577013846748
MAE: 2.037313017351874
EVS: 0.7991745836619815
