Model: GRU
MSE: 9122.025890117548
MAE: 95.3820186483449
EVS: -0.3320911846096801
