Model: GRU
MSE: 4.74828870182021
MAE: 1.7769358158111572
EVS: 0.816565198745332
