Model: GRU
MSE: 9.452316506198473
MAE: 2.7661829241390885
EVS: 0.7845738460261502
