Model: GRU
MSE: 4.187392214084769
MAE: 1.5987457817998425
EVS: 0.8041779198856768
