Model: GRU
MSE: 1115.1569427063569
MAE: 33.110500302808035
EVS: -0.033576617621655425
