Model: GRU
MSE: 6.786374878877644
MAE: 2.3543353902882544
EVS: 0.8084070323147936
