Model: GRU
MSE: 8.260680280514888
MAE: 2.53688933109415
EVS: 0.725167456531284
