Model: GRU
MSE: 125.66841134132267
MAE: 10.218370893905902
EVS: -0.16524808611707575
