Model: GRU
MSE: 3.8279861275346487
MAE: 1.4681410460636533
EVS: 0.8024282051340548
