Model: GRU
MSE: 9.818206748828548
MAE: 2.8764348852223365
EVS: 0.7719675542469686
