Model: GRU
MSE: 8.839109998958554
MAE: 2.6384525874565385
EVS: 0.7793437103285731
