Model: GRU
MSE: 1514.9410733589104
MAE: 38.63007690166605
EVS: -0.24227540807821102
