Model: GRU
MSE: 2345.933080614074
MAE: 48.305634136857655
EVS: 0.31473289493579504
