Model: GRU
MSE: 158.0462015230089
MAE: 11.835921287536621
EVS: 0.015468229585854698
