Model: GRU
MSE: 5.2770479601532925
MAE: 1.9342451013367752
EVS: 0.7830954668568183
