Model: GRU
MSE: 5.207745148241036
MAE: 1.7692594692624846
EVS: 0.7178136544056956
