Model: GRU
MSE: 19.86898819833169
MAE: 4.21303941463602
EVS: 0.7604953670217897
