Model: GRU
MSE: 4.722111987048197
MAE: 1.7543276671705574
EVS: 0.7918425802653546
