Model: GRU
MSE: 4.026059309942208
MAE: 1.4437129949701244
EVS: 0.7864262793822978
