Model: GRU
MSE: 26.6208375466721
MAE: 4.866393582574252
EVS: 0.710403140700069
