Model: GRU
MSE: 9.814448551728034
MAE: 2.8309702791016678
EVS: 0.7728115635182116
