Model: GRU
MSE: 3.784071688557134
MAE: 1.3548596357477123
EVS: 0.7926605925065517
