Model: GRU
MSE: 9.040259895392786
MAE: 2.7159998992393755
EVS: 0.8078507193808807
