Model: GRU
MSE: 8.427029825330774
MAE: 2.54497583159085
EVS: 0.8005012743256935
