Model: GRU
MSE: 3.2565898675928806
MAE: 1.3512150008102943
EVS: 0.8260654167789045
