Model: GRU
MSE: 10.358677524686692
MAE: 2.9702693676126413
EVS: 0.7898119653620803
