Model: GRU
MSE: 9.472073864602514
MAE: 2.7848561138942323
EVS: 0.7725723436284038
