Model: GRU
MSE: 4.632353661633264
MAE: 1.6390370747138714
EVS: 0.7867223027577641
