Model: GRU
MSE: 3.982578145138917
MAE: 1.506283028372403
EVS: 0.8048598570840833
