Model: GRU
MSE: 6.1581744335860344
MAE: 2.0650008875748207
EVS: 0.7855311755275126
