Model: GRU
MSE: 12.533573630023326
MAE: 3.2406151130281646
EVS: 0.776074460894146
