Model: GRU
MSE: 238.66787260376347
MAE: 14.798470908197864
EVS: -0.07861228502634443
