Model: GRU
MSE: 4.989562452221204
MAE: 1.881890321600026
EVS: 0.8100990711701169
