Model: GRU
MSE: 3.9137926754722767
MAE: 1.481453879126187
EVS: 0.8189328807262108
