Model: GRU
MSE: 10.56830107099792
MAE: 2.9069788592202324
EVS: 0.7952759637464784
