Model: GRU
MSE: 11.228339807033285
MAE: 3.036738395690918
EVS: 0.7849059131812588
