Model: GRU
MSE: 7.382215554574615
MAE: 2.42592638114403
EVS: 0.7612705581554647
