Model: GRU
MSE: 32.212269916578755
MAE: 5.2073962112952925
EVS: 0.5785670603559898
