Model: GRU
MSE: 3555.291717633613
MAE: 59.45964234450768
EVS: -0.087906420668872
