Model: GRU
MSE: 133.06885418441337
MAE: 10.695751853030304
EVS: -0.023600032077517596
