Model: GRU
MSE: 4.921595356035729
MAE: 1.8297215659042885
EVS: 0.7931314888223017
