Model: GRU
MSE: 3.941368351188376
MAE: 1.5063028294464638
EVS: 0.7930248697760914
