Model: GRU
MSE: 5.597658399029278
MAE: 2.0383265265103043
EVS: 0.8017564690528178
