Model: GRU
MSE: 50.683820105842734
MAE: 6.289224953487001
EVS: -2.220446049250313e-16
