Model: GRU
MSE: 7.34787303216416
MAE: 2.387777361376532
EVS: 0.7924508200769659
