Model: GRU
MSE: 536.5856928900241
MAE: 22.796972011697704
EVS: 0.07431966036016646
