Model: GRU
MSE: 17.493416720477512
MAE: 3.926287429086093
EVS: 0.7848169949096244
