Model: GRU
MSE: 120.54683980346721
MAE: 10.131100913573956
EVS: 0.018184053109578158
