Model: GRU
MSE: 4.4495343649002566
MAE: 1.756708917946651
EVS: 0.8124939631593058
