Model: GRU
MSE: 48.57196433422568
MAE: 6.240645359302389
EVS: 0.21111235406561013
