Model: GRU
MSE: 4.889472133051276
MAE: 1.7724111244596283
EVS: 0.7899340788359441
