Model: GRU
MSE: 7.735855900975161
MAE: 2.528980830620075
EVS: 0.7957899647343054
