Model: GRU
MSE: 111.3169628210291
MAE: 9.66977682401394
EVS: 0.023406572380001767
