Model: GRU
MSE: 11.655244351152513
MAE: 3.1583811085799645
EVS: 0.7756250483594258
