Model: GRU
MSE: 13.741735118002751
MAE: 3.393722106670511
EVS: 0.7712868953753675
