Model: GRU
MSE: 3.814822479510581
MAE: 1.4777123845856766
EVS: 0.8069594796326793
