Model: GRU
MSE: 10.76541942660958
MAE: 3.0053559993875436
EVS: 0.8181010110057823
