Model: GRU
MSE: 522.0062411824621
MAE: 22.44624137878418
EVS: 0.0036629318046329518
