Model: GRU
MSE: 190.92696654584958
MAE: 13.140405416488647
EVS: -0.0009547287132745108
