Model: GRU
MSE: 4.125793749295342
MAE: 1.5881807351934498
EVS: 0.7992100740061218
