Model: GRU
MSE: 10.438335671064394
MAE: 2.9705841541290283
EVS: 0.7855570906325171
