Model: GRU
MSE: 136.10136619362362
MAE: 10.753074884414673
EVS: -0.12245253155863134
