Model: GRU
MSE: 3.798668584409491
MAE: 1.545806547691082
EVS: 0.8126126401683726
