Model: GRU
MSE: 3.9195266617203726
MAE: 1.4232958514114906
EVS: 0.796029598219653
