Model: GRU
MSE: 5.646886745703224
MAE: 1.8229009858493148
EVS: 0.7506629807392882
