Model: GRU
MSE: 5.632404516907316
MAE: 1.9054305224583066
EVS: 0.7768669158616079
