Model: GRU
MSE: 5.101159299898614
MAE: 1.8670841414352943
EVS: 0.7875145027651616
