Model: GRU
MSE: 6.61193817758496
MAE: 2.2050921094828637
EVS: 0.794928664389474
