Model: GRU
MSE: 5.89759426717286
MAE: 2.0661744578131316
EVS: 0.7900343857917129
