Model: GRU
MSE: 29.509889081281724
MAE: 4.813612970812567
EVS: 0.018244841486809826
