Model: GRU
MSE: 4.1134379879016425
MAE: 1.525094410468792
EVS: 0.7870866497926002
