Model: GRU
MSE: 38.168128417178146
MAE: 5.467192896481218
EVS: 0.09130078205636227
