Model: GRU
MSE: 145.9877446468198
MAE: 11.288410926687307
EVS: -0.01755686731312678
