Model: GRU
MSE: 3.6459429538244055
MAE: 1.3242749756780163
EVS: 0.8030111478601789
