Model: GRU
MSE: 11.229288616169892
MAE: 2.950526336143757
EVS: 0.6739367522440591
