Model: GRU
MSE: 7.651656259667162
MAE: 2.4426239112327837
EVS: 0.7795281750377074
