Model: GRU
MSE: 4.795130119937104
MAE: 1.752387860725666
EVS: 0.7650681969818516
