Model: GRU
MSE: 4.836924372739005
MAE: 1.8438141099337875
EVS: 0.8281996926499997
