Model: GRU
MSE: 12.249743847408737
MAE: 3.227008211201635
EVS: 0.7854028241898768
