Model: GRU
MSE: 48.74496056922478
MAE: 6.173587568875017
EVS: 0.03487050887814791
