Model: GRU
MSE: 4.479897055491039
MAE: 1.617379747588059
EVS: 0.7820363443473033
