Model: GRU
MSE: 114.8840440237514
MAE: 9.756580944718985
EVS: -0.07971106138351192
