Model: GRU
MSE: 8.624375066967868
MAE: 2.5890774386269704
EVS: 0.7690432550309543
