Model: GRU
MSE: 5.286429448315312
MAE: 1.8991530064878792
EVS: 0.7953155532961736
