Model: GRU
MSE: 8.654502667857788
MAE: 2.570956049294307
EVS: 0.771062400263166
