Model: GRU
MSE: 224.53835092856602
MAE: 14.284072448467386
EVS: -0.12414549643798067
