Model: GRU
MSE: 4.307973718042724
MAE: 1.603787348188203
EVS: 0.8053298461968184
