Model: GRU
MSE: 7.497167157562153
MAE: 2.4749386392790695
EVS: 0.7974858223578569
