Model: GRU
MSE: 8.087031531076969
MAE: 2.5196150911265405
EVS: 0.7862528669348963
