Model: GRU
MSE: 5.629190217188646
MAE: 2.035529407961615
EVS: 0.7993385382193618
