Model: GRU
MSE: 5.46130335318334
MAE: 1.9465624957249081
EVS: 0.800537295133997
