Model: GRU
MSE: 4.702218267289764
MAE: 1.699717011945001
EVS: 0.7615071738930057
