Model: GRU
MSE: 13.507008752164678
MAE: 3.355674982070923
EVS: 0.7285887164233367
