Model: GRU
MSE: 107.33689130546996
MAE: 9.43915212565455
EVS: 0.0
