Model: GRU
MSE: 4.7491652560042885
MAE: 1.8145040643626247
EVS: 0.8248280227011457
