Model: GRU
MSE: 8.014188737857172
MAE: 2.461238815866668
EVS: 0.7911063569859789
