Model: GRU
MSE: 4.02231299327229
MAE: 1.5721921098643337
EVS: 0.8051650280621891
