Model: GRU
MSE: 4.715966981626201
MAE: 1.7839268898141796
EVS: 0.7985860266280441
