Model: GRU
MSE: 5.808606499101152
MAE: 2.067888251666365
EVS: 0.7956938245514267
