Model: GRU
MSE: 3.9571111758503807
MAE: 1.3524795893965096
EVS: 0.8433126671012583
