Model: GRU
MSE: 8.198220022906234
MAE: 2.519097377514017
EVS: 0.7676138275549997
