Model: GRU
MSE: 52.50604334268955
MAE: 6.45656707369048
EVS: 0.027891631421332774
