Model: GRU
MSE: 5.42634304418773
MAE: 1.9505189287251439
EVS: 0.7938942764433883
