Model: GRU
MSE: 6.758045419107838
MAE: 2.195142441782458
EVS: 0.7934765904895665
