Model: GRU
MSE: 5.747960855567619
MAE: 2.098631603964444
EVS: 0.7940507356107639
