Model: GRU
MSE: 5.32844090799179
MAE: 1.7553885024169396
EVS: 0.7692567868539567
