Model: GRU
MSE: 11.934983863239875
MAE: 3.1254448150766305
EVS: 0.7301138794972692
