Model: GRU
MSE: 12.418297469304308
MAE: 3.239764197119351
EVS: 0.7913739618325131
