Model: GRU
MSE: 4.652303635508615
MAE: 1.729728312327944
EVS: 0.7927313153929888
