Model: GRU
MSE: 53.466313278537385
MAE: 6.550022519867996
EVS: 0.1055419328010283
