Model: GRU
MSE: 7.034762712007391
MAE: 2.2988166644655426
EVS: 0.8201756447784956
