Model: GRU
MSE: 3.4891027313864784
MAE: 1.441643608027491
EVS: 0.8255378773318428
