Model: GRU
MSE: 4.108711783068505
MAE: 1.6023693454676662
EVS: 0.8110739226824395
