Model: GRU
MSE: 13.491715038002102
MAE: 3.3814330101013184
EVS: 0.7912911724850685
