Model: GRU
MSE: 5.887490882785158
MAE: 2.0676052570343018
EVS: 0.8193851853338514
