Model: GRU
MSE: 13.490605948462639
MAE: 3.3466326697119353
EVS: 0.7679578427544311
