Model: GRU
MSE: 11.117147632316057
MAE: 2.821079056838463
EVS: 0.7150738000856061
