Model: GRU
MSE: 14.554801180186537
MAE: 3.561022939353154
EVS: 0.7938190233485272
