Model: GRU
MSE: 25.280965117332457
MAE: 4.636504535017343
EVS: 0.7269368634650186
