Model: GRU
MSE: 4.998115878882203
MAE: 1.7752248336528909
EVS: 0.7999756905078212
