Model: GRU
MSE: 11.71527476335843
MAE: 3.066501888735541
EVS: 0.7572054357006055
