Model: GRU
MSE: 175.70181097300758
MAE: 12.490368070273563
EVS: -0.07967510326806182
