Model: GRU
MSE: 11.058299055412867
MAE: 2.956004315409167
EVS: 0.7615742770846209
