Model: GRU
MSE: 3.4708168098717778
MAE: 1.3534479716728474
EVS: 0.8126826112335503
