Model: GRU
MSE: 11.044494378749462
MAE: 3.0081421671242548
EVS: 0.7869845743938357
