Model: GRU
MSE: 4.799474351854862
MAE: 1.783304448785453
EVS: 0.7838116527718972
