Model: GRU
MSE: 4.09881887836879
MAE: 1.4060243738108669
EVS: 0.781150585651031
