Model: GRU
MSE: 4.997976579261008
MAE: 1.7772548774193073
EVS: 0.7843202017385454
