Model: GRU
MSE: 6.871289129530431
MAE: 2.2813453427676498
EVS: 0.7899210515392221
