Model: GRU
MSE: 6.852803637263997
MAE: 2.2655875600617508
EVS: 0.7717354483864532
