Model: GRU
MSE: 14.94016653542739
MAE: 3.5610990031012175
EVS: 0.7697943662562889
