Model: GRU
MSE: 4.621998314204885
MAE: 1.7429590471859635
EVS: 0.8026217533062585
