Model: GRU
MSE: 5.62598157114642
MAE: 1.9284897590505665
EVS: 0.7752898482729849
