Model: GRU
MSE: 6.450275876295806
MAE: 2.1683432809237777
EVS: 0.8095836744369056
