Model: GRU
MSE: 5.238428348034619
MAE: 1.9046755083676041
EVS: 0.7917699646129984
