Model: GRU
MSE: 4.639702498016116
MAE: 1.7607659389232766
EVS: 0.7979053635370223
