Model: GRU
MSE: 8.854444585816756
MAE: 2.6358532633100236
EVS: 0.7829271353528084
