Model: GRU
MSE: 4.596022853510806
MAE: 1.5372971008563865
EVS: 0.7649057293199555
