Model: GRU
MSE: 4.8467730707242564
MAE: 1.7773769559531376
EVS: 0.7962509635704539
