Model: GRU
MSE: 4.084058036133813
MAE: 1.4944122865282257
EVS: 0.7807611238634804
