Model: GRU
MSE: 15.059608698651566
MAE: 3.5875053899041536
EVS: 0.7861262293189557
