Model: GRU
MSE: 4.954165375608516
MAE: 1.7679992215386753
EVS: 0.770225939118778
