Model: GRU
MSE: 8.788297311898999
MAE: 2.6257026524379334
EVS: 0.764712116380587
