Model: GRU
MSE: 5.074086108065205
MAE: 1.8726076627599781
EVS: 0.795666562238496
