Model: GRU
MSE: 8.916757103260165
MAE: 2.630314276136201
EVS: 0.7991939364872563
