Model: GRU
MSE: 4.1534097697325745
MAE: 1.619850388888655
EVS: 0.8164644621578943
