Model: GRU
MSE: 84.65943908228354
MAE: 8.356296144682785
EVS: -2.220446049250313e-16
