Model: GRU
MSE: 61.08232453797296
MAE: 6.973195437727304
EVS: -2.220446049250313e-16
