Model: GRU
MSE: 60.488698660975516
MAE: 6.933967360134782
EVS: -2.220446049250313e-16
