Model: GRU
MSE: 14.030648885747475
MAE: 3.4597409922501137
EVS: 0.7665494017510817
