Model: GRU
MSE: 5.186442542582301
MAE: 1.9138794109739106
EVS: 0.79356607010579
