Model: GRU
MSE: 6.587008420431363
MAE: 2.247069210841738
EVS: 0.799631141595043
