Model: GRU
MSE: 4.151596307838466
MAE: 1.413127851486206
EVS: 0.7703527046199721
