Model: GRU
MSE: 6.0835732570206185
MAE: 2.062680745124817
EVS: 0.7829167529093488
