Model: GRU
MSE: 8.384440343727892
MAE: 2.3627558165583116
EVS: 0.7423534585675022
