Model: GRU
MSE: 8.77516750169997
MAE: 2.699622927040889
EVS: 0.797983839355077
