Model: GRU
MSE: 8.025794123201747
MAE: 2.457678589327582
EVS: 0.7624354171935778
