Model: GRU
MSE: 4.531351698004273
MAE: 1.6136242685646847
EVS: 0.7918319446638125
