Model: GRU
MSE: 9.397100244444982
MAE: 2.7353070193323594
EVS: 0.8088742667357451
