Model: GRU
MSE: 16.938342891612848
MAE: 3.4809227729665824
EVS: 0.4153156264985147
