Model: GRU
MSE: 9.390963675249408
MAE: 2.76252321539254
EVS: 0.7922112751499164
