Model: GRU
MSE: 6617.618193428301
MAE: 81.22465488828462
EVS: -0.10605305121776909
