Model: GRU
MSE: 3.748118081671448
MAE: 1.3917820371430496
EVS: 0.8030874237531778
