Model: GRU
MSE: 7.807433811992881
MAE: 2.5166994127733955
EVS: 0.8011503933447672
