Model: GRU
MSE: 5.957491081385937
MAE: 1.8561327046361462
EVS: 0.7509307293277127
