Model: GRU
MSE: 3.661371874703902
MAE: 1.4445371052314495
EVS: 0.8065420601204794
