Model: GRU
MSE: 11.815677553601999
MAE: 3.152244937830958
EVS: 0.7966470748802958
