Model: GRU
MSE: 3.8036520623066448
MAE: 1.2569047746987179
EVS: 0.791746315660144
