Model: GRU
MSE: 4.721232568208408
MAE: 1.853121173792872
EVS: 0.82891874610417
