Model: GRU
MSE: 4.602191580857438
MAE: 1.6752343917715138
EVS: 0.7695135204321288
