Model: GRU
MSE: 2747.0286068484893
MAE: 52.23569324098784
EVS: -0.012152881221913159
