Model: GRU
MSE: 7.816635796024303
MAE: 2.3376278959471604
EVS: 0.7734050246215681
