Model: GRU
MSE: 5.304308517178582
MAE: 1.9499668828372299
EVS: 0.7970600449789975
