Model: GRU
MSE: 20.342609111496397
MAE: 3.871764199487094
EVS: 0.4126180224716066
