Model: GRU
MSE: 5.709245918684617
MAE: 2.051087025938363
EVS: 0.8175709460189642
