Model: GRU
MSE: 125.68606082285751
MAE: 10.333592076753748
EVS: -0.036385015660233444
