Model: GRU
MSE: 10.048577903115913
MAE: 2.8476564473119277
EVS: 0.7641967436597594
