Model: GRU
MSE: 121.96587697651375
MAE: 10.132761585301367
EVS: -0.05777202343490617
