Model: GRU
MSE: 9.471215686101976
MAE: 2.743612371642014
EVS: 0.8176755227363852
