Model: GRU
MSE: 13.725337926591619
MAE: 3.440330456043112
EVS: 0.796293111909631
