Model: GRU
MSE: 11.778600448683859
MAE: 3.2006243261797676
EVS: 0.7792216136376647
