Model: GRU
MSE: 14.291263238629362
MAE: 3.497869820430361
EVS: 0.7853668415267716
