Model: GRU
MSE: 11.400824598683686
MAE: 3.0920056803473113
EVS: 0.7428321682404315
