Model: GRU
MSE: 5.184883040681511
MAE: 1.8333873584352691
EVS: 0.787853836557681
