Model: GRU
MSE: 6.934911904640494
MAE: 2.2464303970336914
EVS: 0.7899529037022373
