Model: GRU
MSE: 3.606416465914857
MAE: 1.3859485716655338
EVS: 0.8064356958074818
