Model: GRU
MSE: 6.309320174490086
MAE: 2.240800430034769
EVS: 0.8033800062309735
