Model: GRU
MSE: 784.7394798218374
MAE: 27.36487730618181
EVS: -0.968440284562816
