Model: GRU
MSE: 7.147333548544604
MAE: 2.308456305799813
EVS: 0.7737238048348671
