Model: GRU
MSE: 19.02106820105707
MAE: 4.054918585152461
EVS: 0.7611110645891956
