Model: GRU
MSE: 28.14885473635764
MAE: 4.603939056396484
EVS: 0.08285231432285123
