Model: GRU
MSE: 10.76180934266205
MAE: 3.0316729298953353
EVS: 0.7770798083739985
