Model: GRU
MSE: 4.480693699924415
MAE: 1.7404589899655045
EVS: 0.8105242887672445
