Model: GRU
MSE: 6.245977921533655
MAE: 2.180621763755535
EVS: 0.7902934656608813
