Model: GRU
MSE: 143.1077721052715
MAE: 11.229317673321429
EVS: 0.06738755662141127
