Model: GRU
MSE: 170.17869769905948
MAE: 12.286512572189856
EVS: -0.05378540521836084
