Model: GRU
MSE: 8.833653870562209
MAE: 2.721550407080815
EVS: 0.8144146855049998
