Model: GRU
MSE: 4.493584971687666
MAE: 1.6101876127308812
EVS: 0.7876159810535944
