Model: GRU
MSE: 9.135962816686414
MAE: 2.624677822507661
EVS: 0.7878693095339677
