Model: GRU
MSE: 5.988874354389677
MAE: 1.939251052922216
EVS: 0.7569302345812658
