Model: GRU
MSE: 170.48654343517774
MAE: 12.329680689449969
EVS: -0.012402838723699627
