Model: GRU
MSE: 11.351833065987513
MAE: 3.081340082760515
EVS: 0.7915267516146737
