Model: GRU
MSE: 7.831200007895569
MAE: 2.2962595018847236
EVS: 0.7159766038700724
