Model: GRU
MSE: 4.048646391710195
MAE: 1.5713018672219639
EVS: 0.8068466910674504
