Model: GRU
MSE: 8.004900608269233
MAE: 2.4226293892695985
EVS: 0.78120994186509
