Model: GRU
MSE: 8.906198514516714
MAE: 2.7476726893720955
EVS: 0.7894648633860789
