Model: GRU
MSE: 7.923930259073916
MAE: 2.4542410127047836
EVS: 0.7524495531165286
