Model: GRU
MSE: 7.674862209979644
MAE: 2.4061773481040167
EVS: 0.7722415685892629
