Model: GRU
MSE: 8.81326066254244
MAE: 2.537071236248674
EVS: 0.7597844934062191
