Model: GRU
MSE: 4.957341823355085
MAE: 1.8181261440803265
EVS: 0.7989107079638678
