Model: GRU
MSE: 8.87215737351514
MAE: 2.6704986999774802
EVS: 0.7844237218787775
