Model: GRU
MSE: 8.41064848391642
MAE: 2.5448871809860756
EVS: 0.7785831901627185
