Model: GRU
MSE: 12.756312105376308
MAE: 3.2423132534684806
EVS: 0.7832468485235082
