Model: GRU
MSE: 5.728816321295558
MAE: 2.0622918359164535
EVS: 0.7755573736239191
