Model: GRU
MSE: 7.993897620091283
MAE: 2.496123955167573
EVS: 0.7267523097062997
