Model: GRU
MSE: 2385.7421073116247
MAE: 48.656991366682384
EVS: 0.0
