Model: GRU
MSE: 128.6050288170285
MAE: 10.463733366851148
EVS: -0.0480289520154511
