Model: GRU
MSE: 16.32664168759665
MAE: 3.7806234113101302
EVS: 0.7785557036705384
