Model: GRU
MSE: 10.669714737923641
MAE: 2.9939651818111024
EVS: 0.8030081660939153
