Model: GRU
MSE: 15.399092709461344
MAE: 3.7196850612245758
EVS: 0.784209930936664
