Model: GRU
MSE: 3.389715851004188
MAE: 1.3180456736992145
EVS: 0.8142578679396619
