Model: GRU
MSE: 3.4515622653316265
MAE: 1.3607307343647397
EVS: 0.8136604862341603
