Model: GRU
MSE: 7.077222122575641
MAE: 2.3565437958158295
EVS: 0.7890615075834695
