Model: GRU
MSE: 8.956192392871294
MAE: 2.7000801645476242
EVS: 0.794338953717999
