Model: GRU
MSE: 10.56604391524813
MAE: 2.9702920584843078
EVS: 0.7757098973874469
