Model: GRU
MSE: 5.566143749829156
MAE: 1.8687671422958374
EVS: 0.7671376092669385
