Model: GRU
MSE: 378.13923873514534
MAE: 18.94364204077885
EVS: -0.05693017822842639
