Model: GRU
MSE: 7.542758425555889
MAE: 2.457509961621515
EVS: 0.7910518306607537
