Model: GRU
MSE: 10070.237340036294
MAE: 100.13902940421269
EVS: -1.3253158626122983
