Model: GRU
MSE: 18.901810971612022
MAE: 4.058182839689584
EVS: 0.7497864473109821
