Model: GRU
MSE: 9.979963049050886
MAE: 2.808065948815181
EVS: 0.8009012731106017
