Model: GRU
MSE: 5.660083394491959
MAE: 2.069205851390444
EVS: 0.8297476148129082
