Model: GRU
MSE: 6.171517930089968
MAE: 2.0353919719827585
EVS: 0.7186348049451619
