Model: GRU
MSE: 4.825170533932134
MAE: 1.8420672170047103
EVS: 0.8326676115849241
