Model: GRU
MSE: 10.672245711399102
MAE: 2.9175779243995406
EVS: 0.772497701497529
