Model: GRU
MSE: 7.09717998571105
MAE: 2.3502848066132644
EVS: 0.7590499510193023
