Model: GRU
MSE: 10.336901089778323
MAE: 2.8654224625949203
EVS: 0.7795392690013427
