Model: GRU
MSE: 3.8553026662626184
MAE: 1.3660116935598439
EVS: 0.7893915271627246
