Model: GRU
MSE: 19.551149874615522
MAE: 4.180324866853911
EVS: 0.8038502218181587
