Model: GRU
MSE: 6.631496813090937
MAE: 2.1944984403149834
EVS: 0.7976538822333301
