Model: GRU
MSE: 142.49808136495446
MAE: 11.142454870815936
EVS: -0.005728420028092929
