Model: GRU
MSE: 7.93435456876893
MAE: 2.301477941973456
EVS: 0.7623766414999162
