Model: GRU
MSE: 146.39998132104273
MAE: 11.272779715472254
EVS: -0.05949353567421278
