Model: GRU
MSE: 26.46566987863958
MAE: 4.872197915767801
EVS: 0.7538236800596951
