Model: GRU
MSE: 18.799483632104142
MAE: 4.07341691543316
EVS: 0.7725483172927252
