Model: GRU
MSE: 7.920067153770466
MAE: 2.445181945274616
EVS: 0.7608718693786013
