Model: GRU
MSE: 123.9431231618332
MAE: 10.261765847946036
EVS: -0.021929921841255418
