Model: GRU
MSE: 8.691429515757383
MAE: 2.6772376997717497
EVS: 0.7945853664910967
