Model: GRU
MSE: 5.631188073105281
MAE: 1.8751686030420764
EVS: 0.7671726695777896
