Model: GRU
MSE: 9.819728060452498
MAE: 2.833401244262169
EVS: 0.7815300787602911
