Model: GRU
MSE: 9.107446199602597
MAE: 2.693843068747685
EVS: 0.7715850524227054
