Model: GRU
MSE: 167.0259719559056
MAE: 12.22728577153436
EVS: 0.039466640610598236
