Model: GRU
MSE: 6.790478637541946
MAE: 2.1812637838824043
EVS: 0.7845497849620183
