Model: GRU
MSE: 14356.286738580196
MAE: 119.74158609324488
EVS: 2.220446049250313e-16
