Model: GRU
MSE: 9.071195735990422
MAE: 2.743527206881293
EVS: 0.7766902942370297
