Model: GRU
MSE: 5.344615069677521
MAE: 1.8516037628568451
EVS: 0.7809844303456447
