Model: GRU
MSE: 4.316225801381597
MAE: 1.470456653627856
EVS: 0.7671267073510605
