Model: GRU
MSE: 4.744734365472814
MAE: 1.869543585284003
EVS: 0.8284548640734832
