Model: GRU
MSE: 5.5503802674168945
MAE: 1.9060941646839011
EVS: 0.7978453958421157
