Model: GRU
MSE: 137.8287959706935
MAE: 10.927168535775152
EVS: -0.010224368426554609
