Model: GRU
MSE: 9.374761932984194
MAE: 2.603684458239325
EVS: 0.7463304195098779
