Model: GRU
MSE: 33.835459597165844
MAE: 5.1023952878754715
EVS: 0.13623771412093688
