Model: GRU
MSE: 4.125994304233319
MAE: 1.5402977178836692
EVS: 0.7925282790923133
