Model: GRU
MSE: 3.6317620598668063
MAE: 1.4047786038497398
EVS: 0.8099887737401509
