Model: GRU
MSE: 3.3860728782177283
MAE: 1.4064478052073512
EVS: 0.8173558387862455
