Model: GRU
MSE: 863.211338351984
MAE: 28.812883574387122
EVS: -0.8108743910132568
