Model: GRU
MSE: 4.60626685300312
MAE: 1.648863858190076
EVS: 0.8010495586318385
