Model: GRU
MSE: 2686.3234486708684
MAE: 51.67851757181102
EVS: 0.14172848861599974
