Model: GRU
MSE: 6.667202474080796
MAE: 2.1812461326862205
EVS: 0.7822727818243507
