Model: GRU
MSE: 6.304730834976374
MAE: 2.1865464572248787
EVS: 0.7924251584155947
