Model: GRU
MSE: 4.516286465456096
MAE: 1.679224499340715
EVS: 0.8012835161939198
