Model: GRU
MSE: 4.443789453879625
MAE: 1.6752772166811187
EVS: 0.7936390666313654
