Model: GRU
MSE: 3.5780360683031116
MAE: 1.345079808399595
EVS: 0.8060566358205945
