Model: GRU
MSE: 10.064403272851226
MAE: 2.759811047849984
EVS: 0.7619914743396581
