Model: GRU
MSE: 15.87957151364388
MAE: 3.636869249672725
EVS: 0.726326166952602
