Model: GRU
MSE: 7.016866767393383
MAE: 2.2302423181204962
EVS: 0.750450404266635
