Model: GRU
MSE: 4.700245240884293
MAE: 1.6846271218924687
EVS: 0.7841113560906772
