Model: GRU
MSE: 4.265909045444898
MAE: 1.5339711616779197
EVS: 0.7905742785116414
