Model: GRU
MSE: 4.716195506790871
MAE: 1.68959287528334
EVS: 0.7930511361942312
