Model: GRU
MSE: 8.213608031066812
MAE: 2.4756197189462594
EVS: 0.7866214019545318
