Model: GRU
MSE: 9.530204315106614
MAE: 2.7937194232282967
EVS: 0.7669525642802699
