Model: GRU
MSE: 6.887821313267553
MAE: 2.3435514055449387
EVS: 0.8249774993669727
