Model: GRU
MSE: 7.839421078744246
MAE: 2.531431452981357
EVS: 0.8038191858556921
