Model: GRU
MSE: 58.75012034199255
MAE: 6.800468888776056
EVS: -0.030350682812322338
