Model: GRU
MSE: 41.83037360955147
MAE: 6.016327857971191
EVS: 0.5900562983620151
