Model: GRU
MSE: 5.8421329814506215
MAE: 2.080133070264544
EVS: 0.777386316740738
