Model: GRU
MSE: 3.784691878146704
MAE: 1.5277498343895222
EVS: 0.818016341118889
