Model: GRU
MSE: 9.867919052669027
MAE: 2.855014496836169
EVS: 0.7623335353475889
