Model: GRU
MSE: 4.0655064357101285
MAE: 1.4809585110894565
EVS: 0.7993505149008838
