Model: GRU
MSE: 7.475946771093481
MAE: 2.2631628924402696
EVS: 0.7674235694687717
