Model: GRU
MSE: 3.2453512966778146
MAE: 1.3000059867727345
EVS: 0.83165886167957
