Model: GRU
MSE: 4.669928175529984
MAE: 1.7406009846720203
EVS: 0.795792416567649
