Model: GRU
MSE: 9.017686876206964
MAE: 2.645057036958892
EVS: 0.7900873906138797
