Model: GRU
MSE: 3.765588562601292
MAE: 1.3963742173951248
EVS: 0.7950098427556476
