Model: GRU
MSE: 4.882794061780507
MAE: 1.7879165205462226
EVS: 0.7768999945012831
