Model: GRU
MSE: 4.082944052473702
MAE: 1.2798471779658878
EVS: 0.7835032656113753
