Model: GRU
MSE: 7.6708697702534065
MAE: 2.473051334249562
EVS: 0.7874118292640107
