Model: GRU
MSE: 34.74345680051078
MAE: 5.187976327435724
EVS: -0.03563383932601516
