Model: GRU
MSE: 7.316325307996928
MAE: 2.3951519604386955
EVS: 0.7945967954148403
