Model: GRU
MSE: 4.167404959331963
MAE: 1.5221960626799484
EVS: 0.8039608316812045
