Model: GRU
MSE: 4.186153993495989
MAE: 1.6722495432557731
EVS: 0.8191722200668992
