Model: GRU
MSE: 5.271489662532672
MAE: 1.9106660711354222
EVS: 0.796738178591143
