Model: GRU
MSE: 8.432823795721347
MAE: 2.602815710265061
EVS: 0.8128209995919191
