Model: GRU
MSE: 4.730754748624533
MAE: 1.7350111953143417
EVS: 0.8109104922928388
