Model: GRU
MSE: 7.479647282497702
MAE: 2.385499222525235
EVS: 0.7998190122627975
