Model: GRU
MSE: 8.161007180575
MAE: 2.4961730282882164
EVS: 0.7514198137979851
