Model: GRU
MSE: 40.841264325630945
MAE: 5.840619761368324
EVS: 0.43674637611176015
