Model: GRU
MSE: 3.89248293782309
MAE: 1.4481191141852017
EVS: 0.7932843935378815
