Model: GRU
MSE: 124.81284947322158
MAE: 10.247869275767227
EVS: -0.08524046742744407
