Model: GRU
MSE: 5.121591773911091
MAE: 1.8545215047638992
EVS: 0.8037411905013695
