Model: GRU
MSE: 22.18041880476675
MAE: 4.431408972575746
EVS: 0.7465409350662451
