Model: GRU
MSE: 128.01572541381972
MAE: 10.507405091976297
EVS: 0.034493366555185645
