Model: GRU
MSE: 5.212728135297547
MAE: 1.8273571935193291
EVS: 0.7782441675233773
