Model: GRU
MSE: 144.3861587150145
MAE: 11.1581047444508
EVS: -0.09011085469011326
