Model: GRU
MSE: 5.357338927287135
MAE: 1.8778586552060883
EVS: 0.7495049626115906
