Model: GRU
MSE: 5.847627525029992
MAE: 2.007361617581598
EVS: 0.7796245713464027
