Model: GRU
MSE: 7.159207438983713
MAE: 2.373019045796888
EVS: 0.7947767821157055
