Model: GRU
MSE: 10.89270241305212
MAE: 2.9667211894331307
EVS: 0.7941936294641139
