Model: GRU
MSE: 15.993215155159726
MAE: 3.689704911462192
EVS: 0.7620604246983814
