Model: GRU
MSE: 19.69458608495145
MAE: 4.163622609500227
EVS: 0.7633717328747839
