Model: GRU
MSE: 7.311814527123346
MAE: 2.3879344874414903
EVS: 0.7894735004196713
