Model: GRU
MSE: 9.305884010740218
MAE: 2.743044277717327
EVS: 0.8078183358196935
