Model: GRU
MSE: 5.83343586976078
MAE: 1.9830273841989452
EVS: 0.7638762298544497
