Model: GRU
MSE: 14.647875718686546
MAE: 3.5729244741900215
EVS: 0.7617153161584127
