Model: GRU
MSE: 4.051227879417798
MAE: 1.3704607486724854
EVS: 0.7798952923549166
