Model: GRU
MSE: 5.350494054177582
MAE: 1.8732962608337402
EVS: 0.784230121833272
