Model: GRU
MSE: 11.379130251338939
MAE: 3.0821820785259377
EVS: 0.7146596766200757
