Model: GRU
MSE: 7.033741771253788
MAE: 2.2256403380426866
EVS: 0.76980228483073
