Model: GRU
MSE: 4.586154015247985
MAE: 1.6665917593857338
EVS: 0.7588691703856724
