Model: GRU
MSE: 3.894817237134342
MAE: 1.5752422234107708
EVS: 0.8217445995000645
