Model: GRU
MSE: 14.694245819831796
MAE: 3.5961632810789963
EVS: 0.7899345437031038
