Model: GRU
MSE: 5.6713697493863
MAE: 2.0499075445635566
EVS: 0.8046782453966835
