Model: GRU
MSE: 4.267798094451399
MAE: 1.6289672522709286
EVS: 0.802524647832357
