Model: GRU
MSE: 9.287532194763426
MAE: 2.7779313860268426
EVS: 0.7618246292660034
