Model: GRU
MSE: 9.872856294685302
MAE: 2.8308904253203293
EVS: 0.7924883405777128
