Model: GRU
MSE: 7.21885189437499
MAE: 2.382578940227114
EVS: 0.8026764996557569
