Model: GRU
MSE: 3.85330866750355
MAE: 1.3670310809694488
EVS: 0.7909498750678334
