Model: GRU
MSE: 53.603713507320286
MAE: 6.510951387471166
EVS: 0.07303891248860961
