Model: GRU
MSE: 6.519897760830828
MAE: 2.193303609716481
EVS: 0.7823462012242521
