Model: GRU
MSE: 3.8003252704978263
MAE: 1.39433649079553
EVS: 0.7920687393182478
