Model: GRU
MSE: 4.690981109592815
MAE: 1.7720284831934963
EVS: 0.7997400052305094
