Model: GRU
MSE: 10.895597885371538
MAE: 2.9375536030736464
EVS: 0.7650097077241775
