Model: GRU
MSE: 6.517252308380409
MAE: 2.038298779520495
EVS: 0.7610061113340304
