Model: GRU
MSE: 5.072928661431715
MAE: 1.8793765758645946
EVS: 0.8089877877407159
