Model: GRU
MSE: 3.7320739332784516
MAE: 1.3581009938799102
EVS: 0.7967990729551676
