Model: GRU
MSE: 5.644939949018729
MAE: 1.882325682146796
EVS: 0.7896246642184477
