Model: GRU
MSE: 3.6553129918179517
MAE: 1.3909008914026721
EVS: 0.8181282037408011
