Model: GRU
MSE: 7.511732212288545
MAE: 2.4317916179525443
EVS: 0.7927189790972509
