Model: GRU
MSE: 17.48837312513485
MAE: 3.8841828971073546
EVS: 0.7553984635132716
