Model: GRU
MSE: 50.7926191051541
MAE: 6.2967931155500745
EVS: -2.220446049250313e-16
