Model: GRU
MSE: 12.919447512318737
MAE: 3.3655878675395043
EVS: 0.7879638850704678
