Model: GRU
MSE: 3.5992310311724602
MAE: 1.3539718019551243
EVS: 0.8026663410620264
