Model: GRU
MSE: 3.3519798617403778
MAE: 1.3635097372120824
EVS: 0.8350622137479177
