Model: GRU
MSE: 9.808847192896698
MAE: 2.8071624492776803
EVS: 0.7960493442399303
