Model: GRU
MSE: 33.2449614030905
MAE: 5.46223181691663
EVS: 0.7379157672027115
