Model: GRU
MSE: 151.06241443827082
MAE: 11.48999200401635
EVS: -0.044036766748784206
