Model: GRU
MSE: 126.19238688644643
MAE: 10.391584024347107
EVS: 0.001750621216102366
