Model: GRU
MSE: 5.554687440914038
MAE: 1.9126756355680268
EVS: 0.7653452086190025
