Model: GRU
MSE: 8.451151502669415
MAE: 2.5147927876176506
EVS: 0.7827725768222916
