Model: GRU
MSE: 3.659966525759782
MAE: 1.4665861623040561
EVS: 0.8246514584996301
