Model: GRU
MSE: 44.67905439531232
MAE: 5.800740964072091
EVS: 0.059212025825960746
