Model: GRU
MSE: 5.955065635278832
MAE: 2.051047004502395
EVS: 0.7873362553598189
