Model: GRU
MSE: 4.426008104158835
MAE: 1.6982072016288494
EVS: 0.824289431764908
