Model: GRU
MSE: 3.709441110198518
MAE: 1.5880733029595737
EVS: 0.8291280627125298
