Model: GRU
MSE: 141.16663264180937
MAE: 11.029032608558392
EVS: -0.07060435521553043
