Model: GRU
MSE: 7.324099555017902
MAE: 2.3480193286106505
EVS: 0.7792532729220225
