Model: GRU
MSE: 4.908004598100316
MAE: 1.733747515185126
EVS: 0.7595130208184694
