Model: GRU
MSE: 12.511301636279141
MAE: 3.2538164895156334
EVS: 0.7539282035017738
