Model: GRU
MSE: 12.5759451507264
MAE: 3.2390005341891586
EVS: 0.7548020349903718
