Model: GRU
MSE: 7.022847954586777
MAE: 2.2863742236433358
EVS: 0.7984535354523401
