Model: GRU
MSE: 8.051253495386522
MAE: 2.4944715993157747
EVS: 0.7979391763815651
