Model: GRU
MSE: 7.1286260824720875
MAE: 2.269489995364485
EVS: 0.7737872762844704
