Model: GRU
MSE: 276.74838482131395
MAE: 15.729741269144519
EVS: -0.6077166838782273
