Model: GRU
MSE: 4.704129274973541
MAE: 1.8174926412516628
EVS: 0.8201151138225959
