Model: GRU
MSE: 5.928481704392849
MAE: 1.9554168972475776
EVS: 0.7771336871218449
