Model: GRU
MSE: 8.255453007735374
MAE: 2.5536555750616667
EVS: 0.7721679594367985
