Model: GRU
MSE: 3.725893214158767
MAE: 1.5069914686268773
EVS: 0.8234547247068321
