Model: GRU
MSE: 4.683733643477259
MAE: 1.7850172108617322
EVS: 0.8079875186463562
