Model: GRU
MSE: 9.3851916356088
MAE: 2.7846520851398338
EVS: 0.7791416985647935
