Model: GRU
MSE: 144.15472107856772
MAE: 11.243990992677622
EVS: 0.02806636562002729
