Model: GRU
MSE: 9.557748654334425
MAE: 2.7862069606781006
EVS: 0.7477321688166727
