Model: GRU
MSE: 18.751647804839948
MAE: 4.051828647481984
EVS: 0.7534721718087962
