Model: GRU
MSE: 5.413067561172561
MAE: 1.8877426591412774
EVS: 0.790214609031807
