Model: GRU
MSE: 152.61323557675274
MAE: 11.44783417520852
EVS: -0.182081006448515
