Model: GRU
MSE: 7.747467427626459
MAE: 2.421637033594066
EVS: 0.771546764996443
