Model: GRU
MSE: 5.058662452195001
MAE: 1.8357393823820969
EVS: 0.7639617296204069
