Model: GRU
MSE: 5.641568435068741
MAE: 1.9497295001457478
EVS: 0.7867723238955829
