Model: GRU
MSE: 702.5552343380625
MAE: 26.177743845972522
EVS: 0.05254242557169497
