Model: GRU
MSE: 10.7388935114246
MAE: 3.0362444910509834
EVS: 0.8115632609764927
