Model: GRU
MSE: 4.1141229942633
MAE: 1.5316683341716897
EVS: 0.7939599235565588
