Model: GRU
MSE: 7.75579801126687
MAE: 2.4342267184421935
EVS: 0.7862792009413466
