Model: GRU
MSE: 4.918372541841955
MAE: 1.6422548622920596
EVS: 0.7625784384961907
