Model: GRU
MSE: 17.306920976812073
MAE: 3.940751601909769
EVS: 0.8074976741018304
