Model: GRU
MSE: 50.837405537500516
MAE: 6.361041167686725
EVS: 0.0532045501724554
