Model: GRU
MSE: 309.3483994896979
MAE: 17.03790228942345
EVS: -0.044902308802695634
