Model: GRU
MSE: 5.237745397228787
MAE: 1.7717665639416924
EVS: 0.7560940028186246
