Model: GRU
MSE: 26.027808154060885
MAE: 4.83540074578647
EVS: 0.7446627042687088
