Model: GRU
MSE: 8.623837780697754
MAE: 2.5827526306283883
EVS: 0.7737136948358656
