Model: GRU
MSE: 8.199302002408078
MAE: 2.5694956943906586
EVS: 0.8041191370438783
