Model: GRU
MSE: 7.993762132947831
MAE: 2.494769408785064
EVS: 0.8011787202307439
