Model: GRU
MSE: 6.448641486248793
MAE: 2.166451544597231
EVS: 0.791966044595843
