Model: GRU
MSE: 3.52497996424246
MAE: 1.3207875079122082
EVS: 0.8074269718514648
