Model: GRU
MSE: 4.951862680720472
MAE: 1.879083197692345
EVS: 0.8180474136593837
