Model: GRU
MSE: 4.172629160439572
MAE: 1.594043176749657
EVS: 0.8061500805745814
