Model: GRU
MSE: 161.85756086158835
MAE: 11.922856223994287
EVS: -0.08025318917839663
