Model: GRU
MSE: 152.43498546056645
MAE: 11.489421437526572
EVS: -0.1200091134395338
