Model: GRU
MSE: 167.22544464301984
MAE: 12.141829951056119
EVS: -0.08564537897968139
