Model: GRU
MSE: 5.996716705782541
MAE: 2.0491408726264693
EVS: 0.8013232739245382
