Model: GRU
MSE: 575.6979954577282
MAE: 23.181126167034282
EVS: -1.1016918595843932
