Model: GRU
MSE: 3.3506279198699658
MAE: 1.2763965540918811
EVS: 0.8179187290463769
