Model: GRU
MSE: 6.734687675005637
MAE: 2.2977656660408807
EVS: 0.7951647493790513
