Model: GRU
MSE: 204.1858983196451
MAE: 13.593483431585904
EVS: -0.06380772065024987
