Model: GRU
MSE: 1550.138449306443
MAE: 39.131232754937535
EVS: -0.03540563430915533
