Model: GRU
MSE: 12.80454232281732
MAE: 3.24788393645451
EVS: 0.7933109903766586
