Model: GRU
MSE: 6.030223389522109
MAE: 2.0225735861679603
EVS: 0.7567189189538372
