Model: GRU
MSE: 13.31437022934418
MAE: 3.353437801887249
EVS: 0.8059384471258699
