Model: GRU
MSE: 3.2075041612571216
MAE: 1.2647948511715592
EVS: 0.824405099848622
