Model: GRU
MSE: 4.003531525982648
MAE: 1.4740406562542092
EVS: 0.8028227592332021
