Model: GRU
MSE: 5.204093455469919
MAE: 1.8518477020592525
EVS: 0.8099958783738587
