Model: GRU
MSE: 5.780605291982635
MAE: 1.9735450415775693
EVS: 0.7962298180067034
