Model: GRU
MSE: 73.87621345917508
MAE: 7.7383205808442215
EVS: 0.022474175611587044
