Model: GRU
MSE: 5.8266718759025045
MAE: 1.9142273828901093
EVS: 0.7685869400333711
