Model: GRU
MSE: 7.573280232466666
MAE: 2.4291518721087226
EVS: 0.8010263350975815
