Model: GRU
MSE: 5.59205762334162
MAE: 1.855593467580861
EVS: 0.7119712122474029
