Model: GRU
MSE: 24.15318031169075
MAE: 4.657807325494701
EVS: 0.7953399825942763
