Model: GRU
MSE: 5.923706438479393
MAE: 2.0395721484874856
EVS: 0.7828965625477308
