Model: GRU
MSE: 4.810460154679844
MAE: 1.8834895018873543
EVS: 0.8330251328706071
