Model: GRU
MSE: 4.859490192380665
MAE: 1.8240885241278286
EVS: 0.8115508889841969
