Model: GRU
MSE: 4.571958809174667
MAE: 1.613422106052267
EVS: 0.7844883582107864
