Model: GRU
MSE: 44.29134801931329
MAE: 5.906066910973911
EVS: 0.05616048555974851
