Model: GRU
MSE: 9.744750685226148
MAE: 2.8693183372760642
EVS: 0.8036749533699281
