Model: GRU
MSE: 6.248822836736591
MAE: 2.0919481721417656
EVS: 0.7560843832004598
