Model: GRU
MSE: 4.156110265246144
MAE: 1.6913740634918213
EVS: 0.8252516231803739
