Model: GRU
MSE: 138.37050407291426
MAE: 10.925416786095191
EVS: -0.04202319901317941
