Model: GRU
MSE: 6.496469079926775
MAE: 2.2075540937226394
EVS: 0.7669413524387283
