Model: GRU
MSE: 30.009453717753694
MAE: 4.739973660173087
EVS: 0.001084509278270307
