Model: GRU
MSE: 5.6393023780879075
MAE: 2.0208261506310823
EVS: 0.816240173954482
