Model: GRU
MSE: 4.082156928925476
MAE: 1.6657148229664769
EVS: 0.8176161248874092
