Model: GRU
MSE: 5.308472506995788
MAE: 1.9237084142093002
EVS: 0.796700293667453
