Model: GRU
MSE: 7.107839932796932
MAE: 2.3377639342998635
EVS: 0.7771858257285067
