Model: GRU
MSE: 5.176962575674184
MAE: 1.7981821586345803
EVS: 0.7672989713733243
