Model: GRU
MSE: 10.979566616570898
MAE: 2.9335573295067094
EVS: 0.6917381980593839
