Model: GRU
MSE: 6.4853011421534825
MAE: 2.1662394013898125
EVS: 0.7899005442873459
