Model: GRU
MSE: 5.5533678629867556
MAE: 1.9783962923904945
EVS: 0.7915175456086617
