Model: GRU
MSE: 3.6883846528499182
MAE: 1.3347545574451316
EVS: 0.798951457239396
