Model: GRU
MSE: 3.5741868888276915
MAE: 1.3037342161967838
EVS: 0.8102182647707867
