Model: GRU
MSE: 1889.1782262820536
MAE: 43.16335401863888
EVS: -0.43114584199722983
