Model: GRU
MSE: 6.1539773532510536
MAE: 2.1160589744304787
EVS: 0.7893736579706003
