Model: GRU
MSE: 41.828895069849594
MAE: 5.679558984164534
EVS: 0.0
