Model: GRU
MSE: 7.789522634555811
MAE: 2.3546041126908928
EVS: 0.7619902550586342
