Model: GRU
MSE: 8.437664825798164
MAE: 2.6069077623301538
EVS: 0.7736351524230856
