Model: GRU
MSE: 12.18536718213307
MAE: 3.206510535601912
EVS: 0.7944558962158881
