Model: GRU
MSE: 5.63270306919503
MAE: 2.031807143112709
EVS: 0.8133432824149469
