Model: GRU
MSE: 6.35530788856662
MAE: 2.1843266240481674
EVS: 0.8109910560973294
