Model: GRU
MSE: 4.359877746730667
MAE: 1.513620927416045
EVS: 0.7644317907003448
