Model: GRU
MSE: 8.686493683299222
MAE: 2.6190752078746926
EVS: 0.7948468486356273
