Model: GRU
MSE: 6.738163135794542
MAE: 2.301487503380611
EVS: 0.7858752668829692
