Model: GRU
MSE: 11.429627847817901
MAE: 3.0597738644172408
EVS: 0.782147424800884
