Model: GRU
MSE: 138.32609889138692
MAE: 10.89778920494277
EVS: -0.07264483801963229
