Model: GRU
MSE: 8.45120491736412
MAE: 2.588323083417169
EVS: 0.7873977453649925
