Model: GRU
MSE: 8.67870129564242
MAE: 2.5384491476519355
EVS: 0.744146540384927
