Model: GRU
MSE: 8.089326896879767
MAE: 2.4732902214444916
EVS: 0.782503550168554
