Model: GRU
MSE: 7.086709766256623
MAE: 2.1457719474003234
EVS: 0.7572333913230158
