Model: GRU
MSE: 208.32860144592811
MAE: 13.737621718439563
EVS: -0.07495093718630419
