Model: GRU
MSE: 5.751734537290829
MAE: 1.9039148297803155
EVS: 0.7294568876861889
