Model: GRU
MSE: 3.4828849861919946
MAE: 1.3862018256351865
EVS: 0.8097788460641673
