Model: GRU
MSE: 5.699387731972327
MAE: 1.9384069031682507
EVS: 0.7899881656921707
