Model: GRU
MSE: 3.9835920469266703
MAE: 1.369907440810368
EVS: 0.7820195499685929
