Model: GRU
MSE: 9.919686740657143
MAE: 2.8315690796950768
EVS: 0.7901435922943305
