Model: GRU
MSE: 7.48574597967923
MAE: 2.3506526947021484
EVS: 0.7910614965035364
