Model: GRU
MSE: 3.301637470827161
MAE: 1.229094049026226
EVS: 0.8201549028783287
