Model: GRU
MSE: 138.8187166062487
MAE: 10.998308913461093
EVS: 0.021019492874270074
