Model: GRU
MSE: 12.987057081019822
MAE: 3.353794952918743
EVS: 0.7782053695654348
