Model: GRU
MSE: 9.164649402963853
MAE: 2.738169711211632
EVS: 0.72811540108551
