Model: GRU
MSE: 3.0210327447074556
MAE: 1.3271450092052588
EVS: 0.8348177108398402
