Model: GRU
MSE: 1672.3049780670815
MAE: 40.47099850095552
EVS: -0.8862161003114561
