Model: GRU
MSE: 5.640559354310406
MAE: 1.945746923315114
EVS: 0.7905314827749429
