Model: GRU
MSE: 561.2200600888444
MAE: 23.333994684548212
EVS: 0.08194099721829995
