Model: GRU
MSE: 5.633070852846627
MAE: 1.8982166668464397
EVS: 0.7711985253737029
