Model: GRU
MSE: 3.7915025672351956
MAE: 1.3187433933389598
EVS: 0.7928605721570317
