Model: GRU
MSE: 152.85383697251774
MAE: 11.576580195591367
EVS: -0.032749587098294786
