Model: GRU
MSE: 65.88444259715479
MAE: 7.50064545664294
EVS: 0.3425959891081931
