Model: GRU
MSE: 8.17492355523009
MAE: 2.593421746944559
EVS: 0.7917113980194548
