Model: GRU
MSE: 6.782054124621853
MAE: 2.296254248454653
EVS: 0.8317548281158487
