Model: GRU
MSE: 9.147645990256184
MAE: 2.720190714145529
EVS: 0.7913044993729309
