Model: GRU
MSE: 41.85691719341754
MAE: 5.68154788839406
EVS: 0.0
