Model: GRU
MSE: 18.5588358290818
MAE: 4.01425341079975
EVS: 0.7490511506018372
