Model: GRU
MSE: 9.41197633922945
MAE: 2.8137911270404685
EVS: 0.7773769019171296
