Model: GRU
MSE: 142.07869802051016
MAE: 11.07087464990287
EVS: -0.06991135408126947
