Model: GRU
MSE: 43.5687855137911
MAE: 5.857140968585837
EVS: 0.08109234682534627
