Model: GRU
MSE: 5.7703629863016035
MAE: 2.0100074718738425
EVS: 0.79199695841061
