Model: GRU
MSE: 6.527705339378418
MAE: 2.236277958442425
EVS: 0.805583492091513
