Model: GRU
MSE: 4.033398015237414
MAE: 1.4149851059091503
EVS: 0.7928590087798879
