Model: GRU
MSE: 26.76357474327863
MAE: 4.553355184094659
EVS: 0.04601336028383718
