Model: GRU
MSE: 50.525069280578776
MAE: 6.279590244950919
EVS: 0.003484053531509712
