Model: GRU
MSE: 7.852084365853697
MAE: 2.5278535300287706
EVS: 0.805263713275659
