Model: GRU
MSE: 3.452763598888882
MAE: 1.3381741046905518
EVS: 0.8191547752537193
