Model: GRU
MSE: 4.404489460883282
MAE: 1.6091201346496056
EVS: 0.7934989377005272
