Model: GRU
MSE: 9.682773125553075
MAE: 2.8247683130461594
EVS: 0.7804565527901726
