Model: GRU
MSE: 8.83531395109296
MAE: 2.7477731211432097
EVS: 0.7933848431319249
