Model: GRU
MSE: 9.666154671984206
MAE: 2.6014977611344436
EVS: 0.7232614450633589
