Model: GRU
MSE: 4.313929832631191
MAE: 1.6718472957611084
EVS: 0.7708585986156911
