Model: GRU
MSE: 3.4904360659439773
MAE: 1.4020491715135246
EVS: 0.8158906897222178
