Model: GRU
MSE: 8.146813051080558
MAE: 2.5673684909425933
EVS: 0.774640764488927
