Model: GRU
MSE: 5.069722625453311
MAE: 1.8461854457855225
EVS: 0.777384386448825
