Model: GRU
MSE: 15.679746288732415
MAE: 3.711591498605136
EVS: 0.8113307649527216
