Model: GRU
MSE: 4.56029455885191
MAE: 1.6452639020722488
EVS: 0.7734169433212137
