Model: GRU
MSE: 5.465557869506455
MAE: 1.9527208969510834
EVS: 0.7979459123566457
