Model: GRU
MSE: 12.846819386255174
MAE: 3.241857150505329
EVS: 0.7593783185161613
