Model: GRU
MSE: 10.747873044902583
MAE: 3.0307737301135886
EVS: 0.7775197922475534
