Model: GRU
MSE: 10.256028580198604
MAE: 2.933667774858146
EVS: 0.7999305740859306
