Model: GRU
MSE: 16.088796546455853
MAE: 3.753004427613883
EVS: 0.7993624854591762
