Model: GRU
MSE: 4.9521633715413715
MAE: 1.879015593693174
EVS: 0.7922947727918325
