Model: GRU
MSE: 7.421838642285362
MAE: 2.378506833109362
EVS: 0.7973560852394408
