Model: GRU
MSE: 5.289372093565843
MAE: 1.8890576444823166
EVS: 0.7936157822031312
