Model: GRU
MSE: 13.651931186121866
MAE: 3.417155512448015
EVS: 0.761068850479508
