Model: GRU
MSE: 15199.186022530077
MAE: 123.21098459178003
EVS: 2.220446049250313e-16
