Model: GRU
MSE: 3.6574637463788173
MAE: 1.3142215383463893
EVS: 0.8004251945576639
