Model: GRU
MSE: 16.399635895052004
MAE: 3.786208045893702
EVS: 0.7748816739413764
