Model: GRU
MSE: 7.538013025511692
MAE: 2.419397765192492
EVS: 0.7950121136521971
