Model: GRU
MSE: 7.457497262830049
MAE: 2.347219870008271
EVS: 0.7716898001759547
