Model: GRU
MSE: 4.294962924199846
MAE: 1.5949393634138436
EVS: 0.7703954166473369
