Model: GRU
MSE: 5.594469006278248
MAE: 2.03307477359114
EVS: 0.8018753242733792
