Model: GRU
MSE: 4.281335816087323
MAE: 1.4316802682547733
EVS: 0.767898461247052
