Model: GRU
MSE: 3.279746211230823
MAE: 1.3096440660542454
EVS: 0.8243518971252204
