Model: GRU
MSE: 12.762022561820396
MAE: 3.3266051884355217
EVS: 0.7451465613581036
