Model: GRU
MSE: 4.6175937130150535
MAE: 1.4953265190124512
EVS: 0.7470329213121032
