Model: GRU
MSE: 8.847360418163492
MAE: 2.6789022067497514
EVS: 0.7833179675983427
