Model: GRU
MSE: 3.567151943520006
MAE: 1.4485418467686093
EVS: 0.8110537245932423
