Model: GRU
MSE: 10.340560309111812
MAE: 2.933537540764644
EVS: 0.7652323996696637
