Model: GRU
MSE: 16.450277065497495
MAE: 3.697755550516063
EVS: 0.7418048891507723
