Model: GRU
MSE: 4.0071438414255764
MAE: 1.3342453446881524
EVS: 0.7830007204199729
