Model: GRU
MSE: 6.685302465218667
MAE: 2.1310858726501465
EVS: 0.7609779681984895
