Model: GRU
MSE: 5.475052980008474
MAE: 1.9520686577106345
EVS: 0.7964308289330815
