Model: GRU
MSE: 5.953982271658094
MAE: 2.11469187407658
EVS: 0.8115653695187146
