Model: GRU
MSE: 7.620618286584411
MAE: 2.4447783848335005
EVS: 0.8050965513860737
