Model: GRU
MSE: 8.043989774680238
MAE: 2.49766495310027
EVS: 0.8017542913562218
