Model: GRU
MSE: 10.51869686545753
MAE: 2.907030730411924
EVS: 0.7933944669005066
