Model: GRU
MSE: 15.634861067249378
MAE: 3.7082491414300325
EVS: 0.7902516336820391
