Model: GRU
MSE: 4.558483958264578
MAE: 1.6199220634739975
EVS: 0.7585890734355719
