Model: GRU
MSE: 16.599100442193127
MAE: 3.7944582084129594
EVS: 0.768891389344467
