Model: GRU
MSE: 9.009553826766616
MAE: 2.4595663794155778
EVS: 0.7035644740859882
