Model: GRU
MSE: 61.48093059429678
MAE: 7.0226709267188765
EVS: -0.006477373238558348
