Model: GRU
MSE: 3.7784986266527683
MAE: 1.5340424652757316
EVS: 0.8159246155279255
