Model: GRU
MSE: 9.09719660076084
MAE: 2.729693708748653
EVS: 0.824454105901931
