Model: GRU
MSE: 8.672968830160338
MAE: 2.6332376414331895
EVS: 0.7532743672268122
