Model: GRU
MSE: 124.4387659755648
MAE: 10.232955184476129
EVS: -0.08147767950487284
