Model: GRU
MSE: 3.5868535860817956
MAE: 1.343289169771918
EVS: 0.8062327328472184
