Model: GRU
MSE: 29.026249584852692
MAE: 4.925798613449623
EVS: 0.549722818944934
