Model: GRU
MSE: 1070.9352746933496
MAE: 32.206187642853834
EVS: -0.8474807181435351
