Model: GRU
MSE: 12.144911683578606
MAE: 3.221080780029297
EVS: 0.7839709416193908
