Model: GRU
MSE: 1920.73626123611
MAE: 43.56841804241312
EVS: -0.2352015936461087
