Model: GRU
MSE: 62.49278920220178
MAE: 7.133390689718312
EVS: 0.06222652621331526
