Model: GRU
MSE: 141.4488310979615
MAE: 10.972667036385372
EVS: -0.15406901528670636
