Model: GRU
MSE: 6.795480985459119
MAE: 2.2381469052413414
EVS: 0.780735607015168
