Model: GRU
MSE: 6.863429378000255
MAE: 2.324823807025778
EVS: 0.798757070743461
