Model: GRU
MSE: 10.907582249451753
MAE: 3.008051642056169
EVS: 0.7855818516566098
