Model: GRU
MSE: 5.330741731969412
MAE: 1.9255484301468422
EVS: 0.7955770063327049
