Model: GRU
MSE: 9.874949148196405
MAE: 2.794002730270912
EVS: 0.7906515958831122
