Model: GRU
MSE: 7.841924237730687
MAE: 2.4159688291878534
EVS: 0.7756902382734476
