Model: GRU
MSE: 8.552655530491487
MAE: 2.6690778074593378
EVS: 0.8224168831193364
