Model: GRU
MSE: 5.969705774221406
MAE: 1.9858607588143184
EVS: 0.7859500279257825
