Model: GRU
MSE: 8.149590765004437
MAE: 2.4894778975125016
EVS: 0.7888435816872008
