Model: GRU
MSE: 4.9570807731902375
MAE: 1.6979981354304723
EVS: 0.7740807337375151
