Model: GRU
MSE: 3.941849567673793
MAE: 1.387111787138314
EVS: 0.79231938189592
