Model: GRU
MSE: 3.6881918103021474
MAE: 1.428797171033662
EVS: 0.8095881432109012
