Model: GRU
MSE: 3.9770600522795614
MAE: 1.5126745577516227
EVS: 0.7925787066509461
