Model: GRU
MSE: 12.779846954554603
MAE: 3.1721520917168977
EVS: 0.7592713202436498
