Model: GRU
MSE: 3862.8037857458653
MAE: 62.00506749646417
EVS: 0.0035038600631333017
