Model: GRU
MSE: 8.349637503962208
MAE: 2.5343074140877557
EVS: 0.7627030757206514
