Model: GRU
MSE: 41.858224186404
MAE: 5.681640625
EVS: 0.0
