Model: GRU
MSE: 4.389487499321101
MAE: 1.6737451471131424
EVS: 0.781694338259561
