Model: GRU
MSE: 4.642672385512089
MAE: 1.662100389085967
EVS: 0.7817288886538089
