Model: GRU
MSE: 18.463899439485697
MAE: 4.03797407807975
EVS: 0.7756117896016297
