Model: GRU
MSE: 12.186767494677001
MAE: 3.0874569991539262
EVS: 0.7564981991464416
