Model: GRU
MSE: 153.45135929169805
MAE: 11.576213902440564
EVS: -0.065974715279699
