Model: GRU
MSE: 6.320300599633249
MAE: 2.139286657859539
EVS: 0.7892824883887875
