Model: GRU
MSE: 7.94058196598978
MAE: 2.491612220632619
EVS: 0.7759195344980964
