Model: GRU
MSE: 1598.5300486684503
MAE: 39.66587951265532
EVS: -0.3787839054818902
