Model: GRU
MSE: 33.960341872594626
MAE: 5.084741592407227
EVS: -0.11015834439428374
