Model: GRU
MSE: 4.9805065862886275
MAE: 1.8541182074053535
EVS: 0.8011880874698067
