Model: GRU
MSE: 10.859095027268985
MAE: 2.922717513709233
EVS: 0.7584158741892808
