Model: GRU
MSE: 51.116379368704436
MAE: 6.319239682164685
EVS: -2.220446049250313e-16
