Model: GRU
MSE: 7.253571971114269
MAE: 2.416103042405227
EVS: 0.8096136345475706
