Model: GRU
MSE: 168.62713470190394
MAE: 12.19896124149191
EVS: -0.08625226897895577
