Model: GRU
MSE: 123.22585766344551
MAE: 10.190211400903504
EVS: -0.06283963262059111
