Model: GRU
MSE: 5.632137685038361
MAE: 1.9371527721141946
EVS: 0.7898600589786327
