Model: GRU
MSE: 122.48557682831398
MAE: 10.218361263645106
EVS: 0.009245341354177428
