Model: GRU
MSE: 7.6695664736710585
MAE: 2.4375047026009393
EVS: 0.7542110034356231
