Model: GRU
MSE: 4.106225729510559
MAE: 1.48240432245978
EVS: 0.799353573807646
