Model: GRU
MSE: 129.69667264412882
MAE: 10.463513308557971
EVS: -0.1081326365971842
