Model: GRU
MSE: 147.95594575142044
MAE: 11.32678256034851
EVS: -0.10195168954628575
