Model: GRU
MSE: 10.09383288313917
MAE: 2.8315709130517366
EVS: 0.7501636130708431
