Model: GRU
MSE: 12.572829481216399
MAE: 3.075297528299792
EVS: 0.7138726787535481
