Model: GRU
MSE: 16.602258287370535
MAE: 3.810725154547856
EVS: 0.7740117246760134
