Model: GRU
MSE: 7.790357829572657
MAE: 2.410440099650416
EVS: 0.7935743629066976
