Model: GRU
MSE: 50.95235167245207
MAE: 6.307881388170966
EVS: -2.220446049250313e-16
