Model: GRU
MSE: 5.879886841300256
MAE: 1.9924798093993088
EVS: 0.7843414994219748
