Model: GRU
MSE: 4.852565466384397
MAE: 1.8367960206393539
EVS: 0.80842186826024
