Model: GRU
MSE: 6.270752095672994
MAE: 2.069169726865045
EVS: 0.7831485317677538
