Model: GRU
MSE: 8.591271459663433
MAE: 2.6577585318992876
EVS: 0.8050343069637516
