Model: GRU
MSE: 8.052902137466202
MAE: 2.4568087314737252
EVS: 0.7979402270780828
