Model: GRU
MSE: 25.435972006413508
MAE: 4.75508295256516
EVS: 0.6915533381739791
