Model: GRU
MSE: 3.8323874219128857
MAE: 1.3078499703571713
EVS: 0.790077423613482
