Model: GRU
MSE: 10.692117408014232
MAE: 2.8378170112083696
EVS: 0.7404007114013392
