Model: GRU
MSE: 3.6197921182294546
MAE: 1.2885445972968792
EVS: 0.8077130392280867
