Model: GRU
MSE: 11.072571085061837
MAE: 3.045790277678391
EVS: 0.7787056232879909
