Model: GRU
MSE: 12.854252090287604
MAE: 3.309839207550575
EVS: 0.7618149419626576
