Model: GRU
MSE: 3.4615387958235915
MAE: 1.4514675839193936
EVS: 0.822669356474945
