Model: GRU
MSE: 16.082508237725445
MAE: 3.7082036528094062
EVS: 0.7828764909483112
