Model: GRU
MSE: 4.31367446571891
MAE: 1.5104011996039028
EVS: 0.7761238589202863
