Model: GRU
MSE: 5.202083576656016
MAE: 1.891007110990327
EVS: 0.7966043946373517
