Model: GRU
MSE: 4.273333162435932
MAE: 1.4597024301002766
EVS: 0.7690201397044026
