Model: GRU
MSE: 13.549199329205702
MAE: 3.414247759457292
EVS: 0.7483015908512811
