Model: GRU
MSE: 147.88484762887103
MAE: 11.331385589879135
EVS: -0.06827289938013825
