Model: GRU
MSE: 5.96920391720724
MAE: 2.078037483938809
EVS: 0.7758030598924252
