Model: GRU
MSE: 1232.1799827644427
MAE: 34.60109085872256
EVS: -0.915890254144174
