Model: GRU
MSE: 3.926250634399907
MAE: 1.5718398094177246
EVS: 0.8072143114523358
