Model: GRU
MSE: 50.92689341138192
MAE: 6.344277776520828
EVS: 0.041482610806228726
