Model: GRU
MSE: 14.88829086041949
MAE: 3.574247689082705
EVS: 0.780211178716238
