Model: GRU
MSE: 18.141269716971525
MAE: 3.983039009160009
EVS: 0.7708922542144034
