Model: GRU
MSE: 12.83326634064205
MAE: 3.2982526812060127
EVS: 0.7947990105778204
