Model: GRU
MSE: 10.779730166883441
MAE: 2.9766909254008325
EVS: 0.7917845352847189
