Model: GRU
MSE: 8.002044107252265
MAE: 2.518618213719335
EVS: 0.7942935427738249
