Model: GRU
MSE: 6.143754744341349
MAE: 2.2023016748757196
EVS: 0.810255913714347
