Model: GRU
MSE: 11.364485241623376
MAE: 3.0747767152457404
EVS: 0.7994101958188483
