Model: GRU
MSE: 4.524536384080475
MAE: 1.5116144336503128
EVS: 0.7661592347606888
