Model: GRU
MSE: 4.274175623309955
MAE: 1.5448566551866203
EVS: 0.7869311911462693
