Model: GRU
MSE: 8.83460194676103
MAE: 2.664269414441339
EVS: 0.8203070954584762
