Model: GRU
MSE: 10.08099213733342
MAE: 2.8793032580408555
EVS: 0.7718659888082258
