Model: GRU
MSE: 5.502480326525015
MAE: 1.853087749974481
EVS: 0.7650124020343158
