Model: GRU
MSE: 51.27170728542403
MAE: 6.310596794917665
EVS: 0.0323420276598585
