Model: GRU
MSE: 9.369817517052034
MAE: 2.8120027986066094
EVS: 0.8088686142213
