Model: GRU
MSE: 12.021237035580635
MAE: 3.22411794498049
EVS: 0.7987916110958078
