Model: GRU
MSE: 37.32642197504934
MAE: 5.664798259735107
EVS: 0.5398186111565834
