Model: GRU
MSE: 3.709657444697359
MAE: 1.410619357536579
EVS: 0.799890612054643
