Model: GRU
MSE: 6.3816198063137755
MAE: 2.2142293535429856
EVS: 0.7782226891112445
