Model: GRU
MSE: 4.1857968088253
MAE: 1.4575387920652116
EVS: 0.7704498482602065
