Model: GRU
MSE: 5.093233723864681
MAE: 1.8282629292586754
EVS: 0.7951372585024415
