Model: GRU
MSE: 7.5276402209886895
MAE: 2.358301820426152
EVS: 0.7693621404004318
