Model: GRU
MSE: 8.45284555976208
MAE: 2.5860625957620553
EVS: 0.7802241476152445
