Model: GRU
MSE: 4.2640655661248585
MAE: 1.601412559377736
EVS: 0.7966063796037643
