Model: GRU
MSE: 7.094428277288981
MAE: 2.227836880190619
EVS: 0.7718445865258203
