Model: GRU
MSE: 10.028259064852152
MAE: 2.8556245770947686
EVS: 0.782554894932252
