Model: GRU
MSE: 6.675157301529519
MAE: 2.2571559527824663
EVS: 0.8088924330120372
