Model: GRU
MSE: 10.41909841951468
MAE: 2.9069066787588187
EVS: 0.7917778439368334
