Model: GRU
MSE: 5.659851061090683
MAE: 2.0121283613402268
EVS: 0.8077811067724409
