Model: GRU
MSE: 5.549767432125628
MAE: 1.9238297857087234
EVS: 0.7760518871852145
