Model: GRU
MSE: 15.265251719899235
MAE: 3.6647556568014212
EVS: 0.7822197228017915
