Model: GRU
MSE: 4.053065096267182
MAE: 1.463624460943814
EVS: 0.7867168444875046
