Model: GRU
MSE: 264.27120656707416
MAE: 15.682647935275373
EVS: -0.004740415387853636
