Model: GRU
MSE: 5.098091100811291
MAE: 1.5461159410147831
EVS: 0.7219476054960554
