Model: GRU
MSE: 7.625265025483255
MAE: 2.26729601005028
EVS: 0.7661320674916945
