Model: GRU
MSE: 13.132812347732921
MAE: 3.288512821855216
EVS: 0.7789937163789544
