Model: GRU
MSE: 5.352686668494936
MAE: 1.9056573160763444
EVS: 0.7965794324317509
