Model: GRU
MSE: 4.6650058331389115
MAE: 1.5579924501221756
EVS: 0.7464789470585484
