Model: GRU
MSE: 6.202498236286295
MAE: 2.1411356597111144
EVS: 0.8049077659900035
