Model: GRU
MSE: 7.152341711928074
MAE: 2.349214660710302
EVS: 0.7931152827894347
