Model: GRU
MSE: 41.75682206405367
MAE: 5.674438081938645
EVS: 0.0
