Model: GRU
MSE: 279.6462078243289
MAE: 16.06998820140444
EVS: -0.17338323536769296
