Model: GRU
MSE: 13.78598030937866
MAE: 3.1546894558544816
EVS: 0.25176624976567064
