Model: GRU
MSE: 9.163399317899142
MAE: 2.702269965204699
EVS: 0.8127074419078668
