Model: GRU
MSE: 6.695476682514642
MAE: 2.1667347529838823
EVS: 0.7875521425294605
