Model: GRU
MSE: 6.692415939703938
MAE: 2.2688971470142234
EVS: 0.7710905034825225
