Model: GRU
MSE: 49.932697735249945
MAE: 6.238132641233247
EVS: -0.007388182694768153
