Model: GRU
MSE: 7.121068539302195
MAE: 2.2582281046900254
EVS: 0.7942108547145479
