Model: GRU
MSE: 4.019510976372718
MAE: 1.3688533059481918
EVS: 0.7819518269121308
