Model: GRU
MSE: 5.005006672174517
MAE: 1.8071606570276721
EVS: 0.7887838063952946
