Model: GRU
MSE: 4.359636225682901
MAE: 1.5542024743968044
EVS: 0.7681517281831467
