Model: GRU
MSE: 6.364659624239579
MAE: 2.1137759274449843
EVS: 0.7862389292862221
