Model: GRU
MSE: 156.60091273488948
MAE: 11.721895612519363
EVS: -0.05256657937113407
