Model: GRU
MSE: 938.3837975647831
MAE: 30.235193712957972
EVS: -0.32772972411585055
