Model: GRU
MSE: 7.478046553461511
MAE: 2.177866524663465
EVS: 0.7402736337619351
