Model: GRU
MSE: 7.981758453157332
MAE: 2.331062608751757
EVS: 0.7485756487593337
