Model: GRU
MSE: 7.100153751858387
MAE: 2.384736307736101
EVS: 0.7991938707562536
