Model: GRU
MSE: 4.511112740831784
MAE: 1.6271171734250824
EVS: 0.7878683631814176
