Model: GRU
MSE: 41.87769431956684
MAE: 5.683021808492726
EVS: 0.0
