Model: GRU
MSE: 5.000092599350316
MAE: 1.6774816348634918
EVS: 0.7677275643453049
