Model: GRU
MSE: 5.477704918402176
MAE: 1.9494476071719467
EVS: 0.7956927765952679
