Model: GRU
MSE: 4.791878843074536
MAE: 1.7458709149525082
EVS: 0.8058216220307908
