Model: GRU
MSE: 145.90212146462358
MAE: 11.229497029863555
EVS: -0.08559646472184768
