Model: GRU
MSE: 5.097681613485002
MAE: 1.8392209677860654
EVS: 0.8003434467630861
