Model: GRU
MSE: 348.8144330685675
MAE: 18.18814124732182
EVS: 0.012793661925575295
