Model: GRU
MSE: 3.3125982152333666
MAE: 1.3349618911743164
EVS: 0.8185748085338469
