Model: GRU
MSE: 7.339436442966602
MAE: 2.190444041942728
EVS: 0.7478195510473984
