Model: GRU
MSE: 9.67767653605302
MAE: 2.793513972183754
EVS: 0.7847081820731437
