Model: GRU
MSE: 148.19810299914698
MAE: 11.345721933348425
EVS: -0.06762312482346888
