Model: GRU
MSE: 4.1271629017954945
MAE: 1.4988008943097344
EVS: 0.7821454337403928
