Model: GRU
MSE: 4.377799049652673
MAE: 1.679249303094272
EVS: 0.8064250153024055
