Model: GRU
MSE: 3.515263300565573
MAE: 1.2566842991730263
EVS: 0.8077075148637445
