Model: GRU
MSE: 14.870676653564791
MAE: 3.5810551150091765
EVS: 0.7643789663112258
