Model: GRU
MSE: 7.849609397607093
MAE: 2.4782500513668717
EVS: 0.790760860509251
