Model: GRU
MSE: 3.328958432914725
MAE: 1.3378271809939681
EVS: 0.8180453821567103
