Model: GRU
MSE: 7.766240779778736
MAE: 2.4747460299524766
EVS: 0.7800427941630197
