Model: GRU
MSE: 1172.035564386741
MAE: 33.98147984208732
EVS: 0.05179510209989391
