Model: GRU
MSE: 15.271493502735892
MAE: 3.6014943287290375
EVS: 0.7689604646377366
