Model: GRU
MSE: 14.74852828502773
MAE: 3.57636991862593
EVS: 0.7679405147276603
