Model: GRU
MSE: 329.4267494789436
MAE: 17.592461602441197
EVS: -0.09280761513954006
