Model: GRU
MSE: 7.48476153999594
MAE: 2.421341600089238
EVS: 0.7802652833752942
