Model: GRU
MSE: 1855.9982877655698
MAE: 42.89467255728585
EVS: 0.10064819154312976
