Model: GRU
MSE: 5.496409058824747
MAE: 1.9349033668123443
EVS: 0.7925675316404156
