Model: GRU
MSE: 3.6625344809016465
MAE: 1.3458448278492894
EVS: 0.7993982712030636
