Model: GRU
MSE: 147.1124214450319
MAE: 11.361386159370685
EVS: 0.011402438095467371
