Model: GRU
MSE: 5.414156842104239
MAE: 1.8886011304526493
EVS: 0.7792124878577503
