Model: GRU
MSE: 6.104934875760493
MAE: 2.0905089131717025
EVS: 0.8077618177212504
