Model: GRU
MSE: 5.86245210925774
MAE: 2.063932311945948
EVS: 0.8014867217740322
