Model: GRU
MSE: 6.890317797792892
MAE: 2.2697861441250504
EVS: 0.7981728601757482
