Model: GRU
MSE: 5.507579669965283
MAE: 1.9272636873968716
EVS: 0.7745702861800206
