Model: GRU
MSE: 5.3089257292163605
MAE: 1.8902052682021568
EVS: 0.7810906448103105
