Model: GRU
MSE: 4.458403758316852
MAE: 1.750798644690678
EVS: 0.8327486345672483
