Model: GRU
MSE: 3.975018703035442
MAE: 1.5475666276339828
EVS: 0.801400660947378
