Model: GRU
MSE: 5.221303981964791
MAE: 1.8745221845034896
EVS: 0.7990122175133941
