Model: GRU
MSE: 60.8532917174529
MAE: 6.958092853940767
EVS: -2.220446049250313e-16
