Model: GRU
MSE: 7.867328936191989
MAE: 2.4815267365554283
EVS: 0.7705321297605578
