Model: GRU
MSE: 8.766785977203822
MAE: 2.601334629387691
EVS: 0.7831916029402501
