Model: GRU
MSE: 6.5315661687782685
MAE: 2.043988038753641
EVS: 0.7439354185368512
