Model: GRU
MSE: 4.343723845330115
MAE: 1.5785312570374588
EVS: 0.7911394619917883
