Model: GRU
MSE: 7.479455419043053
MAE: 2.4526912919406234
EVS: 0.7967999370839829
