Model: GRU
MSE: 72.75531049543284
MAE: 7.695641550524481
EVS: -2.220446049250313e-16
