Model: GRU
MSE: 5.881585437154802
MAE: 2.024443453755872
EVS: 0.799691438460575
