Model: GRU
MSE: 7.363416827485315
MAE: 2.3468352186268775
EVS: 0.7834384195856459
