Model: GRU
MSE: 106.24550737460338
MAE: 9.41027651161983
EVS: 0.029995402845940045
