Model: GRU
MSE: 8.247247360755198
MAE: 2.5419128352198106
EVS: 0.7884139470254481
