Model: GRU
MSE: 51.10074209293506
MAE: 6.318158083948596
EVS: -2.220446049250313e-16
