Model: GRU
MSE: 10.327885802668632
MAE: 2.874351271267595
EVS: 0.7862315914038991
