Model: GRU
MSE: 5.879822986679222
MAE: 2.0321314417082688
EVS: 0.7782749384887677
