Model: GRU
MSE: 4.44744343392756
MAE: 1.6253143096792286
EVS: 0.7887374642635185
