Model: GRU
MSE: 12.385298105394268
MAE: 3.2253483246112693
EVS: 0.7793022808410092
