Model: GRU
MSE: 3.180466090381585
MAE: 1.2791053015610268
EVS: 0.8257290533976237
