Model: GRU
MSE: 59.78328107256289
MAE: 6.895049818630876
EVS: 0.016488159216215936
