Model: GRU
MSE: 56.065724958103196
MAE: 6.714497105828647
EVS: 0.0933170146831167
