Model: GRU
MSE: 8.443868167784084
MAE: 2.6174437506445525
EVS: 0.7814507074147693
