Model: GRU
MSE: 10.099958077360608
MAE: 2.859557086023791
EVS: 0.8055397829667487
