Model: GRU
MSE: 3.78559224390305
MAE: 1.3364540132982978
EVS: 0.7925571711792995
