Model: GRU
MSE: 1580.5241018440224
MAE: 39.52277255880421
EVS: -0.012898119706964195
