Model: GRU
MSE: 3.590596659238462
MAE: 1.3330475626320675
EVS: 0.8040592208756405
