Model: GRU
MSE: 4.18309214711112
MAE: 1.4895788143421043
EVS: 0.8006307354095897
