Model: GRU
MSE: 28.9941021632474
MAE: 4.715388955741093
EVS: -0.018893690504414584
