Model: GRU
MSE: 8.165003896389383
MAE: 2.5628734292655158
EVS: 0.8022835154338512
