Model: GRU
MSE: 14.41050045776556
MAE: 3.440222164680218
EVS: 0.7479599943252533
