Model: GRU
MSE: 4837.035432357534
MAE: 69.39756807787666
EVS: -0.1520715715437324
