Model: GRU
MSE: 10.784253031876531
MAE: 2.9091693779517867
EVS: 0.7852835664697742
