Model: GRU
MSE: 8.725134404724583
MAE: 2.6633753201057173
EVS: 0.7920660531528478
