Model: GRU
MSE: 185.5694108843012
MAE: 13.023094563648618
EVS: 0.12450476586880832
