Model: GRU
MSE: 4.799591183954052
MAE: 1.7870671420261777
EVS: 0.7939849171908808
