Model: GRU
MSE: 4.056285042472287
MAE: 1.5814184484810665
EVS: 0.8032264730322694
