Model: GRU
MSE: 13.072670427238943
MAE: 3.3309874287967025
EVS: 0.7855887796573128
