Model: GRU
MSE: 3.3594744561210663
MAE: 1.2785856271612233
EVS: 0.8414286112254638
