Model: GRU
MSE: 12.052875660674339
MAE: 3.1055235533878722
EVS: 0.7600971361749509
