Model: GRU
MSE: 41.81183867388076
MAE: 5.644480573719945
EVS: 0.09168228588910587
