Model: GRU
MSE: 9.821979251905038
MAE: 2.777312870683341
EVS: 0.7376735405135892
