Model: GRU
MSE: 34.42524989897682
MAE: 5.143194001296471
EVS: 0.0
