Model: GRU
MSE: 6.5038318043276915
MAE: 2.1836555004119873
EVS: 0.7806642678880922
