Model: GRU
MSE: 13.324010081940054
MAE: 3.375722811139863
EVS: 0.777096172116549
