Model: GRU
MSE: 7.301001878443202
MAE: 2.3872492148958404
EVS: 0.7948664894888512
