Model: GRU
MSE: 13.932636393838056
MAE: 3.4556181595243256
EVS: 0.780215796286673
