Model: GRU
MSE: 5.873262296891648
MAE: 1.9766248916757518
EVS: 0.7778349981688499
