Model: GRU
MSE: 1015.9488671853208
MAE: 31.580557592983904
EVS: -0.020721786436850742
