Model: GRU
MSE: 12.331874065825355
MAE: 3.2153188935641586
EVS: 0.7969169634871741
