Model: GRU
MSE: 4.021375484663312
MAE: 1.3867706512582714
EVS: 0.7815305288120687
