Model: GRU
MSE: 11.44611614353166
MAE: 3.11074396659588
EVS: 0.8041838035015991
