Model: GRU
MSE: 3.9890399439225566
MAE: 1.4248927708329826
EVS: 0.7851183923472475
