Model: GRU
MSE: 10.849680715335172
MAE: 3.0094446478218866
EVS: 0.7486743923769348
