Model: GRU
MSE: 50.76108820740526
MAE: 6.291398969189874
EVS: 0.002220551575551788
