Model: GRU
MSE: 6.329134890736092
MAE: 2.1998011572607634
EVS: 0.800760969294098
