Model: GRU
MSE: 35.40718739642751
MAE: 5.237117783776645
EVS: 0.08705139220914104
