Model: GRU
MSE: 3.6619313403697804
MAE: 1.3674806150896797
EVS: 0.7999492950596553
