Model: GRU
MSE: 6.865379156267722
MAE: 2.2030474728551406
EVS: 0.7615377490947782
