Model: GRU
MSE: 4.385356675531143
MAE: 1.6890144019291318
EVS: 0.8068175455766208
