Model: GRU
MSE: 3.784249185982718
MAE: 1.411090275336956
EVS: 0.7950488914193106
