Model: GRU
MSE: 4.158408547210479
MAE: 1.525245271880051
EVS: 0.7916242649895762
