Model: GRU
MSE: 8.195505112971032
MAE: 2.5124408458841256
EVS: 0.7844997041240879
