Model: GRU
MSE: 7.148545000464212
MAE: 2.2369038072125664
EVS: 0.7804223722308438
