Model: GRU
MSE: 31.315767604180785
MAE: 4.948816184339853
EVS: 0.3105427020469679
