Model: GRU
MSE: 6.232895130475978
MAE: 2.157707847397903
EVS: 0.8077052045741804
