Model: GRU
MSE: 9.119222135665057
MAE: 2.6294040515505035
EVS: 0.6897287146494253
