Model: GRU
MSE: 7.201195281809226
MAE: 2.328073370045629
EVS: 0.803837149611196
