Model: GRU
MSE: 5.854212826880021
MAE: 1.9571773759249984
EVS: 0.780787398466084
