Model: GRU
MSE: 14.20519845009337
MAE: 3.5223574145086882
EVS: 0.8009180489902401
