Model: GRU
MSE: 18.687832441716118
MAE: 4.053581106251683
EVS: 0.757839382608375
