Model: GRU
MSE: 6.444653071806966
MAE: 2.1650462315000336
EVS: 0.7918167430526544
