Model: GRU
MSE: 7.884070623183561
MAE: 2.457693412386138
EVS: 0.7912799850064656
