Model: GRU
MSE: 16.892774007785473
MAE: 3.7927911692652208
EVS: 0.7646538426596567
