Model: GRU
MSE: 9.378482766441179
MAE: 2.7843477643769363
EVS: 0.8000979357459244
