Model: GRU
MSE: 11.938445233443145
MAE: 3.1381389272624047
EVS: 0.7588800817169432
