Model: GRU
MSE: 5.325471333176531
MAE: 1.917639419950288
EVS: 0.8026016344792527
