Model: GRU
MSE: 6.901902345507332
MAE: 2.3052483262686896
EVS: 0.7837110134151319
