Model: GRU
MSE: 4.296913937045054
MAE: 1.5759335304128712
EVS: 0.7735782694618055
