Model: GRU
MSE: 6.139530196215583
MAE: 2.0680565957365364
EVS: 0.7927947643573061
