Model: GRU
MSE: 14.404985210860858
MAE: 3.530243939366834
EVS: 0.7805451571826986
