Model: GRU
MSE: 7.906092683426722
MAE: 2.5751437483162714
EVS: 0.7904321697694942
