Model: GRU
MSE: 11.33083448753132
MAE: 2.9797215626157563
EVS: 0.7447567286799157
