Model: GRU
MSE: 25.352740592556906
MAE: 4.408363884892957
EVS: -0.055120022461231155
