Model: GRU
MSE: 17.181528035746464
MAE: 3.8564461428543617
EVS: 0.792123361175862
