Model: GRU
MSE: 79.03957873100615
MAE: 8.239596481980948
EVS: 0.2501305136119004
