Model: GRU
MSE: 11.240786669640595
MAE: 3.111443716904213
EVS: 0.806800854467114
