Model: GRU
MSE: 149.1705626605309
MAE: 11.316111137127054
EVS: -0.15773046017748427
