Model: GRU
MSE: 4.559009866825734
MAE: 1.4741077525275095
EVS: 0.7478651613750273
