Model: GRU
MSE: 5.389201841740192
MAE: 1.9059913651696567
EVS: 0.7695630607381334
