Model: GRU
MSE: 4.407687399095589
MAE: 1.6734855627191478
EVS: 0.7860681724063402
