Model: GRU
MSE: 5.462288448361509
MAE: 1.8860545528346095
EVS: 0.7995786453857767
