Model: GRU
MSE: 5.143860737698763
MAE: 1.7133341739917625
EVS: 0.754250266738313
