Model: GRU
MSE: 4.729552389551231
MAE: 1.6855119918954784
EVS: 0.7760635544069708
