Model: GRU
MSE: 3957.349038950047
MAE: 62.67172918648556
EVS: -0.6230558318985693
