Model: GRU
MSE: 21.053423606929755
MAE: 4.302113204166807
EVS: 0.7751125316246648
