Model: GRU
MSE: 37.21013562173131
MAE: 5.384277409520642
EVS: 0.08509816653784619
