Model: GRU
MSE: 773.0782111791399
MAE: 27.442015615002862
EVS: -0.09730043703775482
