Model: GRU
MSE: 4.596680562746525
MAE: 1.6138479627411941
EVS: 0.7907903135765422
