Model: GRU
MSE: 9.25906026187046
MAE: 2.741954401561192
EVS: 0.774027968738439
