Model: GRU
MSE: 10.663399731130731
MAE: 3.026156417254744
EVS: 0.7348187809268065
