Model: GRU
MSE: 7.405594963038573
MAE: 2.362649909381209
EVS: 0.8103050427008417
