Model: GRU
MSE: 15.497029994857382
MAE: 3.611030397744014
EVS: 0.7465773306628489
