Model: GRU
MSE: 111.31681309771962
MAE: 9.598101784443033
EVS: -0.05230227365181994
