Model: GRU
MSE: 15.19301251477649
MAE: 3.617702295040262
EVS: 0.7477798378844014
