Model: GRU
MSE: 6.590803326728224
MAE: 2.194972852180744
EVS: 0.7815206721657165
