Model: GRU
MSE: 4.806884676338305
MAE: 1.7249880659169163
EVS: 0.7917654327137208
