Model: GRU
MSE: 612.252074389669
MAE: 24.331329115505877
EVS: -0.10960944651472393
