Model: GRU
MSE: 6.582862146997662
MAE: 2.193537449014598
EVS: 0.7946402423931253
