Model: GRU
MSE: 1707.2792764983697
MAE: 40.81545076699093
EVS: -1.2686319481840287
