Model: GRU
MSE: 3.3562499632636293
MAE: 1.3838892969591865
EVS: 0.8206250967331883
