Model: GRU
MSE: 8.651480601543648
MAE: 2.6021063821069124
EVS: 0.822452036361599
