Model: GRU
MSE: 4.954026988054829
MAE: 1.7031587321182777
EVS: 0.7596015477170226
