Model: GRU
MSE: 5.562692865159799
MAE: 2.014487019900618
EVS: 0.8042849296373236
