Model: GRU
MSE: 140.6695429278914
MAE: 11.04244549932151
EVS: -0.02711956654615011
