Model: GRU
MSE: 10.04717210008042
MAE: 2.8049075027991988
EVS: 0.7459319949334864
