Model: GRU
MSE: 7.84118208499235
MAE: 2.5050460716773726
EVS: 0.7946847047964329
