Model: GRU
MSE: 6.032438026763432
MAE: 2.065616566559364
EVS: 0.782866920170013
