Model: GRU
MSE: 188.98078309185206
MAE: 13.111904016856489
EVS: 0.06472520380043467
