Model: GRU
MSE: 3.89564772705737
MAE: 1.4857631387381718
EVS: 0.7963108178813294
