Model: GRU
MSE: 120.50936959920476
MAE: 10.04493409600751
EVS: -0.07507800561991673
