Model: GRU
MSE: 5.9148384225760955
MAE: 2.022569343961518
EVS: 0.7917579867098148
