Model: GRU
MSE: 3.8503599551055263
MAE: 1.4753791381572854
EVS: 0.8082114128977136
