Model: GRU
MSE: 6.073070380644625
MAE: 2.1840100288391113
EVS: 0.8017051420694679
