Model: GRU
MSE: 10.63416065424401
MAE: 2.9425887486030318
EVS: 0.7792083915534764
