Model: GRU
MSE: 3.8443358800462444
MAE: 1.3758647688503922
EVS: 0.7983569928147995
