Model: GRU
MSE: 125.94298817625942
MAE: 10.305555510109869
EVS: -0.082196985473167
