Model: GRU
MSE: 5.530381789363321
MAE: 1.7098741860225284
EVS: 0.7930563974116634
