Model: GRU
MSE: 6.3702233201381535
MAE: 2.1433129721674424
EVS: 0.7985528759743049
