Model: GRU
MSE: 4.392507832105672
MAE: 1.4659616947174072
EVS: 0.7803446017177218
