Model: GRU
MSE: 13.612485134505937
MAE: 3.2508916032725366
EVS: 0.725661940794535
