Model: GRU
MSE: 5.0365650528156305
MAE: 1.8220674662754452
EVS: 0.7889658541595732
