Model: GRU
MSE: 6.254951895208121
MAE: 2.070220527977779
EVS: 0.7843357435759114
