Model: GRU
MSE: 11.46755905667445
MAE: 3.135748945433518
EVS: 0.7601579823148034
