Model: GRU
MSE: 10.559387005466721
MAE: 2.986745258857464
EVS: 0.783588663891507
