Model: GRU
MSE: 6.52288604770761
MAE: 2.181995786469558
EVS: 0.7998887883643144
