Model: GRU
MSE: 13.696242178400427
MAE: 3.4649405315004547
EVS: 0.8288149455307322
