Model: GRU
MSE: 5.125370903239258
MAE: 1.890036599389438
EVS: 0.8108694154087226
