Model: GRU
MSE: 4.759956675376218
MAE: 1.7195022435023868
EVS: 0.7970574743660297
