Model: GRU
MSE: 30.81827306360705
MAE: 4.886741391543684
EVS: 0.24383037050681777
