Model: GRU
MSE: 11.337170037396017
MAE: 3.1065924332059662
EVS: 0.799729967801362
