Model: GRU
MSE: 117.36224500114471
MAE: 9.857950868277713
EVS: -0.10656940728421316
