Model: GRU
MSE: 20.505238012793402
MAE: 4.25434424137247
EVS: 0.7688783506458313
