Model: GRU
MSE: 6.263223991594886
MAE: 2.1709906767154563
EVS: 0.7988666457286316
