Model: GRU
MSE: 11.641994657753987
MAE: 3.066836562649957
EVS: 0.7625966277294165
