Model: GRU
MSE: 130.5833081284227
MAE: 10.550318035586127
EVS: -0.05673458465438497
