Model: GRU
MSE: 19.700648640851217
MAE: 4.210949453814276
EVS: 0.7837306717416753
