Model: GRU
MSE: 3.800805377749964
MAE: 1.4742672936669712
EVS: 0.8055561399327861
