Model: GRU
MSE: 5.029818632207028
MAE: 1.7835084076585441
EVS: 0.7873393952785485
