Model: GRU
MSE: 13.843708081928138
MAE: 3.387228431372807
EVS: 0.7730654489431368
