Model: GRU
MSE: 27.17546522177648
MAE: 3.8825284530376565
EVS: -0.4059421045428717
