Model: GRU
MSE: 7.801510463482095
MAE: 2.1915536173458756
EVS: 0.6048962084666061
