Model: GRU
MSE: 8.776039726516379
MAE: 2.6429135470554748
EVS: 0.7831243000542736
