Model: GRU
MSE: 3348.733874479112
MAE: 57.69317284945784
EVS: -0.10923570292313256
