Model: GRU
MSE: 9.78016194793692
MAE: 2.8182159456713447
EVS: 0.7942567808800517
