Model: GRU
MSE: 6.129328046463134
MAE: 2.075721469418756
EVS: 0.7983777436447218
