Model: GRU
MSE: 3.970781543241575
MAE: 1.43661433252795
EVS: 0.78423503290218
