Model: GRU
MSE: 28.881210516446448
MAE: 4.671992811663397
EVS: 0.17746781986182247
