Model: GRU
MSE: 15.147613327954819
MAE: 3.6290913614733467
EVS: 0.7857466869552514
