Model: GRU
MSE: 7.131367901641456
MAE: 2.3478225592909188
EVS: 0.7736060649067241
