Model: GRU
MSE: 2542.4436223098933
MAE: 50.24146020823512
EVS: 0.0
