Model: GRU
MSE: 5.124189732551281
MAE: 1.7589630422921017
EVS: 0.7609948438743837
