Model: GRU
MSE: 5.133833580937236
MAE: 1.896930538374802
EVS: 0.8166486636055839
