Model: GRU
MSE: 7.696679507820677
MAE: 2.4647634604881548
EVS: 0.7721782903526755
