Model: GRU
MSE: 119.42706769416127
MAE: 10.016286161439172
EVS: -0.04724857012813333
