Model: GRU
MSE: 4.102569783583723
MAE: 1.6132176908953437
EVS: 0.8182941404308439
