Model: GRU
MSE: 7.718016690032527
MAE: 2.328229542436271
EVS: 0.7380140450744657
