Model: GRU
MSE: 130.85852320653913
MAE: 10.665882077710382
EVS: 0.06260195512296773
