Model: GRU
MSE: 44.09131811717898
MAE: 5.894317988691659
EVS: 0.10825708052540561
