Model: GRU
MSE: 4.357895274522903
MAE: 1.462449758393424
EVS: 0.7820078835584993
