Model: GRU
MSE: 134.1400434022939
MAE: 10.652494876549161
EVS: -0.1329600400614841
