Model: GRU
MSE: 661.5973903768788
MAE: 25.173762025504278
EVS: -0.5285179926262762
