Model: GRU
MSE: 3.3356401132027007
MAE: 1.3603493160214917
EVS: 0.8222281943478992
