Model: GRU
MSE: 8.073764823530949
MAE: 2.5105810576471788
EVS: 0.8078974505250907
