Model: GRU
MSE: 8.782615993016638
MAE: 2.6536463293535957
EVS: 0.7730933030267597
