Model: GRU
MSE: 10.945425321094216
MAE: 3.0446005031980317
EVS: 0.7788987329013034
