Model: GRU
MSE: 6.325709214977893
MAE: 2.0488295801754655
EVS: 0.7932091328109923
