Model: GRU
MSE: 12.537391000609265
MAE: 3.2358054128186455
EVS: 0.7189453384047557
