Model: GRU
MSE: 4.169607210266275
MAE: 1.534081664578668
EVS: 0.7895916289982168
