Model: GRU
MSE: 46.76287267796202
MAE: 6.015380793604358
EVS: -0.003017153153711094
