Model: GRU
MSE: 25.54916783606329
MAE: 4.467013326184503
EVS: 0.08428620884208904
