Model: GRU
MSE: 5.260613716996211
MAE: 1.874391111834296
EVS: 0.7849986508755744
