Model: GRU
MSE: 19.251330130914727
MAE: 4.094404812516837
EVS: 0.7437195095986875
