Model: GRU
MSE: 9.62994264000609
MAE: 2.8689985850761675
EVS: 0.7660458025125251
