Model: GRU
MSE: 5.8289183460865415
MAE: 1.9830571454146813
EVS: 0.7665025135788668
