Model: GRU
MSE: 4.446294651684796
MAE: 1.5199530607667462
EVS: 0.7635308592885943
