Model: GRU
MSE: 5.955563574628369
MAE: 2.0855883318802406
EVS: 0.7885947625536565
