Model: GRU
MSE: 11.295497177294932
MAE: 3.0793285616512955
EVS: 0.7775987101816305
