Model: GRU
MSE: 16.774288705203535
MAE: 3.754594959061721
EVS: 0.7321328001210317
