Model: GRU
MSE: 12.470921012277152
MAE: 3.2262489055765085
EVS: 0.784218025872863
