Model: GRU
MSE: 6.602320807202369
MAE: 2.200409297285409
EVS: 0.7912193834729273
