Model: GRU
MSE: 4.149476337412791
MAE: 1.5483474895871918
EVS: 0.7829044376002414
