Model: GRU
MSE: 5.3799051273866185
MAE: 1.9100509018733585
EVS: 0.809333155005056
