Model: GRU
MSE: 5.6703806623867505
MAE: 1.8829144979345387
EVS: 0.7521836874335668
