Model: GRU
MSE: 6.043088223276832
MAE: 2.080378877705541
EVS: 0.7896644339052366
