Model: GRU
MSE: 11.646267838788479
MAE: 3.023247924344293
EVS: 0.7315693101815013
