Model: GRU
MSE: 4.302175549436838
MAE: 1.5616770283929233
EVS: 0.7802309723328669
