Model: GRU
MSE: 3836.3604186305483
MAE: 61.775353135733766
EVS: -0.1056435989877409
