Model: GRU
MSE: 7.7215337620778755
MAE: 2.4070495408156822
EVS: 0.7509248625949082
