Model: GRU
MSE: 1181.4821361106467
MAE: 33.89307008940598
EVS: -0.7951313263193429
