Model: GRU
MSE: 18.814934025031764
MAE: 4.063943731373754
EVS: 0.7548292758136059
