Model: GRU
MSE: 4.658752556876011
MAE: 1.6723875999450684
EVS: 0.7824985556094541
