Model: GRU
MSE: 7.6351964914655275
MAE: 2.4945075347505767
EVS: 0.8060858595581997
