Model: GRU
MSE: 5.885685340292368
MAE: 1.774499145047418
EVS: 0.7311260620189093
