Model: GRU
MSE: 12.461513079457573
MAE: 3.2460864494586814
EVS: 0.7628226783261964
