Model: GRU
MSE: 5.081797285401182
MAE: 1.8484595890702873
EVS: 0.786219856776232
