Model: GRU
MSE: 5.597799065741473
MAE: 1.8658022058421169
EVS: 0.7200103751937321
