Model: GRU
MSE: 147.21935121561597
MAE: 11.301465009820872
EVS: -0.06891391115421053
