Model: GRU
MSE: 5.865822156773478
MAE: 2.080800040014859
EVS: 0.766157810876318
