Model: GRU
MSE: 6.381265619758928
MAE: 2.114974548076761
EVS: 0.7802069978634614
