Model: GRU
MSE: 12.304790930866863
MAE: 3.242363724215277
EVS: 0.8080221858322835
