Model: GRU
MSE: 3.559636971282289
MAE: 1.4406405276265637
EVS: 0.8054219540453896
