Model: GRU
MSE: 3.370559438810128
MAE: 1.3293466773526421
EVS: 0.8158109397449296
