Model: GRU
MSE: 5.616950568787238
MAE: 1.9957724275260136
EVS: 0.7813330810323588
