Model: GRU
MSE: 13.284639356314417
MAE: 3.3550973102964203
EVS: 0.7719833830846866
