Model: GRU
MSE: 61.18753326488099
MAE: 6.980119442117625
EVS: -2.220446049250313e-16
