Model: GRU
MSE: 10.189351427671493
MAE: 2.7994785473264496
EVS: 0.7519471043186424
