Model: GRU
MSE: 14.869974839188457
MAE: 3.5567429558984163
EVS: 0.7642753860187594
