Model: GRU
MSE: 5.770843725082441
MAE: 1.9737966471704944
EVS: 0.7707729913283529
