Model: GRU
MSE: 3.962314121190269
MAE: 1.429571768333172
EVS: 0.7850716704949798
