Model: GRU
MSE: 6.036662302836757
MAE: 2.096130979472193
EVS: 0.7926888445237821
