Model: GRU
MSE: 16.527782877608107
MAE: 3.8012425159585885
EVS: 0.7884162122968119
