Model: GRU
MSE: 3.8688130873875313
MAE: 1.340661094106477
EVS: 0.7879902651025424
