Model: GRU
MSE: 4.805322021424177
MAE: 1.7317793615933121
EVS: 0.8083146103978938
