Model: GRU
MSE: 10.734105040040145
MAE: 2.950370500827658
EVS: 0.7785720848344946
