Model: GRU
MSE: 6.2788459580772145
MAE: 1.8366359513381432
EVS: 0.6907604501100503
