Model: GRU
MSE: 9.24578086839999
MAE: 2.7581339869005927
EVS: 0.8290045436430163
