Model: GRU
MSE: 50.45134058562931
MAE: 6.273010812956711
EVS: -2.220446049250313e-16
