Model: GRU
MSE: 6.317405862905635
MAE: 2.0857044828349145
EVS: 0.7792303398602838
