Model: GRU
MSE: 4.783692310645853
MAE: 1.7086063911174905
EVS: 0.7691973905235934
