Model: GRU
MSE: 3.7885286629709283
MAE: 1.4570829457250134
EVS: 0.7931454430687985
