Model: GRU
MSE: 8.146742496614358
MAE: 2.4501779408290467
EVS: 0.774353010878053
