Model: GRU
MSE: 166.91296625437857
MAE: 12.18539047241211
EVS: -0.010413055934267224
