Model: GRU
MSE: 4.384006006715019
MAE: 1.616090441572255
EVS: 0.7863422368323325
