Model: GRU
MSE: 3.8113764865136135
MAE: 1.4172283328812698
EVS: 0.7919094448489241
