Model: GRU
MSE: 27.000064292210716
MAE: 4.391495967733449
EVS: 0.466819310629344
