Model: GRU
MSE: 4187.152611823682
MAE: 64.09143818446569
EVS: -1.2141521241008957
