Model: GRU
MSE: 13.853849704297994
MAE: 3.028410890698433
EVS: -2.3446979867122284
