Model: GRU
MSE: 3902.8949836468864
MAE: 62.12121315002442
EVS: -0.22218104274641237
