Model: GRU
MSE: 16.83080822085656
MAE: 3.1878558840070452
EVS: 0.6299872552424204
