Model: GRU
MSE: 15.987947206346975
MAE: 3.122031170981271
EVS: 0.6145431114663293
