Model: GRU
MSE: 15.567751550967575
MAE: 3.066308239528111
EVS: 0.6374202497349933
