Model: GRU
MSE: 3333.969994210214
MAE: 57.65327889578683
EVS: 0.11258648926814707
