Model: GRU
MSE: 10.044511399572364
MAE: 2.528235611368398
EVS: 0.48780414309838793
