Model: GRU
MSE: 16.04808832182928
MAE: 3.102888764653887
EVS: 0.6304114719289946
