Model: GRU
MSE: 21.452775584038395
MAE: 3.793133565357753
EVS: 0.5519874055526247
