Model: GRU
MSE: 12.629190354813773
MAE: 2.918175765446254
EVS: 0.31584810930411167
