Model: GRU
MSE: 1624.3600385561392
MAE: 39.94733994801839
EVS: -0.5015146305921994
