Model: GRU
MSE: 17.078904612081207
MAE: 3.2468259130205426
EVS: 0.5746816884676149
