Model: GRU
MSE: 12.616583770547
MAE: 2.8278226415316263
EVS: 0.364915586259386
