Model: GRU
MSE: 11.131101760982704
MAE: 2.7153872762407576
EVS: 0.40544316258763335
