Model: GRU
MSE: 16.13941874324435
MAE: 3.343332275748253
EVS: 0.16480881099699474
