Model: GRU
MSE: 10.307737816397669
MAE: 2.548511795202891
EVS: 0.48684357190689764
