Model: GRU
MSE: 15.093990897180506
MAE: 3.0187443596976142
EVS: 0.6093456535499195
