Model: GRU
MSE: 13.724291545255015
MAE: 2.5621311323983327
EVS: 0.6180904552905137
