Model: GRU
MSE: 14.508203052436766
MAE: 2.9586974109922135
EVS: 0.6198948988960176
