Model: GRU
MSE: 13.749022138133142
MAE: 2.70902111189706
EVS: 0.6170839565723667
