Model: GRU
MSE: 28.378711195923845
MAE: 4.345365335201395
EVS: 0.4622097438462114
