Model: GRU
MSE: 16.35103276464473
MAE: 3.176464455468314
EVS: 0.5568003396878825
