Model: GRU
MSE: 9.46276731554237
MAE: 2.428607738624185
EVS: 0.47153693086758497
