Model: GRU
MSE: 366.9271377536583
MAE: 18.630509063845775
EVS: -0.043028139807164356
