Model: GRU
MSE: 864.0593699772065
MAE: 28.868911425272625
EVS: 0.007885223479380032
