Model: GRU
MSE: 14.892782189743365
MAE: 3.1156245007806893
EVS: 0.21329370820690785
