Model: GRU
MSE: 326.21544029038273
MAE: 16.882938459941318
EVS: -0.1478178159556296
