Model: GRU
MSE: 17.129884033712248
MAE: 3.2730153719584147
EVS: 0.06210937504599734
