Model: GRU
MSE: 0.10943557742575649
MAE: 0.3304443359375
EVS: 0.9990315269096754
