Model: GRU
MSE: 12.13323920959496
MAE: 2.7633143966480835
EVS: 0.48798354473310235
