Model: GRU
MSE: 13.72197370765104
MAE: 2.760467178480966
EVS: 0.6198590774918481
