Model: GRU
MSE: 17.269872659365387
MAE: 3.268368342944554
EVS: 0.6313329928211686
