Model: GRU
MSE: 276.2952547768186
MAE: 16.004188634911362
EVS: -0.09280845667548321
