Model: GRU
MSE: 14.591148671823841
MAE: 3.2699555961453184
EVS: 0.3193622687554005
