Model: GRU
MSE: 13.243813980370957
MAE: 2.794060489079755
EVS: 0.6628099288982665
