Model: GRU
MSE: 12.430687271162867
MAE: 2.5411618126995243
EVS: 0.6868436939629011
