Model: GRU
MSE: 9.277684778638058
MAE: 2.353577114281983
EVS: 0.760564645638895
