Model: GRU
MSE: 14.506478828704681
MAE: 2.903493938728785
EVS: 0.6536353049258046
