Model: GRU
MSE: 2.5466757949940475
MAE: 1.2106942111740306
EVS: 0.9438765875834534
