Model: GRU
MSE: 12.655452394535843
MAE: 2.802623465317468
EVS: 0.682197412201671
