Model: GRU
MSE: 3299.3380489003753
MAE: 57.11101804460798
EVS: -0.07003070917445897
