Model: GRU
MSE: 39.51245719471451
MAE: 5.105335414025092
EVS: 0.1030304851185555
