Model: GRU
MSE: 8.077340195830198
MAE: 2.077131923416565
EVS: 0.78982582000575
