Model: GRU
MSE: 968.8396880036853
MAE: 30.352491779487675
EVS: -0.011522831641925135
