Model: GRU
MSE: 14.286402446083116
MAE: 2.965906913321594
EVS: 0.6840618293751375
