Model: GRU
MSE: 14.115222597765055
MAE: 2.8338225720315005
EVS: 0.6685878255250782
