Model: GRU
MSE: 8.645780542460557
MAE: 2.2424885405548687
EVS: 0.7960386562439239
