Model: GRU
MSE: 240.775983152079
MAE: 14.076565560801276
EVS: -0.11028091658253492
