Model: GRU
MSE: 1451.0977051846903
MAE: 37.05964253580989
EVS: -1.006862292063865
