Model: GRU
MSE: 14.082886167646809
MAE: 2.9858213814048025
EVS: 0.6774704698952736
