Model: GRU
MSE: 0.5436439991111399
MAE: 0.547266502110731
EVS: 0.9860487973673661
