Model: GRU
MSE: 10.76982049411261
MAE: 2.388432283134296
EVS: 0.7223170514002482
