Model: GRU
MSE: 304.24630848100577
MAE: 16.232296567493016
EVS: -0.05848942078164132
