Model: GRU
MSE: 14.208323824256224
MAE: 3.452616262435913
EVS: 0.49716385817025155
