Model: GRU
MSE: 20.973460477795648
MAE: 3.9544824094188455
EVS: 0.21886548946990503
