Model: GRU
MSE: 5.885581785540075
MAE: 1.54668955717768
EVS: 0.8262873561835593
