Model: GRU
MSE: 6.6950408972592275
MAE: 1.8538965140070234
EVS: 0.8330321753914065
