Model: GRU
MSE: 6.855921381051827
MAE: 1.8345203097377505
EVS: 0.8244695974298502
