Model: GRU
MSE: 6.152685363505052
MAE: 1.6037780795778547
EVS: 0.8322051142443708
