Model: GRU
MSE: 5.88531096279561
MAE: 1.5806883565017156
EVS: 0.8260206614737602
