Model: GRU
MSE: 1818.437595768076
MAE: 42.21758499145508
EVS: -0.07088588764883696
