Model: GRU
MSE: 4.47081488476991
MAE: 1.6919283231099447
EVS: 0.349300216594689
