Model: GRU
MSE: 984.318730114087
MAE: 31.156074971568827
EVS: -0.9936677850394466
