Model: GRU
MSE: 5.8541950627813515
MAE: 1.5420692435332708
EVS: 0.8283111377140603
