Model: GRU
MSE: 7.230135034809386
MAE: 1.9925903115953718
EVS: 0.7940502177643678
