Model: GRU
MSE: 6.745202246211014
MAE: 1.998868751525879
EVS: 0.8347598443056974
