Model: GRU
MSE: 5.773719419812724
MAE: 1.6960592235837664
EVS: 0.8405676542281799
