Model: GRU
MSE: 1436.5859093895124
MAE: 37.75601971944173
EVS: -2.0053536167661288
