Model: GRU
MSE: 19.712037144027235
MAE: 4.153804622712682
EVS: 0.28311563398400463
