Model: GRU
MSE: 3.661392886929284
MAE: 1.5916430586475436
EVS: 0.6694454844237516
