Model: GRU
MSE: 3.2593052447015034
MAE: 1.518681832722255
EVS: -0.0413998603745076
