Model: GRU
MSE: 29.709856479948996
MAE: 5.04570671003692
EVS: 0.37768711199719573
