Model: GRU
MSE: 5.478328646628214
MAE: 1.7028872598494802
EVS: 0.8443844267225903
