Model: GRU
MSE: 0.17156222329484905
MAE: 0.33571189641952515
EVS: 0.5491900904096241
