Model: GRU
MSE: 1369.315595300787
MAE: 36.88494769862441
EVS: -1.7753964899271812
