Model: GRU
MSE: 4.987120419244401
MAE: 1.830559649709928
EVS: 0.44963408370447355
