Model: GRU
MSE: 5.450127335799715
MAE: 1.5689682177134923
EVS: 0.8438471770347454
