Model: GRU
MSE: 15.033271580304373
MAE: 2.711598651162509
EVS: -0.6608446277929367
