Model: GRU
MSE: 14.188729465596305
MAE: 3.3424314657847085
EVS: 0.3808641868383251
