Model: GRU
MSE: 116.61262114166158
MAE: 9.153137390954154
EVS: 0.02639045082337299
