Model: GRU
MSE: 2982.276896778153
MAE: 54.535007009700855
EVS: -0.20195044264061957
