Model: GRU
MSE: 14.864355762802798
MAE: 2.7166768600200784
EVS: -0.5987823646133472
