Model: GRU
MSE: 6.015494700983041
MAE: 1.8892559851918902
EVS: 0.8384898122334968
