Model: GRU
MSE: 6.315956822460535
MAE: 1.8983514666557313
EVS: 0.8337998673100089
