Model: GRU
MSE: 163.85332072223602
MAE: 12.110505604743958
EVS: -0.18056145052893058
