Model: GRU
MSE: 27.681669998194405
MAE: 4.8893500963846845
EVS: 0.45063572500373084
