Model: GRU
MSE: 7.044551167121836
MAE: 2.3190284252166746
EVS: 0.4838796731750167
