Model: GRU
MSE: 7.578211933892274
MAE: 1.9265812167099543
EVS: 0.8277302365902586
