Model: GRU
MSE: 18.46806874565486
MAE: 3.7233626404587103
EVS: 0.32204509189915764
