Model: GRU
MSE: 8.083200434287072
MAE: 2.1831628325004733
EVS: 0.8115514729524318
