Model: GRU
MSE: 3.250056468778696
MAE: 1.2156813735721492
EVS: 0.901588470418729
