Model: GRU
MSE: 5.699722334176084
MAE: 1.6308267474986422
EVS: 0.8180463042652892
