Model: GRU
MSE: 6.204443677123809
MAE: 1.8094045273057975
EVS: 0.8111137646475933
