Model: GRU
MSE: 0.6588540925965497
MAE: 0.5611474939755031
EVS: 0.9725196616420585
