Model: GRU
MSE: 423.03494043744763
MAE: 19.79524640379281
EVS: -0.007996224419956732
