Model: GRU
MSE: 4.733847455288817
MAE: 1.6073006839587771
EVS: 0.854976880363529
