Model: GRU
MSE: 649.1700177746288
MAE: 24.479946499053664
EVS: -0.606012495655935
