Model: GRU
MSE: 5.916736852660364
MAE: 1.5945347349655319
EVS: 0.8124521163039821
