Model: GRU
MSE: 1908.0882434128225
MAE: 43.41040771089751
EVS: 0.23632966112836862
