Model: GRU
MSE: 3.8065340672828016
MAE: 1.328769046633408
EVS: 0.879269070489063
