Model: GRU
MSE: 9.345386699335387
MAE: 2.289292769185428
EVS: 0.7731073472739725
