Model: GRU
MSE: 644.8229761271097
MAE: 24.590992700485955
EVS: -0.2983533801438727
