Model: GRU
MSE: 10.810633503158877
MAE: 2.5326953561375896
EVS: 0.790859774704208
