Model: GRU
MSE: 5.561267211723403
MAE: 1.5725665608314192
EVS: 0.8205032504253698
