Model: GRU
MSE: 135.76322785641392
MAE: 10.534374044055031
EVS: 0.30017327589276455
