Model: GRU
MSE: 1.0807205543827543
MAE: 0.7491484897477289
EVS: 0.9766806572378848
