Model: GRU
MSE: 4.976786432095768
MAE: 1.600486706402795
EVS: 0.8621762329107208
