Model: GRU
MSE: 4.78648073934963
MAE: 1.4926660530394016
EVS: 0.8762913653977447
