Model: GRU
MSE: 7.144924593952353
MAE: 2.0413856037327496
EVS: -0.00405232262971067
