Model: GRU
MSE: 202.06217335229488
MAE: 13.965226147856031
EVS: 0.04543057467667466
