Model: GRU
MSE: 14.581030929063337
MAE: 3.1832598368326823
EVS: -0.09551100265698231
