Model: GRU
MSE: 6.263897679755639
MAE: 2.187744821820941
EVS: 0.17808756137109916
