Model: GRU
MSE: 10.911998793954005
MAE: 2.8182371309825354
EVS: 0.6487815728718632
