Model: GRU
MSE: 163.66606570544428
MAE: 12.521660809294652
EVS: 0.026419580962678157
