Model: GRU
MSE: 17.5686059535218
MAE: 3.5690940545529735
EVS: -0.30506410132377204
