Model: GRU
MSE: 9.22126959906212
MAE: 2.1296583595922436
EVS: -0.0547475607590211
