Model: GRU
MSE: 4772.2074301749
MAE: 68.8646783556257
EVS: -0.6073283747855691
