Model: GRU
MSE: 17.781233913972738
MAE: 3.4593760723970375
EVS: -0.5737672089795594
