Model: GRU
MSE: 19.053422403046703
MAE: 3.809706655041925
EVS: 0.00041422191425855015
