Model: GRU
MSE: 6.966800848945858
MAE: 1.9516557829720633
EVS: 0.633198394900695
