Model: GRU
MSE: 8.476135769547867
MAE: 2.3820753710610525
EVS: 0.6135728111773749
