Model: GRU
MSE: 9.032128132512918
MAE: 2.2524555683135987
EVS: 0.6493276095825047
