Model: GRU
MSE: 8.97507242189254
MAE: 2.5045644419533866
EVS: 0.6287151532627184
