Model: GRU
MSE: 6.616643559134023
MAE: 1.9637096541268484
EVS: 0.652483721907062
