Model: GRU
MSE: 12680.595367126496
MAE: 112.57485739390056
EVS: 0.002267669869794875
