Model: GRU
MSE: 7.544734263970213
MAE: 2.222572612762451
EVS: 0.6478656646115768
