Model: GRU
MSE: 26.92609538037334
MAE: 4.656648063659668
EVS: -0.03407419367284237
