Model: GRU
MSE: 6.365321684166523
MAE: 1.86989301272801
EVS: 0.6574299553628301
