Model: GRU
MSE: 13.349034327368903
MAE: 3.0333606243133544
EVS: 0.02663354829592013
