Model: GRU
MSE: 13.905496400205024
MAE: 2.864155049226722
EVS: -0.5294630301245677
