Model: GRU
MSE: 26.12542831032185
MAE: 4.242963001645845
EVS: 0.41325214167604674
