Model: GRU
MSE: 7.160219672841014
MAE: 2.113390074457441
EVS: 0.6412355381452388
