Model: GRU
MSE: 6.232379811596245
MAE: 1.807281460080828
EVS: 0.6735534700780081
