Model: GRU
MSE: 30.67502668204344
MAE: 5.001947641372681
EVS: -0.060858065561908425
