Model: GRU
MSE: 7.746374035609431
MAE: 2.2596664667129516
EVS: 0.6355226697069853
