Model: GRU
MSE: 11.580514363124621
MAE: 3.310117244720459
EVS: 0.37636181067114194
