Model: GRU
MSE: 2573.503941897555
MAE: 50.65821581981221
EVS: 0.001999955707606915
