Model: GRU
MSE: 9.597432059641067
MAE: 2.5539578097207207
EVS: 0.5936153727536746
