Model: GRU
MSE: 28.569420263297115
MAE: 4.709318316712672
EVS: -0.23703435550251006
