Model: GRU
MSE: 7.165037185234815
MAE: 2.169111738886152
EVS: 0.6609289361321553
