Model: GRU
MSE: 6.9411873168761336
MAE: 1.9874692576272146
EVS: 0.6402610056593186
