Model: GRU
MSE: 1838.778246314013
MAE: 42.650942961374916
EVS: 0.09074301732474643
