Model: GRU
MSE: 34.70299186094453
MAE: 4.669543075561523
EVS: -0.8737437225150333
