Model: GRU
MSE: 6.325370241333684
MAE: 1.8698194469724383
EVS: 0.6609418556390029
