Model: GRU
MSE: 6.422548175112703
MAE: 1.8424828628013874
EVS: 0.6665913817105067
