Model: GRU
MSE: 4.931128326732337
MAE: 1.6706761261512502
EVS: 0.6867371093639838
