Model: GRU
MSE: 2.8700566360053448
MAE: 1.195071976525443
EVS: 0.8271173464368967
