Model: GRU
MSE: 2813.3679522000702
MAE: 52.780134079948304
EVS: -0.650611068191729
