Model: GRU
MSE: 9.268434117288972
MAE: 2.460084755699356
EVS: 0.49022373472795244
