Model: GRU
MSE: 17.46512904381564
MAE: 3.2784714698791504
EVS: 0.4893760512562694
