Model: GRU
MSE: 317.76284956155297
MAE: 17.349983247292453
EVS: -0.06364377123499287
