Model: GRU
MSE: 8.286700061618879
MAE: 2.100716215564359
EVS: 0.5297943339364576
