Model: GRU
MSE: 13390.008540104684
MAE: 115.64713695131499
EVS: -0.0005735960114923166
