Model: GRU
MSE: 5.5400637456491015
MAE: 1.8466399357236674
EVS: 0.7019511186234016
