Model: GRU
MSE: 1.186831752391004
MAE: 0.8485466071537566
EVS: 0.9355503888578698
