Model: GRU
MSE: 13.99317672146204
MAE: 2.842613979424845
EVS: 0.40927673032333645
