Model: GRU
MSE: 1992.2684524704953
MAE: 44.38721419582848
EVS: -0.3067227666144914
