Model: GRU
MSE: 8.165781685146856
MAE: 2.02024524889815
EVS: 0.5662984493179333
