Model: GRU
MSE: 236.02686848256945
MAE: 14.797561868831078
EVS: 0.0010694919109768275
