Model: GRU
MSE: 12.243845981439627
MAE: 2.554432917863895
EVS: 0.4677584879068071
