Model: GRU
MSE: 19.35150990160431
MAE: 3.7996489865005394
EVS: 0.008719981589477288
