Model: GRU
MSE: 2.4331924997346537
MAE: 1.0731712068830217
EVS: 0.8554012049195195
