Model: GRU
MSE: 4.578192558026528
MAE: 1.5884691715240484
EVS: 0.7093700607150599
