Model: GRU
MSE: 124.70777951431654
MAE: 9.45780409971873
EVS: -0.12108211565529214
