Model: GRU
MSE: 2.1157390673074747
MAE: 1.0248556886400495
EVS: 0.41626934923122316
