Model: GRU
MSE: 146.04077684204017
MAE: 10.439968212445576
EVS: -0.19913171648743
