Model: GRU
MSE: 1.9812690682484178
MAE: 0.9473825182233536
EVS: 0.4458864131177708
