Model: GRU
MSE: 2.2862786066637355
MAE: 1.0746740409306117
EVS: 0.3523394733079688
