Model: GRU
MSE: 42.832349670205474
MAE: 5.5543569144556075
EVS: 0.03404157155113785
