Model: GRU
MSE: 4.391108793210151
MAE: 1.6603591918945313
EVS: 0.20542957346585877
