Model: GRU
MSE: 2.0247094612343712
MAE: 0.9604894774300712
EVS: 0.42837679868790834
