Model: GRU
MSE: 5.779121244186972
MAE: 1.741310216942612
EVS: 0.8102478456106738
