Model: GRU
MSE: 4.710843990357339
MAE: 1.6166496605708678
EVS: 0.12209168080287414
