Model: GRU
MSE: 5.178124115323953
MAE: 1.820115089416503
EVS: -6.461220706409205
