Model: GRU
MSE: 5.430864528078223
MAE: 1.6414499243751903
EVS: 0.8371550180708944
