Model: GRU
MSE: 4.61438392098893
MAE: 1.3926157832145696
EVS: 0.8534490747385938
