Model: GRU
MSE: 2.7344085200749526
MAE: 1.24668761175506
EVS: 0.9061832274134146
