Model: GRU
MSE: 4.931074272742007
MAE: 1.3515002727508545
EVS: 0.8457603100627562
