Model: GRU
MSE: 5.136513355633082
MAE: 1.5094560834228015
EVS: 0.8386949120413062
