Model: GRU
MSE: 7.499289553846949
MAE: 2.0239733942484452
EVS: 0.8187551605762611
