Model: GRU
MSE: 2.3403833020204337
MAE: 1.023974118913923
EVS: 0.34806207128386624
