Model: GRU
MSE: 2.157561011799982
MAE: 1.0442544324057443
EVS: 0.43595018738476354
