Model: GRU
MSE: 2.866519531568364
MAE: 1.5581388473510742
EVS: 0.2948728650878286
