Model: GRU
MSE: 13.623198667067982
MAE: 2.812554915746053
EVS: 0.12066134926294225
