Model: GRU
MSE: 2.1523280735185057
MAE: 0.9600894655500142
EVS: 0.4327375995763141
