Model: GRU
MSE: 1.8427400789990835
MAE: 0.8649083137512207
EVS: 0.4675837439320597
