Model: GRU
MSE: 3.0961262174980244
MAE: 1.421167775562831
EVS: 0.3982946114924907
