Model: GRU
MSE: 3.2910614193754317
MAE: 1.487815141677856
EVS: 0.44690049371923535
