Model: GRU
MSE: 1.9733773198946567
MAE: 0.8868508338928225
EVS: 0.45504229731396595
