Model: GRU
MSE: 3.2885366897108215
MAE: 1.4395056452069968
EVS: 0.4881160310643171
