Model: GRU
MSE: 3.2910609683316343
MAE: 1.4878150190625867
EVS: 0.4469005038520988
