Model: GRU
MSE: 4.51757075862594
MAE: 1.387947214060816
EVS: 0.05744010185146675
