Model: GRU
MSE: 3.1310875683941717
MAE: 1.323629067868603
EVS: 0.8973374927838773
