Model: GRU
MSE: 3.1302099604619964
MAE: 1.367767109189715
EVS: 0.4459770479947225
