Model: GRU
MSE: 2.213651995763527
MAE: 1.0085987840379989
EVS: 0.43510556619350516
