Model: GRU
MSE: 408.51148512009115
MAE: 19.238742030396754
EVS: -0.3181696817321158
