Model: GRU
MSE: 3.6683657555285607
MAE: 1.4197783718506498
EVS: 0.8835613858052035
