Model: GRU
MSE: 2.1557597657435665
MAE: 1.0499430179595948
EVS: 0.4141416525555731
