Model: GRU
MSE: 2.515123688145389
MAE: 1.2007371085030691
EVS: 0.4313848912530627
