Model: GRU
MSE: 193.37171161214832
MAE: 12.537699606953835
EVS: -0.24246049644165724
