Model: GRU
MSE: 2.489177211031456
MAE: 1.1417228125842513
EVS: 0.7880327668567962
