Model: GRU
MSE: 2.274478386862704
MAE: 1.1897949763706752
EVS: 0.705869238891847
