Model: GRU
MSE: 2.584256093866038
MAE: 1.1494974753795526
EVS: 0.7893550533382777
