Model: GRU
MSE: 4.174776141980952
MAE: 1.547296613660352
EVS: 0.7345553455208009
