Model: GRU
MSE: 1.621715977895821
MAE: 0.8798204409665072
EVS: 0.8721962168274611
