Model: GRU
MSE: 1.8051294319123778
MAE: 0.903058581927727
EVS: 0.8552259105819555
