Model: GRU
MSE: 190.8952591669451
MAE: 13.368561257781653
EVS: 0.020143710915943247
