Model: GRU
MSE: 4.403779608223917
MAE: 1.658690414258412
EVS: 0.7743114099547017
