Model: GRU
MSE: 2.414306905355426
MAE: 1.0690277406147548
EVS: 0.7978891988115184
