Model: GRU
MSE: 0.24428801151402124
MAE: 0.37194266611216015
EVS: 0.9650840222335338
