Model: GRU
MSE: 2.356133861428355
MAE: 1.1124406587460944
EVS: 0.836089836953871
