Model: GRU
MSE: 2.992640296834225
MAE: 1.1786514503995797
EVS: 0.8299910451813155
