Model: GRU
MSE: 11.750440372731498
MAE: 2.642103962478886
EVS: 0.017912481300740857
