Model: GRU
MSE: 181.7999496089323
MAE: 13.002824840454247
EVS: -0.08542914323316886
