Model: GRU
MSE: 3.779157705684109
MAE: 1.6370998911496968
EVS: 0.22300186721315363
