Model: GRU
MSE: 183.13067009016507
MAE: 13.014481288579203
EVS: -0.1681599519825996
