Model: GRU
MSE: 2.8148550329150273
MAE: 1.2522614989311072
EVS: 0.7910819807041737
