Model: GRU
MSE: 0.3313609310718264
MAE: 0.4430876345861526
EVS: 0.9239564472592803
