Model: GRU
MSE: 429.9201163484726
MAE: 20.424567171622968
EVS: -0.02655587475561849
