Model: GRU
MSE: 1.7758026777544509
MAE: 0.8193396042133202
EVS: 0.7166491051931898
