Model: GRU
MSE: 2.150983969960274
MAE: 0.9416636434094662
EVS: 0.7104111366858211
