Model: GRU
MSE: 2.634935123233395
MAE: 1.2269865973242402
EVS: 0.7355199696210374
