Model: GRU
MSE: 1514.8984641438462
MAE: 38.85153487633015
EVS: 0.09054968380854633
