Model: GRU
MSE: 2.084166016831926
MAE: 1.0229360810641583
EVS: 0.7055614823432597
