Model: GRU
MSE: 2.861075178648349
MAE: 1.2737651857836498
EVS: 0.7331777489841846
