Model: GRU
MSE: 2.802239479866721
MAE: 1.3786626848681218
EVS: 0.6927276338281692
