Model: GRU
MSE: 2.6530769467937474
MAE: 1.244546068125758
EVS: 0.7387553901314625
