Model: GRU
MSE: 1299.0959600489823
MAE: 35.9327100227619
EVS: -0.3227184115147528
