Model: GRU
MSE: 515.7124108406101
MAE: 22.593568111288135
EVS: 0.12615152646766215
