Model: GRU
MSE: 2.2970172665021553
MAE: 1.0661547266203786
EVS: 0.7218202034568004
