Model: GRU
MSE: 2.1831287244263433
MAE: 1.1477472699921705
EVS: 0.7180300768553187
