Model: GRU
MSE: 2.025342991040189
MAE: 0.9415646585924873
EVS: 0.6696573018505139
