Model: GRU
MSE: 1.981845686431496
MAE: 0.8606238858453161
EVS: 0.6910615922986965
