Model: GRU
MSE: 1.8395917121569068
MAE: 0.9309333110677784
EVS: 0.6958952779312803
