Model: GRU
MSE: 2.0191805169184938
MAE: 0.9268597734385525
EVS: 0.7051098079427578
