Model: GRU
MSE: 2.146927260011867
MAE: 1.009715400893113
EVS: 0.7250520394108022
