Model: GRU
MSE: 3.726949591784763
MAE: 1.5456601997901658
EVS: 0.6922536079443407
