Model: GRU
MSE: 2.840001724430205
MAE: 1.3130108323590515
EVS: 0.7212480326662134
