Model: GRU
MSE: 2.851925531747749
MAE: 1.3331185127126763
EVS: 0.7377990783450523
