Model: GRU
MSE: 2405.7986755943234
MAE: 48.989206379857556
EVS: 0.02394435565872166
