Model: GRU
MSE: 1062.8457373390959
MAE: 32.462418260245485
EVS: -0.5061896726626844
