Model: GRU
MSE: 1018.1180020795143
MAE: 31.81137726224702
EVS: -0.02571312641792378
