Model: GRU
MSE: 1.8724914421464618
MAE: 0.9540978300160374
EVS: 0.7075989906697654
