Model: GRU
MSE: 2.325549439802315
MAE: 1.031424744375821
EVS: 0.7094483917315493
