Model: GRU
MSE: 5.003398784166771
MAE: 1.9165384851653005
EVS: 0.725764421296422
