Model: GRU
MSE: 1.984615683856285
MAE: 1.0515120440515977
EVS: 0.6888135413968954
