Model: GRU
MSE: 6.487935974639062
MAE: 2.257149827891383
EVS: 0.7125233751773665
