Model: GRU
MSE: 6.2019437016924925
MAE: 2.211729797823676
EVS: 0.7302520661807796
