Model: GRU
MSE: 524.3959401905329
MAE: 22.763128264196986
EVS: -0.039321969708173254
