Model: GRU
MSE: 1.908185906618451
MAE: 1.0442995531805628
EVS: 0.7364507943690607
