Model: GRU
MSE: 2050.56729224943
MAE: 45.16077659870016
EVS: -0.8452582086209288
