Model: GRU
MSE: 2.0615582049883794
MAE: 0.9325623841121281
EVS: 0.7204089481996907
