Model: GRU
MSE: 7.302639234303321
MAE: 2.3828848148214408
EVS: 0.6849547956146983
