Model: GRU
MSE: 3.247786739979442
MAE: 1.3846517266898324
EVS: 0.7285318829183671
