Model: GRU
MSE: 1.6271096627495134
MAE: 0.731421125346217
EVS: 0.7312743271761286
