Model: GRU
MSE: 1853.1139599269645
MAE: 42.78421270436254
EVS: -2.7708505324712847
