Model: GRU
MSE: 3.2847036278014725
MAE: 1.3876735013106778
EVS: 0.6968488063926707
