Model: GRU
MSE: 2.0229787804512007
MAE: 0.8529919920296507
EVS: 0.676129629577288
