Model: GRU
MSE: 819.2486594982377
MAE: 28.45424303515204
EVS: -0.6007854657898826
