Model: GRU
MSE: 4551.446409907117
MAE: 67.36593049148033
EVS: -1.212969820693071
