Model: GRU
MSE: 1.8599545599196405
MAE: 0.9747064689110063
EVS: 0.7343136793500575
