Model: GRU
MSE: 1.408661810785858
MAE: 0.7347681931086947
EVS: 0.781182288071145
