Model: GRU
MSE: 2.1939132734885725
MAE: 1.1521285484577044
EVS: 0.7303687398086856
