Model: GRU
MSE: 2.0021317600119266
MAE: 1.0527859227410676
EVS: 0.6841301144197902
