Model: GRU
MSE: 5704.241741344298
MAE: 75.48080115482725
EVS: -0.14839972828807313
