Model: GRU
MSE: 1.6955517540779887
MAE: 0.7643760319413812
EVS: 0.719219952859123
