Model: GRU
MSE: 2.350792135522578
MAE: 1.0512955764244347
EVS: 0.7059219530128924
