Model: GRU
MSE: 1.9602353050489727
MAE: 0.908576504937534
EVS: 0.7192520331363377
