Model: GRU
MSE: 19.97192409941169
MAE: 4.1456015849935595
EVS: 0.5356814003482375
