Model: GRU
MSE: 217.72673601742065
MAE: 14.509450879590265
EVS: -0.20042853169632435
