Model: GRU
MSE: 3.826067612522539
MAE: 1.5591632908788227
EVS: 0.7254097628208104
