Model: GRU
MSE: 1.5938657426186809
MAE: 0.76406715656149
EVS: 0.7375297532027876
