Model: GRU
MSE: 5.161657218534262
MAE: 2.014825656496246
EVS: 0.7253676677877394
