Model: GRU
MSE: 4.92487972654905
MAE: 1.9036043759050045
EVS: 0.7311314430388285
