Model: GRU
MSE: 2084.7460958144948
MAE: 45.525820765002024
EVS: -1.0242899145676234
