Model: GRU
MSE: 2.4619807144926362
MAE: 1.1032121510341253
EVS: 0.716188279884834
