Model: GRU
MSE: 4.263306675487108
MAE: 1.715478346265596
EVS: 0.7175747479179277
