Model: GRU
MSE: 4.401840274242382
MAE: 1.758086360734085
EVS: 0.7174679318843463
