Model: GRU
MSE: 3538.7956410883703
MAE: 59.43512041815396
EVS: -0.0436836613181224
