Model: GRU
MSE: 1.6081769673312387
MAE: 0.7966919603018925
EVS: 0.7369984733045287
