Model: GRU
MSE: 1.8688498680916192
MAE: 0.9781577011634561
EVS: 0.7062982850465567
