Model: GRU
MSE: 2.7905974516353953
MAE: 1.3184121394979547
EVS: 0.7390530013999508
