Model: GRU
MSE: 3.6235321801787927
MAE: 1.6662437504735481
EVS: 0.7321290449485796
