Model: GRU
MSE: 1.8679800235337132
MAE: 0.7881334732318749
EVS: 0.7011630892296246
