Model: GRU
MSE: 1.8009827605270277
MAE: 0.775479218055462
EVS: 0.6998630798179972
