Model: GRU
MSE: 4962.031279717875
MAE: 70.39824202965046
EVS: -0.019799808771813643
