Model: GRU
MSE: 2.6662312494503775
MAE: 1.13186762250703
EVS: 0.6889681236065647
