Model: GRU
MSE: 3.6347277377856333
MAE: 1.5754886988935803
EVS: 0.7214836400716347
