Model: GRU
MSE: 1.8955562889544377
MAE: 0.8121543588309454
EVS: 0.7029355693989616
