Model: GRU
MSE: 7.283052450940684
MAE: 2.400814467463
EVS: 0.6844509579312312
