Model: GRU
MSE: 1.790746067529716
MAE: 0.8230931841093916
EVS: 0.7015596814514435
