Model: GRU
MSE: 1.6666560788444729
MAE: 0.7318787574768069
EVS: 0.7246334382057196
