Model: GRU
MSE: 289.77553846463184
MAE: 16.81384361201319
EVS: -0.17836690923250864
