Model: GRU
MSE: 4.980697327401923
MAE: 1.92016652534748
EVS: 0.714481921839283
