Model: GRU
MSE: 1.9824104730897674
MAE: 0.9582286209895691
EVS: 0.6796761590834157
