Model: GRU
MSE: 375.1877292495727
MAE: 19.19017370815935
EVS: -0.15416038337374594
