Model: GRU
MSE: 2.2210904824453106
MAE: 0.9807474695403005
EVS: 0.7020861442359441
