Model: GRU
MSE: 214.15212096343146
MAE: 14.380686030305665
EVS: -0.224665043533822
