Model: GRU
MSE: 1.6991307418571555
MAE: 0.7691686728904987
EVS: 0.7168167132921179
