Model: GRU
MSE: 1.8795390603027828
MAE: 0.89395679276565
EVS: 0.7002950516366455
