Model: GRU
MSE: 3318.3087223140856
MAE: 57.538516077502024
EVS: -0.2713149855211847
