Model: GRU
MSE: 2.225210773932449
MAE: 0.958226688976946
EVS: 0.6934774980114427
