Model: GRU
MSE: 1.657850447289563
MAE: 0.7620775617402173
EVS: 0.7291584860494051
