Model: GRU
MSE: 3.3435030672761084
MAE: 1.4485273854485878
EVS: 0.6956004914610558
