Model: GRU
MSE: 3.4654883715225138
MAE: 1.499881711499445
EVS: 0.7036804346917149
