Model: GRU
MSE: 235.0111893949884
MAE: 15.10254298407456
EVS: -0.15406413486144843
