Model: GRU
MSE: 1.7883937714385363
MAE: 0.8406761596942771
EVS: 0.7066323831006296
