Model: GRU
MSE: 2.6186420389164975
MAE: 1.1684557322798108
EVS: 0.709601666441195
