Model: GRU
MSE: 1128.102171648336
MAE: 33.48750476179452
EVS: -0.11486607952093864
