Model: GRU
MSE: 1.6257197209263503
MAE: 0.8000823711526805
EVS: 0.7305062969249829
