Model: GRU
MSE: 1.9423959002453774
MAE: 1.0229278926191656
EVS: 0.7425220987763231
