Model: GRU
MSE: 5970.31130821424
MAE: 77.16654185591072
EVS: -1.6060210357030935
