Model: GRU
MSE: 2.473294147693698
MAE: 1.152063238209692
EVS: 0.7293032822477747
