Model: GRU
MSE: 3818.8617766580137
MAE: 61.74747385297503
EVS: 0.04392828366016599
