Model: GRU
MSE: 1.8140780500751073
MAE: 0.8646899913919386
EVS: 0.7173269081588887
