Model: GRU
MSE: 1.998587788306881
MAE: 0.9304038245102457
EVS: 0.6769400077392786
