Model: GRU
MSE: 1.834227973345574
MAE: 0.8585021413605787
EVS: 0.6952851791620323
