Model: GRU
MSE: 1.8464151252849599
MAE: 0.8414741548998605
EVS: 0.7068246656236312
