Model: GRU
MSE: 2.376402573901629
MAE: 1.1100372445994415
EVS: 0.7174185224850467
