Model: GRU
MSE: 211.93187555081636
MAE: 14.35060021384009
EVS: 0.0013084911084860762
