Model: GRU
MSE: 235.0388473244079
MAE: 15.103119042412988
EVS: -0.15577375251834802
