Model: GRU
MSE: 3.3012133650460895
MAE: 1.460228484252404
EVS: 0.725524225045397
