Model: GRU
MSE: 2.0254200199064742
MAE: 0.9787648792924556
EVS: 0.7412115964088026
