Model: GRU
MSE: 2.05085667483561
MAE: 0.985906058344348
EVS: 0.728539547462367
