Model: GRU
MSE: 3.820057760209271
MAE: 1.660384737212083
EVS: 0.7479235472374178
