Model: GRU
MSE: 211.39686038094118
MAE: 14.308057616496908
EVS: -0.11272460399100326
