Model: GRU
MSE: 2.5756834573864493
MAE: 1.13311478187298
EVS: 0.694674839344289
