Model: GRU
MSE: 11.098229261718107
MAE: 2.7422189219244597
EVS: 0.1963643913499471
