Model: GRU
MSE: 291.2177579843732
MAE: 16.871049872760114
EVS: -0.09757236253568657
