Model: GRU
MSE: 2.2493366714282574
MAE: 1.1457318026444012
EVS: 0.7618155160644734
