Model: GRU
MSE: 189.30374577749467
MAE: 13.527831940815366
EVS: -0.05025145975837075
