Model: GRU
MSE: 2.6186973850452393
MAE: 1.2377315882978772
EVS: 0.7300859980666556
