Model: GRU
MSE: 1.809710290174562
MAE: 0.9618176591807396
EVS: 0.741033245077245
