Model: GRU
MSE: 3.031752831370471
MAE: 1.3811980855876007
EVS: 0.7255242100457517
