Model: GRU
MSE: 3.4499391453629196
MAE: 1.4615020669739827
EVS: 0.6890745105845579
