Model: GRU
MSE: 1.8931549227417048
MAE: 0.929185653554982
EVS: 0.6918225030200214
