Model: GRU
MSE: 2.5566671111456385
MAE: 1.1987306989472493
EVS: 0.7365644651417573
