Model: GRU
MSE: 3.3818222038817907
MAE: 1.4965764571880478
EVS: 0.7292198775294672
