Model: GRU
MSE: 4.340056467092673
MAE: 1.7047390280098755
EVS: 0.6971227539418372
