Model: GRU
MSE: 2.0124881746694663
MAE: 0.8338212144785916
EVS: 0.6880133403707791
