Model: GRU
MSE: 1.4950295106496485
MAE: 0.7201958360343146
EVS: 0.7516515049179652
