Model: GRU
MSE: 2.002948194857709
MAE: 0.8882203266538425
EVS: 0.702942947413566
