Model: GRU
MSE: 2.6047053771119177
MAE: 1.1617900420879501
EVS: 0.7103521059845217
