Model: GRU
MSE: 1.9739267451288216
MAE: 1.0033917591489592
EVS: 0.6942829166324218
