Model: GRU
MSE: 2.928870558832889
MAE: 1.2991789127218316
EVS: 0.7227527860204292
