Model: GRU
MSE: 2.223199358533418
MAE: 0.9589477571947824
EVS: 0.6823161670046314
