Model: GRU
MSE: 1.8405309636090201
MAE: 0.9203863719414023
EVS: 0.7449057014500415
