Model: GRU
MSE: 2.101216188306228
MAE: 0.9512057797662147
EVS: 0.7202002918362103
