Model: GRU
MSE: 1.782939356355169
MAE: 0.8756263667139517
EVS: 0.7519206995802111
