Model: GRU
MSE: 1.7541848200451817
MAE: 0.8314579273092333
EVS: 0.7169591922034098
