Model: GRU
MSE: 2.2734494989410665
MAE: 1.1727712401028334
EVS: 0.7017033208912677
