Model: GRU
MSE: 419.1127349898937
MAE: 20.310331213063208
EVS: -0.10053016759402644
