Model: GRU
MSE: 520.5538004416785
MAE: 22.65185387381192
EVS: -0.24121942019175635
