Model: GRU
MSE: 1.57375982325089
MAE: 0.7382615105859165
EVS: 0.7381178640207875
