Model: GRU
MSE: 1454.0206429791308
MAE: 38.0462143667813
EVS: -0.08436922267583102
