Model: GRU
MSE: 2.482479048806988
MAE: 1.1698008570177807
EVS: 0.7328019694233563
