Model: GRU
MSE: 3.577091876054425
MAE: 1.5203348192675366
EVS: 0.7079376060086906
