Model: GRU
MSE: 6998.64236696903
MAE: 83.61457456391433
EVS: -0.20754791077350898
