Model: GRU
MSE: 13.702513961355894
MAE: 3.430648154225843
EVS: 0.677805466122882
