Model: GRU
MSE: 2.022904307437722
MAE: 0.9778719606070687
EVS: 0.7446610773471951
