Model: GRU
MSE: 5.032549220597101
MAE: 1.9197772206931283
EVS: 0.7232011358576191
