Model: GRU
MSE: 2.8038401805671316
MAE: 1.2279042704352021
EVS: 0.6048293853369582
