Model: GRU
MSE: 1.9479005515249068
MAE: 0.9188140425188791
EVS: 0.730868293379497
