Model: GRU
MSE: 6.019668926584643
MAE: 2.2264014605818123
EVS: 0.7083654755365927
