Model: GRU
MSE: 2.9162804225917918
MAE: 1.3087281029799893
EVS: 0.7297461218038925
