Model: GRU
MSE: 1.7580987217361166
MAE: 0.9406379337968495
EVS: 0.7299458309476075
