Model: GRU
MSE: 1.5924546132250412
MAE: 0.754724091496961
EVS: 0.7350561051337163
