Model: GRU
MSE: 4763.757435726384
MAE: 68.92559643449455
EVS: -1.169931979262938
