Model: GRU
MSE: 1.9158069040792356
MAE: 0.8817136945395636
EVS: 0.6873298786723074
