Model: GRU
MSE: 2.349977921893319
MAE: 1.246888555329421
EVS: 0.7462745811886342
