Model: GRU
MSE: 2.7856933894601434
MAE: 1.251492697617104
EVS: 0.728815787194274
