Model: GRU
MSE: 1.9110533746508176
MAE: 0.9376242407437031
EVS: 0.7220574130318149
