Model: GRU
MSE: 717.3586198127155
MAE: 26.55699534251772
EVS: -1.014103031701254
