Model: GRU
MSE: 3.720609727022435
MAE: 1.5452002492444274
EVS: 0.7221820496372138
