Model: GRU
MSE: 2.5436104189948043
MAE: 1.1646495605337213
EVS: 0.697948629101206
