Model: GRU
MSE: 2.0274508692583244
MAE: 0.8621203488317032
EVS: 0.6715694775841099
