Model: GRU
MSE: 254.7479995958352
MAE: 15.752461795149179
EVS: -0.10132449803345445
