Model: GRU
MSE: 1.7436110503001523
MAE: 0.763953258251322
EVS: 0.7096278425106302
