Model: GRU
MSE: 2.5308826341807324
MAE: 1.282437291638604
EVS: 0.6844802114114157
