Model: GRU
MSE: 2.1127389249125157
MAE: 0.8872327804565432
EVS: 0.6871699038738317
