Model: GRU
MSE: 2.4513467888818816
MAE: 1.17351508140564
EVS: 0.7545145675621737
