Model: GRU
MSE: 1.7938978254178746
MAE: 0.9811076789066707
EVS: 0.7444781553735349
