Model: GRU
MSE: 1.8720597384541837
MAE: 0.8766333645787735
EVS: 0.6880711490415445
