Model: GRU
MSE: 4.6404570881005975
MAE: 1.8312398811866502
EVS: 0.7187571334477889
