Model: GRU
MSE: 1.798710319463398
MAE: 0.9292797220164329
EVS: 0.709790611380377
