Model: GRU
MSE: 1.5541200529765025
MAE: 0.7566044906090048
EVS: 0.7412141481916091
