Model: GRU
MSE: 1.7503484667273868
MAE: 0.8610531379436622
EVS: 0.7122370848275117
