Model: GRU
MSE: 1.7517222989550834
MAE: 0.7915061753371668
EVS: 0.7189091218329631
