Model: GRU
MSE: 2.272021528637919
MAE: 1.1143544953444913
EVS: 0.7281462794983944
