Model: GRU
MSE: 263.080767291345
MAE: 15.984761706713972
EVS: -0.26136007848593623
