Model: GRU
MSE: 6.049224202061295
MAE: 2.154393853812383
EVS: 0.7067925802461779
