Model: GRU
MSE: 1.958597175325849
MAE: 0.8550474890347185
EVS: 0.6759856037644956
