Model: GRU
MSE: 2.0133234692872093
MAE: 0.9937988971841744
EVS: 0.7123161068961428
