Model: GRU
MSE: 1.6949343064514262
MAE: 0.7691101863466462
EVS: 0.7182889641365291
