Model: GRU
MSE: 2.2919591187616217
MAE: 1.1900823362942397
EVS: 0.7227854552116273
