Model: GRU
MSE: 1.822226452002912
MAE: 0.8886753937293741
EVS: 0.712403106051481
