Model: GRU
MSE: 2.4628672947677077
MAE: 1.1421259600540692
EVS: 0.7255819060565345
