Model: GRU
MSE: 1.8672439947678774
MAE: 0.952590169577763
EVS: 0.6913035190354792
