Model: GRU
MSE: 2128.897936246032
MAE: 45.99691667227909
EVS: -1.196932148240856
