Model: GRU
MSE: 1.6376697520732892
MAE: 0.7113292628321157
EVS: 0.7417207084574224
