Model: GRU
MSE: 3.6948098284226263
MAE: 1.5432564636756638
EVS: 0.7196148569599565
