Model: GRU
MSE: 1.9123690529512836
MAE: 0.9978870358960379
EVS: 0.7164976829154363
