Model: GRU
MSE: 1.8839744681599768
MAE: 0.942790130089069
EVS: 0.7055782238981494
