Model: GRU
MSE: 2.3763637374000175
MAE: 1.100928536776839
EVS: 0.7401612646427335
