Model: GRU
MSE: 1.778565661673258
MAE: 0.780355552147175
EVS: 0.7119723648250067
