Model: GRU
MSE: 225.14556678011326
MAE: 14.755997596115902
EVS: -0.23435028725583007
