Model: GRU
MSE: 839.2670282052001
MAE: 28.80732095652613
EVS: -0.5675479188150667
