Model: GRU
MSE: 1.8152591881489728
MAE: 0.8255761409627982
EVS: 0.6975276936257144
