Model: GRU
MSE: 2.266062073136803
MAE: 1.0394107226667737
EVS: 0.7159831008983077
