Model: GRU
MSE: 1.7724741363732106
MAE: 0.8459074579436201
EVS: 0.7285170960036595
