Model: GRU
MSE: 1312.3543783707526
MAE: 36.141453512783706
EVS: -0.02495272567445328
