Model: GRU
MSE: 5803.546975316713
MAE: 76.13644409179688
EVS: -0.1314760622335598
