Model: GRU
MSE: 3.1124316214066416
MAE: 1.302163354281722
EVS: 0.7045669693508336
