Model: GRU
MSE: 2.2900891283947535
MAE: 1.0947643066274713
EVS: 0.7346255844744844
