Model: GRU
MSE: 2.566002729187047
MAE: 1.038169046928143
EVS: 0.6655430252657499
