Model: GRU
MSE: 467.3137051211207
MAE: 21.42100401582389
EVS: -0.40904867919623644
