Model: GRU
MSE: 3.240572110317833
MAE: 1.5172140516083812
EVS: 0.7057035461726144
