Model: GRU
MSE: 1.7822882909074098
MAE: 0.8319138247391272
EVS: 0.7030110251467501
