Model: GRU
MSE: 2.048719351372397
MAE: 1.0110500269922718
EVS: 0.6827315416967209
