Model: GRU
MSE: 2.199908995942855
MAE: 1.0105541574543924
EVS: 0.722830039367222
