Model: GRU
MSE: 2.242903627219664
MAE: 0.9621311796122588
EVS: 0.6965222202198706
