Model: GRU
MSE: 1.8969667353458917
MAE: 0.9551081328556454
EVS: 0.7157348142096902
