Model: GRU
MSE: 1.7785827183877798
MAE: 0.8355185903351885
EVS: 0.7323305118878183
