Model: GRU
MSE: 2.916858503399113
MAE: 1.3190194080615871
EVS: 0.7147997838375922
