Model: GRU
MSE: 2.1321429222757304
MAE: 0.8792299237744564
EVS: 0.681219098708114
