Model: GRU
MSE: 3966.158963742453
MAE: 62.92891324799636
EVS: -0.018473528100251047
