Model: GRU
MSE: 2.835328301139726
MAE: 1.3035935862311006
EVS: 0.7403379617798455
