Model: GRU
MSE: 1.8691901210182895
MAE: 0.8773656549124882
EVS: 0.6898237270385998
