Model: GRU
MSE: 1051.9567226027011
MAE: 32.30922333947544
EVS: -0.34513496709947566
