Model: GRU
MSE: 2.3762151475510835
MAE: 1.075419639718944
EVS: 0.6954981435208486
