Model: GRU
MSE: 2.586068947048858
MAE: 1.203410937868316
EVS: 0.7244184377358325
