Model: GRU
MSE: 2.682643315676834
MAE: 1.2378293399153089
EVS: 0.7211593907475766
