Model: GRU
MSE: 2043.9982122212896
MAE: 45.13623254052524
EVS: -0.11978737815336027
