Model: GRU
MSE: 3.2456062643350694
MAE: 1.3820633723818023
EVS: 0.4592945966808558
