Model: GRU
MSE: 2.6606481475684527
MAE: 1.3423482796241495
EVS: 0.7085883338826094
