Model: GRU
MSE: 210.049644816559
MAE: 14.278691349358395
EVS: -0.028103027719459384
