Model: GRU
MSE: 236.24840151262492
MAE: 15.130779915842517
EVS: -0.2179834418269393
