Model: GRU
MSE: 4.069991076227644
MAE: 1.678706078693785
EVS: 0.7287839591125165
