Model: GRU
MSE: 2.058576264938892
MAE: 1.1216530635439115
EVS: 0.7264966108385702
