Model: GRU
MSE: 1.7584817811912374
MAE: 0.8492640955694793
EVS: 0.7257777770583824
