Model: GRU
MSE: 1534.860369960816
MAE: 39.06242906636205
EVS: -0.4978342327081471
