Model: GRU
MSE: 1269.1304294361832
MAE: 35.48389503873628
EVS: -0.6706037193550449
