Model: GRU
MSE: 245.12132303167596
MAE: 15.451121206941275
EVS: -0.0640294133475916
