Model: GRU
MSE: 2.340547047307488
MAE: 1.0784641216541162
EVS: 0.7182848250935072
