Model: GRU
MSE: 246.07291083131588
MAE: 15.541770252688178
EVS: 0.24561862600454665
