Model: GRU
MSE: 43.44053822584305
MAE: 6.11886739730835
EVS: 0.0
