Model: GRU
MSE: 1.7392356988310549
MAE: 0.8399554285509836
EVS: 0.7321782357172864
