Model: GRU
MSE: 2.453104204719755
MAE: 1.2779767102208626
EVS: 0.6910458014634444
