Model: GRU
MSE: 2.9792470895304852
MAE: 1.2864336720828358
EVS: 0.7097375618834338
