Model: GRU
MSE: 1.5720232754942085
MAE: 0.7639142562603131
EVS: 0.7453089373140631
