Model: GRU
MSE: 335.14921767578403
MAE: 18.12214704217582
EVS: -0.12283404292371247
