Model: GRU
MSE: 1813.1315439011855
MAE: 42.51166761332545
EVS: 0.01838989411304548
