Model: GRU
MSE: 1.6554084426092828
MAE: 0.7677964013198328
EVS: 0.7305757262221503
