Model: GRU
MSE: 1.7977745053488365
MAE: 0.9340142052749105
EVS: 0.7164698696005806
