Model: GRU
MSE: 422.75333143519686
MAE: 20.372082743151434
EVS: -0.288596023564734
