Model: GRU
MSE: 1386.2765587002723
MAE: 37.13445854187012
EVS: -0.21809125040029653
