Model: GRU
MSE: 1.8122741874172663
MAE: 0.8719471569718987
EVS: 0.7029542146994807
