Model: GRU
MSE: 1.6325128857215845
MAE: 0.7618432209409519
EVS: 0.734120758801466
