Model: GRU
MSE: 3.952451340731403
MAE: 1.5813124755333214
EVS: 0.6855885770952432
