Model: GRU
MSE: 1.7916596309542627
MAE: 0.9096516905159788
EVS: 0.7620142720373645
