Model: GRU
MSE: 1.6212958975975356
MAE: 0.7096783703771133
EVS: 0.7312521403922796
