Model: GRU
MSE: 1625.6983583962108
MAE: 39.99265989763983
EVS: -3.3809187846535513
