Model: GRU
MSE: 3.3163551703104805
MAE: 1.5327302505230076
EVS: 0.7025739871806793
