Model: GRU
MSE: 1.9680580100733875
MAE: 1.0989474841526572
EVS: 0.7685023649529558
