Model: GRU
MSE: 4879.603198567684
MAE: 69.78643897484089
EVS: -0.5760222964153836
