Model: GRU
MSE: 6946.813534064726
MAE: 83.300674175394
EVS: -0.3018693315957681
