Model: GRU
MSE: 2.1185859101630338
MAE: 1.0299316603561932
EVS: 0.7291299388650225
