Model: GRU
MSE: 5.431001299114704
MAE: 2.02131880562881
EVS: 0.702035536466117
