Model: GRU
MSE: 7.035615874217387
MAE: 2.3422424711030105
EVS: 0.6983214231190726
