Model: GRU
MSE: 12.621386804743185
MAE: 2.9659279297138084
EVS: 0.3207254063809558
