Model: GRU
MSE: 2.6822992685377147
MAE: 1.1936966468547958
EVS: 0.6729722233020152
