Model: GRU
MSE: 3.029144756098128
MAE: 1.3731766733629955
EVS: 0.7348137107014281
