Model: GRU
MSE: 2.1506989216794983
MAE: 1.1233944564030085
EVS: 0.7377277879984695
