Model: GRU
MSE: 2.4386394261888706
MAE: 1.1384710443430939
EVS: 0.722358005030701
