Model: GRU
MSE: 2.1678971001748555
MAE: 0.9147596441466235
EVS: 0.6868424936946584
