Model: GRU
MSE: 685.0747503034311
MAE: 25.980975742997796
EVS: -0.6772749575318946
