Model: GRU
MSE: 2.2093606003716966
MAE: 1.016630419369402
EVS: 0.7262668538623385
