Model: GRU
MSE: 2.0759837299024655
MAE: 1.0189923582405878
EVS: 0.6741336727198233
