Model: GRU
MSE: 2.601900226007714
MAE: 1.255643877489814
EVS: 0.7509146543723041
