Model: GRU
MSE: 2.4239052309473306
MAE: 1.101636598850119
EVS: 0.7154564801500543
