Model: GRU
MSE: 1.8757429128023928
MAE: 0.9938382773563778
EVS: 0.7279618801156573
