Model: GRU
MSE: 1.6261587852373254
MAE: 0.7275705173097811
EVS: 0.7331949847608775
