Model: GRU
MSE: 1.9944737601737628
MAE: 1.0158737774552973
EVS: 0.7534630411819367
