Model: GRU
MSE: 2.0435139667975846
MAE: 1.031046752271981
EVS: 0.7259534084359693
