Model: GRU
MSE: 2.529035178000757
MAE: 1.2485862600392308
EVS: 0.7113551091656012
