Model: GRU
MSE: 606.6661234336051
MAE: 24.318630317161823
EVS: -1.5450571551371648
