Model: GRU
MSE: 1.8562051351817124
MAE: 0.8517801432773987
EVS: 0.7070525495094389
