Model: GRU
MSE: 4.027923715324212
MAE: 1.6270019679233951
EVS: 0.7255351107145797
