Model: GRU
MSE: 2.6005084460734595
MAE: 1.1466726927921695
EVS: 0.7050753483335026
