Model: GRU
MSE: 1321.9263091609464
MAE: 36.27054332864696
EVS: -0.06233263428170166
