Model: GRU
MSE: 746.0294329999106
MAE: 27.05720761162894
EVS: -1.1803598665267838
