Model: GRU
MSE: 1.7378127077551397
MAE: 0.9245449099047428
EVS: 0.748019791524573
