Model: GRU
MSE: 1.6086128953166297
MAE: 0.7978045858185867
EVS: 0.7318980085775919
