Model: GRU
MSE: 5.323098929902223
MAE: 2.0221505493953313
EVS: 0.7473846494349414
