Model: GRU
MSE: 1.7324060875847047
MAE: 0.8453624659571154
EVS: 0.7196390703850417
