Model: GRU
MSE: 2.237342234709249
MAE: 0.9644589999626424
EVS: 0.6591417822951995
