Model: GRU
MSE: 708.4705483635917
MAE: 26.376672925620245
EVS: -1.123612289740643
