Model: GRU
MSE: 2.2298669063365955
MAE: 1.016460172061263
EVS: 0.7144843822951192
