Model: GRU
MSE: 2.0571691449877108
MAE: 0.8602293935315365
EVS: 0.6734249225728763
