Model: GRU
MSE: 6.858629701389694
MAE: 2.330864610343144
EVS: 0.7303817542961402
