Model: GRU
MSE: 2.4699521935176416
MAE: 1.1041813225581734
EVS: 0.6922409966898198
