Model: GRU
MSE: 2.7272632887402954
MAE: 1.2234960917768811
EVS: 0.7001978604197909
