Model: GRU
MSE: 1.5776050628279368
MAE: 0.7829874137352253
EVS: 0.7403074736368738
