Model: GRU
MSE: 3.142625930529339
MAE: 1.400772752432988
EVS: 0.7269376443001834
