Model: GRU
MSE: 449.8002962512437
MAE: 21.00722969811538
EVS: -0.4160994436438159
