Model: GRU
MSE: 1.7108707913342953
MAE: 0.7932808892480261
EVS: 0.7270489174121946
