Model: GRU
MSE: 1.772264764413178
MAE: 0.9302825434454554
EVS: 0.7132468686209898
