Model: GRU
MSE: 2.135119335405134
MAE: 1.0804108257951406
EVS: 0.7229498010748281
