Model: GRU
MSE: 2.6456836766193854
MAE: 1.1894195490869988
EVS: 0.7093130060162016
