Model: GRU
MSE: 4.618100938837205
MAE: 1.8184352578787972
EVS: 0.7153324679355699
