Model: GRU
MSE: 2.5111445971301523
MAE: 1.151521452542009
EVS: 0.6365475811273063
