Model: GRU
MSE: 217.42646360394153
MAE: 14.495354933985348
EVS: -0.21852482362135484
