Model: GRU
MSE: 191.27574602458043
MAE: 13.600044697523117
EVS: -0.05242170832562576
