Model: GRU
MSE: 1.714733441492783
MAE: 0.8132888037582924
EVS: 0.7157108659110691
