Model: GRU
MSE: 402.25025303452617
MAE: 19.835739053528883
EVS: -0.46561820580586644
