Model: GRU
MSE: 2.4222060143454276
MAE: 1.2342000172055998
EVS: 0.6851784924675248
