Model: GRU
MSE: 1.7066752915392782
MAE: 0.7461914358467893
EVS: 0.7174375864944857
