Model: GRU
MSE: 1137.7562964669387
MAE: 33.62458393491548
EVS: -0.19060861179378175
