Model: GRU
MSE: 2.054595827282371
MAE: 0.9959398302538639
EVS: 0.684033285329573
