Model: GRU
MSE: 2.8778199591956932
MAE: 1.28279603760818
EVS: 0.7329281273315265
