Model: GRU
MSE: 5.3663978832314
MAE: 2.000097036361695
EVS: 0.7001806925292537
