Model: GRU
MSE: 1094.5512694252168
MAE: 32.98794549086998
EVS: -0.05778695276793844
