Model: GRU
MSE: 1.8730663903692273
MAE: 1.0036375454493929
EVS: 0.7405710829811551
