Model: GRU
MSE: 1.8509181552579577
MAE: 0.8578896686948582
EVS: 0.7261599691145657
