Model: GRU
MSE: 1.7467145249681912
MAE: 0.7814156104778421
EVS: 0.7090483618860302
