Model: GRU
MSE: 303.9573566163506
MAE: 17.235338079518286
EVS: -0.15007965017626068
