Model: GRU
MSE: 2.414324927451804
MAE: 1.2541445534804767
EVS: 0.7129934553680874
