Model: GRU
MSE: 2.457951252236936
MAE: 1.0899142972354234
EVS: 0.6942626989731226
