Model: GRU
MSE: 5.275982246399463
MAE: 2.0046473700424725
EVS: 0.735545514539901
