Model: GRU
MSE: 6.414795699479592
MAE: 2.3135063072730757
EVS: 0.7037730011162528
