Model: GRU
MSE: 3.134067908648032
MAE: 1.33693055448861
EVS: 0.7156551167561036
