Model: GRU
MSE: 1.6720156497833731
MAE: 0.7898415943671919
EVS: 0.7355055095651521
