Model: GRU
MSE: 378.46993764230285
MAE: 19.275961810144885
EVS: -0.15120565602314073
