Model: GRU
MSE: 5.190607659777084
MAE: 1.9935771925696015
EVS: 0.7430597195617133
