Model: GRU
MSE: 2.468293488567207
MAE: 1.1783900260925297
EVS: 0.747429052084121
