Model: GRU
MSE: 2.3254839525312048
MAE: 1.1972273136007374
EVS: 0.640154955084097
