Model: GRU
MSE: 1.7343476589596853
MAE: 0.8166359046409872
EVS: 0.7394616367753972
