Model: GRU
MSE: 1.8519030846532116
MAE: 0.8671809229357487
EVS: 0.6944896474302931
