Model: GRU
MSE: 2.1099316562788237
MAE: 0.9975002551900927
EVS: 0.6794778439293563
