Model: GRU
MSE: 1.8016658515921806
MAE: 0.8271792839313376
EVS: 0.6999638211011863
