Model: GRU
MSE: 1.6037192693669222
MAE: 0.7593072529496815
EVS: 0.7340999757345696
