Model: GRU
MSE: 1.7397124024051385
MAE: 0.781836822115142
EVS: 0.7246511256192391
