Model: GRU
MSE: 2.1392467769283185
MAE: 1.0118549116726576
EVS: 0.6647264734386942
