Model: GRU
MSE: 1.6837058054496332
MAE: 0.812422653724407
EVS: 0.7399434001884734
