Model: GRU
MSE: 2.926260856989789
MAE: 1.3530782173419826
EVS: 0.7183623271773507
