Model: GRU
MSE: 2.4336585708461396
MAE: 1.085019785782387
EVS: 0.7144836564187849
