Model: GRU
MSE: 3.59015833562602
MAE: 1.6386269043231827
EVS: 0.7265601837896938
