Model: GRU
MSE: 2.489186652954405
MAE: 1.217050404384219
EVS: 0.7545251164024662
