Model: GRU
MSE: 955.4351560369533
MAE: 30.79680136976571
EVS: -0.16536357135839808
