Model: GRU
MSE: 1.5618839575293288
MAE: 0.7519352189425766
EVS: 0.7463828784082591
