Model: GRU
MSE: 1.8323554780232085
MAE: 0.9574963635411753
EVS: 0.7464408381430523
