Model: GRU
MSE: 3247.465190143025
MAE: 56.92138487717201
EVS: -0.2368556346465842
