Model: GRU
MSE: 3478.666274246535
MAE: 58.926435799434266
EVS: -0.056906370281083474
