Model: GRU
MSE: 4.776333786458617
MAE: 1.9329787616072025
EVS: 0.6808725179535591
