Model: GRU
MSE: 594.0790393765956
MAE: 24.21506615342765
EVS: -0.28493509361969993
