Model: GRU
MSE: 1.7989475615264414
MAE: 0.9077620506286621
EVS: 0.7038923130922154
