Model: GRU
MSE: 2.3760401978327934
MAE: 1.222615603742928
EVS: 0.7049909684745422
