Model: GRU
MSE: 2012.78534544706
MAE: 44.78878350093447
EVS: -0.1250363255800495
