Model: GRU
MSE: 1.906471179604962
MAE: 0.9615043113971581
EVS: 0.7486192086311106
