Model: GRU
MSE: 2.300973301689549
MAE: 1.1831192148142846
EVS: 0.720782631969004
