Model: GRU
MSE: 1.6994493155072539
MAE: 0.7749647107617611
EVS: 0.7275458892192834
