Model: GRU
MSE: 2.2127872965978863
MAE: 1.166136626539559
EVS: 0.7049213692907088
