Model: GRU
MSE: 2.744836525060958
MAE: 1.242646743511332
EVS: 0.732870839846492
