Model: GRU
MSE: 2.316374719191667
MAE: 1.0669998136059995
EVS: 0.714432157725464
