Model: GRU
MSE: 2.375117701619498
MAE: 1.0960595607757573
EVS: 0.7208994620831792
