Model: GRU
MSE: 644.0138000933264
MAE: 25.217874625633502
EVS: -0.34543324319271296
