Model: GRU
MSE: 8102.427032224512
MAE: 89.97285869203765
EVS: -0.21862183452287343
