Model: GRU
MSE: 1.9555900088210771
MAE: 0.8882855053605707
EVS: 0.7064163649171413
