Model: GRU
MSE: 234.527445797009
MAE: 15.059735836653873
EVS: -0.2886337212020058
