Model: GRU
MSE: 2.1200650075682397
MAE: 1.0873638514814703
EVS: 0.7328184130528408
