Model: GRU
MSE: 1.9437943948056458
MAE: 1.0308346255072232
EVS: 0.7308458227637726
