Model: GRU
MSE: 1.7205835457811631
MAE: 0.8202824757016941
EVS: 0.7397845321085509
