Model: GRU
MSE: 3114.7991555689678
MAE: 55.46707021779027
EVS: -5.367212837281845
