Model: GRU
MSE: 3831.308524493751
MAE: 61.85499776642898
EVS: 0.12203736519710162
