Model: GRU
MSE: 1.5811190411232332
MAE: 0.7772856416373419
EVS: 0.7481784867925414
