Model: GRU
MSE: 1.9196519546067379
MAE: 0.8876947205642172
EVS: 0.6896555322233787
