Model: GRU
MSE: 13.915327294323749
MAE: 2.922998444787387
EVS: -0.022451918119280156
