Model: GRU
MSE: 1.5698536566388643
MAE: 0.773740373808762
EVS: 0.7428539818838809
