Model: GRU
MSE: 1.9646992796208687
MAE: 0.9561068765048325
EVS: 0.6907217935101647
