Model: GRU
MSE: 4.331610465516373
MAE: 1.855423286043364
EVS: 0.7412578949964456
