Model: GRU
MSE: 4.766671664080415
MAE: 1.9502010674312191
EVS: 0.7055502358031839
