Model: GRU
MSE: 1.7219393197743744
MAE: 0.7930291932204676
EVS: 0.7237163553904177
