Model: GRU
MSE: 2877.931989313362
MAE: 53.580975631187705
EVS: -0.1685066205720529
