Model: GRU
MSE: 2.0789206723455775
MAE: 0.9032585538666826
EVS: 0.7007056686406534
