Model: GRU
MSE: 2.1706319704076167
MAE: 1.0219213469275117
EVS: 0.7236551060099414
