Model: GRU
MSE: 9985.16271943738
MAE: 99.8857816498855
EVS: -0.332223938129107
