Model: GRU
MSE: 1.7138950778852287
MAE: 0.7811090535130991
EVS: 0.7147255845968907
