Model: GRU
MSE: 2220.688846400696
MAE: 47.06805564617289
EVS: 0.11883598508852655
