Model: GRU
MSE: 5705.850456240585
MAE: 75.49273109436035
EVS: -0.11633469253048268
