Model: GRU
MSE: 2.7406382856340543
MAE: 1.2145807332006
EVS: 0.7041895193531229
