Model: GRU
MSE: 2.49904837738155
MAE: 1.1717444452746166
EVS: 0.7279116480247865
