Model: GRU
MSE: 1.6503554972350842
MAE: 0.7786919659581679
EVS: 0.7256409254045133
