Model: GRU
MSE: 2.265188212006502
MAE: 1.2107198320586101
EVS: 0.7193726669839029
