Model: GRU
MSE: 1.437985260162679
MAE: 0.722286734087714
EVS: 0.7605610536057381
