Model: GRU
MSE: 2.192196272591351
MAE: 1.198162753006507
EVS: 0.7160321537046087
