Model: GRU
MSE: 2.576760658055986
MAE: 1.1958452586469983
EVS: 0.7251439088020755
