Model: GRU
MSE: 2826.9270438137355
MAE: 53.108048471911204
EVS: -0.07703855314426145
