Model: GRU
MSE: 1.7991053272916682
MAE: 0.8168746438519711
EVS: 0.7180193445547629
