Model: GRU
MSE: 1435.032780185904
MAE: 37.79265140664989
EVS: -0.12471330689137838
