Model: GRU
MSE: 2.3733345584201135
MAE: 1.238405112562508
EVS: 0.7325537432021372
