Model: GRU
MSE: 1.74512810076846
MAE: 0.826859523510111
EVS: 0.7278088198419619
