Model: GRU
MSE: 6.4407042345889245
MAE: 2.2498112958053063
EVS: 0.7496698092549825
