Model: GRU
MSE: 1.7660837923471
MAE: 1.00539436340332
EVS: 0.7659623378987548
