Model: GRU
MSE: 1228.6145322226828
MAE: 34.92922062709414
EVS: -0.4273464344106952
