Model: GRU
MSE: 714.0643142790348
MAE: 26.578730747617524
EVS: -0.2725643541142615
