Model: GRU
MSE: 5.299095185150583
MAE: 1.948623607898581
EVS: 0.6965525785910102
