Model: GRU
MSE: 3031.9231201648563
MAE: 55.00763452464137
EVS: -0.01387736139002027
