Model: GRU
MSE: 4.524408809238436
MAE: 1.9158064743568153
EVS: 0.7117816335222267
