Model: GRU
MSE: 3.407193247840548
MAE: 1.4995993334671551
EVS: 0.7119305406584524
