Model: GRU
MSE: 1.7719619302497494
MAE: 0.7845761118264036
EVS: 0.7279834130720317
