Model: GRU
MSE: 1869.2691164652524
MAE: 43.14234463921909
EVS: -0.3345359160160737
