Model: GRU
MSE: 2.97719313182986
MAE: 1.3404150995714916
EVS: 0.7533957652021871
