Model: GRU
MSE: 4016.9534899452187
MAE: 63.29724851147882
EVS: -0.7353034702185262
