Model: GRU
MSE: 2.0518430712186313
MAE: 0.8461007825259507
EVS: 0.6953423110595138
