Model: GRU
MSE: 318.15909695733046
MAE: 17.64538311958313
EVS: -0.13325858674353097
