Model: GRU
MSE: 2.564374269975124
MAE: 1.2940970453722718
EVS: 0.7091384746102447
