Model: GRU
MSE: 5.320719694136366
MAE: 2.005269025934154
EVS: 0.7312051614078623
