Model: GRU
MSE: 3.4482837921762854
MAE: 1.4723950583359295
EVS: 0.706043686396935
