Model: GRU
MSE: 1.6418003232185798
MAE: 0.8575174233009073
EVS: 0.7409736215512552
