Model: GRU
MSE: 2.4798532005386407
MAE: 1.178538478654007
EVS: 0.7399429558914914
