Model: GRU
MSE: 2.2819550552284587
MAE: 1.0647540421321477
EVS: 0.7356323981436759
