Model: GRU
MSE: 2.766220451331975
MAE: 1.257783700679911
EVS: 0.7347822449009049
