Model: GRU
MSE: 1.9080658998719817
MAE: 0.9026232916733317
EVS: 0.7364229142671581
