Model: GRU
MSE: 2.6841130064391505
MAE: 1.2152480174755234
EVS: 0.7138742545294341
