Model: GRU
MSE: 1182.425915592889
MAE: 34.307271858741494
EVS: 0.0938311327844934
