Model: GRU
MSE: 1.706327841691749
MAE: 0.7669986384255548
EVS: 0.7629317262817266
