Model: GRU
MSE: 1.9174136396995576
MAE: 0.9637101929763265
EVS: 0.7010180989872382
