Model: GRU
MSE: 1561.7204055959546
MAE: 39.326065293673814
EVS: -1.530165685609786
