Model: GRU
MSE: 1.6351256877053166
MAE: 0.7586134713271571
EVS: 0.7313551457717746
