Model: GRU
MSE: 2.8996676251321776
MAE: 1.1649295872655414
EVS: 0.6590419621399066
