Model: GRU
MSE: 1.9343513807397164
MAE: 1.0388783915289515
EVS: 0.7043939339762151
