Model: GRU
MSE: 1.64861715182923
MAE: 0.7457683333035175
EVS: 0.7252441506915087
