Model: GRU
MSE: 377.78003647595625
MAE: 19.252910128955183
EVS: -0.1842480070551904
