Model: GRU
MSE: 2.016926558396586
MAE: 0.9317588806152346
EVS: 0.7108745701448155
