Model: GRU
MSE: 2.144441711883027
MAE: 0.9713479568218365
EVS: 0.6611847787551266
