Model: GRU
MSE: 2.954637742099738
MAE: 1.3727894898118649
EVS: 0.7587875480370201
