Model: GRU
MSE: 2.4867592851366123
MAE: 1.1225956719497159
EVS: 0.681166782134139
