Model: GRU
MSE: 4.188233739256241
MAE: 1.7145883461524705
EVS: 0.7295361981497179
