Model: GRU
MSE: 2.016764456811859
MAE: 0.8097583754309295
EVS: 0.6764309309338195
