Model: GRU
MSE: 2.33990684326964
MAE: 0.9724219914140375
EVS: 0.6618538650962813
