Model: GRU
MSE: 1.7587203970644372
MAE: 0.8392926249010813
EVS: 0.728194212701976
