Model: GRU
MSE: 439.5316506648935
MAE: 20.809389599438372
EVS: -0.08349252727994516
