Model: GRU
MSE: 1.7756346200781277
MAE: 0.8384659619166935
EVS: 0.7124767478048823
