Model: GRU
MSE: 587.6928428558836
MAE: 24.086942771385456
EVS: -0.25200513064758345
