Model: GRU
MSE: 17.490380076930144
MAE: 3.4967498779296875
EVS: 0.10671968796835118
