Model: GRU
MSE: 2.352127046515432
MAE: 0.9906458361395477
EVS: 0.6508953755656057
