Model: GRU
MSE: 3.834392298043816
MAE: 1.665738845693654
EVS: 0.3610133449586298
