Model: GRU
MSE: 5.498109809369282
MAE: 2.0064143312388456
EVS: 0.7091991335111991
