Model: GRU
MSE: 13.242039397575292
MAE: 2.8617219596073546
EVS: 0.02801152922335015
