Model: GRU
MSE: 1.6720915913776542
MAE: 0.8370204793995825
EVS: 0.7238969173579036
