Model: GRU
MSE: 1.951432132189909
MAE: 0.9703506601267846
EVS: 0.6857350791969887
