Model: GRU
MSE: 1.8478435154748256
MAE: 0.8157961779627306
EVS: 0.6928230940985801
