Model: GRU
MSE: 1.665431162338807
MAE: 0.7892149399066793
EVS: 0.7234630286770918
