Model: GRU
MSE: 1.6537037672804624
MAE: 0.7424708563705973
EVS: 0.7272828644416618
