Model: GRU
MSE: 256.84102824175596
MAE: 15.840795632066397
EVS: 0.014963002522982438
