Model: GRU
MSE: 2.648083722294689
MAE: 1.1257418764048615
EVS: 0.6983979351456955
