Model: GRU
MSE: 2.0186078492099964
MAE: 0.9364225617770494
EVS: 0.7070339383527593
