Model: GRU
MSE: 230.21909047676874
MAE: 14.958614961854343
EVS: -0.07648814995935727
