Model: GRU
MSE: 1.975500880027978
MAE: 0.8387441963985051
EVS: 0.6860306734964042
