Model: GRU
MSE: 2.02282100343418
MAE: 0.9446012069439068
EVS: 0.7201554397219992
