Model: GRU
MSE: 1.8425156942765264
MAE: 0.8760327141860433
EVS: 0.6967258100566476
