Model: GRU
MSE: 1.7783136527607046
MAE: 0.8545018557844488
EVS: 0.7155791840467951
