Model: GRU
MSE: 225.75721320435326
MAE: 14.785178525694485
EVS: -0.1926181946159793
