Model: GRU
MSE: 1.6702246403457641
MAE: 0.8147627896276014
EVS: 0.7217058752814607
