Model: GRU
MSE: 3.2143594949769523
MAE: 1.456883915539446
EVS: 0.7382733940750694
