Model: GRU
MSE: 1.871942161335059
MAE: 0.8837934691330482
EVS: 0.6882259076743513
