Model: GRU
MSE: 1.6767159113046075
MAE: 0.8152101779806205
EVS: 0.7244714170264588
