Model: GRU
MSE: 3338.0041445455263
MAE: 57.69982423453495
EVS: -0.4557379748832311
