Model: GRU
MSE: 3.547607155712717
MAE: 1.4818655540203232
EVS: 0.6928353242341665
