Model: GRU
MSE: 2.857819069604642
MAE: 1.3279531906391018
EVS: 0.734474979292332
