Model: GRU
MSE: 1.3860727726101036
MAE: 0.7450128691537038
EVS: 0.7834417229387053
