Model: GRU
MSE: 922.7932535907255
MAE: 30.204277433198072
EVS: -0.7491463881878524
