Model: GRU
MSE: 3.288066689177151
MAE: 1.4749138355255131
EVS: 0.7467934793631319
