Model: GRU
MSE: 4.719912999564534
MAE: 1.788452000453555
EVS: 0.6813797671044235
