Model: GRU
MSE: 731.9572524642738
MAE: 26.91211751411701
EVS: -0.28253056177170044
