Model: GRU
MSE: 1.8281361723359557
MAE: 0.9562820072831776
EVS: 0.743526472225279
