Model: GRU
MSE: 2.1786206945574373
MAE: 0.9767466413563699
EVS: 0.683857854415042
