Model: GRU
MSE: 257.87795168588
MAE: 15.827403639924936
EVS: -0.2285409507951499
