Model: GRU
MSE: 2.274870610477467
MAE: 1.0146222936696023
EVS: 0.6987445428875544
