Model: GRU
MSE: 222.01881185740703
MAE: 14.655637502670288
EVS: -0.20518354128854144
