Model: GRU
MSE: 3.7394097191374143
MAE: 1.549476031599374
EVS: 0.7057409354642603
