Model: GRU
MSE: 1.5636922539824025
MAE: 0.7551473913521605
EVS: 0.7458577734520553
