Model: GRU
MSE: 3.844461577960171
MAE: 1.6023548060450066
EVS: 0.7150363044355934
