Model: GRU
MSE: 3.428188233822861
MAE: 1.4561771524363556
EVS: 0.7041313042488537
