Model: GRU
MSE: 3.2585139769388327
MAE: 1.4461908340454106
EVS: 0.7518843043802216
