Model: GRU
MSE: 5.83394131615901
MAE: 2.214610658842942
EVS: 0.7314757943333587
