Model: GRU
MSE: 1.8427874934994586
MAE: 0.8610773250974456
EVS: 0.6929700120285582
