Model: GRU
MSE: 2.736382427255571
MAE: 1.2544620448145378
EVS: 0.7280019381646241
