Model: GRU
MSE: 1.753101924995823
MAE: 0.8395642083266684
EVS: 0.707922765385091
