Model: GRU
MSE: 1.859259963726078
MAE: 0.9028939871952454
EVS: 0.7292169621527238
