Model: GRU
MSE: 4.978573704899911
MAE: 2.0078619759658283
EVS: 0.7040436350259606
