Model: GRU
MSE: 3.472038528074227
MAE: 1.4700929871920887
EVS: 0.7165077352628937
