Model: GRU
MSE: 3.3096866271514256
MAE: 1.5712002392472888
EVS: 0.7180851400065607
