Model: GRU
MSE: 2.116058169037575
MAE: 1.0723652675234037
EVS: 0.7168170841779575
