Model: GRU
MSE: 2.0973775946012334
MAE: 1.1100232190099253
EVS: 0.7043924062361648
