Model: GRU
MSE: 3824.157464360948
MAE: 61.80040221378721
EVS: 0.18870823748794308
