Model: GRU
MSE: 1.9413230434532065
MAE: 0.9189626266216412
EVS: 0.7254253404698479
