Model: GRU
MSE: 1.6337837264807373
MAE: 0.8318125520433697
EVS: 0.7479134263894266
