Model: GRU
MSE: 1.9375122643739282
MAE: 0.9442645927955362
EVS: 0.6861877662238806
