Model: GRU
MSE: 2.6342924567532706
MAE: 1.3133468956782894
EVS: 0.7038226453296978
