Model: GRU
MSE: 1.9429903400154034
MAE: 0.9414967832894164
EVS: 0.7455977068816287
