Model: GRU
MSE: 16.180948596233645
MAE: 3.2754544718512175
EVS: 0.052143229357164755
