Model: GRU
MSE: 2.299077219077469
MAE: 1.077284089450179
EVS: 0.7333734331458928
