Model: GRU
MSE: 2.0007213951628824
MAE: 0.9341272321240657
EVS: 0.6987386677980675
