Model: GRU
MSE: 30.285079125922252
MAE: 5.119116676264796
EVS: 0.2953922196876686
