Model: GRU
MSE: 5.451785590313606
MAE: 2.016446680858218
EVS: 0.716543212121354
