Model: GRU
MSE: 1.8687836136651357
MAE: 0.9227079851873993
EVS: 0.7134200158881834
