Model: GRU
MSE: 1.92768059071162
MAE: 0.847063837380245
EVS: 0.6971443483621332
