Model: GRU
MSE: 1.7396018420381238
MAE: 0.7618185733926708
EVS: 0.7101152668243942
