Model: GRU
MSE: 2.2965534182692178
MAE: 1.0334590056846886
EVS: 0.7014149275305814
