Model: GRU
MSE: 3.570114295573012
MAE: 1.4918146215636159
EVS: 0.6964294029016654
