Model: GRU
MSE: 2.6884526608972585
MAE: 1.2955368962781189
EVS: 0.7504738389601517
