Model: GRU
MSE: 216.6796477079531
MAE: 14.481149665240583
EVS: -0.16265868014260376
