Model: GRU
MSE: 1471.4476371003302
MAE: 38.27171450647815
EVS: -0.12058430582676838
