Model: GRU
MSE: 1.5535770228820087
MAE: 0.7414927005767824
EVS: 0.7818444697782868
