Model: GRU
MSE: 2.917296187519011
MAE: 1.3564157074895404
EVS: 0.7353206787256934
