Model: GRU
MSE: 2.0230798638262653
MAE: 0.9172372982419774
EVS: 0.7048770245082285
