Model: GRU
MSE: 5.382411145718787
MAE: 1.7615117204600372
EVS: 0.30345998822267983
