Model: GRU
MSE: 1.7938271569233808
MAE: 0.80532797451677
EVS: 0.7012322801461062
