Model: GRU
MSE: 684.5722446105858
MAE: 25.92056815377597
EVS: -1.1160651993401398
