Model: GRU
MSE: 2579.9242379979514
MAE: 50.63515636838716
EVS: -1.667529591155564
