Model: GRU
MSE: 2.52305461300788
MAE: 1.1839870008929028
EVS: 0.7304854161458605
