Model: GRU
MSE: 1.9560530239853287
MAE: 0.9038071139105438
EVS: 0.7158079103419325
