Model: GRU
MSE: 1469.985843616709
MAE: 38.19356270494132
EVS: -0.8729352534040198
