Model: GRU
MSE: 3.7620391589939897
MAE: 1.531609518774625
EVS: 0.6800597559353856
