Model: GRU
MSE: 3831.300918963799
MAE: 61.853543709064354
EVS: 0.09332506755583869
