Model: GRU
MSE: 2434.7310870783986
MAE: 49.28215789794922
EVS: 0.0
