Model: GRU
MSE: 3.4750275910453623
MAE: 1.4511404448542107
EVS: 0.7043722340299898
