Model: GRU
MSE: 2.3258503257693666
MAE: 1.1742879111191322
EVS: 0.704801762236531
