Model: GRU
MSE: 263.1616151929613
MAE: 16.043042232250347
EVS: 0.03626481213447752
