Model: GRU
MSE: 942.2674493367138
MAE: 30.47735230676059
EVS: -1.233074284384788
