Model: GRU
MSE: 1.7622316352020286
MAE: 0.8026355546096278
EVS: 0.71239385589619
