Model: GRU
MSE: 7.164215266545398
MAE: 2.133409269924822
EVS: 0.0
