Model: GRU
MSE: 5049.822779338707
MAE: 71.01105183568494
EVS: -0.20888275472881945
