Model: GRU
MSE: 1.744536074341058
MAE: 0.8513856756276098
EVS: 0.7108888307029695
