Model: GRU
MSE: 1.5886497221940301
MAE: 0.7854723108225857
EVS: 0.7458859533178192
