Model: GRU
MSE: 1.8889860561450154
MAE: 0.8665772142081423
EVS: 0.6886559629155922
