Model: GRU
MSE: 1.7726601361046364
MAE: 0.840289510529617
EVS: 0.7256454139446757
