Model: GRU
MSE: 1.8963664531998683
MAE: 0.9724686063569171
EVS: 0.7553189882673016
