Model: GRU
MSE: 2.365787523954842
MAE: 1.181553758423904
EVS: 0.7100805317569456
