Model: GRU
MSE: 4.910331810650619
MAE: 1.8892765867299053
EVS: 0.7075784581460297
