Model: GRU
MSE: 1.778495525579556
MAE: 0.8712278563400794
EVS: 0.7060752859083639
