Model: GRU
MSE: 4.692807070805184
MAE: 1.8489882946014409
EVS: 0.7205515996124057
