Model: GRU
MSE: 2.133662100139081
MAE: 0.9813779469194087
EVS: 0.701808591474755
