Model: GRU
MSE: 193.0569520258689
MAE: 13.676876544952393
EVS: 0.0
