Model: GRU
MSE: 782.3879045591831
MAE: 27.84932807396198
EVS: -0.1338050646693656
