Model: GRU
MSE: 6.208728472764633
MAE: 2.20417386087878
EVS: 0.7214301468229956
