Model: GRU
MSE: 320.1673101441872
MAE: 17.654130927447614
EVS: -0.41649522345414014
