Model: GRU
MSE: 4145.883323874857
MAE: 63.96758816160005
EVS: -8.00516477713037
