Model: GRU
MSE: 3.553709858382542
MAE: 1.5309897702315762
EVS: 0.7014511917590767
