Model: GRU
MSE: 3.8653156981812553
MAE: 1.6057958109625459
EVS: 0.7135068067536312
