Model: GRU
MSE: 1.7634112305545702
MAE: 0.7676960682046827
EVS: 0.7124843168357118
