Model: GRU
MSE: 3.413774533377145
MAE: 1.4890563899073113
EVS: 0.7192434632524067
