Model: GRU
MSE: 3.8858554767888522
MAE: 1.7516372121613597
EVS: 0.7445744793383284
