Model: GRU
MSE: 4.217065600046639
MAE: 1.72732870332126
EVS: 0.7159172098854523
