Model: GRU
MSE: 4.712460626816454
MAE: 1.8061668461766742
EVS: 0.6928582063080226
