Model: GRU
MSE: 2.152805533041421
MAE: 1.123876966279129
EVS: 0.7786228012113032
