Model: GRU
MSE: 2.467733962222625
MAE: 1.2394367086476288
EVS: 0.7259028551171456
