Model: GRU
MSE: 1.6280053895766757
MAE: 0.8006823638389853
EVS: 0.7449919919547283
