Model: GRU
MSE: 499.7406824046462
MAE: 22.214817984350795
EVS: -0.04042405446843911
