Model: GRU
MSE: 5.064326357898363
MAE: 1.9231370317524883
EVS: 0.7113588565985147
