Model: GRU
MSE: 1.9305772947794233
MAE: 0.8885857812289536
EVS: 0.6979709015722946
