Model: GRU
MSE: 6.294907069690917
MAE: 2.201439824597589
EVS: 0.7256191622171069
