Model: GRU
MSE: 1.6090109586984438
MAE: 0.8350226139200145
EVS: 0.7368412183047528
