Model: GRU
MSE: 2.3064693594911065
MAE: 1.0964294795332281
EVS: 0.6403288826706808
