Model: GRU
MSE: 2275.416143567581
MAE: 47.50501527457401
EVS: -2.1149445550116983
