Model: GRU
MSE: 1.546423092230443
MAE: 0.760428757503115
EVS: 0.7447925376837383
