Model: GRU
MSE: 1.6809314759771825
MAE: 0.7472899206753435
EVS: 0.7201032237843541
