Model: GRU
MSE: 2.717300010159687
MAE: 1.264310664144056
EVS: 0.7241859550841636
