Model: GRU
MSE: 1.7915860186127905
MAE: 0.8050202830084442
EVS: 0.702655567107987
