Model: GRU
MSE: 25.595593699054007
MAE: 4.426691055297852
EVS: 0.0
