Model: GRU
MSE: 1.564561830608423
MAE: 0.7289074042747761
EVS: 0.7393041220055617
