Model: GRU
MSE: 5.32963566114793
MAE: 2.00522779596263
EVS: 0.7285262367991885
