Model: GRU
MSE: 219.40923543350024
MAE: 14.584190417980325
EVS: -0.1184375475985211
