Model: GRU
MSE: 242.11782189101066
MAE: 15.348228405261862
EVS: -0.09161778515392993
