Model: GRU
MSE: 1.6417970342702355
MAE: 0.7224421665586277
EVS: 0.7316335324845766
