Model: GRU
MSE: 2.0292905780215578
MAE: 0.8199085531563597
EVS: 0.662046384709706
