Model: GRU
MSE: 1.7950261488296966
MAE: 0.8614961854342759
EVS: 0.7223451047263404
