Model: GRU
MSE: 3.319767900484044
MAE: 1.3726584335853318
EVS: 0.6729050576719109
