Model: GRU
MSE: 9.981950742608117
MAE: 2.9233855132398934
EVS: 0.7342833198374018
