Model: GRU
MSE: 1.8661829790069784
MAE: 0.814691444923138
EVS: 0.702106785104498
