Model: GRU
MSE: 240.9572523314586
MAE: 15.320171126003924
EVS: -0.04160150023571596
