Model: GRU
MSE: 6797.850756540407
MAE: 82.40312484215046
EVS: -0.26262879822880536
