Model: GRU
MSE: 1.8069202811142027
MAE: 0.93509841787404
EVS: 0.7457617137917731
