Model: GRU
MSE: 2371.959410315847
MAE: 47.695606790739916
EVS: -15.181417196495278
