Model: GRU
MSE: 1.7406263458308409
MAE: 0.8184317720347437
EVS: 0.7106338668676573
