Model: GRU
MSE: 1.8793409934635057
MAE: 0.8600516648128117
EVS: 0.6877958130647377
