Model: GRU
MSE: 213.0261697979098
MAE: 14.381013899013913
EVS: -0.03543483904640765
