Model: GRU
MSE: 680.2939600965178
MAE: 25.920818131545495
EVS: -0.4008579146433906
