Model: GRU
MSE: 1.8949252610141387
MAE: 0.9116727237043707
EVS: 0.6886587226071639
