Model: GRU
MSE: 1.848300380402289
MAE: 0.8028383419431492
EVS: 0.7035478441175345
