Model: GRU
MSE: 655.3708040470261
MAE: 25.412751280028246
EVS: -0.5938127377415086
