Model: GRU
MSE: 2.3991666921313306
MAE: 1.0692590269549143
EVS: 0.7157365689898552
