Model: GRU
MSE: 1254.5329374062658
MAE: 35.2961441237351
EVS: -0.45252456713098144
