Model: GRU
MSE: 1.8460030518085657
MAE: 0.8836914753091744
EVS: 0.7009796181489965
