Model: GRU
MSE: 1.9927213007233056
MAE: 0.9435038895442568
EVS: 0.6686177383162522
