Model: GRU
MSE: 314.396776261403
MAE: 17.55154853853686
EVS: -0.05665336013127398
