Model: GRU
MSE: 1.7454615398162607
MAE: 0.7619948798212515
EVS: 0.7106824037253066
