Model: GRU
MSE: 270.51227591971696
MAE: 16.23047163568694
EVS: -0.1806777338131107
