Model: GRU
MSE: 2.0086362293255853
MAE: 0.8448753356933596
EVS: 0.6967338262325595
