Model: GRU
MSE: 2.062572961978323
MAE: 1.0241075384205782
EVS: 0.6632874853927333
