Model: GRU
MSE: 3.1593362882815743
MAE: 1.4384236006901188
EVS: 0.7290345551664699
