Model: GRU
MSE: 4.193076356858147
MAE: 1.733344694663739
EVS: 0.7391650363389757
