Model: GRU
MSE: 5.59972698990161
MAE: 2.035999306317034
EVS: 0.7211063938804629
