Model: GRU
MSE: 1.8534860525854693
MAE: 0.8654279873288911
EVS: 0.6914984483898454
