Model: GRU
MSE: 2.235681886329044
MAE: 0.9630379841245458
EVS: 0.6889751336090386
