Model: GRU
MSE: 403.73105920037864
MAE: 19.93301486968994
EVS: -0.06766290084973048
