Model: GRU
MSE: 3.3238892995989384
MAE: 1.5868677435250114
EVS: 0.7451130938743808
