Model: GRU
MSE: 1.9079917737439367
MAE: 1.010431881608634
EVS: 0.7255373815320134
