Model: GRU
MSE: 2.4629778230846107
MAE: 1.2485275104128086
EVS: 0.7682857951159726
