Model: GRU
MSE: 4.687644003120761
MAE: 1.849224394765394
EVS: 0.7215708086656132
