Model: GRU
MSE: 3.351850882489748
MAE: 1.4568823123800347
EVS: 0.727612929088022
