Model: GRU
MSE: 4.13625692914637
MAE: 1.7335885146568566
EVS: 0.7646185472167342
