Model: GRU
MSE: 2.9676020422462623
MAE: 1.3994110534931057
EVS: 0.7437208334030307
