Model: GRU
MSE: 5.13689266018152
MAE: 1.9837564435498474
EVS: 0.7514586168852923
