Model: GRU
MSE: 1.9564377140090046
MAE: 0.8604012028924354
EVS: 0.7134291120877571
