Model: GRU
MSE: 854.2809673071744
MAE: 29.079668735635693
EVS: -0.44230558881109405
