Model: GRU
MSE: 3373.3356114846947
MAE: 58.01877133599643
EVS: -0.19296402434231674
