Model: GRU
MSE: 1.7721347283059787
MAE: 0.7905271628807331
EVS: 0.705901178686891
