Model: GRU
MSE: 1595.5315377943518
MAE: 39.673575203994226
EVS: -2.589828054561067
