Model: GRU
MSE: 637.3801334035275
MAE: 24.934237578819538
EVS: -1.6106549610851806
