Model: GRU
MSE: 1.5984745154431916
MAE: 0.7005655190040327
EVS: 0.7374719386618234
