Model: GRU
MSE: 4.525891565052416
MAE: 1.8156106883081902
EVS: 0.7454650661643862
