Model: GRU
MSE: 1.868367964068119
MAE: 0.987873735099003
EVS: 0.7463923524578964
