Model: GRU
MSE: 2.668940432759506
MAE: 1.3294017397124192
EVS: 0.6591628747980667
