Model: GRU
MSE: 1.4613006545184362
MAE: 0.7436790330069404
EVS: 0.7724950606925992
