Model: GRU
MSE: 1.6476843268191543
MAE: 0.7872476906612004
EVS: 0.7359317615572635
