Model: GRU
MSE: 1.6639941945486811
MAE: 0.7899254437150628
EVS: 0.7230562441568904
