Model: GRU
MSE: 3.2803689112517955
MAE: 1.4182006819494843
EVS: 0.707591401130277
