Model: GRU
MSE: 285.8708834183037
MAE: 16.707989643360005
EVS: -0.11899424927974755
