Model: GRU
MSE: 2.0109040075979134
MAE: 0.8953150469681315
EVS: 0.717195493088879
