Model: GRU
MSE: 1.8233214426970867
MAE: 0.8444720958841255
EVS: 0.6961281602115766
