Model: GRU
MSE: 4.639135334195624
MAE: 1.8206964690109784
EVS: 0.6969270016015939
