Model: GRU
MSE: 1.8459552442734155
MAE: 0.9019573310325888
EVS: 0.6962037931065135
