Model: GRU
MSE: 3.2390283761559324
MAE: 1.4366151217756604
EVS: 0.7269974433577358
