Model: GRU
MSE: 1.7433805498473762
MAE: 0.8147837704625622
EVS: 0.712760553624308
