Model: GRU
MSE: 2.119160672711528
MAE: 1.0033854862739302
EVS: 0.7226961822596786
