Model: GRU
MSE: 1.697773013623944
MAE: 0.7840955997335503
EVS: 0.7172542063771035
