Model: GRU
MSE: 2.2382079716942136
MAE: 0.9958357646547519
EVS: 0.7100506428195617
