Model: GRU
MSE: 1.826583582158413
MAE: 0.8632924474518875
EVS: 0.7074607464486209
