Model: GRU
MSE: 3.825661273009905
MAE: 1.5881354233314255
EVS: 0.7254435586781918
