Model: GRU
MSE: 2.3057410176197353
MAE: 0.9790921046816073
EVS: 0.688987212888149
