Model: GRU
MSE: 1.830342894013797
MAE: 0.84863439099542
EVS: 0.7024710693915321
