Model: GRU
MSE: 6941.663958069335
MAE: 83.27398352787412
EVS: -0.18460424478074544
