Model: GRU
MSE: 1004.0992999626928
MAE: 31.555919844528724
EVS: -0.38720378806184463
