Model: GRU
MSE: 1303.820614751147
MAE: 36.03275641079607
EVS: 0.08981996810296888
