Model: GRU
MSE: 6.598620145939723
MAE: 2.297743961728852
EVS: 0.7375442889145016
