Model: GRU
MSE: 2.590200111054986
MAE: 1.1984529248599354
EVS: 0.7239155905145496
