Model: GRU
MSE: 1.7610045976370954
MAE: 0.8503821636068413
EVS: 0.7202182987167904
