Model: GRU
MSE: 280.83748223790207
MAE: 16.534821526757604
EVS: -0.2395265526959196
