Model: GRU
MSE: 2.571912339622177
MAE: 1.1604310315230801
EVS: 0.7185378031552796
