Model: GRU
MSE: 2.533284259222407
MAE: 1.2756849321825752
EVS: 0.6775694161411419
