Model: GRU
MSE: 5.598618525197357
MAE: 2.00805139541626
EVS: 0.6843047102111958
