Model: GRU
MSE: 1232.5613907273141
MAE: 34.98313262544829
EVS: -0.4569704062682298
