Model: GRU
MSE: 1.882110580193355
MAE: 0.9001198472647831
EVS: 0.694473303610929
