Model: GRU
MSE: 2.4696388490615244
MAE: 1.1693138254099884
EVS: 0.709859013779284
