Model: GRU
MSE: 437.28483175441
MAE: 20.735012950568365
EVS: -0.2240116156953873
