Model: GRU
MSE: 1.709652282609019
MAE: 0.8530678749084475
EVS: 0.7410746666189811
