Model: GRU
MSE: 2.423932969998552
MAE: 1.1517786897461995
EVS: 0.7139809366494925
