Model: GRU
MSE: 1.8078241942736173
MAE: 0.8239701698566305
EVS: 0.6997597175411205
