Model: GRU
MSE: 2.380712513501545
MAE: 1.216186375453554
EVS: 0.7167752113878012
