Model: GRU
MSE: 2.198432678410506
MAE: 0.9892259630663646
EVS: 0.7073366990544552
