Model: GRU
MSE: 2.7803282887292227
MAE: 1.1541197711023796
EVS: 0.6701239517889905
