Model: GRU
MSE: 3699.3193098094016
MAE: 60.76796084436877
EVS: -0.09570743777757618
