Model: GRU
MSE: 2.06034604906784
MAE: 0.9040177279505236
EVS: 0.6641752336060365
