Model: GRU
MSE: 1.9970369801134564
MAE: 0.8965163066469393
EVS: 0.6672510734245849
