Model: GRU
MSE: 1.8144752218108806
MAE: 0.8280354039422397
EVS: 0.6982066982964679
