Model: GRU
MSE: 3.983785933881106
MAE: 1.6064176148381732
EVS: 0.6781025941889478
