Model: GRU
MSE: 6087.108138818572
MAE: 77.96752732375572
EVS: -0.36213697299604775
