Model: GRU
MSE: 2.5988946243562587
MAE: 1.193390032340741
EVS: 0.7126632329539193
