Model: GRU
MSE: 1.9047451087810479
MAE: 0.839793813639674
EVS: 0.69942024497054
