Model: GRU
MSE: 254.99711667371525
MAE: 15.754999892465
EVS: -0.12951584369052216
