Model: GRU
MSE: 238.37374533771626
MAE: 15.204321894152411
EVS: -0.2003901794523142
