Model: GRU
MSE: 1.8957912392766985
MAE: 1.062186158936599
EVS: 0.7418040673913984
