Model: GRU
MSE: 1040.1452773264996
MAE: 32.03190770642511
EVS: -1.350361002260581
