Model: GRU
MSE: 1.7268424073235549
MAE: 0.8530768197158285
EVS: 0.7124152670745525
