Model: GRU
MSE: 2.656062462583453
MAE: 1.2226290538393223
EVS: 0.7374584973727145
