Model: GRU
MSE: 2.1917357143525362
MAE: 1.1215957773142846
EVS: 0.6928688172193707
