Model: GRU
MSE: 2.075636065830638
MAE: 0.9012870624147616
EVS: 0.6981187913072633
