Model: GRU
MSE: 2.5210464188800157
MAE: 1.1706030944298058
EVS: 0.711843994626522
