Model: GRU
MSE: 4.861230880055761
MAE: 1.8988032423216725
EVS: 0.7397631460319849
