Model: GRU
MSE: 1.7682226514027584
MAE: 0.7848637679527547
EVS: 0.7076301646498193
