Model: GRU
MSE: 2.5526608704320672
MAE: 1.190310511095771
EVS: 0.7259237072045939
