Model: GRU
MSE: 2.5364776410771412
MAE: 1.2008364611658562
EVS: 0.7531140006631284
