Model: GRU
MSE: 2.04495672777902
MAE: 0.9285088900862072
EVS: 0.7224080668426669
