Model: GRU
MSE: 2.641322049526935
MAE: 1.235015540287413
EVS: 0.72578899401684
