Model: GRU
MSE: 1.8763732337483978
MAE: 0.9262186412153576
EVS: 0.7395704154058371
