Model: GRU
MSE: 1.5520143090183223
MAE: 0.7348759092133623
EVS: 0.748610521492364
