Model: GRU
MSE: 2.347433706226988
MAE: 1.0517046451568608
EVS: 0.7220312744970523
