Model: GRU
MSE: 1.6185654518185715
MAE: 0.7312926259534115
EVS: 0.7334689424533131
