Model: GRU
MSE: 2.1924816874667035
MAE: 1.0524077579892912
EVS: 0.7009922305509982
