Model: GRU
MSE: 2.837552933900731
MAE: 1.4295603653480264
EVS: 0.7477790599466865
