Model: GRU
MSE: 5.628740291657815
MAE: 2.0343938120480245
EVS: 0.7150437153008611
