Model: GRU
MSE: 352.2784820806977
MAE: 18.552781894289215
EVS: -0.34546101060532997
