Model: GRU
MSE: 1181.7217239505921
MAE: 34.27539121693578
EVS: -0.15321347943226815
