Model: GRU
MSE: 1.7176269657815877
MAE: 0.7623314857482908
EVS: 0.7164448452687886
