Model: GRU
MSE: 2673.587205678069
MAE: 51.598250290443154
EVS: -0.8679621071420229
