Model: GRU
MSE: 2.120964790955868
MAE: 1.0211281529788316
EVS: 0.7393811031655617
