Model: GRU
MSE: 7.120505901636571
MAE: 2.3660650664362413
EVS: 0.7065958932894894
