Model: GRU
MSE: 2.0906482676046867
MAE: 1.0629865054426524
EVS: 0.7513548341372498
