Model: GRU
MSE: 1.943747147103326
MAE: 1.0580288623941354
EVS: 0.7025993470484704
