Model: GRU
MSE: 2.2971605482838453
MAE: 0.9844161066515696
EVS: 0.6742629606373955
