Model: GRU
MSE: 1.8480143420581576
MAE: 0.8473875440400223
EVS: 0.6936363036100686
