Model: GRU
MSE: 2.6604813983844795
MAE: 1.2492207247635418
EVS: 0.735667300497777
