Model: GRU
MSE: 229.35722261841354
MAE: 14.928969638100986
EVS: -0.08051469384540932
