Model: GRU
MSE: 5149.221345161183
MAE: 71.71756652305866
EVS: 0.03133380469345293
