Model: GRU
MSE: 2.4207198430504437
MAE: 1.119763826501781
EVS: 0.7264988097962237
