Model: GRU
MSE: 5.146403144362331
MAE: 1.9479340767038285
EVS: 0.7215043230053361
