Model: GRU
MSE: 2.005881133718555
MAE: 0.912568544519359
EVS: 0.7168361003260069
