Model: GRU
MSE: 326.5359089714166
MAE: 17.873408794403076
EVS: -0.17952783992855825
