Model: GRU
MSE: 3.7076481382044637
MAE: 1.5553520958999112
EVS: 0.7288819649541469
