Model: GRU
MSE: 2.493474104885364
MAE: 1.1297438555750359
EVS: 0.7257264866022637
