Model: GRU
MSE: 1.9662091735769756
MAE: 0.887626121784079
EVS: 0.7043612485439357
