Model: GRU
MSE: 1.9802325097826288
MAE: 0.9181831458519248
EVS: 0.7247290819372665
