Model: GRU
MSE: 3.631044875244604
MAE: 1.5576184700275295
EVS: 0.7290628289298065
