Model: GRU
MSE: 2.9378780753620437
MAE: 1.2840231698134854
EVS: 0.7264413783674253
