Model: GRU
MSE: 1116.4106247255831
MAE: 33.238946717360925
EVS: -0.9305076410040842
