Model: GRU
MSE: 1.6072733218474209
MAE: 0.7678793709853602
EVS: 0.7340285879397652
