Model: GRU
MSE: 1.842375985999736
MAE: 0.8905124171026825
EVS: 0.7239309140900727
