Model: GRU
MSE: 1.7426780803612494
MAE: 0.8764346550250878
EVS: 0.7437682941706778
