Model: GRU
MSE: 1.7095239442843382
MAE: 0.8343763187013826
EVS: 0.7403329922942072
