Model: GRU
MSE: 1.7249414796260367
MAE: 0.7769716197046743
EVS: 0.7149659208187942
