Model: GRU
MSE: 5.629950852133006
MAE: 2.079777076326568
EVS: 0.7440525433643073
