Model: GRU
MSE: 3039.6940513789264
MAE: 55.02309357779367
EVS: -0.901305836040124
