Model: GRU
MSE: 660.1003570333909
MAE: 25.529615435107
EVS: -0.38984879482288126
