Model: GRU
MSE: 1.7111498550878874
MAE: 0.750072865650572
EVS: 0.7286804138448664
