Model: GRU
MSE: 3873.244467842949
MAE: 62.109207547944166
EVS: -1.6151342682239753
