Model: GRU
MSE: 1.591611139598077
MAE: 0.9643771401767071
EVS: 0.7660150817277499
