Model: GRU
MSE: 6.722497264041073
MAE: 2.282936795004483
EVS: 0.6994224198630812
