Model: GRU
MSE: 3.4655489418560146
MAE: 1.4444786433515882
EVS: 0.6791618665023844
