Model: GRU
MSE: 2.060617293965433
MAE: 1.1041690563333444
EVS: 0.7226503374932827
