Model: GRU
MSE: 2.8138518102264762
MAE: 1.3152222386721912
EVS: 0.7480985614587201
