Model: GRU
MSE: 291.03333035652093
MAE: 16.840445362288378
EVS: -0.23878839271679886
