Model: GRU
MSE: 1.734014769987033
MAE: 0.8480601146303377
EVS: 0.73774569736065
