Model: GRU
MSE: 2.678118106918098
MAE: 1.2109074099310517
EVS: 0.7074990466305131
