Model: GRU
MSE: 2.5380335432223537
MAE: 1.3166715852145485
EVS: 0.7382506786833642
