Model: GRU
MSE: 2277.875556385905
MAE: 47.656101621430494
EVS: -0.12858910563241377
