Model: GRU
MSE: 1.9380280507702679
MAE: 0.8950542910345669
EVS: 0.6790008263722169
