Model: GRU
MSE: 2.0032806485016157
MAE: 0.8161139652646822
EVS: 0.6728395302730013
