Model: GRU
MSE: 257.27236226249283
MAE: 15.83983036567425
EVS: -0.06202270819281086
