Model: GRU
MSE: 227.25630968527398
MAE: 14.843783822552911
EVS: -0.1530652524317413
