Model: GRU
MSE: 1.7020594764638612
MAE: 0.7986229964665003
EVS: 0.7462444520744127
