Model: GRU
MSE: 2.1931762893873543
MAE: 0.9614732512112325
EVS: 0.7046125433727395
