Model: GRU
MSE: 1.88907491020007
MAE: 0.9130099559652397
EVS: 0.7270147981625867
