Model: GRU
MSE: 1.648184957715659
MAE: 0.7677433408539873
EVS: 0.7309419943419453
