Model: GRU
MSE: 2.1835979920841146
MAE: 1.1373987033449369
EVS: 0.7226059222520091
