Model: GRU
MSE: 24.64491775398089
MAE: 4.180281244475266
EVS: -0.21412718930052033
