Model: GRU
MSE: 5178.1157588796705
MAE: 71.90891226406755
EVS: -0.20401597971767438
