Model: GRU
MSE: 1.6348679542932367
MAE: 0.9185072635782174
EVS: 0.7379790046155743
