Model: GRU
MSE: 2.0032922223891734
MAE: 1.0230220761792412
EVS: 0.6878376719777406
