Model: GRU
MSE: 1.9644415022412898
MAE: 1.062220162358777
EVS: 0.7093039443511957
