Model: GRU
MSE: 2.481149655281616
MAE: 1.2406018355797073
EVS: 0.706358493367808
