Model: GRU
MSE: 1.82768523794177
MAE: 0.8162145861263931
EVS: 0.6961295935776333
