Model: GRU
MSE: 1.7911412452329794
MAE: 0.7800441117122258
EVS: 0.7107702669993226
