Model: GRU
MSE: 1.7938150337370267
MAE: 0.8159879651562921
EVS: 0.7010948807853876
