Model: GRU
MSE: 251.68460385340788
MAE: 15.62506991419299
EVS: -0.2569656716648281
