Model: GRU
MSE: 244.02559333263386
MAE: 15.43454176804115
EVS: 0.03324770946215583
