Model: GRU
MSE: 3890.8594159095946
MAE: 62.30720658137881
EVS: -0.4452373224967501
