Model: GRU
MSE: 2.4021947843564173
MAE: 1.1142208987268913
EVS: 0.7190707979350057
