Model: GRU
MSE: 1095.8278552552774
MAE: 32.93102169036865
EVS: -0.8959442806244466
