Model: GRU
MSE: 1.9345216599328472
MAE: 0.8510795050653921
EVS: 0.6969537179489922
