Model: GRU
MSE: 1.6619760133917068
MAE: 0.7659068436458195
EVS: 0.729564314881866
