Model: GRU
MSE: 1.8752103303320145
MAE: 0.9927670051311622
EVS: 0.703295078735632
