Model: GRU
MSE: 1.717103555173786
MAE: 0.7904998022934484
EVS: 0.715241844460213
