Model: GRU
MSE: 2.562181599907536
MAE: 1.2363532987134205
EVS: 0.6925881184933327
