Model: GRU
MSE: 5.102087166330635
MAE: 1.9653239579036323
EVS: 0.721960889796519
