Model: GRU
MSE: 2.399052504774757
MAE: 1.0483391367155934
EVS: 0.6974623468658556
