Model: GRU
MSE: 2.7428998659959203
MAE: 1.2412814025221204
EVS: 0.7326099623803657
