Model: GRU
MSE: 1.7927384930473385
MAE: 0.7930276804956897
EVS: 0.7044311875525551
