Model: GRU
MSE: 2.340731491938332
MAE: 1.1021495605337213
EVS: 0.7344503810449264
