Model: GRU
MSE: 1.7027350723480814
MAE: 0.7809025994662581
EVS: 0.7177373873696044
