Model: GRU
MSE: 683.0033402546733
MAE: 25.96100297467462
EVS: -0.50494413393478
