Model: GRU
MSE: 4.008690482185745
MAE: 1.4763929103982865
EVS: 0.6169591862760955
