Model: GRU
MSE: 5.1250505393668995
MAE: 2.0375853735825107
EVS: 0.6975689700290917
