Model: GRU
MSE: 1.8306635148668144
MAE: 0.8708661178062704
EVS: 0.7200396641486992
