Model: GRU
MSE: 2.4751566572342427
MAE: 1.287844772996574
EVS: 0.7769431737997037
