Model: GRU
MSE: 2.391712082702553
MAE: 1.1014219974649366
EVS: 0.7078626663530023
