Model: GRU
MSE: 5.472246786804289
MAE: 2.0594062558535877
EVS: 0.750553625208806
