Model: GRU
MSE: 2.5920925281206246
MAE: 1.2336605499530666
EVS: 0.7326284454290399
