Model: GRU
MSE: 1.78068633556412
MAE: 0.8130749340715082
EVS: 0.7171607548179912
