Model: GRU
MSE: 236.6290455305731
MAE: 15.16181218624115
EVS: -0.12474945995374842
