Model: GRU
MSE: 1306.1967846694188
MAE: 36.046138237262596
EVS: -0.14545047492907925
