Model: GRU
MSE: 3.3775495450931112
MAE: 1.5308461024843418
EVS: 0.7307342558117935
