Model: GRU
MSE: 1.9667816451894615
MAE: 0.903566475572257
EVS: 0.681051603926234
