Model: GRU
MSE: 2.1286326297673317
MAE: 0.9308691024780272
EVS: 0.6522700444630789
