Model: GRU
MSE: 1.8062649834082862
MAE: 0.8511758672780007
EVS: 0.7383808959574736
