Model: GRU
MSE: 1.7880757751994334
MAE: 0.8465288589740624
EVS: 0.7371204527489832
