Model: GRU
MSE: 2.1130138379513084
MAE: 0.9714378899541398
EVS: 0.6948120798307817
