Model: GRU
MSE: 1.7979380905142948
MAE: 0.8965123110804067
EVS: 0.7203774252111783
