Model: GRU
MSE: 3.73296457008028
MAE: 1.6286945178590977
EVS: 0.732094707210774
