Model: GRU
MSE: 199.40828024098414
MAE: 13.903482272707183
EVS: -0.016910155583538033
