Model: GRU
MSE: 1.8049731253462566
MAE: 0.8179816377574002
EVS: 0.7217462839877364
