Model: GRU
MSE: 8841.042557426765
MAE: 93.99187758873249
EVS: -0.0949174619152775
