Model: GRU
MSE: 2.4247914871936342
MAE: 1.131871527638929
EVS: 0.7292095620533838
