Model: GRU
MSE: 173.36127956601763
MAE: 12.922057184679755
EVS: -0.0636196136473306
