Model: GRU
MSE: 349.833925601371
MAE: 18.519031072485035
EVS: -0.14656895628412703
