Model: GRU
MSE: 3.3124101050388903
MAE: 1.5656417813794363
EVS: 0.7237132712705212
