Model: GRU
MSE: 3.1104502663281974
MAE: 1.4800149490093357
EVS: 0.7135249335810419
