Model: GRU
MSE: 250.81037710928948
MAE: 15.610494268351587
EVS: -0.18714096784194845
