Model: GRU
MSE: 303.2146929507557
MAE: 17.203941912486634
EVS: -0.20651260375688718
