Model: GRU
MSE: 2.085657968105274
MAE: 0.9533675950149013
EVS: 0.72536061748612
