Model: GRU
MSE: 1.7827546378950412
MAE: 0.8113531737492005
EVS: 0.7058952277571449
