Model: GRU
MSE: 2.0504890436944723
MAE: 0.9847905882473652
EVS: 0.7413523978836183
