Model: GRU
MSE: 2.069850752719613
MAE: 1.0641215587484423
EVS: 0.7365937650570368
