Model: GRU
MSE: 2.8287703793935544
MAE: 1.281869271705891
EVS: 0.7119123323634644
