Model: GRU
MSE: 3.716498274120498
MAE: 1.5322381710184036
EVS: 0.7168175982254634
