Model: GRU
MSE: 1236.5189071130972
MAE: 35.05773866587672
EVS: -0.2456444580316297
