Model: GRU
MSE: 7736.5520640145105
MAE: 86.74887926825161
EVS: -34.19733495280247
