Model: GRU
MSE: 1.958138563136878
MAE: 0.9167911924164874
EVS: 0.7205468671823829
