Model: GRU
MSE: 2.391868968364162
MAE: 1.2046025868119865
EVS: 0.7093728558046477
