Model: GRU
MSE: 1.7808173793455202
MAE: 0.7958101239697689
EVS: 0.7264195746869673
