Model: GRU
MSE: 1.6454451724053538
MAE: 0.7449181965419225
EVS: 0.7567330708529403
