Model: GRU
MSE: 2.339194217223316
MAE: 1.13560176717824
EVS: 0.7315666045606792
