Model: GRU
MSE: 1123.168576537256
MAE: 33.39940643310547
EVS: -0.27470440891485715
