Model: GRU
MSE: 4.393419339319685
MAE: 1.7189015437816757
EVS: 0.6980107583814521
