Model: GRU
MSE: 4.387568698443771
MAE: 1.71813072829411
EVS: 0.7221116635397832
