Model: GRU
MSE: 190.3368820510839
MAE: 13.557520237462274
EVS: -0.08842117698079544
