Model: GRU
MSE: 216.48016164269475
MAE: 14.495245943809378
EVS: -0.061334445195431186
