Model: GRU
MSE: 1.7111151416904626
MAE: 0.7727177718590046
EVS: 0.7162574200102586
