Model: GRU
MSE: 1036.3045342376117
MAE: 32.092752588206324
EVS: -0.059960924964659545
