Model: GRU
MSE: 1.9975011595916077
MAE: 1.0851030843011262
EVS: 0.740346665926644
