Model: GRU
MSE: 2.481427326344836
MAE: 1.195945887730039
EVS: 0.7018036753393895
