Model: GRU
MSE: 1.8517625027291866
MAE: 0.8875735545980522
EVS: 0.7290359958442896
