Model: GRU
MSE: 2.002940189498849
MAE: 0.8644853707017572
EVS: 0.7034911704685596
