Model: GRU
MSE: 1.6305776169749213
MAE: 0.8038001553765661
EVS: 0.7283292914462748
