Model: GRU
MSE: 4.390523490244128
MAE: 1.5935576701986378
EVS: 0.31193804278584125
