Model: GRU
MSE: 3.266809435619273
MAE: 1.3999861519912198
EVS: 0.7196364718744264
