Model: GRU
MSE: 2.411963015082148
MAE: 1.2351001871043237
EVS: 0.7091870189833425
