Model: GRU
MSE: 2.1521741343562697
MAE: 0.9553373764301171
EVS: 0.6826751775756519
