Model: GRU
MSE: 2.5971194352684246
MAE: 1.3213638272778736
EVS: 0.7118477435456465
