Model: GRU
MSE: 1.981246170593436
MAE: 0.9567289845696814
EVS: 0.7304194210827777
