Model: GRU
MSE: 2.9322625495148
MAE: 1.3579362671950772
EVS: 0.7335320260701566
