Model: GRU
MSE: 352.7047873381388
MAE: 18.61921090915285
EVS: -0.004962076437032836
