Model: GRU
MSE: 2542.724364979054
MAE: 50.308729303294214
EVS: -0.9593534778200619
