Model: GRU
MSE: 3.728214765500259
MAE: 1.4885280378933616
EVS: 0.681297769952891
