Model: GRU
MSE: 240.44485017788247
MAE: 15.290926357795453
EVS: -0.1054035497264616
