Model: GRU
MSE: 1.5553849388117105
MAE: 0.7720471086173226
EVS: 0.7582598601605335
