Model: GRU
MSE: 2.832294690401969
MAE: 1.2465156193437252
EVS: 0.7047607251266865
