Model: GRU
MSE: 247.7098140752838
MAE: 15.465582748939251
EVS: -0.4209273851660751
