Model: GRU
MSE: 1.6363263864071493
MAE: 0.727329780315531
EVS: 0.727283023469065
