Model: GRU
MSE: 1.8702721424216837
MAE: 0.8239263994940396
EVS: 0.7030143075041098
