Model: GRU
MSE: 7.950626782378163
MAE: 2.5252414818467765
EVS: 0.7072954526843143
