Model: GRU
MSE: 1.6399759922182966
MAE: 0.7881098286858921
EVS: 0.7281916679290248
