Model: GRU
MSE: 2.902409862538443
MAE: 1.2602217444058128
EVS: 0.6903990701761329
