Model: GRU
MSE: 1009.0416284408861
MAE: 31.621917527297448
EVS: -0.5159933896141125
