Model: GRU
MSE: 2.0098191456678443
MAE: 0.9733821605813917
EVS: 0.6930974981308236
