Model: GRU
MSE: 636.3649300571495
MAE: 25.080665999445422
EVS: -0.22085384690200116
