Model: GRU
MSE: 1.8719228344977856
MAE: 0.8855947626048118
EVS: 0.694406320278266
