Model: GRU
MSE: 2.1883697682037093
MAE: 0.9032118895958212
EVS: 0.6768205395906159
