Model: GRU
MSE: 2.739215963450664
MAE: 1.2869062834772576
EVS: 0.7499534789958959
