Model: GRU
MSE: 2.2087703080685164
MAE: 0.9665586619541566
EVS: 0.6987154862480345
