Model: GRU
MSE: 6.575495835854661
MAE: 2.2932264969266694
EVS: 0.7312847998927514
