Model: GRU
MSE: 1.6166673266285718
MAE: 0.7030274292518354
EVS: 0.7312077875324878
