Model: GRU
MSE: 1.722534682728894
MAE: 0.7922008119780444
EVS: 0.7132165154992565
