Model: GRU
MSE: 5.809413480276615
MAE: 2.0806988518813565
EVS: 0.7050088072365639
