Model: GRU
MSE: 185.7718979305658
MAE: 13.36957056563476
EVS: -0.17108013684640455
