Model: GRU
MSE: 2.708015877227527
MAE: 1.2474317550659184
EVS: 0.7186311679580304
