Model: GRU
MSE: 1.6546195050638337
MAE: 0.7787420996304218
EVS: 0.7256427892800765
