Model: GRU
MSE: 5.00400303508129
MAE: 1.9188244178377354
EVS: 0.7096581024114197
