Model: GRU
MSE: 847.102820936546
MAE: 29.02173984461817
EVS: 0.19309377869198718
