Model: GRU
MSE: 1.8907094981458739
MAE: 0.8955470940162398
EVS: 0.7098543705909384
