Model: GRU
MSE: 883.4615240688943
MAE: 29.544545946450068
EVS: -0.7635548144991879
