Model: GRU
MSE: 1.82261832354787
MAE: 0.7989216508536505
EVS: 0.7071804186983783
