Model: GRU
MSE: 711.3448427582189
MAE: 26.545045885546454
EVS: -0.11756361540869587
