Model: GRU
MSE: 1.613766765032606
MAE: 0.6946238978155731
EVS: 0.7315435588601469
