Model: GRU
MSE: 2.8959180919508007
MAE: 1.328667344718144
EVS: 0.6979166242122075
