Model: GRU
MSE: 4.122179130705954
MAE: 1.6470651297733707
EVS: 0.7056641040949305
