Model: GRU
MSE: 2.266264601434065
MAE: 1.1709277712065596
EVS: 0.7161851115340423
