Model: GRU
MSE: 2308.8558937841085
MAE: 47.92091244664685
EVS: -1.0736740108191003
