Model: GRU
MSE: 2.783751467013006
MAE: 1.317905943969201
EVS: 0.7364560396457338
