Model: GRU
MSE: 1106.7316536729552
MAE: 33.10659142198234
EVS: -0.7808763484801131
