Model: GRU
MSE: 2.7419304535210993
MAE: 1.296659716244402
EVS: 0.742053639225855
