Model: GRU
MSE: 2.0539067606416745
MAE: 0.968384200129016
EVS: 0.7239072881312036
