Model: GRU
MSE: 3.1412502824026394
MAE: 1.3945894241333012
EVS: 0.7511691382359533
