Model: GRU
MSE: 432.71875960634
MAE: 20.65126295747428
EVS: -0.04068297793177433
