Model: GRU
MSE: 2.2145405998694683
MAE: 1.098090665093784
EVS: 0.755325215688106
