Model: GRU
MSE: 1.883077517325452
MAE: 0.8924488528021454
EVS: 0.7144849252755839
