Model: GRU
MSE: 290.42599006273264
MAE: 16.854082913234315
EVS: -0.06097986942596134
