Model: GRU
MSE: 6.1708223561379265
MAE: 2.173712089143951
EVS: 0.722307103174948
