Model: GRU
MSE: 4.003045157252423
MAE: 1.614080535954443
EVS: 0.694120108022207
