Model: GRU
MSE: 2.4740547332285496
MAE: 1.1493114520763534
EVS: 0.7264961730660985
