Model: GRU
MSE: 1.7864564959750013
MAE: 0.7478706754487138
EVS: 0.7026785823896996
