Model: GRU
MSE: 8.33266807907161
MAE: 2.63145479662665
EVS: 0.7164115461493301
