Model: GRU
MSE: 5493.8333031855655
MAE: 74.06956541127172
EVS: -0.2554638284841626
