Model: GRU
MSE: 172.50668307041013
MAE: 12.908315534221716
EVS: 0.019654476769919604
