Model: GRU
MSE: 2.605141719030678
MAE: 1.2194274705031827
EVS: 0.7445679658466868
