Model: GRU
MSE: 2.26033878026104
MAE: 1.0908253768394731
EVS: 0.6753751727066954
