Model: GRU
MSE: 2.4835658863999632
MAE: 1.2421640363232842
EVS: 0.6824722557013996
