Model: GRU
MSE: 1.4997316284209083
MAE: 0.6806524375389366
EVS: 0.7537348647684893
