Model: GRU
MSE: 2.873026502154484
MAE: 1.43359820596103
EVS: 0.6915916140893121
