Model: GRU
MSE: 3.4387904013845385
MAE: 1.4704100427956421
EVS: 0.7322421478612131
