Model: GRU
MSE: 706.6112085775327
MAE: 26.46336558769489
EVS: -0.050248391589744035
