Model: GRU
MSE: 1.7597444857793123
MAE: 0.8162063894600706
EVS: 0.7077035557881552
