Model: GRU
MSE: 468.62446564357066
MAE: 21.445188267477626
EVS: -0.45472763600175625
