Model: GRU
MSE: 1.7803779004349556
MAE: 0.7856321005985657
EVS: 0.7044339538322253
