Model: GRU
MSE: 4.320415952044583
MAE: 1.7147496733172192
EVS: 0.6922372841345374
