Model: GRU
MSE: 2.298604960906691
MAE: 1.0302092206889188
EVS: 0.7062636839017391
