Model: GRU
MSE: 3.0663685802536413
MAE: 1.3195468639505326
EVS: 0.6861728054613255
