Model: GRU
MSE: 1.665671728800605
MAE: 0.8157427393156909
EVS: 0.740416928713691
