Model: GRU
MSE: 318.27347657218417
MAE: 17.665010559147802
EVS: -0.03681308623012658
