Model: GRU
MSE: 1.6118707528750809
MAE: 0.7834639055975555
EVS: 0.7583999433683984
