Model: GRU
MSE: 2.6355871796433106
MAE: 1.2272005738883187
EVS: 0.7017859744307664
