Model: GRU
MSE: 3601.9846867462056
MAE: 59.913801456319874
EVS: -1.0535136331480874
