Model: GRU
MSE: 2.8555485197204136
MAE: 1.2598415900921005
EVS: 0.7207884548564727
