Model: GRU
MSE: 2.184582495515566
MAE: 0.9766350121333685
EVS: 0.7017178015139602
