Model: GRU
MSE: 4124.447388929254
MAE: 64.12548025723162
EVS: -1.0616951181087884
