Model: GRU
MSE: 3.999034904945819
MAE: 1.6151274154926174
EVS: 0.6812620476825917
