Model: GRU
MSE: 2.6648059380601605
MAE: 1.2381638082964672
EVS: 0.7442962398922748
