Model: GRU
MSE: 4834.544151453097
MAE: 69.48279400529533
EVS: -0.11424811179891625
