Model: GRU
MSE: 2.087006035181746
MAE: 1.0064481702344175
EVS: 0.726098623025978
