Model: GRU
MSE: 5.3392720252634325
MAE: 2.054332354973102
EVS: 0.6722619642900727
