Model: GRU
MSE: 2.50183777750134
MAE: 1.1477236829955006
EVS: 0.722156669700486
