Model: GRU
MSE: 1.8943895950978908
MAE: 1.0105888103616647
EVS: 0.7212987848959316
