Model: GRU
MSE: 1.9174093024765575
MAE: 0.9083214957138588
EVS: 0.6852161253267035
