Model: GRU
MSE: 2.1776212729271966
MAE: 1.1366739601924498
EVS: 0.7042456344918905
