Model: GRU
MSE: 2.6516508184738785
MAE: 1.239573166288179
EVS: 0.7369193456329626
