Model: GRU
MSE: 1.860475475688276
MAE: 1.0206502059410356
EVS: 0.7182614465259122
