Model: GRU
MSE: 280.05856948565514
MAE: 16.554745386386738
EVS: 0.00017088707297530092
