Model: GRU
MSE: 2.0464960550664975
MAE: 1.0148430363885286
EVS: 0.695631164345451
