Model: GRU
MSE: 1.9012659451744123
MAE: 0.9826214889000202
EVS: 0.6955067080288895
