Model: GRU
MSE: 380.2026010405596
MAE: 19.342004225171845
EVS: -0.014912265665681934
