Model: GRU
MSE: 2.1298044254099646
MAE: 0.9880427903142472
EVS: 0.7111691798360276
