Model: GRU
MSE: 2.0211642896977633
MAE: 0.9354130317424904
EVS: 0.6794989419944015
