Model: GRU
MSE: 1.9635569398370565
MAE: 0.986102663237473
EVS: 0.6971554301465854
