Model: GRU
MSE: 1.59583771701646
MAE: 0.7623923400352743
EVS: 0.7425474124729893
