Model: GRU
MSE: 663.9047779432517
MAE: 25.669495763449834
EVS: 0.16970580108619615
