Model: GRU
MSE: 2.3447640356760164
MAE: 1.120042044540932
EVS: 0.7386520650422048
