Model: GRU
MSE: 6017.154152134019
MAE: 77.51098580195986
EVS: -0.5335386903993202
