Model: GRU
MSE: 1.8483431974131521
MAE: 0.8078260257326326
EVS: 0.7186562105897876
