Model: GRU
MSE: 1.9018924463651599
MAE: 0.9072823796953475
EVS: 0.7625862015100942
