Model: GRU
MSE: 1.677015923421393
MAE: 0.6943704835299789
EVS: 0.7207589504666415
