Model: GRU
MSE: 4.113877070285056
MAE: 1.6303676079059475
EVS: 0.6816693779738312
