Model: GRU
MSE: 1.6803885926598516
MAE: 0.7278447644463903
EVS: 0.723676640632242
