Model: GRU
MSE: 2.494444392930182
MAE: 1.2005999992633694
EVS: 0.7502258740288948
