Model: GRU
MSE: 3.823165739286056
MAE: 1.6141606199330303
EVS: 0.7100323134508247
