Model: GRU
MSE: 613.0393443131559
MAE: 24.586149972060632
EVS: -0.4267623107498302
