Model: GRU
MSE: 2.141202847621697
MAE: 0.9511949276102004
EVS: 0.7159666382712577
