Model: GRU
MSE: 2.2270543930606577
MAE: 1.0013608028148786
EVS: 0.6891486771920667
