Model: GRU
MSE: 1393.4890855419308
MAE: 37.20713411528489
EVS: -0.5197094115223699
