Model: GRU
MSE: 1749.9123787294204
MAE: 41.711361424676305
EVS: -0.6791178049076654
