Model: GRU
MSE: 485.31843057909896
MAE: 21.795703230233027
EVS: -0.7109585464514205
