Model: GRU
MSE: 492.8734573484408
MAE: 22.020850115808948
EVS: -0.3259362542529758
