Model: GRU
MSE: 221.18525865661155
MAE: 14.668477699674408
EVS: -0.0035034384610141966
