Model: GRU
MSE: 1221.8388973774925
MAE: 34.83959720874655
EVS: -0.34022728496532717
