Model: GRU
MSE: 2.3839296277473894
MAE: 1.1150260464898476
EVS: 0.7414934860103928
