Model: GRU
MSE: 1.9284932035265987
MAE: 0.922418101080533
EVS: 0.7248551131569023
