Model: GRU
MSE: 311.46939112155144
MAE: 17.455774340136298
EVS: -0.1275555512984463
