Model: GRU
MSE: 5.133297306071609
MAE: 1.904513605709734
EVS: 0.697034416118959
