Model: GRU
MSE: 836.7674941148015
MAE: 28.819417624638
EVS: -0.03477698191770684
