Model: GRU
MSE: 253.71290158978783
MAE: 15.72527367493202
EVS: -0.07144490637964185
