Model: GRU
MSE: 4.896602504640717
MAE: 1.9187147863980003
EVS: 0.745105502438664
