Model: GRU
MSE: 815.363533963562
MAE: 28.463266191811396
EVS: 0.13233139039193043
