Model: GRU
MSE: 343.51786367713845
MAE: 18.332715700412617
EVS: -0.23823312083052528
