Model: GRU
MSE: 2.2588089719723285
MAE: 0.9977270488081311
EVS: 0.6875350838487068
