Model: GRU
MSE: 2.2554580069358687
MAE: 1.0167330955636915
EVS: 0.712893026375651
