Model: GRU
MSE: 3.671963405679418
MAE: 1.647324101678256
EVS: 0.6764118367870549
