Model: GRU
MSE: 1.985651054220993
MAE: 1.0394052637034448
EVS: 0.7156970345643398
