Model: GRU
MSE: 854.0572422480656
MAE: 29.088553708175134
EVS: -0.31888090244607237
