Model: GRU
MSE: 5.154703017733566
MAE: 1.964735762826328
EVS: 0.7127690851666053
