Model: GRU
MSE: 3.4176455250022473
MAE: 1.4362233178368935
EVS: 0.7220976897015927
