Model: GRU
MSE: 202.99515600350492
MAE: 14.03397458997266
EVS: -0.007118868584441662
