Model: GRU
MSE: 2.463305258010055
MAE: 1.167540755765192
EVS: 0.7225712491292045
