Model: GRU
MSE: 3.6468984396413937
MAE: 1.5273108317934239
EVS: 0.6989015317926661
