Model: GRU
MSE: 1.6453753885445215
MAE: 0.7932084017786489
EVS: 0.7282170819685969
