Model: GRU
MSE: 2.2814452793280724
MAE: 1.0429897143923006
EVS: 0.7216099701147847
