Model: GRU
MSE: 2795.6418124152497
MAE: 52.808316724053746
EVS: -0.15391619787919675
