Model: GRU
MSE: 1.829355273117393
MAE: 0.8677937244546822
EVS: 0.6958331072790085
