Model: GRU
MSE: 1201.6039014441003
MAE: 34.5536830836329
EVS: -0.2744811333270316
