Model: GRU
MSE: 3.1389039815690962
MAE: 1.4160879233787804
EVS: 0.7460869912862711
