Model: GRU
MSE: 2.620127227070138
MAE: 1.1968253892043546
EVS: 0.7277715232865949
