Model: GRU
MSE: 4361.341805308075
MAE: 65.89346708100418
EVS: -2.232133558782296
