Model: GRU
MSE: 754.1595298627007
MAE: 27.30565406536234
EVS: -0.4267976542436356
