Model: GRU
MSE: 4.371324430606318
MAE: 1.7133325543896911
EVS: 0.7138807907122879
