Model: GRU
MSE: 3.6384473041328524
MAE: 1.4580829883443902
EVS: 0.6807772308671249
