Model: GRU
MSE: 1.9930166577576784
MAE: 0.898239300168794
EVS: 0.7164987295500345
