Model: GRU
MSE: 2.08657152240856
MAE: 1.0612552577051622
EVS: 0.7155497504025027
