Model: GRU
MSE: 1743.180132605732
MAE: 41.67949295043945
EVS: 0.0
