Model: GRU
MSE: 1367.7075407743482
MAE: 36.816495467876564
EVS: -1.0422003730287637
