Model: GRU
MSE: 613.2963499107074
MAE: 24.637766788745747
EVS: -0.046132929014065516
