Model: GRU
MSE: 2.05708544918286
MAE: 1.1289383207048684
EVS: 0.744595150907402
