Model: GRU
MSE: 3783.556678032316
MAE: 61.45316091077081
EVS: -0.17761535120446825
