Model: GRU
MSE: 2.1881979135936613
MAE: 1.1377427002479288
EVS: 0.7277323570081063
