Model: GRU
MSE: 251.3652549820692
MAE: 15.638140587971128
EVS: -0.13563565548653012
