Model: GRU
MSE: 4.4573554595598885
MAE: 1.7873408547763172
EVS: 0.7407721207790843
