Model: GRU
MSE: 1.5678935128416769
MAE: 0.7531819343566897
EVS: 0.7460758914850689
