Model: GRU
MSE: 2.0605449287749846
MAE: 0.8908230354046002
EVS: 0.6877445128273527
