Model: GRU
MSE: 2.033472721185403
MAE: 1.076811626039702
EVS: 0.7106646850293514
