Model: GRU
MSE: 3925.7394686394478
MAE: 62.603145073200096
EVS: -0.09761593055171813
