Model: GRU
MSE: 2.5478047324797046
MAE: 1.1893727039468704
EVS: 0.7173390981574341
