Model: GRU
MSE: 1.702885040807579
MAE: 0.838667491386677
EVS: 0.7247122540439699
