Model: GRU
MSE: 5.633202251908194
MAE: 2.09236242853362
EVS: 0.7433200441227821
