Model: GRU
MSE: 780.4225806878911
MAE: 27.8090574330297
EVS: -0.17981756239111935
