Model: GRU
MSE: 2.72853802386555
MAE: 1.1567064975870072
EVS: 0.6969084961693657
