Model: GRU
MSE: 2.2566613252332868
MAE: 1.088839086992987
EVS: 0.6701983085118224
