Model: GRU
MSE: 3.2001760200520866
MAE: 1.4407179108981434
EVS: 0.7336290981773874
