Model: GRU
MSE: 561.1637603670155
MAE: 23.455830820675555
EVS: -0.8312934798103762
