Model: GRU
MSE: 1.7525709689221003
MAE: 0.8247718317755337
EVS: 0.7128779851874829
