Model: GRU
MSE: 2.232640710117518
MAE: 1.0883351358874094
EVS: 0.7350838456149981
