Model: GRU
MSE: 185.63060971699807
MAE: 13.354483624984478
EVS: -0.21472947116991592
