Model: GRU
MSE: 2.841929518585137
MAE: 1.3455626717929188
EVS: 0.744018881231213
