Model: GRU
MSE: 2.342197383892219
MAE: 1.078514436195637
EVS: 0.7259741683688846
