Model: GRU
MSE: 211.93823049292757
MAE: 14.336490154266357
EVS: -0.06721342492522808
