Model: GRU
MSE: 1.7005004371211851
MAE: 0.7664985492311678
EVS: 0.7263718809319677
