Model: GRU
MSE: 231.41928252228155
MAE: 15.001577459532639
EVS: -0.06199270798730194
