Model: GRU
MSE: 2328.814251348748
MAE: 48.19397347548912
EVS: -0.025861998766450345
