Model: GRU
MSE: 1.558117710100634
MAE: 0.7872400777093292
EVS: 0.7596281136107119
