Model: GRU
MSE: 5.313545994440716
MAE: 1.9197762752401422
EVS: 0.6699236048602597
