Model: GRU
MSE: 1430.169123881726
MAE: 37.6904128173302
EVS: -0.6003175901595499
