Model: GRU
MSE: 2.469326434031215
MAE: 1.0924606652095403
EVS: 0.6815854576940277
