Model: GRU
MSE: 2.5400920416319503
MAE: 1.1578926135753769
EVS: 0.7060844405229856
