Model: GRU
MSE: 2.6168725955238132
MAE: 1.2132562111163967
EVS: 0.7242939814330802
