Model: GRU
MSE: 755.7931902239652
MAE: 27.369636091692694
EVS: -0.11603507204631924
