Model: GRU
MSE: 1.7665380210622783
MAE: 0.802433967590332
EVS: 0.7059890772707085
