Model: GRU
MSE: 2.4087548300415405
MAE: 1.0965649506141404
EVS: 0.7239076698037754
