Model: GRU
MSE: 1.5608934889550539
MAE: 0.7419138612418341
EVS: 0.7489348985216973
