Model: GRU
MSE: 7.804253465154047
MAE: 2.5327496446412185
EVS: 0.733542349971852
