Model: GRU
MSE: 1.743142770366266
MAE: 0.8743624522768215
EVS: 0.7214245384281457
