Model: GRU
MSE: 663.6611984271415
MAE: 25.568446455330683
EVS: -0.6526240480048557
