Model: GRU
MSE: 1.6633322399648336
MAE: 0.751927375793457
EVS: 0.7231354015648381
