Model: GRU
MSE: 1.7927344857473364
MAE: 0.7950208433743183
EVS: 0.7096911320474109
