Model: GRU
MSE: 1.9759706590255617
MAE: 0.9373526573181155
EVS: 0.7314485257140497
