Model: GRU
MSE: 454.4932907160253
MAE: 21.133483031700397
EVS: -0.31153094414277516
