Model: GRU
MSE: 2.0939131551263643
MAE: 0.9763167315515976
EVS: 0.6607979654811318
