Model: GRU
MSE: 1.803610567928774
MAE: 0.819328620516021
EVS: 0.7246910656917493
