Model: GRU
MSE: 2.547517818639586
MAE: 1.0776574200597306
EVS: 0.6889523407230624
