Model: GRU
MSE: 1.697847462078667
MAE: 0.771448677983777
EVS: 0.7190105163403777
