Model: GRU
MSE: 1.9296938726816923
MAE: 0.9145330231765224
EVS: 0.7417793221057445
