Model: GRU
MSE: 2.0099602396734677
MAE: 1.0185105553988751
EVS: 0.7025918199647259
