Model: GRU
MSE: 237.60858593380524
MAE: 15.178292989730835
EVS: -0.20466797528217118
