Model: GRU
MSE: 2.065950260946842
MAE: 0.8467601085531303
EVS: 0.6784146796910568
