Model: GRU
MSE: 6615.388532173042
MAE: 81.27583168292868
EVS: -0.6046194035481804
