Model: GRU
MSE: 828.2047162850056
MAE: 28.605107143007476
EVS: -0.658760270344714
