Model: GRU
MSE: 1.696539001265372
MAE: 0.8193308073898844
EVS: 0.748122979692632
