Model: GRU
MSE: 2.4615536045794832
MAE: 1.2559195551378974
EVS: 0.7148014577588158
