Model: GRU
MSE: 2.469946613278604
MAE: 1.139195162674477
EVS: 0.7253830962036099
