Model: GRU
MSE: 2.2677135161757183
MAE: 0.9352965519346044
EVS: 0.6704806919800592
