Model: GRU
MSE: 2.7161650048740524
MAE: 1.2391543881646523
EVS: 0.7062250263927075
