Model: GRU
MSE: 1.5490797277332542
MAE: 0.7297415240057586
EVS: 0.7475071451321438
