Model: GRU
MSE: 2.8567509634479804
MAE: 1.2816424534238622
EVS: 0.7174477057249982
