Model: GRU
MSE: 3.3971551248952885
MAE: 1.4915980963871402
EVS: 0.7120543527824417
