Model: GRU
MSE: 1.7188209681929445
MAE: 0.8193807273075501
EVS: 0.7136430342352171
