Model: GRU
MSE: 233.7891598026147
MAE: 15.059652558688459
EVS: -0.16600410236713814
