Model: GRU
MSE: 215.69505731967263
MAE: 14.452675539871741
EVS: -0.13587117647760838
