Model: GRU
MSE: 4.195011684861522
MAE: 1.7043988293614887
EVS: 0.7210798330207642
