Model: GRU
MSE: 1.7160709174121276
MAE: 0.7881189543625406
EVS: 0.7276166955065415
