Model: GRU
MSE: 307.9948546472516
MAE: 17.42583653844636
EVS: 0.2774874029000932
