Model: GRU
MSE: 1.4438374905955935
MAE: 0.7717321165676777
EVS: 0.7669678924878334
