Model: GRU
MSE: 6.187262192862455
MAE: 2.274035124943174
EVS: 0.6981834515645744
