Model: GRU
MSE: 3.039744205041299
MAE: 1.4032133365499566
EVS: 0.7335311727960256
