Model: GRU
MSE: 2.2594998603183836
MAE: 0.9217864727151808
EVS: 0.6780989753471001
