Model: GRU
MSE: 2.0827065097099844
MAE: 1.009547661090719
EVS: 0.6736848775651145
