Model: GRU
MSE: 2126.1878311403943
MAE: 46.028787449428016
EVS: -0.1793662294079914
