Model: GRU
MSE: 2.0472407910455925
MAE: 0.9858664479748955
EVS: 0.6990211622355522
