Model: GRU
MSE: 10.15586708684898
MAE: 2.949895505247445
EVS: 0.7308910558893444
