Model: GRU
MSE: 1.893543007240545
MAE: 0.8793296978391447
EVS: 0.6851806087597162
