Model: GRU
MSE: 2.772845011982898
MAE: 1.38136076105052
EVS: 0.7011084671932943
