Model: GRU
MSE: 3.007473746425357
MAE: 1.3525948771115013
EVS: 0.729784287946442
