Model: GRU
MSE: 2.952563207732462
MAE: 1.4529992465315191
EVS: 0.6880266297913842
