Model: GRU
MSE: 2449.723112568695
MAE: 49.438530757509426
EVS: 0.07420181541850501
