Model: GRU
MSE: 2.9896252567728587
MAE: 1.45735058291205
EVS: 0.7118478909493335
