Model: GRU
MSE: 1.6757655197562316
MAE: 0.9388975603827112
EVS: 0.7514394506257881
