Model: GRU
MSE: 2.13876358285947
MAE: 1.0336113140500829
EVS: 0.7371294634887092
