Model: GRU
MSE: 223.63518830326788
MAE: 14.72651822813626
EVS: -0.12747486327306334
