Model: GRU
MSE: 1.546577875869812
MAE: 0.7319208342453531
EVS: 0.7499133780595744
