Model: GRU
MSE: 5133.952165861533
MAE: 71.60307173893369
EVS: -0.15871390177455624
