Model: GRU
MSE: 2.32625282791478
MAE: 1.2354546908674564
EVS: 0.7164588123912581
