Model: GRU
MSE: 1.7774130345120471
MAE: 0.8658701469158306
EVS: 0.7468419784555087
