Model: GRU
MSE: 3.199506041967933
MAE: 1.567961166644918
EVS: 0.724460613723931
