Model: GRU
MSE: 4.99581007845152
MAE: 1.9197566427033528
EVS: 0.6943236319694711
