Model: GRU
MSE: 2.360430024083834
MAE: 1.0318270058467474
EVS: 0.6862786388695505
