Model: GRU
MSE: 2.4438213019500306
MAE: 1.1413987093958367
EVS: 0.7205210437903784
