Model: GRU
MSE: 2.4709877345883107
MAE: 1.1047986786941006
EVS: 0.6991610137341084
