Model: GRU
MSE: 4.621750533176836
MAE: 1.812617556802158
EVS: 0.6945761710858469
