Model: GRU
MSE: 1.9100455514001242
MAE: 0.9716311980938087
EVS: 0.7130723347078343
