Model: GRU
MSE: 3.081592874899109
MAE: 1.3775136553007985
EVS: 0.7037825103450741
