Model: GRU
MSE: 1.6385527632147159
MAE: 0.761142192568098
EVS: 0.7749747507896181
