Model: GRU
MSE: 2.5830191449659674
MAE: 1.2945528030395506
EVS: 0.7053129015489233
