Model: GRU
MSE: 2.1063538871749814
MAE: 0.9257842754495558
EVS: 0.6908565484109996
