Model: GRU
MSE: 1.630407722422378
MAE: 0.7205048429554909
EVS: 0.7314112877233672
