Model: GRU
MSE: 3.5406247554544645
MAE: 1.6168420890281938
EVS: 0.7330673697686996
