Model: GRU
MSE: 1.7944082895073734
MAE: 0.8260623011095768
EVS: 0.7039505215726822
