Model: GRU
MSE: 1.7381307594676023
MAE: 0.8448945407209728
EVS: 0.7327318186612198
