Model: GRU
MSE: 1.9147255509121568
MAE: 0.86445768948259
EVS: 0.7083121828791403
