Model: GRU
MSE: 4.252824879076516
MAE: 1.6762255800181427
EVS: 0.6989625730355957
