Model: GRU
MSE: 2.3467920413881354
MAE: 1.224522442653261
EVS: 0.7105602381364164
