Model: GRU
MSE: 1.6726690545135547
MAE: 0.7788810236700653
EVS: 0.7376253550966396
