Model: GRU
MSE: 382.51059270895615
MAE: 19.341284439481537
EVS: -0.40421815667092864
