Model: GRU
MSE: 4.1478318491405295
MAE: 1.6990488151024132
EVS: 0.7279284182200554
