Model: GRU
MSE: 674.5162485825316
MAE: 25.781924921890784
EVS: -0.6347659840864317
