Model: GRU
MSE: 3.12732937973787
MAE: 1.4152970314025883
EVS: 0.7476136529189705
