Model: GRU
MSE: 3.8855108337413258
MAE: 1.6295295912643963
EVS: 0.7507721477198703
