Model: GRU
MSE: 1481.1346730696978
MAE: 38.387645162385084
EVS: -0.25389532608514664
