Model: GRU
MSE: 4.171701765755252
MAE: 1.6547827227362275
EVS: 0.7008185532178663
