Model: GRU
MSE: 2.5572685684562
MAE: 1.1987200523244927
EVS: 0.7390036568862334
