Model: GRU
MSE: 2.150138452075508
MAE: 0.8578784548003102
EVS: 0.6718925010718498
