Model: GRU
MSE: 1.8552422984565349
MAE: 0.7804072725361794
EVS: 0.7041620261126593
