Model: GRU
MSE: 3.044347824388278
MAE: 1.3145990618344017
EVS: 0.7093975353956277
