Model: GRU
MSE: 207.06625211364542
MAE: 14.134604491036514
EVS: -0.21320133260263718
