Model: GRU
MSE: 1.7063160170411626
MAE: 0.7776415101413067
EVS: 0.7166129321825485
