Model: GRU
MSE: 4.201631725238714
MAE: 1.7294851335985912
EVS: 0.7353256332639824
