Model: GRU
MSE: 2.872430564078255
MAE: 1.3398866489015782
EVS: 0.7262610537549572
