Model: GRU
MSE: 1.9243418947873168
MAE: 1.0202061718907849
EVS: 0.7319122361711943
