Model: GRU
MSE: 175.0773112070219
MAE: 12.99440795080415
EVS: -0.0371122025166184
