Model: GRU
MSE: 2.8122538160589685
MAE: 1.3453307562860954
EVS: 0.7488582713179659
