Model: GRU
MSE: 209.9727607083232
MAE: 14.264695469675393
EVS: -0.0818706442909174
