Model: GRU
MSE: 2.8258191591477537
MAE: 1.3884341634553052
EVS: 0.6844226557857478
