Model: GRU
MSE: 2.0946487600200188
MAE: 0.9442543736819566
EVS: 0.713703444883756
