Model: GRU
MSE: 2.546978439933809
MAE: 1.3054172910492992
EVS: 0.7225577662831675
