Model: GRU
MSE: 3.788479066611435
MAE: 1.6769226008448106
EVS: 0.657287880367728
