Model: GRU
MSE: 4.902032424069679
MAE: 1.9325527322703389
EVS: 0.6107302851948293
