Model: GRU
MSE: 26.008299548930605
MAE: 4.532355810033864
EVS: 0.08899160663618633
