Model: GRU
MSE: 2.048701808044324
MAE: 0.9594355616076242
EVS: 0.7216216796270922
