Model: GRU
MSE: 3933.408174864467
MAE: 62.665615213328394
EVS: -0.07147413325532903
