Model: GRU
MSE: 510.30628736716574
MAE: 22.475982550917
EVS: 0.14391737699328866
