Model: GRU
MSE: 3.524790358335035
MAE: 1.4423178968758423
EVS: 0.6946183800942458
