Model: GRU
MSE: 2.745457432228766
MAE: 1.3731111822457147
EVS: 0.7318529114924253
