Model: GRU
MSE: 2.003160541396467
MAE: 0.8918849024279367
EVS: 0.7089377106408385
