Model: GRU
MSE: 1.9616844203360886
MAE: 0.807534349375758
EVS: 0.6787616125970162
