Model: GRU
MSE: 9.065446379659729
MAE: 2.717483298531894
EVS: 0.6952182331054324
