Model: GRU
MSE: 1.7844852694472828
MAE: 0.9650745391845701
EVS: 0.7320453720853062
