Model: GRU
MSE: 2.49020737701704
MAE: 1.2852416696219604
EVS: 0.7179711562812245
