Model: GRU
MSE: 2987.81098729003
MAE: 54.59684635030812
EVS: -0.16589264847945784
