Model: GRU
MSE: 3.1241173980745716
MAE: 1.3498764531365761
EVS: 0.706788744637654
