Model: GRU
MSE: 2.243619659421837
MAE: 1.039537100956358
EVS: 0.7162391799647385
