Model: GRU
MSE: 1.7006472465437188
MAE: 0.8027229062442124
EVS: 0.7345776859653579
