Model: GRU
MSE: 2.6054986974463645
MAE: 1.0638944527198528
EVS: 0.5691813708119233
