Model: GRU
MSE: 2.0660576007893696
MAE: 1.015916725684857
EVS: 0.732143694143929
