Model: GRU
MSE: 2.2360201246398494
MAE: 1.0067118611829038
EVS: 0.7105254008008326
