Model: GRU
MSE: 382.7296747424069
MAE: 19.38287166069294
EVS: -0.1723268212522584
