Model: GRU
MSE: 241.36672329959643
MAE: 15.294599829048947
EVS: -0.24032322814206464
