Model: GRU
MSE: 2.011310962589646
MAE: 0.86545441068452
EVS: 0.6735716397336995
