Model: GRU
MSE: 2.423933510129354
MAE: 1.2087009857440818
EVS: 0.7074910935239631
