Model: GRU
MSE: 236.66148275261097
MAE: 15.146356241456393
EVS: -0.20822922658432064
