Model: GRU
MSE: 2.297929163978222
MAE: 1.1844738105247758
EVS: 0.7295725220555986
