Model: GRU
MSE: 1847.773819795781
MAE: 42.82016642340298
EVS: -1.3678612113088038
