Model: GRU
MSE: 8.638130032698324
MAE: 2.6588789265731285
EVS: 0.7144388473724725
