Model: GRU
MSE: 2.2424233987171016
MAE: 1.1284343291973242
EVS: 0.6781897634098999
