Model: GRU
MSE: 1.762446333977221
MAE: 0.8155519880097487
EVS: 0.7088565517772238
