Model: GRU
MSE: 219.96912221894922
MAE: 14.612306812713886
EVS: -0.07493530501075818
