Model: GRU
MSE: 2.663760318794662
MAE: 1.2256803512573247
EVS: 0.7116860282742942
