Model: GRU
MSE: 1.7023719851434902
MAE: 0.9130296049446898
EVS: 0.7163401823113478
