Model: GRU
MSE: 2.5944094483355418
MAE: 1.181278935794173
EVS: 0.713678995424649
