Model: GRU
MSE: 215.53470226803867
MAE: 14.452468165035906
EVS: -0.11014436777705794
