Model: GRU
MSE: 3.3968621498650333
MAE: 1.4471436533434643
EVS: 0.6800430739218664
