Model: GRU
MSE: 2.5760336617089843
MAE: 1.2411654242153831
EVS: 0.7501848843123144
