Model: GRU
MSE: 3.0431794849590266
MAE: 1.3571536623198415
EVS: 0.7146825022854223
