Model: GRU
MSE: 3.505552189460576
MAE: 1.4339906429422318
EVS: 0.6598546861010501
