Model: GRU
MSE: 2.84244863497645
MAE: 1.3139599027304818
EVS: 0.7427552925948303
