Model: GRU
MSE: 1.5377950245023668
MAE: 0.7168138602684287
EVS: 0.7476705711546485
