Model: GRU
MSE: 1.8386658399999765
MAE: 0.7765378458746551
EVS: 0.7127213498530244
