Model: GRU
MSE: 7287.1312270118415
MAE: 85.28886558269632
EVS: -1.1567724381000306
