Model: GRU
MSE: 1393.4719673768018
MAE: 37.11146035687677
EVS: -1.7019129261276622
