Model: GRU
MSE: 1.6719962671316602
MAE: 0.8721819746083225
EVS: 0.7282660401819174
