Model: GRU
MSE: 5.076419637099949
MAE: 1.927469212433388
EVS: 0.7048783039812947
