Model: GRU
MSE: 4.933705998752483
MAE: 1.9224312798730263
EVS: 0.7415592410327064
