Model: GRU
MSE: 2.692018752598361
MAE: 1.2886017930918732
EVS: 0.7343552769795574
