Model: GRU
MSE: 5514.740289489609
MAE: 74.21820120975889
EVS: -0.06648311289220099
