Model: GRU
MSE: 2.0399654595439953
MAE: 1.087911770261567
EVS: 0.7150527270079663
