Model: GRU
MSE: 2.154099336082356
MAE: 0.9489398331477726
EVS: 0.7104351729496636
