Model: GRU
MSE: 3420.4031263137313
MAE: 58.42943862388874
EVS: -0.06730473515837487
