Model: GRU
MSE: 2.432976919555131
MAE: 1.143907103045234
EVS: 0.7029757242957906
