Model: GRU
MSE: 3.435878473713937
MAE: 1.4575336801594707
EVS: 0.7007179082156765
