Model: GRU
MSE: 1.595316249798108
MAE: 0.7317879035555086
EVS: 0.7376044954770065
