Model: GRU
MSE: 2202.538458278918
MAE: 46.842086890648154
EVS: -0.3928923346477833
