Model: GRU
MSE: 1.6898780955098431
MAE: 0.8446613509079504
EVS: 0.7427372111627354
