Model: GRU
MSE: 1.9704077638252624
MAE: 0.8754561358484726
EVS: 0.6884053758446838
