Model: GRU
MSE: 2.1143414509396092
MAE: 0.9519082595562115
EVS: 0.7056261023769634
