Model: GRU
MSE: 226.90661577698495
MAE: 14.78406704705337
EVS: -0.3896628875359356
