Model: GRU
MSE: 5.007463466737733
MAE: 1.919614956296724
EVS: 0.7362000569850227
