Model: GRU
MSE: 1.7748348180749765
MAE: 0.8018808036014954
EVS: 0.712472906252797
