Model: GRU
MSE: 2.2129173170695235
MAE: 1.0073069703990019
EVS: 0.6976792400607638
