Model: GRU
MSE: 1.5294954200249493
MAE: 0.7225760591441189
EVS: 0.7454730324385744
