Model: GRU
MSE: 7742.503226668622
MAE: 87.95481293776939
EVS: -0.07568462510254359
