Model: GRU
MSE: 2.12515828077389
MAE: 1.066636184166218
EVS: 0.7544677309441473
