Model: GRU
MSE: 4.849975567493048
MAE: 1.891661849515192
EVS: 0.7366412251065633
