Model: GRU
MSE: 3597.0484340036724
MAE: 59.90937371089541
EVS: -0.3192292619910939
