Model: GRU
MSE: 3.0184656894303656
MAE: 1.3823830505897263
EVS: 0.7283003184432737
