Model: GRU
MSE: 1.8021581874973762
MAE: 0.9677184696855214
EVS: 0.7196701690165299
