Model: GRU
MSE: 3.4760772170325196
MAE: 1.5449872970581058
EVS: 0.7765613166979299
