Model: GRU
MSE: 7.49214266295561
MAE: 2.4423635581444048
EVS: 0.6885634870205071
