Model: GRU
MSE: 1.8259083089354387
MAE: 0.8246134231830468
EVS: 0.7121596343976113
