Model: GRU
MSE: 4.689686629710275
MAE: 1.8038516044616704
EVS: 0.695138410876343
