Model: GRU
MSE: 1.9319531640802283
MAE: 0.8260880338734596
EVS: 0.693664285647168
