Model: GRU
MSE: 7.842326693209864
MAE: 2.5070151542795114
EVS: 0.71799843032739
