Model: GRU
MSE: 2.1912218941741948
MAE: 1.097245594550823
EVS: 0.7040943151435093
