Model: GRU
MSE: 2.9021448260660243
MAE: 1.3125390019910084
EVS: 0.6875550514774859
