Model: GRU
MSE: 6544.590617383054
MAE: 80.85574353974441
EVS: -0.15655900302243086
