Model: GRU
MSE: 1.8951845506287004
MAE: 0.8866223302380789
EVS: 0.6909321864432529
