Model: GRU
MSE: 216.46098893072843
MAE: 14.481724266348214
EVS: -0.123441867364954
