Model: GRU
MSE: 1.7765148244149462
MAE: 0.8669846140105151
EVS: 0.7369820179489209
