Model: GRU
MSE: 1.9966546073617883
MAE: 1.096984419329413
EVS: 0.7244899655313893
