Model: GRU
MSE: 1.9865674342717252
MAE: 0.9635339605397192
EVS: 0.6689748769726254
