Model: GRU
MSE: 2.4648732135871243
MAE: 1.1585895110820907
EVS: 0.721545176774103
