Model: GRU
MSE: 1.7239731390999118
MAE: 0.8990742420328075
EVS: 0.7309520319862775
