Model: GRU
MSE: 1.8134465846487415
MAE: 0.8088821542674095
EVS: 0.7002375089675545
