Model: GRU
MSE: 1.7490652399659479
MAE: 0.8164664959085401
EVS: 0.7191268248378037
