Model: GRU
MSE: 1.7795368155658127
MAE: 0.8361316384940314
EVS: 0.7150226840232274
