Model: GRU
MSE: 2.5296273533323625
MAE: 1.259131604227527
EVS: 0.7578307490758325
