Model: GRU
MSE: 2.9462619881354035
MAE: 1.360233306884766
EVS: 0.7322670851191728
