Model: GRU
MSE: 4.691878086839807
MAE: 1.8137863504475567
EVS: 0.6999736058052808
