Model: GRU
MSE: 4.405377466458101
MAE: 1.73996638429576
EVS: 0.7066858894886814
