Model: GRU
MSE: 598.8037041373386
MAE: 24.346115079419366
EVS: -0.01173077950125423
