Model: GRU
MSE: 3.42603283375558
MAE: 1.580237224184233
EVS: 0.6915739022679043
