Model: GRU
MSE: 4973.94800183014
MAE: 70.47803497314453
EVS: -0.13243135905941017
