Model: GRU
MSE: 5.377932986368523
MAE: 1.9823250523928944
EVS: 0.7220311301047678
