Model: GRU
MSE: 2.9740806132128057
MAE: 1.358118846498687
EVS: 0.7379663862518924
