Model: GRU
MSE: 1.63944845931726
MAE: 0.7929527841765307
EVS: 0.7400779910819643
