Model: GRU
MSE: 732.2205834563564
MAE: 26.888892831473516
EVS: -0.5346709589814391
