Model: GRU
MSE: 3.2609011252691515
MAE: 1.5522413253784175
EVS: 0.7206207556008757
