Model: GRU
MSE: 1621.5032046738431
MAE: 40.052151844419285
EVS: -1.8880562175707323
