Model: GRU
MSE: 1.5631231899476536
MAE: 0.8310967478258854
EVS: 0.7667097300687672
