Model: GRU
MSE: 2.3633433962297152
MAE: 1.071130020865079
EVS: 0.7183973438293378
