Model: GRU
MSE: 1.7801218726820573
MAE: 0.856408744022764
EVS: 0.7052650145954589
