Model: GRU
MSE: 2.2138060097897077
MAE: 1.001725163953058
EVS: 0.7015651035295312
