Model: GRU
MSE: 1.927709129522445
MAE: 0.8619602959731532
EVS: 0.7085906686959775
