Model: GRU
MSE: 2.600573101149888
MAE: 1.1719977280189255
EVS: 0.7231880144267325
