Model: GRU
MSE: 2.0833340902071864
MAE: 0.9488554247494405
EVS: 0.7035808296008867
