Model: GRU
MSE: 18.985228635548992
MAE: 3.617174608954068
EVS: 0.0
