Model: GRU
MSE: 608.3374084019592
MAE: 24.276310624747442
EVS: -0.0049971610988275295
