Model: GRU
MSE: 5.856484073753011
MAE: 1.6574469722550491
EVS: 0.6962494496848077
