Model: GRU
MSE: 4.7814369555155665
MAE: 1.4733061091653232
EVS: 0.7498518793778436
