Model: GRU
MSE: 5.639554792520638
MAE: 1.6899831891059875
EVS: 0.7160513497301735
