Model: GRU
MSE: 5.260718314512032
MAE: 1.5419577740389725
EVS: 0.7298618630889215
