Model: GRU
MSE: 4.969699016882734
MAE: 1.5337858611139759
EVS: 0.7379625552242497
