Model: GRU
MSE: 327.04458611800186
MAE: 17.623568205997863
EVS: 0.12956501023381795
