Model: GRU
MSE: 536.3394269839699
MAE: 22.83421465446209
EVS: 0.20978014402129097
