Model: GRU
MSE: 8.30324495063962
MAE: 2.3796111304184486
EVS: 0.7484106923540226
