Model: GRU
MSE: 5.739780933190422
MAE: 1.717038261479345
EVS: 0.717960250723993
