Model: GRU
MSE: 9.456241450906383
MAE: 2.091800801243101
EVS: 0.5691519746684137
