Model: GRU
MSE: 5.867662089333656
MAE: 1.7065065554503738
EVS: 0.7162733159396626
