Model: GRU
MSE: 5.964461135344331
MAE: 1.7846223198134323
EVS: 0.7250359113658296
