Model: GRU
MSE: 4.8350067429443495
MAE: 1.4679505249549603
EVS: 0.7492042502500127
