Model: GRU
MSE: 1335.2693886131692
MAE: 36.28601810849946
EVS: 0.016367582688997184
