Model: GRU
MSE: 202.2181757167995
MAE: 13.602005851679834
EVS: 0.08993344220857968
