Model: GRU
MSE: 1263.4454314833015
MAE: 35.29000318461451
EVS: 0.04457222633032154
