Model: GRU
MSE: 4.681537274027013
MAE: 1.4687413758245007
EVS: 0.756916341943749
