Model: GRU
MSE: 5.298444532299803
MAE: 1.7244458023844094
EVS: 0.7652878669726633
