Model: GRU
MSE: 77.01843687621404
MAE: 7.669350994044337
EVS: 0.03725167030109999
