Model: GRU
MSE: 245.37538705976863
MAE: 15.131693848248187
EVS: 0.1320619552035317
