Model: GRU
MSE: 5.362478658600063
MAE: 1.7087442772141819
EVS: 0.7285467164434192
