Model: GRU
MSE: 4.640948947960726
MAE: 1.4223683096211532
EVS: 0.7562605385727832
