Model: GRU
MSE: 4.937588809841769
MAE: 1.578675574269788
EVS: 0.7422731497865116
