Model: GRU
MSE: 6.605457518544265
MAE: 2.015857980169099
EVS: 0.6649265170098577
