Model: GRU
MSE: 86.88326241528165
MAE: 8.218071972501688
EVS: -0.02342767331259976
