Model: GRU
MSE: 104.85183873140814
MAE: 9.374398922098093
EVS: 0.10216010243860141
