Model: GRU
MSE: 5.554047737553435
MAE: 1.6342317461967468
EVS: 0.715507027879608
