Model: GRU
MSE: 5.372322837472096
MAE: 1.6102940429901254
EVS: 0.7165106981616418
