Model: GRU
MSE: 7.63017045923982
MAE: 2.0213927030563354
EVS: 0.6087897544596392
