Model: GRU
MSE: 5.378994213132392
MAE: 1.5992675783305332
EVS: 0.7220288183273302
