Model: GRU
MSE: 2029.0188394313907
MAE: 44.84984983246902
EVS: 0.07373570663060502
