Model: GRU
MSE: 4.853243488900594
MAE: 1.5379403007441554
EVS: 0.7441463842070182
