Model: GRU
MSE: 110.67709570528793
MAE: 9.546150248626184
EVS: -0.03408991478974599
