Model: GRU
MSE: 7.094632159376409
MAE: 2.002562247473618
EVS: 0.6784752215558412
