Model: GRU
MSE: 7.048139340913871
MAE: 1.910513865536657
EVS: 0.6899741762108857
