Model: GRU
MSE: 1116.526318605133
MAE: 32.94693913953058
EVS: -0.6412418084381832
