Model: GRU
MSE: 11.768618677978264
MAE: 2.881064271104747
EVS: 0.660095667572107
