Model: GRU
MSE: 6.23776645236462
MAE: 1.8455109760679047
EVS: 0.7136290724012724
