Model: GRU
MSE: 5.1357783791267355
MAE: 1.5962453124852016
EVS: 0.7328050756273699
