Model: GRU
MSE: 9.206685846416631
MAE: 2.494271886759791
EVS: 0.5726429954373184
