Model: GRU
MSE: 5.116082141959389
MAE: 1.5979327651961097
EVS: 0.7374977170877914
