Model: GRU
MSE: 5.240106761505293
MAE: 1.686219281163709
EVS: 0.7592450443775064
