Model: GRU
MSE: 3237.7243190649033
MAE: 56.731731809418775
EVS: -0.017522449301833998
