Model: GRU
MSE: 8.676579425290305
MAE: 2.3914013484428667
EVS: 0.7071634088476743
