Model: GRU
MSE: 12.274622925367732
MAE: 2.617327667515853
EVS: 0.5035336440485306
