Model: GRU
MSE: 5.384958185522025
MAE: 1.5399147097406716
EVS: 0.7184439639162605
