Model: GRU
MSE: 4.919292415830012
MAE: 1.5697907928762764
EVS: 0.7398511275863187
