Model: GRU
MSE: 7.185125214686018
MAE: 1.986139281042691
EVS: 0.695632784338025
