Model: GRU
MSE: 5.0599013272269495
MAE: 1.5575165193656395
EVS: 0.7341930078634871
