Model: GRU
MSE: 4.728509394452608
MAE: 1.480724914320584
EVS: 0.7514271775075222
