Model: GRU
MSE: 5.413064393796185
MAE: 1.6449171921302532
EVS: 0.7194991377144613
