Model: GRU
MSE: 5.541917004165357
MAE: 1.678503233810951
EVS: 0.7306310014333306
