Model: GRU
MSE: 7.173444264503086
MAE: 1.9433616749171554
EVS: 0.6472815768740656
