Model: GRU
MSE: 5.48107946208717
MAE: 1.6711823631977212
EVS: 0.7176272133238105
