Model: GRU
MSE: 5.326623769230581
MAE: 1.5873120478514968
EVS: 0.7203235760533245
