Model: GRU
MSE: 5.3039526859086905
MAE: 1.618320619237834
EVS: 0.7341860318362681
