Model: GRU
MSE: 7.350322068268841
MAE: 2.1003745136589838
EVS: 0.6912694420856457
