Model: GRU
MSE: 8.85379586275812
MAE: 2.4127468713398637
EVS: 0.6776668488364916
