Model: GRU
MSE: 6.6286284424325
MAE: 1.7862880805443073
EVS: 0.6767723288971074
