Model: GRU
MSE: 5.514038749457213
MAE: 1.572014648338844
EVS: 0.7179717423318597
