Model: GRU
MSE: 5.902143596290758
MAE: 1.7042839403810173
EVS: 0.707636335212941
