Model: GRU
MSE: 547.0174206249154
MAE: 22.97402256932752
EVS: -0.016294257084094488
