Model: GRU
MSE: 9.094694618583107
MAE: 2.278673661166224
EVS: 0.7139270798834325
