Model: GRU
MSE: 5.830838665406548
MAE: 1.7474587785786595
EVS: 0.7394758689957923
