Model: GRU
MSE: 4.881614021484989
MAE: 1.6016820669174194
EVS: 0.7458995635798791
