Model: GRU
MSE: 3213.6708145756907
MAE: 56.46631668353903
EVS: -0.33444316904936167
