Model: GRU
MSE: 4.839828532312024
MAE: 1.470806389019407
EVS: 0.7439752377310362
