Model: GRU
MSE: 207.87304801197513
MAE: 13.732971783342032
EVS: -0.019829356040479862
