Model: GRU
MSE: 3908.405218063171
MAE: 62.360273098123486
EVS: -0.036917196962992005
