Model: GRU
MSE: 5.605644090570293
MAE: 1.6419198564414321
EVS: 0.7048423061843323
