Model: GRU
MSE: 5.307473295972619
MAE: 1.6290735242695644
EVS: 0.7258546136362427
