Model: GRU
MSE: 5.989315522825429
MAE: 1.7114231401476367
EVS: 0.6908077103805335
