Model: GRU
MSE: 5.691634759770729
MAE: 1.6950844947634072
EVS: 0.700971680854779
