Model: GRU
MSE: 4.994927583747205
MAE: 1.4360207894752766
EVS: 0.7358627180741946
