Model: GRU
MSE: 98.28199072858
MAE: 8.88207378880731
EVS: -0.02576586642967582
