Model: GRU
MSE: 5.278240757483929
MAE: 1.674611338253679
EVS: 0.7543973681832813
