Model: GRU
MSE: 4.778970985811645
MAE: 1.5445469566460313
EVS: 0.7488733083309373
