Model: GRU
MSE: 4.703497302667437
MAE: 1.405980106057792
EVS: 0.751590310709027
