Model: GRU
MSE: 8.448853068222414
MAE: 2.282018855727952
EVS: 0.6935942513668294
