Model: GRU
MSE: 5.214147567039496
MAE: 1.523793637752533
EVS: 0.7251013944182794
