Model: GRU
MSE: 113.5179337876288
MAE: 9.70520122297879
EVS: -0.02239335329411052
