Model: GRU
MSE: 119.1536165063812
MAE: 10.161348554594763
EVS: 0.1588618227998534
