Model: GRU
MSE: 464.53426310916427
MAE: 21.057819547324346
EVS: -0.11631662329049197
