Model: GRU
MSE: 6.718380057414288
MAE: 2.0788244707831023
EVS: 0.7631918212120332
