Model: GRU
MSE: 5.170339104571977
MAE: 1.5334499046720307
EVS: 0.7286550338243959
