Model: GRU
MSE: 120.47137761093876
MAE: 10.141958162702363
EVS: 0.06832656049432562
