Model: GRU
MSE: 5.583209178166897
MAE: 1.7599389799709977
EVS: 0.7170061765798652
