Model: GRU
MSE: 9.112586011724458
MAE: 2.406719849027436
EVS: 0.6851016101965147
