Model: GRU
MSE: 5.20006777833543
MAE: 1.59208135769285
EVS: 0.7254741389782213
