Model: GRU
MSE: 4.645274407111958
MAE: 1.4206615295903435
EVS: 0.7582624990499935
