Model: GRU
MSE: 6.142046655886256
MAE: 1.7496115955813178
EVS: 0.6958449007478467
