Model: GRU
MSE: 5.403871271971905
MAE: 1.60517019033432
EVS: 0.7331539329953825
