Model: GRU
MSE: 44.42574627667351
MAE: 5.460298143584152
EVS: 0.0
