Model: GRU
MSE: 6.174514170596631
MAE: 1.751671232026199
EVS: 0.6891603271869917
