Model: GRU
MSE: 4031.2864072071056
MAE: 63.16592782119225
EVS: -1.187508272331474
