Model: GRU
MSE: 6.406636624859446
MAE: 1.904060106852959
EVS: 0.7281836574018418
