Model: GRU
MSE: 6.067331971838411
MAE: 1.7403328583158295
EVS: 0.7235959508492057
