Model: GRU
MSE: 8.48196892960799
MAE: 2.2755081098655174
EVS: 0.6751191618734651
