Model: GRU
MSE: 5.783939697885791
MAE: 1.7607607409871857
EVS: 0.6985941516568576
