Model: GRU
MSE: 2381.5034502575754
MAE: 48.59251199919602
EVS: -0.07234259875086568
