Model: GRU
MSE: 7.951023241866176
MAE: 2.1360983519718566
EVS: 0.709952015280905
