Model: GRU
MSE: 1258.2775949424465
MAE: 35.208407632235826
EVS: 0.01365126050149379
