Model: GRU
MSE: 5.299325434711248
MAE: 1.604109106392696
EVS: 0.7239532424231157
