Model: GRU
MSE: 6.649176320711967
MAE: 1.9102056971911727
EVS: 0.7096754445638785
