Model: GRU
MSE: 7.4508810682326025
MAE: 2.1524408439110063
EVS: 0.6080479357132701
