Model: GRU
MSE: 5.24589095023735
MAE: 1.670898050069809
EVS: 0.7368316183362101
