Model: GRU
MSE: 116.96750486235443
MAE: 9.907978715567753
EVS: 0.005513393170757497
