Model: GRU
MSE: 97.2919080876475
MAE: 8.781611311024633
EVS: -0.06726332503738663
