Model: GRU
MSE: 6.905290537683648
MAE: 2.0034056984145066
EVS: 0.655247106540023
