Model: GRU
MSE: 5.820470287002085
MAE: 1.6973920567282315
EVS: 0.7115954701162517
