Model: GRU
MSE: 77.69076052388971
MAE: 7.683908470745744
EVS: 0.013509267436534689
