Model: GRU
MSE: 5.234185229836549
MAE: 1.6519251815203964
EVS: 0.7360976074884908
