Model: GRU
MSE: 4.696002689116275
MAE: 1.4551353434036518
EVS: 0.7516913849331043
