Model: GRU
MSE: 6.305722517477305
MAE: 1.9114343133465996
EVS: 0.721626222926883
