Model: GRU
MSE: 8.39970652041207
MAE: 2.1101485932695456
EVS: 0.6045400815117565
