Model: GRU
MSE: 5.406372783105831
MAE: 1.865912544316259
EVS: 0.7194135297983162
