Model: GRU
MSE: 5.371405954455989
MAE: 1.582768333369288
EVS: 0.728911692693044
