Model: GRU
MSE: 98.99920837964748
MAE: 8.967507691218936
EVS: 0.01696345881544692
