Model: GRU
MSE: 7.910017248578316
MAE: 2.26463873633023
EVS: 0.7005692235367855
