Model: GRU
MSE: 5.398446331463248
MAE: 1.5832299405130847
EVS: 0.7266916167912929
