Model: GRU
MSE: 4.943505760264684
MAE: 1.54019675583675
EVS: 0.7388717876480086
