Model: GRU
MSE: 1178.931386157325
MAE: 34.047379460828054
EVS: -0.042512974240987544
