Model: GRU
MSE: 5.823443438758149
MAE: 1.7029393315315247
EVS: 0.6946473390804453
