Model: GRU
MSE: 92.64451896558629
MAE: 8.549800562447516
EVS: -0.03394804679790253
