Model: GRU
MSE: 5.405004322000553
MAE: 1.6338086087128212
EVS: 0.7240689283708635
