Model: GRU
MSE: 5.811741022371136
MAE: 1.8016351461410522
EVS: 0.7072615697259876
