Model: GRU
MSE: 8.041916571878703
MAE: 2.346967475167636
EVS: 0.6502559786728968
