Model: GRU
MSE: 4.652874591653857
MAE: 1.4408346578992646
EVS: 0.7712370344628324
