Model: GRU
MSE: 5.194312865896784
MAE: 1.5659379753573188
EVS: 0.7300169250571329
