Model: GRU
MSE: 5.051075581893687
MAE: 1.570322612236286
EVS: 0.7511177330657115
