Model: GRU
MSE: 4.7242905947236995
MAE: 1.4588328939059685
EVS: 0.7564713028225203
