Model: GRU
MSE: 5.645452863985311
MAE: 1.6899954142241642
EVS: 0.724770905810868
