Model: GRU
MSE: 5.008608893626995
MAE: 1.554061088068732
EVS: 0.7494804792561042
