Model: GRU
MSE: 1395.313041645661
MAE: 37.1101331053109
EVS: 0.03981358623488529
