Model: GRU
MSE: 343.6499958071586
MAE: 18.033084836499444
EVS: 0.023584765380829986
