Model: GRU
MSE: 2783.774637694104
MAE: 52.613617929919016
EVS: 0.1757244620926991
