Model: GRU
MSE: 289.7458977592505
MAE: 16.52300157218144
EVS: 0.11465326248869523
