Model: GRU
MSE: 4.949770231196406
MAE: 1.5058041482136166
EVS: 0.739237514148377
