Model: GRU
MSE: 6.751830198419094
MAE: 1.9997030948770458
EVS: 0.735446189933409
