Model: GRU
MSE: 5.079423632621827
MAE: 1.5525150514882187
EVS: 0.7449506708397231
