Model: GRU
MSE: 6.302696769982754
MAE: 1.8348766637259517
EVS: 0.7166790537727946
