Model: GRU
MSE: 5.412347792937288
MAE: 1.6104550752146491
EVS: 0.7137222283242377
