Model: GRU
MSE: 5.380523813345222
MAE: 1.6018598141341374
EVS: 0.7169470387998473
