Model: GRU
MSE: 5.877727631532582
MAE: 1.8198382936674973
EVS: 0.6899600692606014
