Model: GRU
MSE: 4.95638132856238
MAE: 1.5860097685764576
EVS: 0.7500571045219268
