Model: GRU
MSE: 5.5905758934663545
MAE: 1.7220860185294316
EVS: 0.7238684077929217
