Model: GRU
MSE: 90.97078819824827
MAE: 8.305647032014255
EVS: -0.1631073154462419
