Model: GRU
MSE: 6.236249143499986
MAE: 1.8809089598984554
EVS: 0.73483502213134
