Model: GRU
MSE: 4.87446724415937
MAE: 1.5190650913222083
EVS: 0.7462728635488733
