Model: GRU
MSE: 5.537890158436823
MAE: 1.666210224916195
EVS: 0.7124220082498295
