Model: GRU
MSE: 931.7417691319191
MAE: 30.25163430181043
EVS: 0.12290168572048032
