Model: GRU
MSE: 7.448997598034696
MAE: 2.1546916715030013
EVS: 0.7162767536205894
