Model: GRU
MSE: 5.120749783356512
MAE: 1.5840761846509472
EVS: 0.7296556527209732
