Model: GRU
MSE: 5.459830358449103
MAE: 1.6862256198093808
EVS: 0.7345388743134699
