Model: GRU
MSE: 5.835675297296124
MAE: 1.7813905220607231
EVS: 0.6937560997080233
