Model: GRU
MSE: 4.978312293356864
MAE: 1.6496226376500622
EVS: 0.7721768295048947
