Model: GRU
MSE: 13.252589821235814
MAE: 2.8641562512942724
EVS: 0.4573819948108879
