Model: GRU
MSE: 2262.2177932333534
MAE: 47.4038353624015
EVS: 0.20152153937451422
