Model: GRU
MSE: 96.60957505879213
MAE: 8.780569958275763
EVS: -0.032135540962709985
