Model: GRU
MSE: 6.169448793247624
MAE: 1.7925620058487202
EVS: 0.69631959607169
