Model: GRU
MSE: 5.497652867477932
MAE: 1.577163381823178
EVS: 0.7100186412739826
