Model: GRU
MSE: 1868.799493757377
MAE: 43.03739909468026
EVS: 0.12282859303688798
