Model: GRU
MSE: 5.689614947447912
MAE: 1.6182190385358086
EVS: 0.7055002404970416
