Model: GRU
MSE: 4019.5566407442634
MAE: 63.253894279743065
EVS: 0.021275580580773945
