Model: GRU
MSE: 6.435130015632571
MAE: 1.9007418237883469
EVS: 0.7238614185107052
