Model: GRU
MSE: 5.622657881516263
MAE: 1.7321570495079304
EVS: 0.7513647170670638
