Model: GRU
MSE: 6.910594709127136
MAE: 1.8930227088517155
EVS: 0.6958116278572786
