Model: GRU
MSE: 593.1123512176918
MAE: 23.8782539696529
EVS: -0.2135907500612848
