Model: GRU
MSE: 7.181249536330511
MAE: 2.084269063226108
EVS: 0.7200725716607868
