Model: GRU
MSE: 471.0998750705211
MAE: 21.243857877007848
EVS: -0.04732894314145031
