Model: GRU
MSE: 5.990097715360344
MAE: 1.765967021728384
EVS: 0.7136521244506244
