Model: GRU
MSE: 6.189098376377338
MAE: 1.7386730827134231
EVS: 0.6731838217393018
