Model: GRU
MSE: 4.80526949840492
MAE: 1.4202100860661473
EVS: 0.7664161829412691
