Model: GRU
MSE: 6.913091144378352
MAE: 1.9098094126273846
EVS: 0.664688496884362
