Model: GRU
MSE: 4.652516350729482
MAE: 1.5818731733437241
EVS: 0.7616708799001375
