Model: GRU
MSE: 8.28859112419054
MAE: 2.246027547737648
EVS: 0.6576304683738101
