Model: GRU
MSE: 4.785087595913963
MAE: 1.523683527420307
EVS: 0.7511800906934842
