Model: GRU
MSE: 5.265155140450029
MAE: 1.6642808441458077
EVS: 0.7295102107567832
