Model: GRU
MSE: 5.515239222735176
MAE: 1.7578013518760944
EVS: 0.7270420583383711
