Model: GRU
MSE: 5.970251056887582
MAE: 1.907849922262389
EVS: 0.7439590790155871
