Model: GRU
MSE: 24.99220612478936
MAE: 3.9620997494664687
EVS: -0.007971629551880577
