Model: GRU
MSE: 5.515766459178367
MAE: 1.7338730466776882
EVS: 0.7321069465773565
