Model: GRU
MSE: 22.35349162699943
MAE: 3.8698152509228936
EVS: 0.35887568406909154
