Model: GRU
MSE: 1610.361975066478
MAE: 39.8834083162505
EVS: -0.04084018609566309
