Model: GRU
MSE: 6.579019237027199
MAE: 1.9488913951248958
EVS: 0.723370520284196
