Model: GRU
MSE: 4.928600583295585
MAE: 1.5450788530810127
EVS: 0.7423806796686916
