Model: GRU
MSE: 200.28957490407197
MAE: 13.556519278164568
EVS: 0.12660631963660118
