Model: GRU
MSE: 100.82245796384865
MAE: 9.026549306409112
EVS: -0.023285378987698557
