Model: GRU
MSE: 5.449403172272323
MAE: 1.550005974440739
EVS: 0.7128541850418889
