Model: GRU
MSE: 76.0682072890669
MAE: 7.554187310153041
EVS: -0.00522518643927028
