Model: GRU
MSE: 5.281419240650637
MAE: 1.5317320361219604
EVS: 0.7206346241565519
