Model: GRU
MSE: 197.05434216467532
MAE: 13.306447234647027
EVS: -0.05761405808210318
