Model: GRU
MSE: 7.015240404994676
MAE: 2.007087265623027
EVS: 0.6840223284548874
