Model: GRU
MSE: 5.353286619586698
MAE: 1.6063398040574173
EVS: 0.729060131225973
