Model: GRU
MSE: 6.106282776543261
MAE: 1.8032722555357834
EVS: 0.7127306362938696
