Model: GRU
MSE: 5.136492837165422
MAE: 1.5595115772609054
EVS: 0.7286829727084649
