Model: GRU
MSE: 5.085090920378309
MAE: 1.451125325827763
EVS: 0.7326835616979048
