Model: GRU
MSE: 1003.5608099670393
MAE: 31.400935008608062
EVS: 0.07202804413068564
