Model: GRU
MSE: 2772.191857361314
MAE: 52.475022809258824
EVS: 0.017977846084002325
