Model: GRU
MSE: 4.76179487799065
MAE: 1.4068306037064255
EVS: 0.7492430831323729
