Model: GRU
MSE: 5.758214212632121
MAE: 1.6842446368316124
EVS: 0.7084731247366028
