Model: GRU
MSE: 5.840875734223797
MAE: 1.7405721976839263
EVS: 0.722281212703989
