Model: GRU
MSE: 5.27613501275614
MAE: 1.583910260734887
EVS: 0.7210828910370353
