Model: GRU
MSE: 5.895710257964793
MAE: 1.6690324565459942
EVS: 0.688134194836254
