Model: GRU
MSE: 5.462475689146027
MAE: 1.6327404975891113
EVS: 0.7420134009981676
