Model: GRU
MSE: 414.8035208746625
MAE: 19.78162612586186
EVS: -0.24265651587421289
