Model: GRU
MSE: 5.463914883621171
MAE: 1.5882099147500663
EVS: 0.719074021038368
