Model: GRU
MSE: 5.7164381631107855
MAE: 1.7366697048318798
EVS: 0.7376589863244121
