Model: GRU
MSE: 5.142348856523016
MAE: 1.6435616879627621
EVS: 0.7467349823673275
