Model: GRU
MSE: 41.60472986391982
MAE: 5.314093260929503
EVS: 0.07638847870021737
