Model: GRU
MSE: 4.769586707287182
MAE: 1.5013111706437736
EVS: 0.7508302329366208
