Model: GRU
MSE: 4.9573333423425945
MAE: 1.562292066113702
EVS: 0.7378510527824577
