Model: GRU
MSE: 98.60592809301545
MAE: 8.969160860982434
EVS: 0.039336483990104254
