Model: GRU
MSE: 101.92751903413566
MAE: 9.069868724921655
EVS: -0.040273323165098907
