Model: GRU
MSE: 5.242558344960063
MAE: 1.6622632947461358
EVS: 0.7333063712070329
