Model: GRU
MSE: 388.7488531002959
MAE: 19.098490863010802
EVS: -0.26940850287573315
