Model: GRU
MSE: 5.128279255716174
MAE: 1.4617292223305538
EVS: 0.7294293138228871
