Model: GRU
MSE: 1281.0938398002481
MAE: 35.52746279486294
EVS: 0.0005532745340945944
