Model: GRU
MSE: 7.193457505464694
MAE: 1.9261894554927432
EVS: 0.6841976316007972
