Model: GRU
MSE: 4.829402182866134
MAE: 1.5544580426709405
EVS: 0.7497518917037083
