Model: GRU
MSE: 5.031627826991286
MAE: 1.5770263692428326
EVS: 0.7346772643640682
