Model: GRU
MSE: 8.739419476719474
MAE: 2.2813097885970413
EVS: 0.6785557363352784
