Model: GRU
MSE: 5.859220686526536
MAE: 1.8041266408459893
EVS: 0.7371095956522702
