Model: GRU
MSE: 5.366411277857219
MAE: 1.663886693017236
EVS: 0.7522451697231953
