Model: GRU
MSE: 7.346467754528156
MAE: 1.9528851848224114
EVS: 0.6797567564017323
