Model: GRU
MSE: 6.36426651727991
MAE: 1.789076530727847
EVS: 0.6938168246746269
