Model: GRU
MSE: 4.783122943716803
MAE: 1.5218662013267648
EVS: 0.7488849935783355
