Model: GRU
MSE: 1051.7869438686007
MAE: 32.26544194902692
EVS: 0.46429517734191805
