Model: GRU
MSE: 101.0977275210057
MAE: 9.0845292025599
EVS: 0.017701806811157517
