Model: GRU
MSE: 4.831354409669133
MAE: 1.4910199046134949
EVS: 0.7457728576189209
