Model: GRU
MSE: 5.1789548592356445
MAE: 1.6277017819470372
EVS: 0.7296429010182519
