Model: GRU
MSE: 40.51168811672347
MAE: 4.642217730653697
EVS: -1.1095438831769013
