Model: GRU
MSE: 5.735473626994976
MAE: 1.8560464145808384
EVS: 0.714756891091756
