Model: GRU
MSE: 6.32629328260407
MAE: 1.767990402106581
EVS: 0.7013438554626849
