Model: GRU
MSE: 11.545859654161964
MAE: 2.4242357628686086
EVS: 0.5088104442344985
