Model: GRU
MSE: 6.372446523105212
MAE: 1.9501524958117256
EVS: 0.6629140989935346
