Model: GRU
MSE: 25.42385996111412
MAE: 4.022302561792834
EVS: -2.220446049250313e-16
