Model: GRU
MSE: 6.453506388998096
MAE: 1.9995831867744183
EVS: 0.754893980158926
