Model: GRU
MSE: 5.6499615413236794
MAE: 1.637897565447051
EVS: 0.701353321034252
