Model: GRU
MSE: 95.01183848051882
MAE: 8.79585050714427
EVS: 0.06659197289049068
