Model: GRU
MSE: 9.282699539215683
MAE: 2.4008350803934295
EVS: 0.6989758754984761
