Model: GRU
MSE: 100.12672959626619
MAE: 8.997807412311948
EVS: -0.013886459920991134
