Model: GRU
MSE: 1290.2422616079905
MAE: 35.594909043147645
EVS: -0.22963911428913475
