Model: GRU
MSE: 5.825834124610667
MAE: 1.7728548460993274
EVS: 0.7224066408010354
