Model: GRU
MSE: 10.599263286054777
MAE: 2.532728651474262
EVS: 0.4400699368986293
