Model: GRU
MSE: 7.278336120989734
MAE: 1.9447164453309158
EVS: 0.6644566887012913
