Model: GRU
MSE: 5.217848740233324
MAE: 1.520906189392353
EVS: 0.7241823042254569
