Model: GRU
MSE: 7.276705544710894
MAE: 2.1520914702579894
EVS: 0.747639887728233
