Model: GRU
MSE: 100.86648403405192
MAE: 9.099836526245907
EVS: 0.0446593777746912
