Model: GRU
MSE: 4.828616512763021
MAE: 1.5481783151626587
EVS: 0.7515485493686007
