Model: GRU
MSE: 94.48113773755749
MAE: 8.738101465948697
EVS: 0.04110127390135754
