Model: GRU
MSE: 5.467977362765955
MAE: 1.613619060351931
EVS: 0.7107693660013301
