Model: GRU
MSE: 370.7235962478493
MAE: 18.64815272956059
EVS: -0.21510672129834707
