Model: GRU
MSE: 267.7739647220946
MAE: 15.838929159887906
EVS: 0.1058734412181519
