Model: GRU
MSE: 4.8034728589905225
MAE: 1.6386214484428536
EVS: 0.7459907754778827
