Model: GRU
MSE: 5.304957616391094
MAE: 1.6310290262616913
EVS: 0.7198174658083696
