Model: GRU
MSE: 1046.4037758815075
MAE: 32.05802506413953
EVS: 0.011472959213981948
