Model: GRU
MSE: 44.15279425954264
MAE: 5.443485391551051
EVS: 0.0
