Model: GRU
MSE: 7.80022269781411
MAE: 2.0783055239710313
EVS: 0.7233734511531789
