Model: GRU
MSE: 5.592499352619745
MAE: 1.6182311978833428
EVS: 0.7042543519288844
