Model: GRU
MSE: 5.767068933490644
MAE: 1.7549508029016956
EVS: 0.7082143539874859
