Model: GRU
MSE: 658.0384984633781
MAE: 25.289140668408624
EVS: 0.02146794912285699
