Model: GRU
MSE: 6.538594589038623
MAE: 1.9154979853794492
EVS: 0.7201367076035667
