Model: GRU
MSE: 5.540823433430313
MAE: 1.6904495358467102
EVS: 0.7326519660764212
