Model: GRU
MSE: 12.09297456816904
MAE: 2.7549037029003274
EVS: 0.6364844435592998
