Model: GRU
MSE: 6.0747529902028905
MAE: 1.7583607589376384
EVS: 0.7231535328855057
