Model: GRU
MSE: 5.475992216390917
MAE: 1.6448914830026955
EVS: 0.7361673962632926
