Model: GRU
MSE: 5.873600699404572
MAE: 1.7065721626939445
EVS: 0.7285144312600124
