Model: GRU
MSE: 98.53258040440298
MAE: 8.88157657919259
EVS: -0.039489218180807084
