Model: GRU
MSE: 10.318047741198335
MAE: 2.762484362413143
EVS: 0.715087465742684
