Model: GRU
MSE: 5.154686563917136
MAE: 1.5033772043113052
EVS: 0.7301464153424497
