Model: GRU
MSE: 5.564437856767544
MAE: 1.658433437347412
EVS: 0.7163457102850136
