Model: GRU
MSE: 5.312505546415243
MAE: 1.539890667487835
EVS: 0.7219980547308367
