Model: GRU
MSE: 7.367841313497334
MAE: 2.1022049558573754
EVS: 0.6608979932420149
