Model: GRU
MSE: 95.07683173023125
MAE: 8.723246747049792
EVS: -0.004132095294135274
