Model: GRU
MSE: 6.089109169553275
MAE: 1.7218769254355595
EVS: 0.7210762223391289
