Model: GRU
MSE: 7.184061410070414
MAE: 1.9816630914293487
EVS: 0.6465280391241901
