Model: GRU
MSE: 5.630767102776891
MAE: 1.670938204074728
EVS: 0.7189544625649082
