Model: GRU
MSE: 4.890164426031273
MAE: 1.547972708940506
EVS: 0.7513362465202403
