Model: GRU
MSE: 5.246515700518051
MAE: 1.526058249432465
EVS: 0.7227267940749991
