Model: GRU
MSE: 5.349116745593521
MAE: 1.6645935383336297
EVS: 0.7386691862629532
