Model: GRU
MSE: 1258.8746671054494
MAE: 35.23043290499983
EVS: 0.06413678531227007
