Model: GRU
MSE: 5.035562000017941
MAE: 1.5292555545938427
EVS: 0.7395617579022217
