Model: GRU
MSE: 4.792804429308691
MAE: 1.6098550105917042
EVS: 0.7511224647618913
