Model: GRU
MSE: 5.647664915997941
MAE: 1.7817548575072453
EVS: 0.7120136393646289
