Model: GRU
MSE: 5.312147523538886
MAE: 1.6484628052547061
EVS: 0.7202279723398712
