Model: GRU
MSE: 802.0076400503317
MAE: 27.924727209683123
EVS: -0.17528667222365457
