Model: GRU
MSE: 5.153296721344806
MAE: 1.4531544919671684
EVS: 0.7293214895296538
