Model: GRU
MSE: 30.452344932076215
MAE: 4.465371658062113
EVS: -2.220446049250313e-16
