Model: GRU
MSE: 7.10798648194082
MAE: 2.1954804782209725
EVS: 0.7717226922283442
