Model: GRU
MSE: 6.176958416290719
MAE: 1.8210579033555656
EVS: 0.7083373072409169
