Model: GRU
MSE: 4.6317722787157125
MAE: 1.5433753769973229
EVS: 0.7664130725228366
