Model: GRU
MSE: 88.82273606181266
MAE: 8.334073099596747
EVS: -0.024454254172879386
