Model: GRU
MSE: 5.227737258110318
MAE: 1.4850911148663224
EVS: 0.7306190017112959
