Model: GRU
MSE: 5.269976955968845
MAE: 1.6485786191348373
EVS: 0.7339235760195821
