Model: GRU
MSE: 5.28316134648878
MAE: 1.596649198696531
EVS: 0.7375919771691939
