Model: GRU
MSE: 4.881217656538077
MAE: 1.4869392565612136
EVS: 0.7506956416296389
