Model: GRU
MSE: 134.79380591746335
MAE: 10.806622110564133
EVS: 0.04723743331878749
