Model: GRU
MSE: 983.9645199028887
MAE: 31.071466577464136
EVS: 0.019848058089103615
