Model: GRU
MSE: 5.445116767386782
MAE: 1.6581433682606137
EVS: 0.7158972694696345
