Model: GRU
MSE: 610.3185814309475
MAE: 24.266753328257593
EVS: -0.13434301842693674
