Model: GRU
MSE: 8.549408413624507
MAE: 2.4631146891363738
EVS: 0.7326180105552371
