Model: GRU
MSE: 5.580268863309373
MAE: 1.7168213653153386
EVS: 0.7240006411012341
