Model: GRU
MSE: 4.665966668583423
MAE: 1.4085899303699363
EVS: 0.7572427931922169
