Model: GRU
MSE: 1376.7631699674732
MAE: 36.71360130967765
EVS: -0.5274612954905578
