Model: GRU
MSE: 273.33380418573375
MAE: 16.00142031702502
EVS: 0.08545074525883323
