Model: GRU
MSE: 1557.6458453113516
MAE: 39.239874083420325
EVS: 0.05425179272166203
