Model: GRU
MSE: 173.1516757798517
MAE: 12.271287794770865
EVS: -0.19379741774786607
