Model: GRU
MSE: 5.644011003852847
MAE: 1.708526195123278
EVS: 0.7014783152353276
