Model: GRU
MSE: 6.034093886475971
MAE: 1.8942156752635693
EVS: 0.7473116764604553
