Model: GRU
MSE: 1856.9849382975276
MAE: 42.88140934911267
EVS: 0.03882922903047581
