Model: GRU
MSE: 3193.8495723585906
MAE: 56.340245937478954
EVS: -0.03822397238419195
