Model: GRU
MSE: 9.647827483946443
MAE: 2.688355692501726
EVS: 0.7448995433816876
