Model: GRU
MSE: 220.1416098175848
MAE: 14.22712126271478
EVS: 0.06205433633083457
