Model: GRU
MSE: 5.18956329562629
MAE: 1.653789680579613
EVS: 0.7543769724757202
