Model: GRU
MSE: 7.029221303984722
MAE: 1.9034744624433846
EVS: 0.6831119439241025
