Model: GRU
MSE: 641.7552925031088
MAE: 24.93790961956156
EVS: -0.050374843153079274
