Model: GRU
MSE: 5.735955256205257
MAE: 1.6969541722330554
EVS: 0.6965714045715063
