Model: GRU
MSE: 5.301350088308364
MAE: 1.6838087069577183
EVS: 0.7507267589787661
