Model: GRU
MSE: 7.894977697352139
MAE: 2.2958237179394425
EVS: 0.6473139522073965
