Model: GRU
MSE: 4.459053353356776
MAE: 1.4405856666893795
EVS: 0.7717184145267337
