Model: GRU
MSE: 21.857286550829862
MAE: 3.7537177842238854
EVS: -2.220446049250313e-16
