Model: GRU
MSE: 4.454010089877243
MAE: 1.471080418290763
EVS: 0.7644417104295158
