Model: GRU
MSE: 5.463387263064363
MAE: 1.7735511146742722
EVS: 0.7267200139134233
