Model: GRU
MSE: 11.769566079021141
MAE: 2.578220101266072
EVS: 0.5256124992468152
