Model: GRU
MSE: 4.85779746388443
MAE: 1.5109139167029282
EVS: 0.7439052250489403
