Model: GRU
MSE: 5.165077689093961
MAE: 1.5863580642075374
EVS: 0.7342914371467101
