Model: GRU
MSE: 96.39342551531479
MAE: 8.809938901457294
EVS: 0.006627491564505816
