Model: GRU
MSE: 5.0210855868924815
MAE: 1.53251346842996
EVS: 0.7361474785938842
