Model: GRU
MSE: 5.97796895539247
MAE: 1.7418579788043582
EVS: 0.6890065443935297
