Model: GRU
MSE: 5.448004473764154
MAE: 1.5748701424434268
EVS: 0.7202987823258981
