Model: GRU
MSE: 4.898897220479163
MAE: 1.4972316365817497
EVS: 0.7414400667124498
