Model: GRU
MSE: 6.133706286788124
MAE: 1.7143746604179513
EVS: 0.7058033002436117
