Model: GRU
MSE: 6.0826164563210625
MAE: 1.7179395494789913
EVS: 0.6782751172676427
