Model: GRU
MSE: 6.856627570149007
MAE: 1.9571184700932995
EVS: 0.6792688831948275
