Model: GRU
MSE: 7.170324104793922
MAE: 2.0934233480486375
EVS: 0.7318135920577753
