Model: GRU
MSE: 7.7899149525001485
MAE: 2.0344155225260505
EVS: 0.5888942509145436
