Model: GRU
MSE: 7.309075756755944
MAE: 2.005691857173525
EVS: 0.7043450846314943
