Model: GRU
MSE: 88.91994861854212
MAE: 8.376663347770428
EVS: 0.008052731653512724
