Model: GRU
MSE: 5.410772749155272
MAE: 1.7055862104070598
EVS: 0.7540541859614607
