Model: GRU
MSE: 4.891725705379635
MAE: 1.485998411630762
EVS: 0.7480295470165059
