Model: GRU
MSE: 5.429556350197319
MAE: 1.708451139515844
EVS: 0.7512693907053845
