Model: GRU
MSE: 5.010185900889904
MAE: 1.528853885058699
EVS: 0.7386168813482488
