Model: GRU
MSE: 4.9756400528635245
MAE: 1.4965899031737755
EVS: 0.7422466971475343
