Model: GRU
MSE: 5.531329557194119
MAE: 1.643642573521055
EVS: 0.7159026097343445
