Model: GRU
MSE: 5.031773529989772
MAE: 1.5254799877775127
EVS: 0.7345548740936005
