Model: GRU
MSE: 8.785111766609202
MAE: 1.949232578277588
EVS: 0.5806019278117835
