Model: GRU
MSE: 6.5586182514916
MAE: 1.8519126094620804
EVS: 0.6906422488636452
