Model: GRU
MSE: 4.916427187192101
MAE: 1.5526357848068764
EVS: 0.7510020562273901
