Model: GRU
MSE: 701.3483432799719
MAE: 26.077297112037396
EVS: -0.1279767613177063
