Model: GRU
MSE: 5.89407674641865
MAE: 1.6533062786891544
EVS: 0.7222191801514516
