Model: GRU
MSE: 4.818969556412227
MAE: 1.509536126564289
EVS: 0.7493609184480485
