Model: GRU
MSE: 4.833695278889994
MAE: 1.4301489139425343
EVS: 0.7444723940261112
