Model: GRU
MSE: 5.4165041808498815
MAE: 1.646039790120618
EVS: 0.7135601350950151
