Model: GRU
MSE: 1355.5253086111459
MAE: 36.53898785032075
EVS: -0.08061863650160483
