Model: GRU
MSE: 5.785478891020798
MAE: 1.8076319530092437
EVS: 0.717555781991198
