Model: GRU
MSE: 6.2194417025009185
MAE: 2.0230568688491295
EVS: 0.7716960340625971
