Model: GRU
MSE: 6.024218304002665
MAE: 1.8706138627282505
EVS: 0.7360052656225485
