Model: GRU
MSE: 922.4879783875917
MAE: 30.055738646408606
EVS: -0.012530186825937983
