Model: GRU
MSE: 5.511519598434282
MAE: 1.6626624413605393
EVS: 0.7122088741259227
