Model: GRU
MSE: 5.55617691569909
MAE: 1.6848582584282448
EVS: 0.7327630802869369
