Model: GRU
MSE: 5.280851307619759
MAE: 1.6249618036993618
EVS: 0.7282531287758744
