Model: GRU
MSE: 4.7360599968477155
MAE: 1.4784969666908527
EVS: 0.752228951896754
