Model: GRU
MSE: 4.513981191380501
MAE: 1.407157433444056
EVS: 0.7612803977377249
