Model: GRU
MSE: 85.10571700037923
MAE: 8.145327607105518
EVS: 0.007635067256975159
