Model: GRU
MSE: 5.516675469014703
MAE: 1.8144047917990849
EVS: 0.7655562160470959
