Model: GRU
MSE: 86.32681130865522
MAE: 8.20358108138216
EVS: -0.006579809952117488
