Model: GRU
MSE: 6.085101499665191
MAE: 1.7515635387650852
EVS: 0.7029960208845465
