Model: GRU
MSE: 5.000611085422785
MAE: 1.6202806491276314
EVS: 0.7380051983760585
