Model: GRU
MSE: 5.5526801690010235
MAE: 1.652002400365369
EVS: 0.7078991134614974
