Model: GRU
MSE: 7.700607543618794
MAE: 2.2406479613534334
EVS: 0.7346630977973474
