Model: GRU
MSE: 6.643732229399219
MAE: 1.7834113980161732
EVS: 0.6830247850580629
