Model: GRU
MSE: 5.599579006667831
MAE: 1.7357848389395352
EVS: 0.7398128276886344
