Model: GRU
MSE: 5.55036839290946
MAE: 1.5699857771396637
EVS: 0.7347927423034498
