Model: GRU
MSE: 5.062057200289124
MAE: 1.5391475147214428
EVS: 0.7335210522954061
