Model: GRU
MSE: 749.615622517633
MAE: 27.070120893675707
EVS: 0.11000546448432524
