Model: GRU
MSE: 5.901643557411298
MAE: 1.743211904476429
EVS: 0.731191569570574
