Model: GRU
MSE: 5.955477083208738
MAE: 1.7132865724892452
EVS: 0.7042340798752142
