Model: GRU
MSE: 6.672816789057557
MAE: 1.990819030794604
EVS: 0.7018991230015404
