Model: GRU
MSE: 5.63143879051748
MAE: 1.675599519548745
EVS: 0.7190688184050612
