Model: GRU
MSE: 4653.449993716579
MAE: 68.07375704008957
EVS: -0.02697410828079283
