Model: GRU
MSE: 5.71782874356707
MAE: 1.6409897927580208
EVS: 0.6976270889292804
