Model: GRU
MSE: 5.8630835363231935
MAE: 1.706413511572213
EVS: 0.7097160133293701
