Model: GRU
MSE: 3012.3368777879195
MAE: 54.7045705071811
EVS: -0.044602799732085474
