Model: GRU
MSE: 100.07512007610809
MAE: 8.998143376975223
EVS: -0.010836497948654822
