Model: GRU
MSE: 6.4072377328287535
MAE: 1.8585564144726456
EVS: 0.7050655648532069
