Model: GRU
MSE: 6.45394945599574
MAE: 1.8158247635282319
EVS: 0.7183431566733265
