Model: GRU
MSE: 5.466816729722044
MAE: 1.6310253061097244
EVS: 0.7275364945751093
