Model: GRU
MSE: 270.76106692513133
MAE: 15.822169254566061
EVS: -0.08021403391631132
