Model: GRU
MSE: 5.49528547626403
MAE: 1.5369508852218758
EVS: 0.7115586260050616
