Model: GRU
MSE: 4.983609129472788
MAE: 1.6275017353995094
EVS: 0.7533533226359429
