Model: GRU
MSE: 5.293187800414223
MAE: 1.5395465020475716
EVS: 0.7296657429160618
