Model: GRU
MSE: 4.949303983739165
MAE: 1.527867839254182
EVS: 0.7468937550385808
