Model: GRU
MSE: 5.389040323476179
MAE: 1.6910844342461948
EVS: 0.7328930813550826
