Model: GRU
MSE: 5.6138957102408895
MAE: 1.6672725677490234
EVS: 0.7595934500333063
