Model: GRU
MSE: 124.2278656802243
MAE: 10.300264555832435
EVS: 0.040799996588713916
