Model: GRU
MSE: 8.784358037521663
MAE: 2.343615071526889
EVS: 0.6809290345453991
