Model: GRU
MSE: 122.12016146589959
MAE: 10.078286145414625
EVS: -0.026064855460788072
