Model: GRU
MSE: 7.621759782300939
MAE: 2.2003265978961157
EVS: 0.7244702801729099
