Model: GRU
MSE: 7.016805716670441
MAE: 1.9198337916670174
EVS: 0.6817397914139143
