Model: GRU
MSE: 6.580747197472329
MAE: 1.9513524894056649
EVS: 0.71918616606539
