Model: GRU
MSE: 4.9308854716607
MAE: 1.51154756134954
EVS: 0.7420221356870389
