Model: GRU
MSE: 7.878938103456584
MAE: 2.078380895072016
EVS: 0.7043803881679862
