Model: GRU
MSE: 7.3122363872249885
MAE: 2.0707617155436813
EVS: 0.6818313977166399
