Model: GRU
MSE: 5.236111951627425
MAE: 1.673594725543055
EVS: 0.7454143375691884
