Model: GRU
MSE: 5.4273367966226065
MAE: 1.749133586883545
EVS: 0.7543853811412428
