Model: GRU
MSE: 4.3793583924723265
MAE: 1.3840458475310227
EVS: 0.7684135115913058
