Model: GRU
MSE: 5.465559950818073
MAE: 1.7133121778225076
EVS: 0.7304160585838106
