Model: GRU
MSE: 5.21944027809464
MAE: 1.634318002339067
EVS: 0.7238930023755294
