Model: GRU
MSE: 9.538371965041993
MAE: 2.4774971809880486
EVS: 0.6487190858223102
