Model: GRU
MSE: 256.95790151157826
MAE: 15.494566325483651
EVS: 0.10724734751663934
