Model: GRU
MSE: 6.354547540398777
MAE: 1.8196534206127297
EVS: 0.7084510652235386
