Model: GRU
MSE: 5.0073852547047455
MAE: 1.505773294588615
EVS: 0.7467075485605459
