Model: GRU
MSE: 6.088713177482514
MAE: 1.7746459399831707
EVS: 0.7112893294623959
