Model: GRU
MSE: 6.018033637425585
MAE: 1.7992380117547924
EVS: 0.6844345535223888
