Model: GRU
MSE: 6.696790447839751
MAE: 1.9101683148022355
EVS: 0.7226198230173655
