Model: GRU
MSE: 2644.8533657616986
MAE: 51.20027555268386
EVS: -0.23706820892451774
