Model: GRU
MSE: 5.898513104074322
MAE: 1.6829420955016696
EVS: 0.694141229002969
