Model: GRU
MSE: 5.992642828702221
MAE: 1.6487607462652798
EVS: 0.6900831324477024
