Model: GRU
MSE: 6.598548805714374
MAE: 1.9162413087384453
EVS: 0.7034712640511103
