Model: GRU
MSE: 5.2507728202955475
MAE: 1.737258689156894
EVS: 0.7249029590804286
