Model: GRU
MSE: 1695.8292711257227
MAE: 41.01880119586813
EVS: 0.2971095945138862
