Model: GRU
MSE: 6.742573140035916
MAE: 2.0178380218045464
EVS: 0.6641583068498589
