Model: GRU
MSE: 4889.100608020941
MAE: 69.78561506600215
EVS: -0.008720616283845573
