Model: GRU
MSE: 5.079988142079256
MAE: 1.6494414148659542
EVS: 0.7326697904514923
