Model: GRU
MSE: 4.674426270665133
MAE: 1.5509549132708846
EVS: 0.7576979513262889
