Model: GRU
MSE: 26.512216960098065
MAE: 4.124671574296622
EVS: 0.03724649601987151
