Model: GRU
MSE: 915.9889095238834
MAE: 29.857452754316657
EVS: -0.2971768803974444
