Model: GRU
MSE: 5.332396557837666
MAE: 1.6121956274427216
EVS: 0.720508231426326
