Model: GRU
MSE: 5.8404925050404355
MAE: 1.7403313579230473
EVS: 0.7414210528247261
