Model: GRU
MSE: 5363.361419779111
MAE: 73.1022342813426
EVS: -0.027564823304467634
