Model: GRU
MSE: 6.010202870033464
MAE: 1.8798519742899928
EVS: 0.7475717616072057
