Model: GRU
MSE: 2450.0891806265954
MAE: 49.30483956172549
EVS: -0.011547500847098435
