Model: GRU
MSE: 232.151739062636
MAE: 14.684346166150323
EVS: 0.12600554947859743
