Model: GRU
MSE: 6.316430768110336
MAE: 1.8490857091443291
EVS: 0.7272155856809852
