Model: GRU
MSE: 9.39753676233044
MAE: 2.204292757170541
EVS: 0.5510192652789321
