Model: GRU
MSE: 7.004965615936619
MAE: 1.978183524361972
EVS: 0.724549957413614
