Model: GRU
MSE: 97.75925328751849
MAE: 8.86760295670608
EVS: -0.01170062815876416
