Model: GRU
MSE: 6.819929092203506
MAE: 1.9567068445271458
EVS: 0.7263087771000155
