Model: GRU
MSE: 67.47922842156704
MAE: 7.02126252548448
EVS: 0.03822456185702272
