Model: GRU
MSE: 5.301161352539705
MAE: 1.6039964330607448
EVS: 0.7199209699925442
