Model: GRU
MSE: 5.265933740407049
MAE: 1.6674514659519852
EVS: 0.7501413920348505
