Model: GRU
MSE: 5.631299718931869
MAE: 1.737592588210928
EVS: 0.7116576346846204
