Model: GRU
MSE: 110.73419143578232
MAE: 9.546604074280838
EVS: -0.03665189918470624
