Model: GRU
MSE: 9.085238621406367
MAE: 2.5190799873450707
EVS: 0.7263323146060872
