Model: GRU
MSE: 8.330907854327263
MAE: 2.329830219005716
EVS: 0.7022004645447735
