Model: GRU
MSE: 5.622376215229906
MAE: 1.6890355636333596
EVS: 0.7026710246087653
