Model: GRU
MSE: 7.079430036654182
MAE: 2.1234617829322815
EVS: 0.7388218365704853
