Model: GRU
MSE: 90.28973864420219
MAE: 8.47792617411449
EVS: 0.025877474649488752
