Model: GRU
MSE: 4.448093644739313
MAE: 1.4859571128055966
EVS: 0.7678852978048188
