Model: GRU
MSE: 1050.7559989723416
MAE: 32.09302688467091
EVS: -0.09997723488126642
