Model: GRU
MSE: 1318.5639239081647
MAE: 36.059397237054235
EVS: 0.03279208492008556
