Model: GRU
MSE: 5.252993091413479
MAE: 1.6872482135378082
EVS: 0.7228783392484321
