Model: GRU
MSE: 6.822575240045097
MAE: 1.9282690779916172
EVS: 0.698928769219875
