Model: GRU
MSE: 5.166312334513742
MAE: 1.6936941722343708
EVS: 0.7629516348236765
