Model: GRU
MSE: 5.199277893962305
MAE: 1.7196949597062736
EVS: 0.7622610507514522
