Model: GRU
MSE: 164.18065249382906
MAE: 12.022914680941351
EVS: -0.03843107514914923
