Model: GRU
MSE: 5.401608810929523
MAE: 1.6750991837731724
EVS: 0.7245669251843777
