Model: GRU
MSE: 6.388613891180739
MAE: 1.8570917485089138
EVS: 0.7134133248093809
