Model: GRU
MSE: 1430.1333587364602
MAE: 37.411312596551305
EVS: -0.6148728029807748
