Model: GRU
MSE: 14.947804649169113
MAE: 2.8110465921204666
EVS: 0.393134714328366
