Model: GRU
MSE: 4.811430242674055
MAE: 1.4761282164475014
EVS: 0.7583653292083442
