Model: GRU
MSE: 6.34868312774034
MAE: 1.8362647582744729
EVS: 0.7324696071059652
