Model: GRU
MSE: 5.980695339683452
MAE: 1.7922534767923683
EVS: 0.7218932494674608
