Model: GRU
MSE: 5.376903714134615
MAE: 1.628450734861966
EVS: 0.7244754967389679
