Model: GRU
MSE: 5.8290296564448045
MAE: 1.7936416576648582
EVS: 0.730228580804906
