Model: GRU
MSE: 5.13044574217552
MAE: 1.5254369347259915
EVS: 0.7286013881209726
