Model: GRU
MSE: 5.57365718222613
MAE: 1.8598309919751923
EVS: 0.7692412258783033
