Model: GRU
MSE: 5.695952828508647
MAE: 1.777828019240807
EVS: 0.7403582105509072
