Model: GRU
MSE: 6.632968793653436
MAE: 1.923156890375861
EVS: 0.6966014203522702
