Model: GRU
MSE: 4.791892975748898
MAE: 1.483942115101321
EVS: 0.7559703164034081
