Model: GRU
MSE: 4.886672014666757
MAE: 1.4892363424958854
EVS: 0.7417514237024763
