Model: GRU
MSE: 5.093703140358316
MAE: 1.5789887165201122
EVS: 0.7393127639882819
