Model: GRU
MSE: 2349.423249208183
MAE: 48.297227136020005
EVS: 0.11122623906934592
