Model: GRU
MSE: 167.55476197424167
MAE: 12.123596783342032
EVS: -0.0883148880815654
