Model: GRU
MSE: 2694.7739303602348
MAE: 51.75522837145575
EVS: 0.14459716991547322
