Model: GRU
MSE: 5.682584895235911
MAE: 1.8005499582866142
EVS: 0.7574785087085236
