Model: GRU
MSE: 5.648598117911365
MAE: 1.638132958576597
EVS: 0.7024670895639615
