Model: GRU
MSE: 5.57036274513808
MAE: 1.57008100172569
EVS: 0.7053431408722683
