Model: GRU
MSE: 111.48303276307355
MAE: 9.648276888090988
EVS: 0.026973587680955036
