Model: GRU
MSE: 5.796481786569926
MAE: 1.6630309573535262
EVS: 0.7036452851143551
