Model: GRU
MSE: 1630.3483694388149
MAE: 40.15097821992019
EVS: 0.03472172901232051
