Model: GRU
MSE: 7.400717864162177
MAE: 2.048159689738833
EVS: 0.6898917847886135
