Model: GRU
MSE: 5.9400435411692385
MAE: 1.7120736755173782
EVS: 0.6882488941749318
