Model: GRU
MSE: 5.94226867038425
MAE: 1.8027195067241275
EVS: 0.7307032629719958
