Model: GRU
MSE: 6.996113612469977
MAE: 2.0218872664303613
EVS: 0.6621414288144527
