Model: GRU
MSE: 6.331421972620927
MAE: 1.8618602670472244
EVS: 0.7111998395050684
