Model: GRU
MSE: 2621.8082308365574
MAE: 51.032350342849206
EVS: 0.07386055609656006
