Model: GRU
MSE: 7.247452771285662
MAE: 2.1744029336962205
EVS: 0.7465432099216359
