Model: GRU
MSE: 106.21325220918544
MAE: 9.330590848265023
EVS: -0.01320591879837374
