Model: GRU
MSE: 5.559437746110645
MAE: 1.658496092105734
EVS: 0.7079221849634099
