Model: GRU
MSE: 6.011781809933648
MAE: 1.8049291803919036
EVS: 0.7231225867884963
