Model: GRU
MSE: 6.624222412377276
MAE: 1.9171541456518502
EVS: 0.6811984849863706
