Model: GRU
MSE: 6.559312859488907
MAE: 1.842715049612111
EVS: 0.7300079651263117
