Model: GRU
MSE: 5.367959493128469
MAE: 1.560285927920506
EVS: 0.7418408344590337
