Model: GRU
MSE: 6.396997822829872
MAE: 1.961437126685833
EVS: 0.7401246408854733
