Model: GRU
MSE: 5.498320350878419
MAE: 1.7201976488376487
EVS: 0.7140830731068968
