Model: GRU
MSE: 5.2608715399349375
MAE: 1.6567037126113628
EVS: 0.732746586909681
