Model: GRU
MSE: 4.972260290219631
MAE: 1.4731584849028752
EVS: 0.7409957396682623
