Model: GRU
MSE: 5.911021939686028
MAE: 1.7791828615912075
EVS: 0.6949269573452037
