Model: GRU
MSE: 7.727625478514243
MAE: 2.2329263317173926
EVS: 0.7412315900415948
