Model: GRU
MSE: 5.849674519796663
MAE: 1.7089840625894481
EVS: 0.7044033749046137
