Model: GRU
MSE: 5.628636720216541
MAE: 1.706307455383498
EVS: 0.7087277656948143
