Model: GRU
MSE: 6.034440743897731
MAE: 1.8799844117000186
EVS: 0.7166340176341488
