Model: GRU
MSE: 6674.2762625648675
MAE: 81.58097234265557
EVS: 0.004362741524224001
