Model: GRU
MSE: 5.510698909330664
MAE: 1.5826739936039365
EVS: 0.7093661373412359
