Model: GRU
MSE: 4.80173481445906
MAE: 1.501348902439249
EVS: 0.74856890986346
