Model: GRU
MSE: 5.157012845405119
MAE: 1.598388320413129
EVS: 0.7375769271246055
