Model: GRU
MSE: 5.1653423540374765
MAE: 1.62383247243947
EVS: 0.7274221920129413
