Model: GRU
MSE: 6.946334389667006
MAE: 1.9521506387611915
EVS: 0.6396080994739398
