Model: GRU
MSE: 1356.742238015462
MAE: 36.579751080480115
EVS: 0.012676743641396149
