Model: GRU
MSE: 4.789029193359875
MAE: 1.5211711505363728
EVS: 0.7473788828677601
