Model: GRU
MSE: 1739.3723987443334
MAE: 41.469106674194336
EVS: -0.04136253093678577
