Model: GRU
MSE: 4.97080069240184
MAE: 1.5542697002147805
EVS: 0.7386325027990912
