Model: GRU
MSE: 5.027102293849715
MAE: 1.550433021167229
EVS: 0.7435563045030849
