Model: GRU
MSE: 542.1786671653732
MAE: 22.89231542061115
EVS: 0.04142706537355667
