Model: GRU
MSE: 4.7937908406826555
MAE: 1.4768864861850082
EVS: 0.7477752222065706
