Model: GRU
MSE: 5.179650147963981
MAE: 1.518555494218037
EVS: 0.7260270259426493
