Model: GRU
MSE: 7.724259672006711
MAE: 2.2061904535211365
EVS: 0.6647433467387751
