Model: GRU
MSE: 5.5711656174714195
MAE: 1.6030840400991768
EVS: 0.7214153275919678
