Model: GRU
MSE: 1394.903385117389
MAE: 37.10036271193932
EVS: 0.02312852244920227
