Model: GRU
MSE: 5.824236018307345
MAE: 1.8388060393004582
EVS: 0.7491673405785031
