Model: GRU
MSE: 5.676746989635768
MAE: 1.6703768331429054
EVS: 0.7060642552066532
