Model: GRU
MSE: 5.56526747989595
MAE: 1.6915362908922393
EVS: 0.7056975037614024
