Model: GRU
MSE: 5.859136882920123
MAE: 1.7506138065765644
EVS: 0.7030581461926325
