Model: GRU
MSE: 7.979628609961977
MAE: 2.250224271724964
EVS: 0.698921745029603
