Model: GRU
MSE: 5.832077229049317
MAE: 1.6926432621890102
EVS: 0.6920378330185144
