Model: GRU
MSE: 5.181111903054694
MAE: 1.6144738032900054
EVS: 0.745899132619351
