Model: GRU
MSE: 5.537989658028083
MAE: 1.7048183237684185
EVS: 0.7107062175465558
