Model: GRU
MSE: 6.062199377943507
MAE: 1.7519622188189934
EVS: 0.6811839947857811
