Model: GRU
MSE: 7.222124065996723
MAE: 2.23344795457248
EVS: 0.7641894081927482
