Model: GRU
MSE: 5.459960517910436
MAE: 1.6564405992113311
EVS: 0.7146285597686695
