Model: GRU
MSE: 275.9366984717183
MAE: 16.011006108645734
EVS: -0.03600862654343673
