Model: GRU
MSE: 5.7163464552279155
MAE: 1.7657655282267208
EVS: 0.7351853138292934
