Model: GRU
MSE: 5.876615011005104
MAE: 1.8156244014871532
EVS: 0.6993386364382477
