Model: GRU
MSE: 5.688463079823645
MAE: 1.6806077546086804
EVS: 0.7126412060439887
