Model: GRU
MSE: 83.40545148426963
MAE: 7.914852867866385
EVS: -0.09822790474108012
