Model: GRU
MSE: 5.550057073386206
MAE: 1.6986506601859783
EVS: 0.7392573944035685
