Model: GRU
MSE: 5.231876645333798
MAE: 1.666572694120736
EVS: 0.7413606414204609
