Model: GRU
MSE: 6.3690972575352625
MAE: 1.859034606095018
EVS: 0.6690149077772414
