Model: GRU
MSE: 5.716664378397848
MAE: 1.6918257351579338
EVS: 0.7298736589225153
