Model: GRU
MSE: 5.82235142779901
MAE: 1.6098499483075634
EVS: 0.6986262474903633
