Model: GRU
MSE: 5.600146908091994
MAE: 1.7137425973497589
EVS: 0.7348561868630141
