Model: GRU
MSE: 7.987461144336739
MAE: 2.0643941533976586
EVS: 0.683011571086338
