Model: GRU
MSE: 8.152861018937097
MAE: 2.157396904353438
EVS: 0.6900222237970899
