Model: GRU
MSE: 4.695904953202597
MAE: 1.5121275186538696
EVS: 0.7520056741637404
