Model: GRU
MSE: 5.369596660182957
MAE: 1.7224629665243214
EVS: 0.7236437631344711
