Model: GRU
MSE: 5.610417003290885
MAE: 1.7092416861961628
EVS: 0.7409130934470982
