Model: GRU
MSE: 5.653417941215607
MAE: 1.786236559522563
EVS: 0.7039209644587496
