Model: GRU
MSE: 5.135981538442108
MAE: 1.490153744302947
EVS: 0.7472127278014076
