Model: GRU
MSE: 6.105781360208342
MAE: 1.7629366599280258
EVS: 0.7061863388518724
