Model: GRU
MSE: 7.390350403359291
MAE: 2.115120370840204
EVS: 0.693832348953541
