Model: GRU
MSE: 5.2462588822490215
MAE: 1.68894073880952
EVS: 0.7586984019618064
