Model: GRU
MSE: 6.479098806690555
MAE: 1.9555965641449238
EVS: 0.7360810990405489
