Model: GRU
MSE: 6.276122477746762
MAE: 1.8183185232096706
EVS: 0.731285195536386
