Model: GRU
MSE: 85.50253049494596
MAE: 8.232845504736078
EVS: 0.06246933494350648
