Model: GRU
MSE: 5.39242395590976
MAE: 1.7160639105171993
EVS: 0.7484807548499011
