Model: GRU
MSE: 112.78938475294727
MAE: 9.73561010689571
EVS: 0.04741961352725832
