Model: GRU
MSE: 4.76687744219194
MAE: 1.4320189706210433
EVS: 0.7479317898661562
