Model: GRU
MSE: 6.543523278286144
MAE: 2.008362289132743
EVS: 0.7460241861969732
