Model: GRU
MSE: 721.6791529533336
MAE: 26.48205885393866
EVS: -0.07808137074439081
