Model: GRU
MSE: 4.914562388394972
MAE: 1.5396339215081314
EVS: 0.7430576080402229
