Model: GRU
MSE: 5.767264513913627
MAE: 1.8120116940860092
EVS: 0.6990510846334057
