Model: GRU
MSE: 5.076742161157976
MAE: 1.5817840633721187
EVS: 0.7458397442303075
