Model: GRU
MSE: 5.398292064624861
MAE: 1.635780457792611
EVS: 0.7215104128540334
