Model: GRU
MSE: 5.076762506405262
MAE: 1.5397110643057987
EVS: 0.741507742123149
