Model: GRU
MSE: 5.139014303880585
MAE: 1.6635413478160728
EVS: 0.7572723171533854
