Model: GRU
MSE: 7.225454951728937
MAE: 2.006862944570081
EVS: 0.6975873996927451
