Model: GRU
MSE: 6.72187566144448
MAE: 1.821398665165079
EVS: 0.7029170487233081
