Model: GRU
MSE: 5.920364248446337
MAE: 1.8515111166855385
EVS: 0.7445152808257269
