Model: GRU
MSE: 6.021572116072618
MAE: 1.7278924481622104
EVS: 0.6898182020451502
