Model: GRU
MSE: 5.301194655396222
MAE: 1.6722792664478565
EVS: 0.7325030537178705
