Model: GRU
MSE: 8.17989557253926
MAE: 2.1732877287371406
EVS: 0.6576225682064556
