Model: GRU
MSE: 5.867041406972734
MAE: 1.7306979606891502
EVS: 0.6904850864157148
