Model: GRU
MSE: 6.390569754506831
MAE: 1.8260226537441384
EVS: 0.6848036199527106
