Model: GRU
MSE: 5.180585630637067
MAE: 1.693870065541103
EVS: 0.7340471933079487
