Model: GRU
MSE: 5.891157670629049
MAE: 1.8563617139027035
EVS: 0.7079770496045461
