Model: GRU
MSE: 5.245417082180532
MAE: 1.5963887181775323
EVS: 0.7227569922128119
