Model: GRU
MSE: 96.63483803035358
MAE: 8.723266453578555
EVS: -0.08653202950049721
