Model: GRU
MSE: 7.088034867584271
MAE: 2.0170583992168822
EVS: 0.6891834385671121
