Model: GRU
MSE: 275.4444236773389
MAE: 16.010989287803913
EVS: -0.00999591372270836
