Model: GRU
MSE: 625.4676708202207
MAE: 23.29252184670547
EVS: -3.3867686151248666
