Model: GRU
MSE: 8.149260179764868
MAE: 2.418885280346048
EVS: 0.7464483920216161
