Model: GRU
MSE: 5.895967560939151
MAE: 1.661725650573599
EVS: 0.7008561388850203
