Model: GRU
MSE: 6.160216068697625
MAE: 1.9547643692329013
EVS: 0.7527936657487099
