Model: GRU
MSE: 30.376761543085447
MAE: 4.458841948673643
EVS: -2.220446049250313e-16
