Model: GRU
MSE: 5.769766875308063
MAE: 1.731077638165704
EVS: 0.7108352092206679
