Model: GRU
MSE: 6.97936144017197
MAE: 2.057955365756462
EVS: 0.706255292137329
