Model: GRU
MSE: 5.21958982719294
MAE: 1.615532714745094
EVS: 0.7311310397681434
