Model: GRU
MSE: 5.497966333302364
MAE: 1.7370605910646504
EVS: 0.7653920615749578
