Model: GRU
MSE: 6.5785687172882765
MAE: 2.0038820833995423
EVS: 0.7392563814546091
