Model: GRU
MSE: 5.123246761665115
MAE: 1.5903770142588123
EVS: 0.7399496939207293
