Model: GRU
MSE: 4.349602776207606
MAE: 1.413858648004203
EVS: 0.7719128828990615
