Model: GRU
MSE: 6.678315019882802
MAE: 1.8827624988966976
EVS: 0.6760428473381213
