Model: GRU
MSE: 9766.679172428165
MAE: 98.73082338530442
EVS: -2.220446049250313e-16
