Model: GRU
MSE: 5.2541515166829065
MAE: 1.6105720811876758
EVS: 0.7266139221599437
