Model: GRU
MSE: 5.29385774985615
MAE: 1.6024176663365857
EVS: 0.7314146847799177
