Model: GRU
MSE: 1103.950598527777
MAE: 32.88744781757223
EVS: -0.18317530613512245
