Model: GRU
MSE: 8.362054488502258
MAE: 2.282488855822333
EVS: 0.7143266177940155
