Model: GRU
MSE: 6.358135089063444
MAE: 1.99708878171855
EVS: 0.7423940687258843
