Model: GRU
MSE: 6.10012639896406
MAE: 1.778670911131234
EVS: 0.6858332038431577
