Model: GRU
MSE: 5.061060179566808
MAE: 1.4139276907361786
EVS: 0.7411769850813114
