Model: GRU
MSE: 6.227028928274623
MAE: 1.7174097505109063
EVS: 0.6780637569986601
