Model: GRU
MSE: 6.702523754574772
MAE: 1.9601324755569984
EVS: 0.7154883339518601
