Model: GRU
MSE: 1930.0580308695949
MAE: 43.69685620275037
EVS: -0.09199807750011213
