Model: GRU
MSE: 214.08241932956273
MAE: 14.08196918717746
EVS: 0.16521237881892736
