Model: GRU
MSE: 5.321233694437081
MAE: 1.6166847903152992
EVS: 0.7574131715851238
