Model: GRU
MSE: 334.7592756523103
MAE: 17.75159688653617
EVS: -0.03895523543987389
