Model: GRU
MSE: 93.24925661373551
MAE: 8.651299509508856
EVS: 0.02641879870193342
