Model: GRU
MSE: 5.212096982858956
MAE: 1.7022644897987103
EVS: 0.7282800818449322
