Model: GRU
MSE: 4.303790953950251
MAE: 1.3735639103527726
EVS: 0.7751495836023339
