Model: GRU
MSE: 8.938353484564981
MAE: 2.2931079124582223
EVS: 0.6651745448541249
