Model: GRU
MSE: 10.169265871521318
MAE: 2.59944866854569
EVS: 0.7346654949734501
