Model: GRU
MSE: 5.551611779018073
MAE: 1.6346344886154964
EVS: 0.7088857756805329
