Model: GRU
MSE: 5.002123627353844
MAE: 1.5448058288672875
EVS: 0.7416295328218434
