Model: GRU
MSE: 6.394921371400426
MAE: 1.790304056529341
EVS: 0.6667784819569778
