Model: GRU
MSE: 6.864410101022523
MAE: 1.9006573413980419
EVS: 0.7070604708358956
