Model: GRU
MSE: 7.381593372715579
MAE: 2.1734659959530007
EVS: 0.7444028139031412
