Model: GRU
MSE: 5.446851711502994
MAE: 1.6588378219768918
EVS: 0.7156735367199507
