Model: GRU
MSE: 10.557592990238957
MAE: 2.7134405580060235
EVS: 0.6481395442722611
