Model: GRU
MSE: 15.807411230867514
MAE: 3.2022491405750144
EVS: 0.3175295915801264
