Model: GRU
MSE: 5.399885646965833
MAE: 1.6288523016304806
EVS: 0.7143670209464065
