Model: GRU
MSE: 6.908286701535215
MAE: 1.8938191430322056
EVS: 0.6749575594774827
