Model: GRU
MSE: 5.233034278376301
MAE: 1.5474737882614136
EVS: 0.745925143183934
