Model: GRU
MSE: 93.35358197868835
MAE: 8.607847680305612
EVS: -0.018771693610622364
