Model: GRU
MSE: 5.580652281370993
MAE: 1.7067940502331174
EVS: 0.7051370625494547
