Model: GRU
MSE: 5.679866839651239
MAE: 1.7625885955218612
EVS: 0.7306456567625313
