Model: GRU
MSE: 1269.886841754253
MAE: 35.366696160415124
EVS: -0.00951974986798998
