Model: GRU
MSE: 5.064641032776795
MAE: 1.549432717520615
EVS: 0.734504308423257
