Model: GRU
MSE: 396.8133558870206
MAE: 19.457366186996985
EVS: 0.03594162179275562
