Model: GRU
MSE: 5.537649543169278
MAE: 1.6645940953287586
EVS: 0.7246439626189586
