Model: GRU
MSE: 5.550398720661412
MAE: 1.669506179875341
EVS: 0.7351052898381659
