Model: GRU
MSE: 8.753422091205165
MAE: 2.1284488645093194
EVS: 0.6534677418320001
