Model: GRU
MSE: 1290.3189188645586
MAE: 35.602147266782566
EVS: -0.20643290164314232
