Model: GRU
MSE: 682.2245139070021
MAE: 25.74978677157698
EVS: -0.014246376927611548
