Model: GRU
MSE: 6.598910429037111
MAE: 1.8799211321205929
EVS: 0.7320251636623908
