Model: GRU
MSE: 211.71047449287428
MAE: 13.898303459430563
EVS: 0.01883498508589654
