Model: GRU
MSE: 6.1436458339177795
MAE: 1.9227211650075584
EVS: 0.7591497788835844
