Model: GRU
MSE: 5.261511772849843
MAE: 1.5862093588401531
EVS: 0.7318539694687918
