Model: GRU
MSE: 5.960580775109805
MAE: 1.8669351812066703
EVS: 0.7238127455242502
