Model: GRU
MSE: 5.67942274624969
MAE: 1.750771530743303
EVS: 0.7056663079296837
