Model: GRU
MSE: 17.452686609346756
MAE: 3.3731496251862625
EVS: 0.3325577631954757
