Model: GRU
MSE: 5.89650850617032
MAE: 1.770895764745515
EVS: 0.6903922651898088
