Model: GRU
MSE: 6.6726742352443
MAE: 1.9624252586529172
EVS: 0.7113265399690082
