Model: GRU
MSE: 5.490621119533203
MAE: 1.671614983986164
EVS: 0.7106000076568026
