Model: GRU
MSE: 85.28336353469889
MAE: 8.203245496955411
EVS: 0.0483270422688199
