Model: GRU
MSE: 5.064763271668551
MAE: 1.5293308630071838
EVS: 0.7473075111182566
