Model: GRU
MSE: 25.271158851877992
MAE: 4.006745009586729
EVS: -2.220446049250313e-16
