Model: GRU
MSE: 5.156506431014239
MAE: 1.5815996383798534
EVS: 0.7305068061582329
