Model: GRU
MSE: 895.4095595427889
MAE: 29.612192384127912
EVS: 0.019893704225420028
