Model: GRU
MSE: 6.213996066852838
MAE: 1.862699081157816
EVS: 0.7035446891883805
