Model: GRU
MSE: 5.451068289285066
MAE: 1.6847744080527076
EVS: 0.7421697085379273
