Model: GRU
MSE: 5.99615534145188
MAE: 1.7886656029471035
EVS: 0.6927882068715217
