Model: GRU
MSE: 6828.778899847394
MAE: 82.53082446394295
EVS: 0.07732740228318735
