Model: GRU
MSE: 6.213723933428355
MAE: 1.885607489224138
EVS: 0.6720374468775956
