Model: GRU
MSE: 7.008114397229705
MAE: 1.8806506888619785
EVS: 0.6700611657958662
