Model: GRU
MSE: 4.615155970671613
MAE: 1.4863859579480927
EVS: 0.7627345018232271
