Model: GRU
MSE: 5.9130399885918825
MAE: 1.815908670425415
EVS: 0.7312181516123246
