Model: GRU
MSE: 4.798846567769952
MAE: 1.4857523523528
EVS: 0.7461423568081166
