Model: GRU
MSE: 749.1715432525723
MAE: 26.773893718061775
EVS: -0.7102568396458886
