Model: GRU
MSE: 107.78782587166258
MAE: 9.387575437282694
EVS: -0.04007510437236883
