Model: GRU
MSE: 5.895323146857447
MAE: 1.7898330770689865
EVS: 0.7382739683281831
