Model: GRU
MSE: 7.375615931509551
MAE: 2.07273412983993
EVS: 0.6588729205798014
