Model: GRU
MSE: 114.84938189424983
MAE: 9.692272572681821
EVS: -0.10609296905184906
