Model: GRU
MSE: 5.269538542162453
MAE: 1.642002825079293
EVS: 0.7212429001612931
