Model: GRU
MSE: 86.67219109884691
MAE: 8.347561819800015
EVS: 0.10121218240827767
