Model: GRU
MSE: 5.596289210649146
MAE: 1.7283758932146533
EVS: 0.7305703106235466
