Model: GRU
MSE: 4.294357999462078
MAE: 1.3956634052868546
EVS: 0.7744010803475715
