Model: GRU
MSE: 5.425040665899048
MAE: 1.5924006988262307
EVS: 0.7179351188825654
