Model: GRU
MSE: 87.04612907605146
MAE: 8.203487204066638
EVS: -0.044713008713834546
