Model: GRU
MSE: 8.454675062585515
MAE: 2.371655982116173
EVS: 0.7264645000959236
