Model: GRU
MSE: 5.547491642598234
MAE: 1.664919774080145
EVS: 0.7246321282974965
