Model: GRU
MSE: 4.345564042752084
MAE: 1.3711358904838562
EVS: 0.7701260206355631
