Model: GRU
MSE: 8.968672356424742
MAE: 2.3096255721717047
EVS: 0.6864678932361514
