Model: GRU
MSE: 4.781585181752528
MAE: 1.5532464241159374
EVS: 0.7471470403748006
