Model: GRU
MSE: 6.936372686956146
MAE: 1.890474572263915
EVS: 0.6446530178757666
