Model: GRU
MSE: 5.161779628106159
MAE: 1.5969802634469394
EVS: 0.7475690921307632
