Model: GRU
MSE: 5.75520780622825
MAE: 1.7490362124196415
EVS: 0.7139675792797209
