Model: GRU
MSE: 4.980533408634596
MAE: 1.4298805245037736
EVS: 0.7444571098086123
