Model: GRU
MSE: 5.066053360497364
MAE: 1.5045749771183934
EVS: 0.732063087596938
