Model: GRU
MSE: 7.659278416637272
MAE: 2.0805705508281447
EVS: 0.5977459004713328
