Model: GRU
MSE: 6407.440039224497
MAE: 79.9332459548424
EVS: 0.04165620065617803
