Model: GRU
MSE: 5.020026199207456
MAE: 1.5461762280299747
EVS: 0.7384806323153553
