Model: GRU
MSE: 5.680160648413537
MAE: 1.6267371927869732
EVS: 0.7253095559297067
