Model: GRU
MSE: 6.653159059683609
MAE: 1.921190434488757
EVS: 0.6487494576019281
