Model: GRU
MSE: 5.307542474908066
MAE: 1.6343739978198348
EVS: 0.7219946788638082
