Model: GRU
MSE: 5.852516262236771
MAE: 1.7561485099381413
EVS: 0.7039360416219878
