Model: GRU
MSE: 1191.004724950274
MAE: 34.21863526311414
EVS: -0.06274118109687277
