Model: GRU
MSE: 4.6590004328989085
MAE: 1.474683169660897
EVS: 0.7542937341690593
