Model: GRU
MSE: 9.8469017318484
MAE: 2.200660025221961
EVS: 0.5189913639658181
