Model: GRU
MSE: 6.25420090255605
MAE: 1.7804357563627178
EVS: 0.7211629818164478
