Model: GRU
MSE: 6.755779204572812
MAE: 1.9568701006215194
EVS: 0.6994702355023082
