Model: GRU
MSE: 6.6108196902005245
MAE: 1.9731309578336518
EVS: 0.737993917450264
