Model: GRU
MSE: 5.682337232030414
MAE: 1.7617632438396584
EVS: 0.7419821790637289
