Model: GRU
MSE: 1858.0940761266677
MAE: 38.524896021546986
EVS: -18.780611089030742
