Model: GRU
MSE: 5.292853228659564
MAE: 1.6598879396915436
EVS: 0.7203891413008794
