Model: GRU
MSE: 5.327066960254677
MAE: 1.6485566537955711
EVS: 0.7387659118010454
