Model: GRU
MSE: 6.381688662919035
MAE: 1.9195700842758705
EVS: 0.6746910363128347
