Model: GRU
MSE: 5.606642452366983
MAE: 1.6040773617810216
EVS: 0.718099206881092
