Model: GRU
MSE: 83.56045035758774
MAE: 8.102977686914905
EVS: 0.05297819273881166
