Model: GRU
MSE: 5.589669963004859
MAE: 1.7884965004592106
EVS: 0.7271672893145368
