Model: GRU
MSE: 1720.1897606616542
MAE: 41.02628000851335
EVS: -0.9590945994516651
