Model: GRU
MSE: 6.152487007437822
MAE: 1.7336524848280281
EVS: 0.7010416549496198
