Model: GRU
MSE: 5.502524304550479
MAE: 1.6933663415497746
EVS: 0.7091462307895448
