Model: GRU
MSE: 7.94686609573797
MAE: 2.2388096903932504
EVS: 0.6808506442999249
