Model: GRU
MSE: 88.5109996515942
MAE: 8.33325196442933
EVS: -0.008687472917928929
