Model: GRU
MSE: 5.103673006713206
MAE: 1.586035330747736
EVS: 0.7363267901810603
