Model: GRU
MSE: 5.210554203333052
MAE: 1.633257703534488
EVS: 0.7247533711142453
