Model: GRU
MSE: 5.126724378038921
MAE: 1.5660251543439667
EVS: 0.7297612290163857
