Model: GRU
MSE: 4.540795143356069
MAE: 1.4473575805795604
EVS: 0.7645878369190341
