Model: GRU
MSE: 6697.040035474243
MAE: 81.72230279856714
EVS: 0.02107659387635452
