Model: GRU
MSE: 6.142988478500312
MAE: 1.6747102408573544
EVS: 0.6814394092684786
