Model: GRU
MSE: 513.7922527919604
MAE: 22.243530618733374
EVS: -0.006025931498790493
