Model: GRU
MSE: 410.79554849450227
MAE: 19.784890733916185
EVS: -0.02380282085805252
