Model: GRU
MSE: 8.609089821504794
MAE: 2.141647248432554
EVS: 0.5566057138229376
