Model: GRU
MSE: 5.835986008366785
MAE: 1.6915199962155572
EVS: 0.7059515871217115
