Model: GRU
MSE: 14.358821556631574
MAE: 3.132827092861307
EVS: 0.6194617712397845
