Model: GRU
MSE: 5.063292255681517
MAE: 1.6347035498454654
EVS: 0.7633580117223503
