Model: GRU
MSE: 5.17161246691248
MAE: 1.6070680741606087
EVS: 0.7290159733732835
