Model: GRU
MSE: 1553.4164181024967
MAE: 38.84865951538086
EVS: -1.338066330279574
