Model: GRU
MSE: 4.8630063241899695
MAE: 1.6095121030149788
EVS: 0.7427820931612579
