Model: GRU
MSE: 5.142998439621562
MAE: 1.4956473081276334
EVS: 0.7279823482292744
