Model: GRU
MSE: 5.233459667756174
MAE: 1.5384623182230983
EVS: 0.7256315481480584
