Model: GRU
MSE: 5.409809879564248
MAE: 1.6933232751385918
EVS: 0.7473993681933444
