Model: GRU
MSE: 5.260957498711853
MAE: 1.6050232402209579
EVS: 0.7364014627236425
