Model: GRU
MSE: 6.839844305888819
MAE: 1.9485877772857403
EVS: 0.7048292797555618
