Model: GRU
MSE: 5.124183079159519
MAE: 1.5997341871261597
EVS: 0.7383279216284367
