Model: GRU
MSE: 5.042520518876769
MAE: 1.5693895117989902
EVS: 0.7366582981533032
