Model: GRU
MSE: 4.769991212372724
MAE: 1.4735407048258289
EVS: 0.7511688015128093
