Model: GRU
MSE: 5.048570883134722
MAE: 1.5691683251282265
EVS: 0.7410494201440706
