Model: GRU
MSE: 4.5839981163306325
MAE: 1.493076873236689
EVS: 0.766217205162574
