Model: GRU
MSE: 5.559019647094006
MAE: 1.697330624892794
EVS: 0.7393924835960615
