Model: GRU
MSE: 4.386307662949329
MAE: 1.3824278157332848
EVS: 0.7679803138245491
