Model: GRU
MSE: 5.5403372577652785
MAE: 1.7063106092913398
EVS: 0.7458647236308991
