Model: GRU
MSE: 6.055557685058243
MAE: 1.8044688126136517
EVS: 0.7038165158058023
