Model: GRU
MSE: 5.343579025610333
MAE: 1.5800124653454484
EVS: 0.7185405763366541
