Model: GRU
MSE: 5.256405919296776
MAE: 1.5986859037958343
EVS: 0.727885181788283
