Model: GRU
MSE: 30.401447677575373
MAE: 4.460976962385507
EVS: -2.220446049250313e-16
