Model: GRU
MSE: 5.129845671062893
MAE: 1.6132437833424271
EVS: 0.7438162458802235
