Model: GRU
MSE: 5.173392835835341
MAE: 1.6292550563812256
EVS: 0.7359387671984974
