Model: GRU
MSE: 5.284744257145321
MAE: 1.5327377884552396
EVS: 0.7211929017344498
