Model: GRU
MSE: 6.235442863799564
MAE: 1.8754030969636193
EVS: 0.7238161489129592
