Model: GRU
MSE: 5.2498117139617095
MAE: 1.6083144483895138
EVS: 0.7222959125415274
