Model: GRU
MSE: 5.764932509495884
MAE: 1.7639903878343517
EVS: 0.7419357820441548
