Model: GRU
MSE: 6.694862894850221
MAE: 2.0397417689191886
EVS: 0.7317539232975994
