Model: GRU
MSE: 5.0628026769290155
MAE: 1.558274770605153
EVS: 0.7323230574485161
