Model: GRU
MSE: 7.444589016139988
MAE: 1.993290260947984
EVS: 0.6061839590749099
