Model: GRU
MSE: 6.386574567017643
MAE: 1.910431927648084
EVS: 0.6670545825537686
