Model: GRU
MSE: 5.514041253706535
MAE: 1.7560538690665672
EVS: 0.715325011564438
