Model: GRU
MSE: 4.864897010496183
MAE: 1.5957132454576164
EVS: 0.7480568067909638
