Model: GRU
MSE: 5.16364121426819
MAE: 1.5310755269280796
EVS: 0.7332925168095974
