Model: GRU
MSE: 4.657566868072007
MAE: 1.541395956072314
EVS: 0.7544146363802342
