Model: GRU
MSE: 5.7050357129675255
MAE: 1.6619247362531464
EVS: 0.6982423150140257
