Model: GRU
MSE: 6.019524981130695
MAE: 1.8102075231486354
EVS: 0.6832385781738419
