Model: GRU
MSE: 1726.2238415647284
MAE: 41.001250891849914
EVS: -1.3869030970087293
