Model: GRU
MSE: 5.086829091198356
MAE: 1.6212567584267978
EVS: 0.7611091511804396
