Model: GRU
MSE: 5.595458476231379
MAE: 1.7685571292351032
EVS: 0.7412318961847209
