Model: GRU
MSE: 1414.9709520582285
MAE: 37.38207639496902
EVS: 0.07153999610272155
