Model: GRU
MSE: 4.954845876962386
MAE: 1.480296171944717
EVS: 0.737944179590428
