Model: GRU
MSE: 682.4724862282114
MAE: 25.77207141086973
EVS: 0.03337257420650808
