Model: GRU
MSE: 7.368707099143079
MAE: 2.008167174355737
EVS: 0.6820843630161108
