Model: GRU
MSE: 918.9934683751256
MAE: 29.852571059917583
EVS: -0.47153678696396706
