Model: GRU
MSE: 5.527912300753274
MAE: 1.619593133186472
EVS: 0.7186319250599718
