Model: GRU
MSE: 4.883279333159766
MAE: 1.5038261434127544
EVS: 0.7577995830679035
