Model: GRU
MSE: 5.38628003603575
MAE: 1.646822381636192
EVS: 0.7156005462147963
