Model: GRU
MSE: 5.922516541241059
MAE: 1.7883398573974083
EVS: 0.7039624014225749
