Model: GRU
MSE: 5.935514182965502
MAE: 1.6766680705136265
EVS: 0.7152215817281808
