Model: GRU
MSE: 147.51813358729308
MAE: 11.348751964240238
EVS: 0.009507333422039577
