Model: GRU
MSE: 5.857701127237956
MAE: 1.8210249974809845
EVS: 0.7504994902283744
