Model: GRU
MSE: 364.2152116448343
MAE: 18.532668327463085
EVS: -0.09795603949786824
