Model: GRU
MSE: 4.980339190668199
MAE: 1.5566219954655087
EVS: 0.7484827568424889
