Model: GRU
MSE: 5.544645484116486
MAE: 1.7338919516267448
EVS: 0.7305823109482688
