Model: GRU
MSE: 8.557717052608497
MAE: 2.3088043434866545
EVS: 0.6832920552177264
