Model: GRU
MSE: 5.14980880211249
MAE: 1.5966436862945557
EVS: 0.7376236513843706
