Model: GRU
MSE: 365.1961829672301
MAE: 18.626741540843042
EVS: 0.03507271264674128
