Model: GRU
MSE: 6.437981463014645
MAE: 1.7858761775082554
EVS: 0.6635624405972707
