Model: GRU
MSE: 6.330822067921004
MAE: 1.8084175925830315
EVS: 0.682055391892069
