Model: GRU
MSE: 4.617889632538769
MAE: 1.4359631230091225
EVS: 0.7637988796746735
