Model: GRU
MSE: 6.443253976970513
MAE: 1.9209597439601505
EVS: 0.7397627673650468
