Model: GRU
MSE: 114.96603570386394
MAE: 9.821736060339829
EVS: 0.021379408292387492
