Model: GRU
MSE: 5.517429116377649
MAE: 1.7532100184210415
EVS: 0.7153296584829285
