Model: GRU
MSE: 517.5111520395109
MAE: 22.347497167258428
EVS: 0.04248714697041556
