Model: GRU
MSE: 4.564642216019126
MAE: 1.5535974255923568
EVS: 0.7590663483672646
