Model: GRU
MSE: 7.581235671532524
MAE: 2.1748583481229584
EVS: 0.6260131178076698
