Model: GRU
MSE: 5.593383190454084
MAE: 1.728392516744548
EVS: 0.7315351071120475
