Model: GRU
MSE: 5.579174443580323
MAE: 1.6759581360323677
EVS: 0.7170781256563981
