Model: GRU
MSE: 6.4185935445445725
MAE: 2.02946714697213
EVS: 0.7487756829753061
