Model: GRU
MSE: 973.4929531924126
MAE: 30.86249016071188
EVS: -0.11087616323231941
