Model: GRU
MSE: 5.635915475247745
MAE: 1.7163828261967362
EVS: 0.7045772276637007
