Model: GRU
MSE: 95.65960860285047
MAE: 8.737851743040414
EVS: -0.021470385702365036
