Model: GRU
MSE: 4.6462080374146515
MAE: 1.4645389277359535
EVS: 0.757437362418475
