Model: GRU
MSE: 244.47986585106528
MAE: 14.958527778757029
EVS: -0.0962048590292901
