Model: GRU
MSE: 8.717166978799245
MAE: 2.3261535270460723
EVS: 0.6871606936013122
