Model: GRU
MSE: 4.777954737949436
MAE: 1.4187158161196216
EVS: 0.7472962675808621
