Model: GRU
MSE: 13293.670798424944
MAE: 115.22100830078125
EVS: 0.05891134176488555
