Model: GRU
MSE: 6.709447732819227
MAE: 1.9354518836942212
EVS: 0.6988231292799516
