Model: GRU
MSE: 2062.6579765778274
MAE: 45.22128526095686
EVS: 0.0640272038672075
