Model: GRU
MSE: 5.702890395184325
MAE: 1.6382961396513314
EVS: 0.7044402857186725
