Model: GRU
MSE: 1007.6807385058968
MAE: 31.37463349309461
EVS: -0.2332574489106558
