Model: GRU
MSE: 6.252722245987185
MAE: 1.9419444388356701
EVS: 0.7521237330762907
