Model: GRU
MSE: 9.660863332528239
MAE: 2.6326512591592195
EVS: 0.7199191403730955
