Model: GRU
MSE: 6.924350179202039
MAE: 2.01127552164012
EVS: 0.6675518089127723
