Model: GRU
MSE: 5.915715983890693
MAE: 1.755819203524754
EVS: 0.7291530765005667
