Model: GRU
MSE: 131.95912660736153
MAE: 10.63172589499375
EVS: -0.0011555954213757769
