Model: GRU
MSE: 549.8113679546751
MAE: 23.06213457831021
EVS: 0.05048589132112069
