Model: GRU
MSE: 2016.6253075344532
MAE: 44.699124369128
EVS: 0.015346103345097117
