Model: GRU
MSE: 5.267642074592972
MAE: 1.5230584062378982
EVS: 0.7273585736638968
