Model: GRU
MSE: 6.029914616027552
MAE: 1.821297458533583
EVS: 0.7214812478621442
