Model: GRU
MSE: 4.6845830787507525
MAE: 1.4642068065446
EVS: 0.755144328479345
