Model: GRU
MSE: 5.160143337870055
MAE: 1.5867462928952842
EVS: 0.7328763003215344
