Model: GRU
MSE: 5.460200509801982
MAE: 1.6460439624457524
EVS: 0.7143199867762289
