Model: GRU
MSE: 5.293474802097962
MAE: 1.6434913668139228
EVS: 0.7282562769797869
