Model: GRU
MSE: 6.527097817009972
MAE: 1.846780037057811
EVS: 0.7358234661618196
