Model: GRU
MSE: 9.761194214205226
MAE: 2.3823495260600387
EVS: 0.6394285734514262
