Model: GRU
MSE: 12.216504463552932
MAE: 2.772774975875328
EVS: 0.4715367647366111
