Model: GRU
MSE: 5.986298700161973
MAE: 1.89861038635517
EVS: 0.7046999835646286
