Model: GRU
MSE: 4.823359312778992
MAE: 1.5013219529184803
EVS: 0.7454208618830497
