Model: GRU
MSE: 6.097260967709844
MAE: 1.7475857488040267
EVS: 0.6811260221136988
