Model: GRU
MSE: 5.175916113504295
MAE: 1.5508110975397045
EVS: 0.7262251161275333
