Model: GRU
MSE: 4.594415962873762
MAE: 1.463400925027913
EVS: 0.7591779692961975
