Model: GRU
MSE: 5.453146842227874
MAE: 1.6345255744868312
EVS: 0.7271377301386266
