Model: GRU
MSE: 709.0470287967586
MAE: 26.245473335529194
EVS: -0.06974682591834536
