Model: GRU
MSE: 5.471456343637165
MAE: 1.6374387124489094
EVS: 0.7106225048391972
