Model: GRU
MSE: 5.099383000760736
MAE: 1.6020124945147285
EVS: 0.7310590742201346
