Model: GRU
MSE: 5.296513305274214
MAE: 1.6097759049514244
EVS: 0.7237440744792687
