Model: GRU
MSE: 5.379610924403661
MAE: 1.600884011079525
EVS: 0.7191887370613681
