Model: GRU
MSE: 8.882223940720083
MAE: 2.2262781108247824
EVS: 0.6809750509241892
