Model: GRU
MSE: 4.4334360760072995
MAE: 1.3232491612434387
EVS: 0.7661809283680932
