Model: GRU
MSE: 5.703031249928576
MAE: 1.7810273232131169
EVS: 0.7528123181469796
