Model: GRU
MSE: 5.711148618804629
MAE: 1.7489887599287361
EVS: 0.6978819183053007
