Model: GRU
MSE: 5.594059915291315
MAE: 1.8213997791553367
EVS: 0.7063182322244556
