Model: GRU
MSE: 8.763319497605297
MAE: 2.0349548493112835
EVS: 0.6021571286934767
