Model: GRU
MSE: 2268.556222671261
MAE: 47.4307079972892
EVS: 0.0010328430525123888
