Model: GRU
MSE: 5.715057700113606
MAE: 1.7117034258513615
EVS: 0.7006854946868237
