Model: GRU
MSE: 5.4566710942264995
MAE: 1.7564700492497147
EVS: 0.756844578947663
