Model: GRU
MSE: 1984.2368274368205
MAE: 44.3367181975266
EVS: 0.021765023823473784
