Model: GRU
MSE: 296.8496103002536
MAE: 16.773412918222363
EVS: 0.17993616150273828
