Model: GRU
MSE: 4.665532769760203
MAE: 1.5692661630696263
EVS: 0.7661784286113856
