Model: GRU
MSE: 5.863368578616636
MAE: 1.838862809641608
EVS: 0.694366970418296
