Model: GRU
MSE: 7.5216014025396865
MAE: 2.246249560652108
EVS: 0.7425366685080805
