Model: GRU
MSE: 12.024522103184355
MAE: 2.665240001678467
EVS: 0.4808420907716213
