Model: GRU
MSE: 7.50092905614255
MAE: 2.2412137491949675
EVS: 0.7182243485191027
