Model: GRU
MSE: 6303.729249939438
MAE: 79.1813437363197
EVS: -0.8009214653564349
