Model: GRU
MSE: 5.593591559816304
MAE: 1.6706237032495697
EVS: 0.7164433223613308
