Model: GRU
MSE: 6.710631230971318
MAE: 2.0069058886889755
EVS: 0.6896053146583441
