Model: GRU
MSE: 6.899627299866906
MAE: 1.879685157331927
EVS: 0.7128024732094669
