Model: GRU
MSE: 6.063609154726939
MAE: 1.9072451509278396
EVS: 0.7187389082219169
