Model: GRU
MSE: 5.455545780016848
MAE: 1.628473347630994
EVS: 0.7294010158487954
