Model: GRU
MSE: 5.872387185735425
MAE: 1.7260758023837517
EVS: 0.7111644435654343
