Model: GRU
MSE: 7.44931475725967
MAE: 2.183919150253822
EVS: 0.6640614878496545
