Model: GRU
MSE: 4.916689329269024
MAE: 1.5144522272307297
EVS: 0.7442393706549986
