Model: GRU
MSE: 6.374810176276316
MAE: 1.9421868242066482
EVS: 0.6791146645295622
