Model: GRU
MSE: 327.18310557630093
MAE: 17.57061325270554
EVS: 0.02364779999838873
