Model: GRU
MSE: 6.091562415385891
MAE: 1.6999977374898976
EVS: 0.7027468956063172
