Model: GRU
MSE: 6.929757925330296
MAE: 2.049780409911583
EVS: 0.680816478507132
