Model: GRU
MSE: 5.201999865542356
MAE: 1.5602998517710587
EVS: 0.7506224024241017
