Model: GRU
MSE: 5.131029666034802
MAE: 1.6618694436961208
EVS: 0.7294266738859616
