Model: GRU
MSE: 7.344669550065334
MAE: 2.0039528896068703
EVS: 0.6122931914323715
