Model: GRU
MSE: 10.429954956263032
MAE: 2.3449085065296718
EVS: 0.5112735620512734
