Model: GRU
MSE: 4.925908566088316
MAE: 1.6149756497350232
EVS: 0.7428062152518712
