Model: GRU
MSE: 5.374091963639838
MAE: 1.4897240770274196
EVS: 0.7295850789107756
