Model: GRU
MSE: 2560.68586383875
MAE: 50.4244981963059
EVS: 0.04485054367445318
