Model: GRU
MSE: 5.773986789022713
MAE: 1.7704337670885284
EVS: 0.7155027941875214
