Model: GRU
MSE: 690.4170217272439
MAE: 25.918305298377728
EVS: 0.012971750563368856
