Model: GRU
MSE: 8.949034968351855
MAE: 2.558835481775218
EVS: 0.7518570784140878
