Model: GRU
MSE: 6.690798788654534
MAE: 1.8940360916071926
EVS: 0.6467834916718986
