Model: GRU
MSE: 137.88574363854167
MAE: 10.87957133917973
EVS: -0.03263834489095485
