Model: GRU
MSE: 5.39309966498802
MAE: 1.6253338086194005
EVS: 0.7154015389068115
