Model: GRU
MSE: 5.616784155932625
MAE: 1.6631200128588184
EVS: 0.7278340952562287
