Model: GRU
MSE: 5.463126994944211
MAE: 1.615425755237711
EVS: 0.7381858147758522
