Model: GRU
MSE: 5.614068690930372
MAE: 1.6289386697884263
EVS: 0.7096244595904144
