Model: GRU
MSE: 5.5526373430962055
MAE: 1.6550338987646431
EVS: 0.7389234177979175
