Model: GRU
MSE: 5.856915420171561
MAE: 1.724230038708654
EVS: 0.7087574145804929
