Model: GRU
MSE: 5.533141366466489
MAE: 1.7631845515349815
EVS: 0.7114269044267287
