Model: GRU
MSE: 7.003063967128372
MAE: 2.0236518670772683
EVS: 0.7057236723577625
