Model: GRU
MSE: 5.349987591189423
MAE: 1.6982501683564022
EVS: 0.7504628057458268
