Model: GRU
MSE: 5.679369525924311
MAE: 1.6917626282264446
EVS: 0.7241389992500349
