Model: GRU
MSE: 6.032340616601344
MAE: 1.7419421570054416
EVS: 0.726856558190738
