Model: GRU
MSE: 7.285750643093773
MAE: 2.053499033738827
EVS: 0.6290953446471221
