Model: GRU
MSE: 6.277457581723944
MAE: 1.8674871346046185
EVS: 0.6681691625150992
