Model: GRU
MSE: 4.932072707536239
MAE: 1.5448225037804966
EVS: 0.7418325489678256
