Model: GRU
MSE: 9.954293203941107
MAE: 2.4754479712453383
EVS: 0.6743898061080794
