Model: GRU
MSE: 5.550538224132837
MAE: 1.626354761164764
EVS: 0.7146225497490505
