Model: GRU
MSE: 8.607547020359998
MAE: 2.3303684294223785
EVS: 0.6704266603583504
