Model: GRU
MSE: 4.62586106899443
MAE: 1.4779625740544549
EVS: 0.7564120376043875
