Model: GRU
MSE: 4.519017543081231
MAE: 1.3783405310121075
EVS: 0.7618934333937861
