Model: GRU
MSE: 6.458581563933535
MAE: 1.859801407518058
EVS: 0.7335363934761779
