Model: GRU
MSE: 820.617598672626
MAE: 28.162724856672614
EVS: -0.45360683583491723
