Model: GRU
MSE: 905.5382909202967
MAE: 29.757938582321692
EVS: -0.058173636504412096
