Model: GRU
MSE: 6.92953408456315
MAE: 1.9525276586927216
EVS: 0.7017349587084153
