Model: GRU
MSE: 6.151314738376339
MAE: 1.7712605163968842
EVS: 0.6767113874561326
