Model: GRU
MSE: 5.254704872830195
MAE: 1.715667746190367
EVS: 0.7265501737767754
