Model: GRU
MSE: 117.88042959842842
MAE: 9.907913429983731
EVS: -0.04284852015716378
