Model: GRU
MSE: 107.73586663131812
MAE: 9.446028183246481
EVS: 0.02090956724097881
