Model: GRU
MSE: 2966.7696757762933
MAE: 54.301060841001316
EVS: 0.039104477633753465
