Model: GRU
MSE: 5.608496910574675
MAE: 1.7422637980559776
EVS: 0.7170125831912497
