Model: GRU
MSE: 122.66421002982477
MAE: 10.140878599265527
EVS: -0.04883201998255804
