Model: GRU
MSE: 4.640491119382723
MAE: 1.452691259055302
EVS: 0.7569776551943229
