Model: GRU
MSE: 4.769621929462418
MAE: 1.460779251723454
EVS: 0.7541600088713374
