Model: GRU
MSE: 5.3713052543423725
MAE: 1.6795733057219406
EVS: 0.7361090567493673
