Model: GRU
MSE: 5.339022980464337
MAE: 1.6807963683687408
EVS: 0.7180162802257006
