Model: GRU
MSE: 5.098851709388267
MAE: 1.5379293787068333
EVS: 0.7304439941611174
