Model: GRU
MSE: 4.89091693114525
MAE: 1.5130537429760242
EVS: 0.7423874805104395
