Model: GRU
MSE: 6.2152971230181
MAE: 1.6899336021521996
EVS: 0.6837015716669943
