Model: GRU
MSE: 5.274896578234117
MAE: 1.5905828958955304
EVS: 0.7242662692199737
