Model: GRU
MSE: 3284.4992417949634
MAE: 57.14972476301522
EVS: 0.026211014038002745
