Model: GRU
MSE: 265.12004565103115
MAE: 15.696167962304477
EVS: 0.008111070884223026
