Model: GRU
MSE: 1757.7800474638152
MAE: 41.703419652478445
EVS: 0.015809050864998175
