Model: GRU
MSE: 7.7187405020330235
MAE: 2.1014135808780274
EVS: 0.6450395090060457
