Model: GRU
MSE: 5.147537345541353
MAE: 1.545107130346627
EVS: 0.7280962808601722
