Model: GRU
MSE: 5.052122943597284
MAE: 1.5810307901481102
EVS: 0.7343814653190572
