Model: GRU
MSE: 5.392027159318994
MAE: 1.609975633950069
EVS: 0.7150456766647086
