Model: GRU
MSE: 5.70948796874654
MAE: 1.6272161346057366
EVS: 0.7208575548934312
