Model: GRU
MSE: 8.414526707739027
MAE: 2.2827375592856574
EVS: 0.7136060163971272
