Model: GRU
MSE: 960.1075106589849
MAE: 30.71539099557059
EVS: 0.1674825324194772
