Model: GRU
MSE: 1534.2406673302903
MAE: 38.92716466969457
EVS: -0.0006788105093789021
