Model: GRU
MSE: 4.640152344284901
MAE: 1.420469272753288
EVS: 0.7564158150671907
