Model: GRU
MSE: 4.652058046338523
MAE: 1.4029946861595943
EVS: 0.7540836900544705
