Model: GRU
MSE: 6.137868909059494
MAE: 1.769150216003944
EVS: 0.716872567568269
