Model: GRU
MSE: 5.606736146970671
MAE: 1.7096989134262348
EVS: 0.7434724682447356
