Model: GRU
MSE: 5.398128160245361
MAE: 1.6021286105287487
EVS: 0.7198995033302731
