Model: GRU
MSE: 4.909001629142655
MAE: 1.5799373470503708
EVS: 0.7679453936761688
