Model: GRU
MSE: 5.561947086722112
MAE: 1.6635395411787361
EVS: 0.7423192427512157
