Model: GRU
MSE: 5.169330618636006
MAE: 1.5245175258866672
EVS: 0.7289531090067164
