Model: GRU
MSE: 6.472536248344974
MAE: 1.8114133764957558
EVS: 0.7259536313930359
