Model: GRU
MSE: 570.2012744099561
MAE: 23.513734916160846
EVS: 0.08454125709014104
