Model: GRU
MSE: 5.211957517799951
MAE: 1.6907936416823288
EVS: 0.7264936051969908
