Model: GRU
MSE: 4.834062086605994
MAE: 1.6017804885732716
EVS: 0.753900814585194
