Model: GRU
MSE: 5.372895661357716
MAE: 1.6245225750166794
EVS: 0.7304620439353734
