Model: GRU
MSE: 151.2340561062213
MAE: 11.564496525402728
EVS: 0.07444103024515059
