Model: GRU
MSE: 88.55986863093707
MAE: 8.261109056143924
EVS: -0.0746023658496604
