Model: GRU
MSE: 2008.792010293567
MAE: 44.611399683459055
EVS: 0.01526990611303447
