Model: GRU
MSE: 7.192405134822044
MAE: 2.1482203582237505
EVS: 0.7400373193681634
