Model: GRU
MSE: 5.35118179818017
MAE: 1.6376237437642853
EVS: 0.7191269324631195
