Model: GRU
MSE: 7.789965549793452
MAE: 2.2339505409372262
EVS: 0.6704475080593633
