Model: GRU
MSE: 5.318821304933102
MAE: 1.715544893823821
EVS: 0.750929820732347
