Model: GRU
MSE: 4.906347647598559
MAE: 1.5528228457631736
EVS: 0.7547691089569919
