Model: GRU
MSE: 6.417657171747343
MAE: 1.9289339287527676
EVS: 0.7340903475202438
