Model: GRU
MSE: 6.800860392641722
MAE: 2.014144729951332
EVS: 0.6931755832096512
