Model: GRU
MSE: 5.991848215889966
MAE: 1.798480329842403
EVS: 0.7122576009574286
