Model: GRU
MSE: 5.622238520530968
MAE: 1.751080188257941
EVS: 0.734123104155979
