Model: GRU
MSE: 5.222390313888841
MAE: 1.4965925011141548
EVS: 0.724316265863997
