Model: GRU
MSE: 7.0324746842021275
MAE: 1.8172745827970833
EVS: 0.6309010872354485
