Model: GRU
MSE: 1336.820011757156
MAE: 36.37820871945085
EVS: 0.288713213992261
