Model: GRU
MSE: 350.76904877280316
MAE: 18.255267603644008
EVS: 0.07350061725392953
