Model: GRU
MSE: 6.254167407459601
MAE: 1.7248541959400834
EVS: 0.6962642354469616
