Model: GRU
MSE: 3743.0418441422385
MAE: 61.0425880037505
EVS: 0.10894130022004256
