Model: GRU
MSE: 6.190607106845712
MAE: 1.9390756385079746
EVS: 0.7491081317590533
