Model: GRU
MSE: 5.345222289126276
MAE: 1.6277331072708656
EVS: 0.7366473415418855
