Model: GRU
MSE: 6.0234446716003935
MAE: 1.7925734396638542
EVS: 0.7199982517514364
