Model: GRU
MSE: 9.284649253189263
MAE: 2.466727112901622
EVS: 0.7293387171078863
