Model: GRU
MSE: 5.013035461458753
MAE: 1.6486224963747222
EVS: 0.7553883634462564
