Model: GRU
MSE: 5.701166140890575
MAE: 1.593009705173558
EVS: 0.7073185826067254
