Model: GRU
MSE: 7.132588040228045
MAE: 1.9115705407899002
EVS: 0.7154417293811538
