Model: GRU
MSE: 5.1463273550654565
MAE: 1.57581876064169
EVS: 0.7466598489165341
