Model: GRU
MSE: 6.097983540995987
MAE: 1.7348990769221866
EVS: 0.7261466798761391
