Model: GRU
MSE: 4.9875498041665045
MAE: 1.461655819210513
EVS: 0.736168661957487
