Model: GRU
MSE: 964.641171490616
MAE: 30.704089855325634
EVS: -0.15850620586736452
