Model: GRU
MSE: 5.169028796041818
MAE: 1.5912183297091518
EVS: 0.73441756919153
