Model: GRU
MSE: 5.253404137085841
MAE: 1.5961065251251747
EVS: 0.7284980039094744
