Model: GRU
MSE: 5.770325806183968
MAE: 1.7308118096713363
EVS: 0.7131669172286423
