Model: GRU
MSE: 5.31324936444147
MAE: 1.569299141908514
EVS: 0.7192553800788464
