Model: GRU
MSE: 8.670722516874772
MAE: 2.472010916677015
EVS: 0.7439736060708433
