Model: GRU
MSE: 5.3391634958645975
MAE: 1.7017379546987599
EVS: 0.7290578078836896
