Model: GRU
MSE: 6.944980432990703
MAE: 2.004233921396321
EVS: 0.7184149715416321
