Model: GRU
MSE: 4.391147757245215
MAE: 1.5267865513933117
EVS: 0.7715793492736487
