Model: GRU
MSE: 6.821743120944063
MAE: 1.9798834015583169
EVS: 0.7181263595492776
