Model: GRU
MSE: 5.564631109980506
MAE: 1.7217606090266129
EVS: 0.7223108837214132
