Model: GRU
MSE: 7.188474277365376
MAE: 2.0493949857251397
EVS: 0.6630835054484616
