Model: GRU
MSE: 4.979827332677504
MAE: 1.4883036120184536
EVS: 0.7436413560776631
