Model: GRU
MSE: 5.744721820823719
MAE: 1.7752063274383545
EVS: 0.7232448167654209
