Model: GRU
MSE: 5.526294460496872
MAE: 1.7142410278320312
EVS: 0.7428705655727523
