Model: GRU
MSE: 179.22159143377624
MAE: 12.67791119115106
EVS: 0.021769660319791995
