Model: GRU
MSE: 6.104211494853047
MAE: 1.7791368776354297
EVS: 0.7304576004419159
