Model: GRU
MSE: 5.412427341844778
MAE: 1.657539388229107
EVS: 0.7300283499323061
