Model: GRU
MSE: 5.971613150965844
MAE: 1.7848994649689773
EVS: 0.6895966632917244
