Model: GRU
MSE: 7.320602142257431
MAE: 1.9087919716177315
EVS: 0.6674684564987521
