Model: GRU
MSE: 6.23645496552075
MAE: 1.875728730497689
EVS: 0.7028333723358451
