Model: GRU
MSE: 5.204257269931761
MAE: 1.5408257883170555
EVS: 0.7506398530807943
