Model: GRU
MSE: 5.414169807611654
MAE: 1.6864782612899254
EVS: 0.7405513063849716
