Model: GRU
MSE: 5.181136309338115
MAE: 1.5711616678484555
EVS: 0.7312051300885777
