Model: GRU
MSE: 5.973354495677406
MAE: 1.6998693161997303
EVS: 0.6983823327106191
