Model: GRU
MSE: 6.485179379153288
MAE: 2.0148304906384698
EVS: 0.7397644877618561
