Model: GRU
MSE: 5.780243690875083
MAE: 1.6428889036178589
EVS: 0.694238387243181
