Model: GRU
MSE: 5.191247949543692
MAE: 1.5744137188483929
EVS: 0.7322052456445984
