Model: GRU
MSE: 566.6810667869452
MAE: 23.304812628647376
EVS: -0.24667617843881295
