Model: GRU
MSE: 712.9085290969692
MAE: 26.02830873686692
EVS: -0.8745377610676026
