Model: GRU
MSE: 117.85727190079659
MAE: 9.924136239906836
EVS: -0.024603968898392337
