Model: GRU
MSE: 13.04781791595984
MAE: 3.0786089260002663
EVS: 0.5650247800030231
