Model: GRU
MSE: 8.110305154838478
MAE: 2.138678974118726
EVS: 0.6725113291249323
