Model: GRU
MSE: 5.40639587102138
MAE: 1.6970485222750697
EVS: 0.7172438356820316
