Model: GRU
MSE: 1126.7027810623736
MAE: 33.3174183944176
EVS: 0.11909177309727859
