Model: GRU
MSE: 6430.296177712446
MAE: 80.05243735477842
EVS: -0.15868678572891914
