Model: GRU
MSE: 6.551724360392001
MAE: 1.9352374446803127
EVS: 0.7121032558426149
