Model: GRU
MSE: 6.961805148311022
MAE: 2.1739919185638428
EVS: 0.7498649810128706
