Model: GRU
MSE: 12.165417816499264
MAE: 2.6696603672845023
EVS: 0.4876147380924425
