Model: GRU
MSE: 4.993655316929473
MAE: 1.6422577459236671
EVS: 0.7636677338035246
