Model: GRU
MSE: 4.922050070101634
MAE: 1.6223062482373467
EVS: 0.746868213921996
