Model: GRU
MSE: 5.215100872564036
MAE: 1.531694869542944
EVS: 0.7259035024651109
