Model: GRU
MSE: 370.72984246639305
MAE: 18.76498057924468
EVS: 0.01578209454170776
