Model: GRU
MSE: 7.300043403096423
MAE: 2.234749041754624
EVS: 0.7589579157984194
