Model: GRU
MSE: 2615.408884517881
MAE: 50.9538595923062
EVS: -0.011076732678557244
