Model: GRU
MSE: 6.484638105451571
MAE: 1.9482617378234863
EVS: 0.6837719781279705
