Model: GRU
MSE: 5.340053353523315
MAE: 1.6963853589419662
EVS: 0.7524558162542577
