Model: GRU
MSE: 5.149122957337738
MAE: 1.5432142224805108
EVS: 0.7277473997719133
