Model: GRU
MSE: 6.464558978382068
MAE: 1.8726283743463714
EVS: 0.7087767694039209
