Model: GRU
MSE: 5.907947720051644
MAE: 1.7513569470109611
EVS: 0.7271779727321905
