Model: GRU
MSE: 5.610676266030685
MAE: 1.7378299051317676
EVS: 0.7230292771895492
