Model: GRU
MSE: 5.605404654896751
MAE: 1.5860822652948314
EVS: 0.7191264737484462
