Model: GRU
MSE: 5.179369513715744
MAE: 1.5191828670172856
EVS: 0.7260407646755219
