Model: GRU
MSE: 5.957864114853357
MAE: 1.9052726503076225
EVS: 0.7362256805935004
