Model: GRU
MSE: 7.200688685182768
MAE: 2.067409293404941
EVS: 0.6999378871420652
