Model: GRU
MSE: 5.293940608918786
MAE: 1.66516689596505
EVS: 0.7328433122071174
