Model: GRU
MSE: 25.388510341156408
MAE: 4.018717404069571
EVS: -2.220446049250313e-16
