Model: GRU
MSE: 890.2280191948894
MAE: 29.542223634390997
EVS: 0.07504590114688325
