Model: GRU
MSE: 4.7089212389017225
MAE: 1.5119380950927734
EVS: 0.7514623063430247
