Model: GRU
MSE: 6.2390274386114175
MAE: 1.842500456448259
EVS: 0.7138888640213484
