Model: GRU
MSE: 4.782401791851991
MAE: 1.554293422863401
EVS: 0.7487230986464921
