Model: GRU
MSE: 712.2898727922629
MAE: 26.336841320169384
EVS: 0.012855906428923647
