Model: GRU
MSE: 5.2650742342011005
MAE: 1.4756138211694256
EVS: 0.7241379643031037
