Model: GRU
MSE: 5.004252560011918
MAE: 1.5679133308344875
EVS: 0.7368913777129708
