Model: GRU
MSE: 5.625313794420856
MAE: 1.7963486909866333
EVS: 0.7319486469229667
