Model: GRU
MSE: 5.238924491216969
MAE: 1.6486471357016728
EVS: 0.7401025821168985
