Model: GRU
MSE: 3349.4292680400076
MAE: 57.71727594836005
EVS: 0.04011709375589778
