Model: GRU
MSE: 5.246472829767144
MAE: 1.5890271581452469
EVS: 0.7225655017736966
