Model: GRU
MSE: 2718.8367382885363
MAE: 51.9754669584077
EVS: 0.08020199536363204
