Model: GRU
MSE: 6.121936394968874
MAE: 1.7612259799036487
EVS: 0.715192142146242
