Model: GRU
MSE: 95.74277819281532
MAE: 8.795019109701288
EVS: 0.027151796363782843
