Model: GRU
MSE: 6.347218321253563
MAE: 1.9837652568159432
EVS: 0.7605986329247029
