Model: GRU
MSE: 102.54259387852228
MAE: 9.141776742606327
EVS: -0.003535066048113489
