Model: GRU
MSE: 6.272854491896334
MAE: 1.8220296111600152
EVS: 0.6938419570100098
