Model: GRU
MSE: 5.8860802686710265
MAE: 1.8238861776631454
EVS: 0.7057956982623477
