Model: GRU
MSE: 5.3117260334128575
MAE: 1.6680374227721115
EVS: 0.7449699135401113
