Model: GRU
MSE: 92.39755580198579
MAE: 8.551031801207312
EVS: -0.019769945765972352
