Model: GRU
MSE: 5.800674577899199
MAE: 1.714828528206924
EVS: 0.7112314255426044
