Model: GRU
MSE: 966.588171295625
MAE: 30.80085096688106
EVS: 0.053319499260193304
