Model: GRU
MSE: 9.902366959660013
MAE: 2.5904843396153945
EVS: 0.6997881521759971
