Model: GRU
MSE: 5.52033575315378
MAE: 1.6443852484226227
EVS: 0.7144529406302429
