Model: GRU
MSE: 8.725017000641996
MAE: 2.2082833257214776
EVS: 0.7027155412565365
