Model: GRU
MSE: 9.91678105994835
MAE: 2.455733105114528
EVS: 0.5854890611620727
