Model: GRU
MSE: 9.00263128113109
MAE: 2.003061866760254
EVS: 0.5508065429933476
