Model: GRU
MSE: 6.005601149315644
MAE: 1.903022587299347
EVS: 0.7538304411126286
