Model: GRU
MSE: 5.610504697321125
MAE: 1.7319971364119957
EVS: 0.7091482086748313
