Model: GRU
MSE: 1078.0638586502882
MAE: 32.52510297709498
EVS: -0.06759786878163498
