Model: GRU
MSE: 4.617151091468287
MAE: 1.5259097711793308
EVS: 0.7576557650526858
