Model: GRU
MSE: 6.13735684349399
MAE: 1.7721306774122962
EVS: 0.7160412268919891
