Model: GRU
MSE: 5.855326292031181
MAE: 1.8448873141716267
EVS: 0.7347762463493955
