Model: GRU
MSE: 6.861039730293732
MAE: 2.055437647063157
EVS: 0.7437464758096332
