Model: GRU
MSE: 5.5595214657872685
MAE: 1.6626841939728836
EVS: 0.7199933648412966
