Model: GRU
MSE: 6502.632201847688
MAE: 80.47894195030476
EVS: -0.36333751455691354
