Model: GRU
MSE: 7.669567721591745
MAE: 2.053987165977215
EVS: 0.5950648063018977
