Model: GRU
MSE: 25.430884888879017
MAE: 4.023013871291588
EVS: -2.220446049250313e-16
