Model: GRU
MSE: 10.26562082646058
MAE: 2.4520468030657088
EVS: 0.545694859976946
