Model: GRU
MSE: 5.547159368396515
MAE: 1.7049725158461209
EVS: 0.714602765368602
