Model: GRU
MSE: 5.75165982148875
MAE: 1.6811457625750839
EVS: 0.7154985887607517
