Model: GRU
MSE: 7.683546126880025
MAE: 2.351477470891229
EVS: 0.7466011212737078
