Model: GRU
MSE: 1091.9329707069157
MAE: 32.77041418799038
EVS: 0.04606304979163223
