Model: GRU
MSE: 511.0884287316426
MAE: 22.027362823486328
EVS: -0.36924172638366604
