Model: GRU
MSE: 5.182831317327553
MAE: 1.510262394773549
EVS: 0.7507378933868676
