Model: GRU
MSE: 5.319454299581874
MAE: 1.5970119854499554
EVS: 0.7373523680284348
