Model: GRU
MSE: 129.10631747968932
MAE: 10.411294258874038
EVS: -0.09562067622270232
