Model: GRU
MSE: 1520.167963977911
MAE: 38.78197745619149
EVS: 0.1469288851759406
