Model: GRU
MSE: 5.388945704249899
MAE: 1.621048863591819
EVS: 0.7296055859889151
