Model: GRU
MSE: 5.6641656298273615
MAE: 1.7153953396040817
EVS: 0.7008683670757296
