Model: GRU
MSE: 6.812477209766306
MAE: 1.8288848359009315
EVS: 0.7265448295750465
