Model: GRU
MSE: 5.919243410086735
MAE: 1.610485734610722
EVS: 0.6870523486305987
