Model: GRU
MSE: 2278.7815617314905
MAE: 47.239094438224
EVS: -1.4994870401525544
