Model: GRU
MSE: 5.006800735534892
MAE: 1.5175064185570026
EVS: 0.7392450719910807
