Model: GRU
MSE: 4.723694001131463
MAE: 1.535410229502053
EVS: 0.7650227170080675
