Model: GRU
MSE: 1581.528169601166
MAE: 39.573649406433105
EVS: 0.18246408737707676
