Model: GRU
MSE: 5.267628336174277
MAE: 1.5970212467785538
EVS: 0.7686857084291446
