Model: GRU
MSE: 9.410747919070712
MAE: 2.072855365276337
EVS: 0.5315545581611016
