Model: GRU
MSE: 7.677245075076914
MAE: 2.16553493203788
EVS: 0.6569904247815296
