Model: GRU
MSE: 5.5177869509663235
MAE: 1.5892196420965523
EVS: 0.7088481393642985
