Model: GRU
MSE: 5.438552812537574
MAE: 1.6401973263970737
EVS: 0.7132183798653486
