Model: GRU
MSE: 5.278439166500423
MAE: 1.6161313817418854
EVS: 0.7369206389116025
