Model: GRU
MSE: 6.195159677327266
MAE: 1.8215569370779499
EVS: 0.7318654987801247
