Model: GRU
MSE: 399.62625250151143
MAE: 19.28659355229345
EVS: -0.4628661056592853
