Model: GRU
MSE: 4.75250005598887
MAE: 1.5303343246723045
EVS: 0.7647736142262223
