Model: GRU
MSE: 5.234332485481837
MAE: 1.652290179811675
EVS: 0.7520805193952036
