Model: GRU
MSE: 5.280953412300666
MAE: 1.5952925599854568
EVS: 0.7207229310007193
