Model: GRU
MSE: 6.153940756548567
MAE: 1.7574470022629047
EVS: 0.6832109776161132
