Model: GRU
MSE: 6.392481954631035
MAE: 1.8489498763248837
EVS: 0.7064813151982511
