Model: GRU
MSE: 4.590789606631783
MAE: 1.4621253147207458
EVS: 0.7612623424843518
