Model: GRU
MSE: 5.80065248177265
MAE: 1.7957352810892566
EVS: 0.7360877974374513
