Model: GRU
MSE: 5.772616999771128
MAE: 1.573148421172438
EVS: 0.7166292578667712
