Model: GRU
MSE: 6.242432165296267
MAE: 1.8669586263853928
EVS: 0.6820707641921553
