Model: GRU
MSE: 4.921904301220138
MAE: 1.579726243841237
EVS: 0.7615846516711415
