Model: GRU
MSE: 9.100051382682029
MAE: 2.523411750793457
EVS: 0.7341196582084126
