Model: GRU
MSE: 746.3883737025229
MAE: 26.770653790441052
EVS: -0.5722049761368222
