Model: GRU
MSE: 5.052521416830968
MAE: 1.5021520688615997
EVS: 0.740650860537204
