Model: GRU
MSE: 5.045553857208076
MAE: 1.5981458168605278
EVS: 0.7492387213804184
