Model: GRU
MSE: 5.658273407715436
MAE: 1.762713880374514
EVS: 0.7335625617277806
