Model: GRU
MSE: 1939.6457377598847
MAE: 43.8425068690859
EVS: 0.07529520366161713
