Model: GRU
MSE: 5.751471441039724
MAE: 1.683469178347752
EVS: 0.7256573366280079
