Model: GRU
MSE: 4.705781849343251
MAE: 1.5560059300784408
EVS: 0.7754631982436933
