Model: GRU
MSE: 5.260563395596043
MAE: 1.614280343055725
EVS: 0.7341061682835766
