Model: GRU
MSE: 4.743052753203113
MAE: 1.5223658660362507
EVS: 0.7583197326109223
