Model: GRU
MSE: 8.636792471287842
MAE: 1.9715360351971218
EVS: 0.5752084796605755
