Model: GRU
MSE: 4.666090673879457
MAE: 1.5060125609924053
EVS: 0.7533070863286115
