Model: GRU
MSE: 6.280554418484383
MAE: 1.8661663326723823
EVS: 0.7024924191201213
