Model: GRU
MSE: 5.9271506671642005
MAE: 1.827490000889219
EVS: 0.7112747819627607
