Model: GRU
MSE: 5.668472470221377
MAE: 1.6718091276185265
EVS: 0.7123646611655781
