Model: GRU
MSE: 4.994606568093709
MAE: 1.5014705061912537
EVS: 0.7361075329031124
