Model: GRU
MSE: 4.844302565074223
MAE: 1.5321885748156185
EVS: 0.747338002570192
