Model: GRU
MSE: 4.618584871767066
MAE: 1.4596283970208004
EVS: 0.7595052572523878
