Model: GRU
MSE: 102.17885519409982
MAE: 9.170926488679031
EVS: 0.043945056576723096
