Model: GRU
MSE: 5.7558466114397
MAE: 1.8212224070368142
EVS: 0.7162888152161251
