Model: GRU
MSE: 4.731989442505799
MAE: 1.478278117960897
EVS: 0.7546881338957092
