Model: GRU
MSE: 5.131331386006747
MAE: 1.5418719885678127
EVS: 0.7611852944218418
