Model: GRU
MSE: 4.544493539909555
MAE: 1.395630540518925
EVS: 0.7599135100806494
