Model: GRU
MSE: 6.395586863564345
MAE: 1.8131253411029946
EVS: 0.6618008781675193
