Model: GRU
MSE: 5.05301790732752
MAE: 1.653079127443248
EVS: 0.7442797680952783
