Model: GRU
MSE: 6.072410048472419
MAE: 1.6370349670278614
EVS: 0.6788845410350702
