Model: GRU
MSE: 5.774844116270635
MAE: 1.7023113534368317
EVS: 0.713790469785085
