Model: GRU
MSE: 5.155088054744254
MAE: 1.5773684649631894
EVS: 0.7273084667033971
