Model: GRU
MSE: 5.858501828044863
MAE: 1.92521294643139
EVS: 0.7016241411571642
