Model: GRU
MSE: 6.191510356358714
MAE: 1.7488469861704727
EVS: 0.7042227972102244
