Model: GRU
MSE: 5.749124879167355
MAE: 1.746764497510318
EVS: 0.727491731359659
