Model: GRU
MSE: 4.884898802621224
MAE: 1.5040060620883415
EVS: 0.7423103331345173
