Model: GRU
MSE: 724.9688667582142
MAE: 26.45705111273404
EVS: -0.3221396641933749
