Model: GRU
MSE: 6.505964837068255
MAE: 1.9250280774872879
EVS: 0.6969694132576695
