Model: GRU
MSE: 5.603845140666438
MAE: 1.744460745104428
EVS: 0.7090282590040233
