Model: GRU
MSE: 5.682703144135484
MAE: 1.7346005974144771
EVS: 0.6996551414004684
