Model: GRU
MSE: 3823.866210063472
MAE: 61.68302693860284
EVS: -0.008819003145838833
