Model: GRU
MSE: 5.2903606363451265
MAE: 1.6844365185704724
EVS: 0.7202872883981175
