Model: GRU
MSE: 7.681034435457519
MAE: 2.1303433179855347
EVS: 0.6898816265777132
