Model: GRU
MSE: 5.887114057453431
MAE: 1.7075480674875194
EVS: 0.6904815687728232
