Model: GRU
MSE: 7.0823945896173965
MAE: 2.0642453308763176
EVS: 0.6947009084447209
