Model: GRU
MSE: 5.289067252322096
MAE: 1.6401125387898807
EVS: 0.7295109667340489
