Model: GRU
MSE: 6.857995992529403
MAE: 2.0766202581339868
EVS: 0.7400311759413432
