Model: GRU
MSE: 5.384409127771944
MAE: 1.743772868452401
EVS: 0.7555481071057943
