Model: GRU
MSE: 6.731188778585704
MAE: 1.9072454736150544
EVS: 0.6697342489251383
