Model: GRU
MSE: 5.390706095429134
MAE: 1.6307903692640107
EVS: 0.7282544381332017
