Model: GRU
MSE: 5.170005050273775
MAE: 1.566798985004425
EVS: 0.7266757302745702
