Model: GRU
MSE: 5.908087897794116
MAE: 1.8418184354387481
EVS: 0.7484935002682034
