Model: GRU
MSE: 5.541841665278525
MAE: 1.6652556000084713
EVS: 0.7204170655592073
