Model: GRU
MSE: 5.124296120736909
MAE: 1.5544979325656234
EVS: 0.7477600735142274
