Model: GRU
MSE: 11.312092481607046
MAE: 2.81980456977055
EVS: 0.6714096006000201
