Model: GRU
MSE: 6.2734329238892235
MAE: 1.8359158943439353
EVS: 0.6978132862810316
