Model: GRU
MSE: 29.00196114037444
MAE: 4.383362819408548
EVS: 0.26755862393959595
