Model: GRU
MSE: 5.905597177487646
MAE: 1.7506979560029918
EVS: 0.7141885610067817
