Model: GRU
MSE: 4.337397240152017
MAE: 1.441587361796149
EVS: 0.7714464031797568
