Model: GRU
MSE: 6.375561386956475
MAE: 1.8440365585787544
EVS: 0.7132946410796561
