Model: GRU
MSE: 5.295075645615216
MAE: 1.6084843781487694
EVS: 0.724444244119183
