Model: GRU
MSE: 6.307816409963173
MAE: 1.9158506290665989
EVS: 0.6882086167552273
