Model: GRU
MSE: 5.425524127067757
MAE: 1.66980923455337
EVS: 0.7318610836938227
