Model: GRU
MSE: 5.870342690229298
MAE: 1.6840194515113174
EVS: 0.6894750694553369
