Model: GRU
MSE: 6.679785292206824
MAE: 2.0203754901885986
EVS: 0.7304243748799963
