Model: GRU
MSE: 7.202094342833224
MAE: 2.1476245419732454
EVS: 0.7541508394859677
