Model: GRU
MSE: 5.033982276827938
MAE: 1.5793890809190685
EVS: 0.7488911221236314
