Model: GRU
MSE: 6.465084545610435
MAE: 1.8490226926474735
EVS: 0.6585720932232633
