Model: GRU
MSE: 6.427268853209538
MAE: 1.8684202597059052
EVS: 0.66002482306622
