Model: GRU
MSE: 6.150028051377787
MAE: 1.7589178743033573
EVS: 0.6760264904384233
