Model: GRU
MSE: 7.413865499677999
MAE: 2.1339069563767006
EVS: 0.7255849035269375
