Model: GRU
MSE: 4.694656804186694
MAE: 1.4615964406523212
EVS: 0.753952893795073
