Model: GRU
MSE: 4.904765074642339
MAE: 1.5566498976329277
EVS: 0.7410495148370981
