Model: GRU
MSE: 4.891126733846419
MAE: 1.4691683475313515
EVS: 0.7425832351501361
