Model: GRU
MSE: 9.370716203844696
MAE: 2.389135582693692
EVS: 0.6719657747539565
