Model: GRU
MSE: 5.146332158786234
MAE: 1.6097058417468235
EVS: 0.7351793442798065
