Model: GRU
MSE: 191.34203345522906
MAE: 13.004352257169526
EVS: -0.17590060071939706
