Model: GRU
MSE: 1176.5435237616605
MAE: 34.05388434179898
EVS: 0.10723840215689928
