Model: GRU
MSE: 7.094504022562736
MAE: 1.9911587587718307
EVS: 0.6722585142771513
