Model: GRU
MSE: 6.521428202589587
MAE: 2.000760012659533
EVS: 0.7385098562738435
