Model: GRU
MSE: 5.110122314510124
MAE: 1.560691052469714
EVS: 0.7330218287455272
