Model: GRU
MSE: 6.380041329319325
MAE: 1.8919898867607117
EVS: 0.692869085254691
