Model: GRU
MSE: 6.039597404412283
MAE: 1.8844387120214001
EVS: 0.7611204135850855
