Model: GRU
MSE: 7.6733240703511925
MAE: 2.0735024789284013
EVS: 0.727383789155664
