Model: GRU
MSE: 5.098593530591877
MAE: 1.6234427361652768
EVS: 0.7448398908630949
