Model: GRU
MSE: 4.184986102531096
MAE: 1.3870071635164063
EVS: 0.7793109783891837
