Model: GRU
MSE: 5.157728482502345
MAE: 1.5084669117269844
EVS: 0.7272458527121801
