Model: GRU
MSE: 9.528748221472064
MAE: 2.1749589596475873
EVS: 0.5455839230688625
