Model: GRU
MSE: 5.480793751572442
MAE: 1.6821972994968808
EVS: 0.7139286917916576
