Model: GRU
MSE: 74.49732984577139
MAE: 7.424362153842531
EVS: -0.02499461555657878
