Model: GRU
MSE: 5.064783824242561
MAE: 1.6493296499910026
EVS: 0.7361095211702602
