Model: GRU
MSE: 5.3580831859361675
MAE: 1.4949024073008834
EVS: 0.7213726405060399
