Model: GRU
MSE: 4.9030238686856205
MAE: 1.450506326453439
EVS: 0.7459794441246941
