Model: GRU
MSE: 6.008579139367562
MAE: 1.6392259392245063
EVS: 0.7268888130440292
