Model: GRU
MSE: 5.313430733788817
MAE: 1.7056944555249707
EVS: 0.7539033794112664
