Model: GRU
MSE: 5.31394449311707
MAE: 1.6398422882474701
EVS: 0.7456918707490461
