Model: GRU
MSE: 5.435604225860501
MAE: 1.665878727518279
EVS: 0.7128906975401983
