Model: GRU
MSE: 5.910893842873111
MAE: 1.722810010457861
EVS: 0.6954779585830808
