Model: GRU
MSE: 5.473860158136866
MAE: 1.6744656069525357
EVS: 0.7241294387890989
