Model: GRU
MSE: 4.623883368866831
MAE: 1.3852356918926896
EVS: 0.7610264396262089
