Model: GRU
MSE: 5.0077633102634325
MAE: 1.578268996600447
EVS: 0.7558156067466404
