Model: GRU
MSE: 5.422405862725543
MAE: 1.6269845222604686
EVS: 0.7132749261303416
