Model: GRU
MSE: 6.355196841529102
MAE: 1.800710312251387
EVS: 0.7125660114219103
