Model: GRU
MSE: 5.719474998747527
MAE: 1.6455025878445855
EVS: 0.6978271887641061
