Model: GRU
MSE: 5.2666576917568415
MAE: 1.6176913031216325
EVS: 0.7339014475467729
