Model: GRU
MSE: 6.942892073480646
MAE: 2.0502278886992356
EVS: 0.7289919139676712
