Model: GRU
MSE: 4.419419104847651
MAE: 1.4043816739115222
EVS: 0.7663698399705539
