Model: GRU
MSE: 4.536559102577088
MAE: 1.3426571899446949
EVS: 0.7619153516381301
