Model: GRU
MSE: 5.5953477003909695
MAE: 1.7762776161062306
EVS: 0.7437564508269965
