Model: GRU
MSE: 406.5585789911123
MAE: 19.70037108454211
EVS: 0.023790490566109823
