Model: GRU
MSE: 5.535534517396269
MAE: 1.7263415651074772
EVS: 0.7324042626750686
