Model: GRU
MSE: 5.560462005965477
MAE: 1.6463973337206348
EVS: 0.7162082392265969
