Model: GRU
MSE: 5.573451457242163
MAE: 1.7090615650703167
EVS: 0.7447476281783368
