Model: GRU
MSE: 5.652848910891872
MAE: 1.663821869883044
EVS: 0.7084004863535115
