Model: GRU
MSE: 6.703715002259569
MAE: 1.8594538178937188
EVS: 0.649535905895146
