Model: GRU
MSE: 6.431083007175038
MAE: 1.968975661230869
EVS: 0.7098109311014804
