Model: GRU
MSE: 60.39374900981581
MAE: 6.079114890098571
EVS: -0.1956678813791084
