Model: GRU
MSE: 13.258060361094161
MAE: 2.7817429065704347
EVS: 0.5733629009509992
