Model: GRU
MSE: 38.793133285942986
MAE: 5.5996459824698315
EVS: -0.002334010119779961
