Model: GRU
MSE: 11.937071973134728
MAE: 2.423791469846453
EVS: 0.5819877770721293
