Model: GRU
MSE: 320.0615629296509
MAE: 17.070111012458803
EVS: -0.05952367549033055
