Model: GRU
MSE: 62.201467534414405
MAE: 7.8841705322265625
EVS: 0.9896693617038181
