Model: GRU
MSE: 9.018151537830265
MAE: 2.4082968867554957
EVS: 0.41491408522396833
