Model: GRU
MSE: 355.2477119483447
MAE: 18.173761852452014
EVS: -0.13110334670669221
