Model: GRU
MSE: 7.332197043118247
MAE: 2.098634259175446
EVS: 0.7149687071681211
