Model: GRU
MSE: 25.341179602561844
MAE: 4.302369658152262
EVS: 0.09265469826675798
