Model: GRU
MSE: 18.417286288387356
MAE: 3.450592582424482
EVS: 0.3711225000808638
