Model: GRU
MSE: 12.534767497585287
MAE: 2.687297224998474
EVS: 0.5921418577785169
