Model: GRU
MSE: 8647.080675658308
MAE: 92.76658357892718
EVS: -0.5313570411595518
