Model: GRU
MSE: 7.868065426447086
MAE: 1.9132909677466567
EVS: 0.5115145823859668
