Model: GRU
MSE: 4627.9433871818055
MAE: 67.94533531033262
EVS: 0.2486688585254122
