Model: GRU
MSE: 17.715593031548405
MAE: 3.6157684019633702
EVS: 0.6061412870314538
