Model: GRU
MSE: 12.505274102951736
MAE: 2.6402150562831332
EVS: 0.5600270235234617
