Model: GRU
MSE: 12.487005899851605
MAE: 2.4622075251170568
EVS: 0.5479289074400125
