Model: GRU
MSE: 296.84676829736213
MAE: 16.422696745395662
EVS: -0.002947268106932688
