Model: GRU
MSE: 10.026208749066672
MAE: 2.4615501384345855
EVS: 0.4113176426541205
