Model: GRU
MSE: 2293.1943141060656
MAE: 47.508594567435125
EVS: -0.3349974814665142
