Model: GRU
MSE: 6.0403797746606775
MAE: 1.8580651687363448
EVS: 0.6827884596873346
