Model: GRU
MSE: 14.132365491282664
MAE: 3.0075544391359603
EVS: 0.5871662986579975
