Model: GRU
MSE: 13.096858043971851
MAE: 3.031218549183437
EVS: 0.5868182828930631
