Model: GRU
MSE: 20.908486609334044
MAE: 3.1067309021949767
EVS: -0.5303033423827428
