Model: GRU
MSE: 11.509125939750836
MAE: 2.295208386012486
EVS: 0.38262700868745314
