Model: GRU
MSE: 13.416101824625539
MAE: 2.9863643850599018
EVS: 0.6035838635029198
