Model: GRU
MSE: 5.761568078800614
MAE: 1.8206719319025675
EVS: 0.7396425412439553
