Model: GRU
MSE: 16.33081188476324
MAE: 2.8406942712849585
EVS: 0.2968941269863662
