Model: GRU
MSE: 10.900032948997682
MAE: 2.439960236452064
EVS: 0.31933899723431225
