Model: GRU
MSE: 1004.0982482311462
MAE: 31.252420228103112
EVS: -0.19824901647051107
