Model: GRU
MSE: 13.60120921278974
MAE: 2.9972035476139616
EVS: 0.6022873331350425
