Model: GRU
MSE: 22.847081037147394
MAE: 4.115734435617924
EVS: 0.2634654684706107
