Model: GRU
MSE: 298.7405684464687
MAE: 16.48047990969249
EVS: -0.0026719927316336545
