Model: GRU
MSE: 6.117499302582784
MAE: 1.9056912422180177
EVS: 0.7355935236702429
