Model: GRU
MSE: 10.689421880819607
MAE: 2.2594458988734654
EVS: 0.6206922026478012
