Model: GRU
MSE: 10.369738090957222
MAE: 2.3720489366301174
EVS: 0.7293704895010067
