Model: GRU
MSE: 10.328521288035898
MAE: 2.527249169246904
EVS: 0.773795642640378
