Model: GRU
MSE: 9.860940249420755
MAE: 2.2650026946495743
EVS: 0.7164572090692142
