Model: GRU
MSE: 2.5700551390624695
MAE: 1.1915918844086784
EVS: 0.9332690917835951
