Model: GRU
MSE: 5.545127422569545
MAE: 1.6002266131598375
EVS: 0.8314166674003942
