Model: GRU
MSE: 2.901813296907248
MAE: 1.1084683792931693
EVS: 0.9094439841270184
