Model: GRU
MSE: 8.227013739260755
MAE: 2.0693211752792884
EVS: 0.7502942515616748
