Model: GRU
MSE: 11.150840994186426
MAE: 2.7137720793872684
EVS: 0.696074004610296
