Model: GRU
MSE: 30.65887449490702
MAE: 4.608902163659373
EVS: 0.18712271177815742
