Model: GRU
MSE: 4635.597209727101
MAE: 67.87196181724812
EVS: 0.11836976951168321
