Model: GRU
MSE: 2.892771416210294
MAE: 1.1661317324151799
EVS: 0.8964550961445346
