Model: GRU
MSE: 4.256746961481542
MAE: 1.5698605500418565
EVS: 0.8789327982124039
