Model: GRU
MSE: 7.656826533386858
MAE: 2.057407008040519
EVS: 0.75225299200148
