Model: GRU
MSE: 9.064240192906476
MAE: 2.1458268390804625
EVS: 0.7347503846139654
