Model: GRU
MSE: 44.88607863052036
MAE: 5.58180127738002
EVS: -0.09423064825695748
