Model: GRU
MSE: 8.228954303017861
MAE: 2.112432782990592
EVS: 0.7457541840435005
