Model: GRU
MSE: 1025.413446443098
MAE: 31.435025731944506
EVS: -0.24205194214916226
