Model: GRU
MSE: 8.333187729946852
MAE: 2.049611075668578
EVS: 0.7428225023417943
