Model: GRU
MSE: 263.4254954033299
MAE: 15.008258028394858
EVS: -0.1783451947315733
