Model: GRU
MSE: 11.061449260563693
MAE: 2.446554364829228
EVS: 0.695917792890276
