Model: GRU
MSE: 11.93513534971366
MAE: 2.685964695338545
EVS: 0.6575546422977641
