Model: GRU
MSE: 16.014568850120778
MAE: 2.9733358110700334
EVS: 0.5542958415691515
