Model: GRU
MSE: 12.850740664954975
MAE: 2.7654766214304956
EVS: 0.6747547339439325
