Model: GRU
MSE: 11.24045425549806
MAE: 2.4402278908367814
EVS: 0.6674655018218428
