Model: GRU
MSE: 21.364198948227514
MAE: 3.690174000016574
EVS: 0.6383516184745868
