Model: GRU
MSE: 9.917822021602145
MAE: 2.3734014979724227
EVS: 0.6921796483214266
