Model: GRU
MSE: 247.9610201271371
MAE: 14.738262493034888
EVS: -0.04274804626447759
