Model: GRU
MSE: 269.5581048791617
MAE: 15.488560491594775
EVS: -0.006049123225049247
