Model: GRU
MSE: 12.323550897301818
MAE: 2.706680149867617
EVS: 0.6786981701916706
