Model: GRU
MSE: 15.835753397719673
MAE: 3.164432805159996
EVS: 0.6468070948289408
