Model: GRU
MSE: 10.905493868346968
MAE: 2.528214980816019
EVS: 0.6467289117871456
