Model: GRU
MSE: 12.365876965962752
MAE: 2.774178537829169
EVS: 0.6602528715952241
