Model: GRU
MSE: 10.672785562776527
MAE: 2.445468836817248
EVS: 0.6650371419422407
