Model: GRU
MSE: 10.007316574385754
MAE: 2.358757997381276
EVS: 0.6971942972524088
