Model: GRU
MSE: 25.35196136693917
MAE: 4.336978558836313
EVS: 0.43213936454195123
