Model: GRU
MSE: 10.072320133626135
MAE: 2.404571829171016
EVS: 0.6697895872540627
