Model: GRU
MSE: 9.181751723317857
MAE: 2.1954423641336374
EVS: 0.7137308778069056
