Model: GRU
MSE: 14.696339122519209
MAE: 3.030085859627559
EVS: 0.6875082722052206
