Model: GRU
MSE: 10.417451169637356
MAE: 2.508922872872188
EVS: 0.6532722424636882
