Model: GRU
MSE: 10.41241097764184
MAE: 2.482027432014202
EVS: 0.6493880582661162
