Model: GRU
MSE: 8.849536834522178
MAE: 2.0390800360975594
EVS: 0.700139425765545
