Model: GRU
MSE: 10.261143011991463
MAE: 2.3996665395539383
EVS: 0.6926726380363284
