Model: GRU
MSE: 9.976141843666154
MAE: 2.2877375997346023
EVS: 0.6637460481045073
