Model: GRU
MSE: 9.155482358209113
MAE: 2.1966800114204146
EVS: 0.701885428576289
