Model: GRU
MSE: 10.03168738345872
MAE: 2.4077526043201316
EVS: 0.6988738224372777
