Model: GRU
MSE: 20.76132801322726
MAE: 3.7074674737864526
EVS: 0.6531138480256563
