Model: GRU
MSE: 10.664860583215136
MAE: 2.484636734271872
EVS: 0.6563809905698315
