Model: GRU
MSE: 9.367194727525943
MAE: 2.072333870262935
EVS: 0.6823008507059682
