Model: GRU
MSE: 9.665674349094816
MAE: 2.28573097853825
EVS: 0.6752616109341858
