Model: GRU
MSE: 8.799815846956609
MAE: 2.00915788782054
EVS: 0.7040036250027968
