Model: GRU
MSE: 3805.4196274755423
MAE: 61.43726394916403
EVS: -0.047414508064805405
