Model: GRU
MSE: 14.516185371491224
MAE: 2.9927900577413626
EVS: 0.6283979536596281
