Model: GRU
MSE: 10.151527925449729
MAE: 2.451419008189234
EVS: 0.6916116436681272
