Model: GRU
MSE: 13.165747032614245
MAE: 2.8044974351751395
EVS: 0.6427519174476588
