Model: GRU
MSE: 9.926869574998253
MAE: 2.4006711039049873
EVS: 0.6657336835499614
