Model: GRU
MSE: 10.119684976867065
MAE: 2.3905452530959557
EVS: 0.6911792078695704
