Model: GRU
MSE: 431.33628383606936
MAE: 20.026372531364704
EVS: -0.027012464657775404
