Model: GRU
MSE: 12.155399687357626
MAE: 2.743739522736648
EVS: 0.6558705317808387
