Model: GRU
MSE: 13.176553208799858
MAE: 2.968647965069475
EVS: 0.6138317008235583
