Model: GRU
MSE: 9.953981981446805
MAE: 2.3812125304649614
EVS: 0.6797591218172188
