Model: GRU
MSE: 10.957455430521096
MAE: 2.4522754488320184
EVS: 0.695275977362857
