Model: GRU
MSE: 10.40929333820514
MAE: 2.4109503565163446
EVS: 0.6887881728511266
