Model: GRU
MSE: 9.320975526021906
MAE: 2.232029339362835
EVS: 0.6879065251566734
