Model: GRU
MSE: 11.39556218924328
MAE: 2.4201523353313577
EVS: 0.6338180701441267
