Model: GRU
MSE: 16.73307666622614
MAE: 3.2376642843772627
EVS: 0.6582475363482251
