Model: GRU
MSE: 4164.34117263678
MAE: 64.26246675951728
EVS: -0.17610400678901006
