Model: GRU
MSE: 13.89521399585758
MAE: 2.700967414038522
EVS: 0.6311065944443502
