Model: GRU
MSE: 12.722788938395645
MAE: 2.7361903272826096
EVS: 0.6587185894250408
