Model: GRU
MSE: 12.223941751439513
MAE: 2.7111209507646232
EVS: 0.679778083003378
