Model: GRU
MSE: 9.124798538358966
MAE: 2.269403284993665
EVS: 0.6905237461031282
