Model: GRU
MSE: 15.3390569650577
MAE: 3.016460492693145
EVS: 0.6901620115772606
