Model: GRU
MSE: 9.939709878597682
MAE: 2.34905482160634
EVS: 0.6725280312246126
