Model: GRU
MSE: 10.712865294430735
MAE: 2.4054683775737367
EVS: 0.694395270136918
