Model: GRU
MSE: 1291.6385843084106
MAE: 35.654122878765236
EVS: 0.3073552980114741
