Model: GRU
MSE: 13.654466506095893
MAE: 2.914379654259517
EVS: 0.6324972032305665
