Model: GRU
MSE: 13.936811721006553
MAE: 2.9251284106024382
EVS: 0.6697987516973659
