Model: GRU
MSE: 9.895728020955124
MAE: 2.216100026821268
EVS: 0.6673822670096785
