Model: GRU
MSE: 15.261222368356297
MAE: 3.0891245685774704
EVS: 0.6585222796433345
