Model: GRU
MSE: 15.575341206983236
MAE: 3.118679564574669
EVS: 0.6469925143034612
