Model: GRU
MSE: 14.50046169920236
MAE: 3.0422657522661933
EVS: 0.6586977223565584
