Model: GRU
MSE: 289.118530353871
MAE: 15.950040644612805
EVS: -0.17739945018332492
