Model: GRU
MSE: 439.7302743596339
MAE: 19.921868496927722
EVS: -0.4532992121221149
