Model: GRU
MSE: 13.277086192889733
MAE: 2.850691450053248
EVS: 0.7051734145695108
