Model: GRU
MSE: 8.6453939175862
MAE: 2.1299968752367744
EVS: 0.7103069962851034
