Model: GRU
MSE: 9.473819470265635
MAE: 2.156634778812014
EVS: 0.6923636622645388
