Model: GRU
MSE: 9.4090037044883
MAE: 2.1949854883654365
EVS: 0.6990908932619101
