Model: GRU
MSE: 10.316259655140223
MAE: 2.4252130574193496
EVS: 0.6835840838834271
