Model: GRU
MSE: 9.810425325992904
MAE: 2.392727786097033
EVS: 0.677090806159018
