Model: GRU
MSE: 11.767941248082161
MAE: 2.6208239012751084
EVS: 0.6978420273572106
