Model: GRU
MSE: 11.980494828367243
MAE: 2.671626896693789
EVS: 0.6988286107425973
