Model: GRU
MSE: 8.703357160548617
MAE: 2.028607960405021
EVS: 0.7068100084284222
