Model: GRU
MSE: 19.26264717873404
MAE: 3.539563063917489
EVS: 0.6425211948441922
