Model: GRU
MSE: 9.172636032250619
MAE: 2.284985090124196
EVS: 0.6955708122871032
