Model: GRU
MSE: 16.78704550521033
MAE: 3.3499434405359727
EVS: 0.6329926395396346
