Model: GRU
MSE: 919.7926574429861
MAE: 29.564487786128602
EVS: -0.5511239806152699
