Model: GRU
MSE: 14.027450077819491
MAE: 2.92572192076979
EVS: 0.6901925267641003
