Model: GRU
MSE: 13.923282753217947
MAE: 3.033965965797161
EVS: 0.6587256552435956
