Model: GRU
MSE: 1680.5619525754291
MAE: 40.34024794348355
EVS: -0.8052471253815379
