Model: GRU
MSE: 9.497440523806624
MAE: 2.230621444767919
EVS: 0.6780773985841249
