Model: GRU
MSE: 19.38915115933307
MAE: 3.512422676744132
EVS: 0.627196473147956
