Model: GRU
MSE: 9.291620063741675
MAE: 2.1782203378348517
EVS: 0.6859124392542943
