Model: GRU
MSE: 9.667120218029527
MAE: 2.295907111003481
EVS: 0.6900710976105193
