Model: GRU
MSE: 12.348976910535349
MAE: 2.823341969786019
EVS: 0.6385146445966632
