Model: GRU
MSE: 15.119902466301335
MAE: 3.0664777221350836
EVS: 0.6553470306893101
