Model: GRU
MSE: 11.420139955974056
MAE: 2.58759933504565
EVS: 0.6736537231490493
