Model: GRU
MSE: 9.409244989484801
MAE: 2.1752205511619307
EVS: 0.6811769740137585
