Model: GRU
MSE: 9.635582402927923
MAE: 2.2126726405373933
EVS: 0.6733459446303054
