Model: GRU
MSE: 10.88637393226914
MAE: 2.4562220408998687
EVS: 0.7012310013229961
