Model: GRU
MSE: 12.531835579530386
MAE: 2.6725882661753686
EVS: 0.6531896519317487
