Model: GRU
MSE: 11.324108477655493
MAE: 2.6467715460678627
EVS: 0.6881617036892409
