Model: GRU
MSE: 323.3775199683443
MAE: 17.007935441773512
EVS: -0.15680940918469988
