Model: GRU
MSE: 17.36428280966208
MAE: 3.3252836506942223
EVS: 0.6524893588978438
