Model: GRU
MSE: 8.7534456473346
MAE: 2.1226205579165756
EVS: 0.7097350373309353
