Model: GRU
MSE: 11.643110522192455
MAE: 2.6159628013084673
EVS: 0.7016925990875629
