Model: GRU
MSE: 16.438218204109145
MAE: 3.2307748136849237
EVS: 0.6765569643007227
