Model: GRU
MSE: 9.84729584522083
MAE: 2.3292380530258705
EVS: 0.6664658284595147
