Model: GRU
MSE: 10.065582475849647
MAE: 2.2769172602686387
EVS: 0.6877452640345563
