Model: GRU
MSE: 26.67689458384421
MAE: 4.449447738713231
EVS: 0.6659098516636015
