Model: GRU
MSE: 252.75109766420044
MAE: 14.79613471031189
EVS: -0.14723966511234532
