Model: GRU
MSE: 11.530552686242611
MAE: 2.5519077695649246
EVS: 0.700110117667991
