Model: GRU
MSE: 8.407186973126825
MAE: 2.1108950993110396
EVS: 0.7207698572081168
