Model: GRU
MSE: 371.6991283906948
MAE: 18.427780282908472
EVS: -0.08926113908727884
