Model: GRU
MSE: 9.769711813908085
MAE: 2.285000940849041
EVS: 0.6798477784786845
