Model: GRU
MSE: 15.864668373413295
MAE: 3.1684696920986832
EVS: 0.6525410467324586
