Model: GRU
MSE: 10.655444644286874
MAE: 2.451306178652007
EVS: 0.6470795414198055
