Model: GRU
MSE: 4072.0807780954897
MAE: 63.58497534127071
EVS: 0.01534907886663539
