Model: GRU
MSE: 11.27936223297899
MAE: 2.4770276382051666
EVS: 0.675006937617117
