Model: GRU
MSE: 9.227461441200159
MAE: 2.0981240066988716
EVS: 0.6876722271508481
