Model: GRU
MSE: 2418.9279200339165
MAE: 48.509665587852744
EVS: -1.2296743466863922
