Model: GRU
MSE: 13.411070713854397
MAE: 2.902471451923765
EVS: 0.6246489102488794
