Model: GRU
MSE: 3049.393385684555
MAE: 54.84105846799653
EVS: -0.41945950694323253
