Model: GRU
MSE: 9.89623957420913
MAE: 2.440818244013293
EVS: 0.673688596878302
