Model: GRU
MSE: 302.5149853742592
MAE: 16.4285305985089
EVS: -0.10629822155227098
