Model: GRU
MSE: 10.026834664996814
MAE: 2.3370136639167525
EVS: 0.7040383488688634
