Model: GRU
MSE: 11.845604347123556
MAE: 2.650101871326052
EVS: 0.6900306319685031
