Model: GRU
MSE: 11.901622244090117
MAE: 2.688036959746788
EVS: 0.6645910663009946
