Model: GRU
MSE: 18.622605473341824
MAE: 3.4601336594285637
EVS: 0.646301418715593
