Model: GRU
MSE: 12.644160792041594
MAE: 2.7622839047990997
EVS: 0.6841173658513304
