Model: GRU
MSE: 9.446230949360123
MAE: 2.1801024223196097
EVS: 0.6797525729841104
