Model: GRU
MSE: 12.069374100006026
MAE: 2.7120619313470247
EVS: 0.6424978590369332
