Model: GRU
MSE: 11.137123556841924
MAE: 2.603497899811843
EVS: 0.6828735748119252
