Model: GRU
MSE: 10.077000183738118
MAE: 2.3735183189655173
EVS: 0.6769134131722518
