Model: GRU
MSE: 11.239877566818986
MAE: 2.4396887565481253
EVS: 0.6528932022273464
