Model: GRU
MSE: 61.52004461316207
MAE: 6.824481207748939
EVS: 0.0
