Model: GRU
MSE: 10.743146498445691
MAE: 2.363589936289294
EVS: 0.6523435257733718
