Model: GRU
MSE: 14.952214261103046
MAE: 3.099071239602977
EVS: 0.6565823273558311
