Model: GRU
MSE: 304.3495678218889
MAE: 16.47147268262403
EVS: -0.12060375117016808
