Model: GRU
MSE: 18.043091671553743
MAE: 3.3552475111825126
EVS: 0.5891653458689996
