Model: GRU
MSE: 12.167397485098265
MAE: 2.5744906006188226
EVS: 0.6926741271460307
