Model: GRU
MSE: 12.040688895476396
MAE: 2.6468623835465004
EVS: 0.6555064463949168
