Model: GRU
MSE: 12.320617594417673
MAE: 2.785967021152891
EVS: 0.6639190905114154
