Model: GRU
MSE: 11.108024266074962
MAE: 2.5981448765458732
EVS: 0.6417333214582717
