Model: GRU
MSE: 31.42002763162553
MAE: 5.021457178839322
EVS: 0.01856968557381733
