Model: GRU
MSE: 10.423572713463319
MAE: 2.394285037599761
EVS: 0.6918403128341303
