Model: GRU
MSE: 11.927237876865094
MAE: 2.567501968350904
EVS: 0.6927098081175134
