Model: GRU
MSE: 32.98101237961281
MAE: 5.155306684559789
EVS: -0.022902480269110015
