Model: GRU
MSE: 10.1110725784524
MAE: 2.30370714335606
EVS: 0.6908811021816037
