Model: GRU
MSE: 281.2357495566011
MAE: 15.71946906221324
EVS: -0.1577044628637445
