Model: GRU
MSE: 19.394763022045808
MAE: 3.525331242331143
EVS: 0.6219446272510037
