Model: GRU
MSE: 10.593456143906376
MAE: 2.471210948352156
EVS: 0.6689505420659296
