Model: GRU
MSE: 14.03482546133262
MAE: 2.983602655344996
EVS: 0.6022883586446669
