Model: GRU
MSE: 11.694669026408418
MAE: 2.5487258680935563
EVS: 0.6176836706468058
