Model: GRU
MSE: 10.875611806623128
MAE: 2.4220522148855803
EVS: 0.6795400927198829
