Model: GRU
MSE: 311.4724515049962
MAE: 16.76238916660177
EVS: -0.03427308339519408
