Model: GRU
MSE: 18.895740529587805
MAE: 3.4839102728613494
EVS: 0.6546704728266826
