Model: GRU
MSE: 8.875253827360451
MAE: 2.1846286921665587
EVS: 0.6991584509486799
