Model: GRU
MSE: 14.329847826100696
MAE: 3.0277510223717523
EVS: 0.623472824988461
