Model: GRU
MSE: 466.5777491919056
MAE: 20.484049311999616
EVS: -0.5934433139032418
