Model: GRU
MSE: 16.833911702468132
MAE: 3.358135831767115
EVS: 0.5757974844604452
