Model: GRU
MSE: 13.608633888816344
MAE: 2.906570155045082
EVS: 0.6752733926200907
