Model: GRU
MSE: 12.702676007471775
MAE: 2.7368295768211626
EVS: 0.6686509846819213
