Model: GRU
MSE: 9.253192284301262
MAE: 2.144318366872853
EVS: 0.6924960200043893
