Model: GRU
MSE: 13.356258923076002
MAE: 2.7940503194414337
EVS: 0.6536007490352016
