Model: GRU
MSE: 302.77048914476575
MAE: 16.356023467820265
EVS: -0.19558718660937657
