Model: GRU
MSE: 8.919941191393342
MAE: 2.158555951611749
EVS: 0.6976657804906323
