Model: GRU
MSE: 720.5112111558611
MAE: 26.13662259332065
EVS: -0.2680728517224511
