Model: GRU
MSE: 415.1700870380755
MAE: 19.341113813992205
EVS: -0.393673249793161
