Model: GRU
MSE: 11.992140635721615
MAE: 2.6599383436400315
EVS: 0.6484451103426042
