Model: GRU
MSE: 12.332143768477227
MAE: 2.5608083852406205
EVS: 0.6757772882183095
