Model: GRU
MSE: 8.686263358474772
MAE: 2.0404072794420967
EVS: 0.7059995322785346
