Model: GRU
MSE: 8.86014018238169
MAE: 2.1041368574931703
EVS: 0.7015021390652023
