Model: GRU
MSE: 12.218407369060351
MAE: 2.679740942757705
EVS: 0.6794451513813482
