Model: GRU
MSE: 11.589831686842071
MAE: 2.575057103716094
EVS: 0.6752640317074805
