Model: GRU
MSE: 271.1830486307173
MAE: 15.459589103172565
EVS: -0.09157122558820285
