Model: GRU
MSE: 9.196064129841814
MAE: 1.9855243173138848
EVS: 0.688422258132106
