Model: GRU
MSE: 1211.1205900903205
MAE: 33.78624925942257
EVS: -1.360920254082008
