Model: GRU
MSE: 246.12249077585204
MAE: 14.651074495808832
EVS: -0.06729905925082225
