Model: GRU
MSE: 9.028285538926843
MAE: 2.0969559077558846
EVS: 0.6970401590061961
