Model: GRU
MSE: 8.944339514708743
MAE: 2.118624284349639
EVS: 0.7032222463186533
