Model: GRU
MSE: 426.1624678387106
MAE: 20.0322003364563
EVS: 0.15638275411390812
