Model: GRU
MSE: 29.504179699491253
MAE: 4.646158843204893
EVS: 0.0007973097667266504
