Model: GRU
MSE: 1821.9200804452266
MAE: 41.70494684679755
EVS: -1.8020893565682665
