Model: GRU
MSE: 18.10487551284362
MAE: 3.3800902654384744
EVS: 0.6732130984823936
