Model: GRU
MSE: 9.838378769775286
MAE: 2.2163318930001092
EVS: 0.6664113183210137
