Model: GRU
MSE: 10.97531806133568
MAE: 2.570608977613778
EVS: 0.6763674947218994
