Model: GRU
MSE: 11.95831028207498
MAE: 2.610076616550314
EVS: 0.6769692768951365
