Model: GRU
MSE: 19.592562721137575
MAE: 3.6123784657182365
EVS: 0.601246457302596
