Model: GRU
MSE: 20.05740488715949
MAE: 3.5755092522193648
EVS: 0.6671145267011793
