Model: GRU
MSE: 8.810641400299966
MAE: 2.0819213143710433
EVS: 0.7042401118974346
