Model: GRU
MSE: 13.491797839743487
MAE: 2.958777485222652
EVS: 0.5612531656740516
