Model: GRU
MSE: 9.938653961404992
MAE: 2.3744484967198867
EVS: 0.6935753649269103
