Model: GRU
MSE: 11.31335777158338
MAE: 2.620807203753241
EVS: 0.6786423099204657
