Model: GRU
MSE: 7479.020710924214
MAE: 86.25469194609543
EVS: -0.32778805356692065
