Model: GRU
MSE: 17.65817081449651
MAE: 3.3034384497280778
EVS: 0.6675585108038512
