Model: GRU
MSE: 20.912480825274926
MAE: 3.6865133910343566
EVS: 0.6578487298003199
