Model: GRU
MSE: 15.01089358642776
MAE: 3.046182085727823
EVS: 0.6423505091051505
