Model: GRU
MSE: 39.219290842173685
MAE: 5.598469701306573
EVS: 0.0
