Model: GRU
MSE: 11.937267425823569
MAE: 2.669727033582227
EVS: 0.6757656376979834
