Model: GRU
MSE: 16.691257805145508
MAE: 3.220260003517414
EVS: 0.6390520950060499
