Model: GRU
MSE: 596.3257857657092
MAE: 23.648557383438636
EVS: -0.2573331796420879
