Model: GRU
MSE: 9.504183902371391
MAE: 2.063474646930037
EVS: 0.6776611852909015
