Model: GRU
MSE: 9.578546238325423
MAE: 2.226131661184903
EVS: 0.6753173476307417
