Model: GRU
MSE: 10.752754883443325
MAE: 2.4864386032367576
EVS: 0.663652441188354
