Model: GRU
MSE: 31.62608746656384
MAE: 5.022561731009648
EVS: 0.0
