Model: GRU
MSE: 10.369082005212187
MAE: 2.3536519839845855
EVS: 0.6790951134514072
