Model: GRU
MSE: 9.414755752419588
MAE: 2.095596745096404
EVS: 0.6935544494182195
