Model: GRU
MSE: 16.508650409825734
MAE: 3.204608201980591
EVS: 0.6596894361067578
