Model: GRU
MSE: 10013.949609152853
MAE: 99.87618768626245
EVS: -0.3124549223340394
