Model: GRU
MSE: 12.982782740093388
MAE: 2.7357490432673486
EVS: 0.6819741464753555
