Model: GRU
MSE: 1902.575380225314
MAE: 43.10072737726672
EVS: -0.5229380931183449
