Model: GRU
MSE: 268.65372855974505
MAE: 15.387416091458551
EVS: -0.0812945912613714
