Model: GRU
MSE: 11.468773543438783
MAE: 2.604150706324084
EVS: 0.6643254452128085
