Model: GRU
MSE: 17.859679428152383
MAE: 3.3278989216376997
EVS: 0.6641882347948838
