Model: GRU
MSE: 11.491700468513292
MAE: 2.64905543985038
EVS: 0.6701802341461081
