Model: GRU
MSE: 8.792708270455114
MAE: 2.197147278950132
EVS: 0.7125765430642459
