Model: GRU
MSE: 11.618883714298786
MAE: 2.5061785763707656
EVS: 0.6751612773887988
