Model: GRU
MSE: 6280.188285605163
MAE: 79.00047710024077
EVS: -0.32656961745089474
