Model: GRU
MSE: 3510.9870736698967
MAE: 58.77864791607035
EVS: -0.901273813532236
