Model: GRU
MSE: 9.772553329766096
MAE: 2.2394891771776924
EVS: 0.6905318852602611
