Model: GRU
MSE: 11.020365107008535
MAE: 2.500366371253441
EVS: 0.6800736287161353
