Model: GRU
MSE: 9.492516687710184
MAE: 2.332215029617836
EVS: 0.6843027476560479
