Model: GRU
MSE: 11.137545069962759
MAE: 2.543349183838943
EVS: 0.684359189755027
