Model: GRU
MSE: 9.21271941230425
MAE: 2.1952876386971307
EVS: 0.6879275356645799
