Model: GRU
MSE: 11.477986731549947
MAE: 2.571068258121096
EVS: 0.6559560234551728
