Model: GRU
MSE: 35.239875138658874
MAE: 5.329908551840947
EVS: -0.00471789808428702
