Model: GRU
MSE: 9.083307586826503
MAE: 2.0659009505962502
EVS: 0.7098173809036585
