Model: GRU
MSE: 9.047604033034292
MAE: 2.2575242683805268
EVS: 0.6931379867049595
