Model: GRU
MSE: 12.185258185193408
MAE: 2.661369463493084
EVS: 0.6744808738612738
