Model: GRU
MSE: 22.16254171798171
MAE: 3.9096110072629204
EVS: 0.6721207506525275
