Model: GRU
MSE: 11.995040223118759
MAE: 2.7427336018660973
EVS: 0.6269361655012822
