Model: GRU
MSE: 9.846345490826225
MAE: 2.432396946282222
EVS: 0.6794890598160688
