Model: GRU
MSE: 11.885010648340819
MAE: 2.816936895765107
EVS: 0.6193628168603023
