Model: GRU
MSE: 10.996573191728874
MAE: 2.4172010873926095
EVS: 0.6779256128017956
