Model: GRU
MSE: 13.086667324153167
MAE: 2.909574557994974
EVS: 0.6220443542357164
