Model: GRU
MSE: 13.6447148834653
MAE: 3.0389829175225618
EVS: 0.6991762711350138
