Model: GRU
MSE: 11.04396875397833
MAE: 2.5253430646041344
EVS: 0.6714767678338918
