Model: GRU
MSE: 11.790554385074136
MAE: 2.7221884398624816
EVS: 0.6810756053012504
