Model: GRU
MSE: 10.122544532494388
MAE: 2.402505027836767
EVS: 0.672605321770031
