Model: GRU
MSE: 22.180637740119007
MAE: 3.793098005755194
EVS: 0.6239712953588825
