Model: GRU
MSE: 331.45136174135354
MAE: 17.122896950820397
EVS: -0.2975662704732296
