Model: GRU
MSE: 8.468483028603874
MAE: 2.023899086590471
EVS: 0.7165283171273755
