Model: GRU
MSE: 262.72200039262685
MAE: 15.24328825391572
EVS: -0.02984368959647532
