Model: GRU
MSE: 18.66706539052578
MAE: 3.6121842121255807
EVS: 0.6071480434450007
