Model: GRU
MSE: 993.2761165654204
MAE: 30.673539293223413
EVS: -0.7775630302764385
