Model: GRU
MSE: 14.857317028978613
MAE: 3.0399869680404663
EVS: 0.6387052991986506
