Model: GRU
MSE: 9.557481246723695
MAE: 2.2858078973046663
EVS: 0.6761737407476689
