Model: GRU
MSE: 9.980021984151556
MAE: 2.2907200024045746
EVS: 0.6684384671868635
