Model: GRU
MSE: 10.695312257273093
MAE: 2.6673062340966585
EVS: 0.6640007137781443
