Model: GRU
MSE: 12.553682194869692
MAE: 2.7211487128816803
EVS: 0.6595837497415042
