Model: GRU
MSE: 12.131140563869243
MAE: 2.6594668873425187
EVS: 0.6387283461455174
