Model: GRU
MSE: 9.008190196381477
MAE: 2.202039332225405
EVS: 0.6945133833903914
