Model: GRU
MSE: 9.72660751988986
MAE: 2.3399723891554207
EVS: 0.6897554071037931
