Model: GRU
MSE: 10.888306817608422
MAE: 2.5564042288681557
EVS: 0.6770735839115573
