Model: GRU
MSE: 11.742735497968683
MAE: 2.7338756775033883
EVS: 0.6568077669888935
