Model: GRU
MSE: 18.38463625562147
MAE: 3.4206881194279113
EVS: 0.6468938889274242
