Model: GRU
MSE: 13.77846657547781
MAE: 2.940287762674792
EVS: 0.6051606288934676
