Model: GRU
MSE: 10.008035306332548
MAE: 2.256963170807937
EVS: 0.6614400695620051
