Model: GRU
MSE: 264.4359077379494
MAE: 15.271582443138648
EVS: -0.058690072512179725
