Model: GRU
MSE: 12.747638940547846
MAE: 2.890926977683758
EVS: 0.6289910418744092
