Model: GRU
MSE: 9.918958726893795
MAE: 2.3423152134336274
EVS: 0.6637571687150456
