Model: GRU
MSE: 9.444408889502002
MAE: 2.19615363252574
EVS: 0.6894285643551311
