Model: GRU
MSE: 9.641309810760829
MAE: 2.2472097215981317
EVS: 0.6731265081738314
