Model: GRU
MSE: 9.32582960582818
MAE: 2.2452194690704346
EVS: 0.6844328218119875
