Model: GRU
MSE: 1256.8124507736206
MAE: 34.74908312435808
EVS: -0.672543179571577
