Model: GRU
MSE: 10.608247766193307
MAE: 2.444477410152041
EVS: 0.6706941299363816
