Model: GRU
MSE: 39.229998481563534
MAE: 5.590764341683223
EVS: 0.0003566853847103424
