Model: GRU
MSE: 11.829059796524062
MAE: 2.566933746995597
EVS: 0.6554551606504062
