Model: GRU
MSE: 39.387583738152394
MAE: 5.608655534941574
EVS: 0.0
