Model: GRU
MSE: 12.26300777064439
MAE: 2.7773046493530273
EVS: 0.6446971596739901
