Model: GRU
MSE: 9.774410647050715
MAE: 2.5326044723905365
EVS: 0.6706900600429664
