Model: GRU
MSE: 27.39779835149458
MAE: 4.347718242941232
EVS: 0.5858879105733317
