Model: GRU
MSE: 11.24944018238651
MAE: 2.587776336176642
EVS: 0.6848784662190568
