Model: GRU
MSE: 12.287172474778059
MAE: 2.773760672273307
EVS: 0.6952012192222181
