Model: GRU
MSE: 5570.349691889512
MAE: 74.43346247179755
EVS: -0.01780989825170698
