Model: GRU
MSE: 13.854902077295934
MAE: 2.9737719914008833
EVS: 0.6673909307081867
