Model: GRU
MSE: 12.270353035762945
MAE: 2.616170151480313
EVS: 0.6920226068106243
