Model: GRU
MSE: 43.21566917124177
MAE: 5.83766716924207
EVS: -0.06685695578547879
