Model: GRU
MSE: 10.194143343934739
MAE: 2.3923250724529397
EVS: 0.7089233605033454
