Model: GRU
MSE: 9.630169854782114
MAE: 2.1182236918087662
EVS: 0.696857031255183
