Model: GRU
MSE: 15.154356791655902
MAE: 3.0839221724148453
EVS: 0.6820055660900546
