Model: GRU
MSE: 15.881432905961415
MAE: 3.164907619870942
EVS: 0.6114746090922294
