Model: GRU
MSE: 12.946741167877443
MAE: 2.7478104213188432
EVS: 0.6620385525088767
