Model: GRU
MSE: 13.16145686826661
MAE: 2.8546298536761054
EVS: 0.6611789182974401
