Model: GRU
MSE: 11.292751199173962
MAE: 2.516738201009816
EVS: 0.7053820995754964
