Model: GRU
MSE: 10.138564939912648
MAE: 2.435029547790001
EVS: 0.7002740855327836
