Model: GRU
MSE: 11.231312627617633
MAE: 2.581426768467344
EVS: 0.6884345645768732
