Model: GRU
MSE: 309.30833132311216
MAE: 16.47108243251669
EVS: -0.289223274780672
