Model: GRU
MSE: 686.0090456366053
MAE: 25.801841998922413
EVS: 0.3123786911945102
