Model: GRU
MSE: 502.9873077208785
MAE: 21.76835398838438
EVS: 0.012147931543568302
