Model: GRU
MSE: 9.157118234040084
MAE: 2.1564175096051446
EVS: 0.6916540069417794
