Model: GRU
MSE: 27.744107710027116
MAE: 4.657033755861479
EVS: 0.2977296206186151
