Model: GRU
MSE: 263.85401731739375
MAE: 14.978886200700487
EVS: -0.10057921872599862
