Model: GRU
MSE: 17.881977409603884
MAE: 3.341141234184134
EVS: 0.6710846792190732
