Model: GRU
MSE: 11.586014412571727
MAE: 2.486904810214865
EVS: 0.7037695068020079
