Model: GRU
MSE: 387.4181527026736
MAE: 18.921678132024304
EVS: 0.003255826151209562
