Model: GRU
MSE: 253.08565211869833
MAE: 14.838792666279037
EVS: -0.1157105900314197
