Model: GRU
MSE: 10.866339123698033
MAE: 2.5394897296510894
EVS: 0.6314535484722947
