Model: GRU
MSE: 11.90957277141736
MAE: 2.6179516068820297
EVS: 0.6822828229368225
