Model: GRU
MSE: 11.68553673588608
MAE: 2.702707529067993
EVS: 0.6574313261158151
