Model: GRU
MSE: 9.921677701703908
MAE: 2.3269173770115295
EVS: 0.6821307616288179
