Model: GRU
MSE: 45.58295825068856
MAE: 5.991254115926808
EVS: 0.0
