Model: GRU
MSE: 917.7435196773546
MAE: 29.67493037519784
EVS: -0.25972454006946055
