Model: GRU
MSE: 9.300398937450716
MAE: 2.2384698390960693
EVS: 0.6851119976387642
