Model: GRU
MSE: 16.945691431133895
MAE: 3.5232365213591477
EVS: 0.4966478664513744
