Model: GRU
MSE: 9.774336811929706
MAE: 2.3172436377097823
EVS: 0.69733949086236
