Model: GRU
MSE: 7671.220333274432
MAE: 84.73685708539239
EVS: -15.649074292221865
