Model: GRU
MSE: 10.330178701997543
MAE: 2.3913793070562956
EVS: 0.6867289498544364
