Model: GRU
MSE: 9.90618491697144
MAE: 2.1860713301033807
EVS: 0.67933063865328
