Model: GRU
MSE: 2865.6959560040136
MAE: 53.25899939701475
EVS: 0.010490542127050473
