Model: GRU
MSE: 19.73250161309283
MAE: 3.604179053471006
EVS: 0.6351849570209123
