Model: GRU
MSE: 13.285970046395454
MAE: 2.8808166651890197
EVS: 0.6860881488522168
