Model: GRU
MSE: 10.514877514834566
MAE: 2.337625104805519
EVS: 0.6705561716494421
