Model: GRU
MSE: 10.710614165267135
MAE: 2.3772397534600618
EVS: 0.6725325260911317
