Model: GRU
MSE: 10.594488176694517
MAE: 2.528416946016509
EVS: 0.6542341503364945
