Model: GRU
MSE: 9.607700030549765
MAE: 2.188562352081825
EVS: 0.697076483046938
