Model: GRU
MSE: 39.11637206914462
MAE: 5.60275229092302
EVS: 0.01998386951522968
