Model: GRU
MSE: 34.77951429181598
MAE: 5.287830352783203
EVS: 0.0
