Model: GRU
MSE: 12.981721200220862
MAE: 2.6751961338108985
EVS: 0.6740636558198674
