Model: GRU
MSE: 13.057497968922387
MAE: 2.893242383825368
EVS: 0.6732897478486557
