Model: GRU
MSE: 9.841056034908947
MAE: 2.437309848851171
EVS: 0.6691178346061977
