Model: GRU
MSE: 12.755236250198186
MAE: 2.68596941027148
EVS: 0.6711778994166544
