Model: GRU
MSE: 15.371215927518428
MAE: 3.1025281774586646
EVS: 0.6391258275499905
