Model: GRU
MSE: 8.907734116070248
MAE: 2.099487337572821
EVS: 0.7144547782725685
