Model: GRU
MSE: 17.273327272517196
MAE: 3.354694465111042
EVS: 0.6346285764220546
