Model: GRU
MSE: 9.25094709439279
MAE: 2.1652104936797043
EVS: 0.698784194051557
