Model: GRU
MSE: 12.17974528348277
MAE: 2.846469122788002
EVS: 0.6261700265174859
