Model: GRU
MSE: 9.262786824192796
MAE: 2.1977182996684106
EVS: 0.6859215319270848
