Model: GRU
MSE: 11.748904854365612
MAE: 2.5850684807218354
EVS: 0.666376582591721
