Model: GRU
MSE: 9.49467412638861
MAE: 2.2245142131016173
EVS: 0.6875081296719656
