Model: GRU
MSE: 10.392625839824898
MAE: 2.384895587789601
EVS: 0.674158600146111
