Model: GRU
MSE: 4499.207209561579
MAE: 66.84631650201206
EVS: -0.04385171573033353
