Model: GRU
MSE: 9.632035950824639
MAE: 2.2553423108725714
EVS: 0.6773969757067729
