Model: GRU
MSE: 748.1026850189185
MAE: 26.44684253889939
EVS: -0.65061729848945
