Model: GRU
MSE: 13.848745894554154
MAE: 3.058682055308901
EVS: 0.620163536757576
