Model: GRU
MSE: 9.720620474388891
MAE: 2.213292434297759
EVS: 0.676070753346131
