Model: GRU
MSE: 11.847206942589086
MAE: 2.651327536023896
EVS: 0.6728555323083367
