Model: GRU
MSE: 17.537842718966058
MAE: 3.40459262091538
EVS: 0.5669582322779603
