Model: GRU
MSE: 9.277614890901386
MAE: 2.1332848894185035
EVS: 0.6884361820888381
