Model: GRU
MSE: 11.142649535222771
MAE: 2.496075852163907
EVS: 0.6314421463784423
