Model: GRU
MSE: 9.76294770323603
MAE: 2.1904278130366883
EVS: 0.6901695249766424
