Model: GRU
MSE: 34.827215612040604
MAE: 5.302670347279515
EVS: 0.0007971782615904255
