Model: GRU
MSE: 8.559879535382061
MAE: 2.0429834415172707
EVS: 0.7112556539306456
