Model: GRU
MSE: 743.706258448188
MAE: 26.571099051113787
EVS: -0.27807083859447235
