Model: GRU
MSE: 13.643452036126734
MAE: 2.8699933824868036
EVS: 0.662928475562358
