Model: GRU
MSE: 10.76667504212616
MAE: 2.495743282910051
EVS: 0.671993836504649
