Model: GRU
MSE: 22.03920650528769
MAE: 3.795804833543712
EVS: 0.5860710281094516
