Model: GRU
MSE: 9.580536524630075
MAE: 2.2919796828565926
EVS: 0.6752356981102565
