Model: GRU
MSE: 10.119615002302028
MAE: 2.2874652558359605
EVS: 0.6961325419487996
