Model: GRU
MSE: 387.3922775891636
MAE: 18.85072265000179
EVS: -0.08676797455806029
