Model: GRU
MSE: 10.206330390614733
MAE: 2.3400516140049903
EVS: 0.6931721534531721
