Model: GRU
MSE: 9.454304138138104
MAE: 2.247170999132354
EVS: 0.6822397863166253
