Model: GRU
MSE: 36.496191827471584
MAE: 5.170599172855246
EVS: 0.5235762733291259
