Model: GRU
MSE: 289.90449726847515
MAE: 16.082402813023535
EVS: -0.0602549627728195
