Model: GRU
MSE: 2254.297142504555
MAE: 46.99996435231176
EVS: -0.5364305061292698
