Model: GRU
MSE: 12.431001415675167
MAE: 2.7784900747496506
EVS: 0.6977857062302874
