Model: GRU
MSE: 10.31071365018157
MAE: 2.485301659024995
EVS: 0.6503087423126388
