Model: GRU
MSE: 14.128500862931586
MAE: 3.0287151418883225
EVS: 0.6350408122383124
