Model: GRU
MSE: 10.245700696553783
MAE: 2.398329940335504
EVS: 0.6775769463621142
