Model: GRU
MSE: 9.101931338717051
MAE: 2.1593332619502625
EVS: 0.6943875054793296
