Model: GRU
MSE: 11.840130571338419
MAE: 2.8195635121444176
EVS: 0.6191484559613996
