Model: GRU
MSE: 13.642097110855634
MAE: 2.538566163608006
EVS: 0.6218930711793496
