Model: GRU
MSE: 23.331788382222957
MAE: 4.012272325055353
EVS: 0.6641062588556613
