Model: GRU
MSE: 14.875773985146932
MAE: 3.034532748419663
EVS: 0.6746564191477837
