Model: GRU
MSE: 9.481624311280315
MAE: 2.2722545574451316
EVS: 0.6797247652432937
