Model: GRU
MSE: 368.0773858266898
MAE: 18.32534172617156
EVS: -0.09411777389141607
