Model: GRU
MSE: 26.882226806463066
MAE: 4.33408497119772
EVS: 0.6040303280055574
