Model: GRU
MSE: 10.591525974446109
MAE: 2.3164615302250304
EVS: 0.6680518659676604
