Model: GRU
MSE: 26.41808511773675
MAE: 4.343195142417119
EVS: 0.637006534284323
