Model: GRU
MSE: 10.123332222215979
MAE: 2.3582004185380607
EVS: 0.6671398017599783
