Model: GRU
MSE: 11.023607327361011
MAE: 2.515162698153792
EVS: 0.6717633235537069
