Model: GRU
MSE: 456.8801807737129
MAE: 20.359282542919292
EVS: -0.43737088021773163
