Model: GRU
MSE: 17.816737351210435
MAE: 3.3615708679988465
EVS: 0.6522597992808565
