Model: GRU
MSE: 9.040790346193175
MAE: 2.155675329011062
EVS: 0.6985374402071243
