Model: GRU
MSE: 10.86715193881869
MAE: 2.47126541055482
EVS: 0.6633808097095489
