Model: GRU
MSE: 1931.052838937056
MAE: 43.206377193845555
EVS: -1.1795304182562893
