Model: GRU
MSE: 13.903144531880658
MAE: 2.9160782222090096
EVS: 0.6924832911182188
