Model: GRU
MSE: 288.59183559844723
MAE: 16.08229874742442
EVS: -0.01584770616964315
