Model: GRU
MSE: 9.31503484582351
MAE: 2.1007234803561508
EVS: 0.6979263204284247
