Model: GRU
MSE: 14.770480365264198
MAE: 3.3131064875372527
EVS: 0.5176634860516733
