Model: GRU
MSE: 34.91442216692968
MAE: 5.263963633570178
EVS: -0.04042446427208568
