Model: GRU
MSE: 31.540156978723047
MAE: 5.013357425558156
EVS: 0.0
