Model: GRU
MSE: 9.89226532761362
MAE: 2.3155226378605285
EVS: 0.7109758494738554
