Model: GRU
MSE: 10.559157043318963
MAE: 2.399516964780873
EVS: 0.7042794896947605
