Model: GRU
MSE: 9.164489059975013
MAE: 2.250203782114489
EVS: 0.6895060555798104
