Model: GRU
MSE: 17.730736638971013
MAE: 3.345364496625703
EVS: 0.6566361707981748
