Model: GRU
MSE: 10.28225382784184
MAE: 2.4871253145152123
EVS: 0.6867709371338664
