Model: GRU
MSE: 10.807025888771838
MAE: 2.458807682168895
EVS: 0.6577332866500867
