Model: GRU
MSE: 10.744051494189781
MAE: 2.4655656732361892
EVS: 0.6835785145672332
