Model: GRU
MSE: 34.79115175716802
MAE: 5.288788959897798
EVS: 0.0
