Model: GRU
MSE: 10.159729151303242
MAE: 2.2169430009249984
EVS: 0.6709850125962166
