Model: GRU
MSE: 12.013030854304041
MAE: 2.8102997377001007
EVS: 0.6335613179761657
