Model: GRU
MSE: 13.750437942924659
MAE: 2.8866558403804383
EVS: 0.6678928884752782
