Model: GRU
MSE: 12.72898563602996
MAE: 2.7979708909988403
EVS: 0.7013228060999724
