Model: GRU
MSE: 8.7012865476491
MAE: 2.073064713642515
EVS: 0.7073005093654201
