Model: GRU
MSE: 9.258409739565874
MAE: 2.1953911041391305
EVS: 0.6995054569983828
