Model: GRU
MSE: 1935.410930092704
MAE: 43.66795697705499
EVS: 0.03268801373286545
