Model: GRU
MSE: 14.149748429266499
MAE: 3.1299904625991295
EVS: 0.6070980858675035
