Model: GRU
MSE: 9.217656136141997
MAE: 2.1510611073724153
EVS: 0.7095168760244661
