Model: GRU
MSE: 9.08040074552627
MAE: 2.1728309927315546
EVS: 0.6920384500491001
