Model: GRU
MSE: 9.735289352962075
MAE: 2.2042923384699327
EVS: 0.6738809778002448
