Model: GRU
MSE: 10.39325492235653
MAE: 2.3583054254794944
EVS: 0.6991464787945991
