Model: GRU
MSE: 12.157497318107634
MAE: 2.7441446041238717
EVS: 0.6459835933577209
