Model: GRU
MSE: 21.78710608712354
MAE: 3.816767053357486
EVS: 0.6389538397193681
