Model: GRU
MSE: 18.608775944522396
MAE: 3.418623817378077
EVS: 0.6766583376330758
