Model: GRU
MSE: 8.782082854298425
MAE: 2.1255033262844742
EVS: 0.7052155675597978
