Model: GRU
MSE: 11.285927751293418
MAE: 2.5450385521198142
EVS: 0.6824341857925185
