Model: GRU
MSE: 325.7904367599003
MAE: 17.137369114777137
EVS: -0.08875152278919085
