Model: GRU
MSE: 30.813353939301404
MAE: 4.622369832005994
EVS: -0.01048997880540048
