Model: GRU
MSE: 8.801938711092044
MAE: 2.156341758267633
EVS: 0.7036392101152928
