Model: GRU
MSE: 304.30082196736066
MAE: 16.48553729057312
EVS: -0.1032292760935567
