Model: GRU
MSE: 10.24927797696257
MAE: 2.316380656998733
EVS: 0.6556469067241097
