Model: GRU
MSE: 10.360160808048382
MAE: 2.499449614820809
EVS: 0.6661436179901407
