Model: GRU
MSE: 14.615733367185241
MAE: 2.9759575621835115
EVS: 0.6820374478793365
