Model: GRU
MSE: 14.862192252912832
MAE: 2.9070428979807885
EVS: 0.6430632100362257
