Model: GRU
MSE: 14.051203330302448
MAE: 2.9688276586861444
EVS: 0.6385544791804577
