Model: GRU
MSE: 9.311555902423141
MAE: 2.1378167579913963
EVS: 0.7137478400325372
