Model: GRU
MSE: 14.733046249301875
MAE: 2.937781884752471
EVS: 0.698095036811321
