Model: GRU
MSE: 10.598564335688465
MAE: 2.4001203117699457
EVS: 0.683495143835902
