Model: GRU
MSE: 308.41939801091837
MAE: 16.617349517756494
EVS: -0.09492690330796627
