Model: GRU
MSE: 437.6695471602535
MAE: 20.095292444886834
EVS: -0.1480290160442006
