Model: GRU
MSE: 14.98231668958285
MAE: 3.017715626749499
EVS: 0.6545861981479844
