Model: GRU
MSE: 15.813663511626785
MAE: 2.865021208354405
EVS: 0.5857398068612345
