Model: GRU
MSE: 10.961605034200382
MAE: 2.5611953077645135
EVS: 0.6400572780817977
