Model: GRU
MSE: 11.245614738084146
MAE: 2.4893759612379402
EVS: 0.694894967879935
