Model: GRU
MSE: 15.488874066990505
MAE: 3.174613001017735
EVS: 0.6842292955464693
