Model: GRU
MSE: 10.004023920136492
MAE: 2.432880344062016
EVS: 0.6889121831636531
