Model: GRU
MSE: 19.720281645749843
MAE: 3.592268446396137
EVS: 0.6374319348644776
