Model: GRU
MSE: 17.952917457098085
MAE: 3.410738443506175
EVS: 0.6646681413642399
