Model: GRU
MSE: 9.818294341403199
MAE: 2.354321496240024
EVS: 0.667353788673094
