Model: GRU
MSE: 292.84410243687853
MAE: 16.125011125515247
EVS: -0.11341222061016398
