Model: GRU
MSE: 16.022469934026738
MAE: 3.1745997132926154
EVS: 0.5995990170013556
