Model: GRU
MSE: 2088.0411398756214
MAE: 45.34255146158153
EVS: -0.08851920365253996
