Model: GRU
MSE: 11.182904437128782
MAE: 2.4948299218868386
EVS: 0.6623043265186594
