Model: GRU
MSE: 14.723253733734204
MAE: 3.090651331276729
EVS: 0.6586785363751135
