Model: GRU
MSE: 10.16371160679999
MAE: 2.4156403870418153
EVS: 0.6812868935865819
