Model: GRU
MSE: 10.371766818424781
MAE: 2.3447941582778404
EVS: 0.7055587640447328
