Model: GRU
MSE: 10.057844506439483
MAE: 2.461128226641951
EVS: 0.6682717334481305
