Model: GRU
MSE: 359.8951588442439
MAE: 18.19604677989565
EVS: 0.02323968341881777
