Model: GRU
MSE: 9.876804372178682
MAE: 2.4247156093860496
EVS: 0.671259928215203
