Model: GRU
MSE: 32.20719499470914
MAE: 5.065409035518251
EVS: 0.1686704138034304
