Model: GRU
MSE: 281.7520892290156
MAE: 15.834717598454706
EVS: -0.051877294551309516
