Model: GRU
MSE: 10.421394465042493
MAE: 2.3560996302242936
EVS: 0.648241580840313
