Model: GRU
MSE: 10.54502328452458
MAE: 2.4680480545964736
EVS: 0.6641474927337088
