Model: GRU
MSE: 12.914564113984973
MAE: 2.7911985084928315
EVS: 0.688274188030406
