Model: GRU
MSE: 10.721579046789794
MAE: 2.5053037035054175
EVS: 0.6397514136349209
