Model: GRU
MSE: 457.2621076065703
MAE: 20.481105672902075
EVS: -0.2815799790892777
