Model: GRU
MSE: 10.655435598350264
MAE: 2.4872050038699447
EVS: 0.6708050642218404
