Model: GRU
MSE: 18.611774378098303
MAE: 3.5135648003939925
EVS: 0.6813686543115897
