Model: GRU
MSE: 10.468807421132999
MAE: 2.431097680124743
EVS: 0.6975943536507612
