Model: GRU
MSE: 479.6565518800435
MAE: 21.206123417821424
EVS: -0.016030138215672673
