Model: GRU
MSE: 258.5861463803158
MAE: 15.127446026637637
EVS: -0.00889553541101984
