Model: GRU
MSE: 12.239914102489726
MAE: 2.6468966582725786
EVS: 0.5872431262835929
