Model: GRU
MSE: 267.4509000982909
MAE: 15.300442249610507
EVS: -0.13102326768561356
