Model: GRU
MSE: 42.03019850480944
MAE: 5.786046077465189
EVS: -0.003948608660137687
