Model: GRU
MSE: 10.76185981941518
MAE: 2.479638666942202
EVS: 0.6914373420401054
