Model: GRU
MSE: 38.10520875784484
MAE: 5.488489874478044
EVS: 0.08073492128473947
