Model: GRU
MSE: 336.9205122739465
MAE: 17.36893792810111
EVS: -0.1952318123686485
