Model: GRU
MSE: 10.494350320274286
MAE: 2.476108065966902
EVS: 0.663967603064514
