Model: GRU
MSE: 9.279256668498238
MAE: 2.120417693565632
EVS: 0.6879061937680766
