Model: GRU
MSE: 2939.796516944324
MAE: 53.62408674174342
EVS: -1.1792600819491592
