Model: GRU
MSE: 11.392656345168474
MAE: 2.491367216767936
EVS: 0.6771280192799455
