Model: GRU
MSE: 1587.730654943545
MAE: 39.00720862684579
EVS: -1.244192795350675
