Model: GRU
MSE: 328.8572713712673
MAE: 17.08126737948122
EVS: -0.2578777631662028
