Model: GRU
MSE: 12.954391396100567
MAE: 2.897952285306207
EVS: 0.6277589322263719
