Model: GRU
MSE: 9.952715486874318
MAE: 2.3444063910122575
EVS: 0.722782935562688
