Model: GRU
MSE: 13.401240095089822
MAE: 2.8228585966702164
EVS: 0.6595744125188869
