Model: GRU
MSE: 13.921827304470948
MAE: 2.889839007936675
EVS: 0.6809965189105665
