Model: GRU
MSE: 10.771742389649361
MAE: 2.4189152758696983
EVS: 0.6908203944235989
