Model: GRU
MSE: 9.723255875137692
MAE: 2.334118629324025
EVS: 0.6708598631752853
