Model: GRU
MSE: 10.7360916117688
MAE: 2.354096330445388
EVS: 0.7048321971324512
