Model: GRU
MSE: 2164.680640187936
MAE: 45.46257640575541
EVS: -2.318205601545439
