Model: GRU
MSE: 20.267960536343466
MAE: 3.6947078704833984
EVS: 0.6634777498882654
