Model: GRU
MSE: 10.62060871136155
MAE: 2.455203105663431
EVS: 0.6825527717131223
