Model: GRU
MSE: 278.74794507147465
MAE: 15.676245487969497
EVS: -0.11935281138399856
