Model: GRU
MSE: 2905.9050196423113
MAE: 53.217722695449304
EVS: -1.5023198283172952
