Model: GRU
MSE: 15.01535681600648
MAE: 3.0186705998011996
EVS: 0.6037667118361366
