Model: GRU
MSE: 14.894200429952338
MAE: 2.9967958228341463
EVS: 0.6759155154631348
