Model: GRU
MSE: 12.202464782168539
MAE: 2.9303357436739166
EVS: 0.6100105819385291
