Model: GRU
MSE: 9.39046931855922
MAE: 2.228430147828727
EVS: 0.6834419648994554
