Model: GRU
MSE: 13.809981469613374
MAE: 2.977489738628782
EVS: 0.6238467945511624
