Model: GRU
MSE: 17.01934741282466
MAE: 3.2593337996252654
EVS: 0.6285822858629856
