Model: GRU
MSE: 10.279156211546258
MAE: 2.33853687089065
EVS: 0.6884138510612021
