Model: GRU
MSE: 10.98011190494596
MAE: 2.4681918908809792
EVS: 0.6933711479951951
