Model: GRU
MSE: 11.985453555005561
MAE: 2.733479877998089
EVS: 0.6951903359232224
