Model: GRU
MSE: 8.799048508984392
MAE: 2.155073100122912
EVS: 0.7028342495218691
