Model: GRU
MSE: 11.761595019498266
MAE: 2.6526177093900483
EVS: 0.6819497310610829
