Model: GRU
MSE: 9.503053943191805
MAE: 2.3047906448101174
EVS: 0.6790862423179238
