Model: GRU
MSE: 292.54666700609096
MAE: 16.110956816837707
EVS: -0.11869025345367379
