Model: GRU
MSE: 17.952108641071625
MAE: 3.4155794916481805
EVS: 0.6611943675758445
