Model: GRU
MSE: 9.452321713297351
MAE: 2.3279299900449555
EVS: 0.7062088939992559
