Model: GRU
MSE: 15.589324002011384
MAE: 3.044908184429695
EVS: 0.6670617489455721
