Model: GRU
MSE: 10.093497848004988
MAE: 2.3481029806465936
EVS: 0.7056004421738606
