Model: GRU
MSE: 9.823908168832254
MAE: 2.252665975998188
EVS: 0.6917707256663095
