Model: GRU
MSE: 10.244651682309563
MAE: 2.3497375702035836
EVS: 0.6782919883983058
