Model: GRU
MSE: 3309.334708888438
MAE: 57.243593281713025
EVS: -0.10247819285345283
