Model: GRU
MSE: 9.500232443012203
MAE: 2.2173874665950906
EVS: 0.6786822443665457
