Model: GRU
MSE: 13.210078737992058
MAE: 2.8925500738209693
EVS: 0.6643136254235018
