Model: GRU
MSE: 27.26199763975363
MAE: 4.67608877708172
EVS: 0.1933235004424947
