Model: GRU
MSE: 16.36401698937856
MAE: 3.2441222832120697
EVS: 0.6929980498551078
