Model: GRU
MSE: 9.982363109188272
MAE: 2.268775019152411
EVS: 0.6943815090971681
