Model: GRU
MSE: 1128.4673832285187
MAE: 32.9155932459338
EVS: -0.5272937997387466
