Model: GRU
MSE: 356.30188810521463
MAE: 18.06969512742141
EVS: -0.010302490747735371
