Model: GRU
MSE: 10.306286296571596
MAE: 2.415347929658561
EVS: 0.650624131001359
