Model: GRU
MSE: 9.266106892214456
MAE: 2.1861232724683037
EVS: 0.7014081627894542
