Model: GRU
MSE: 13.399027539966143
MAE: 2.7986855013617156
EVS: 0.6748325842372118
