Model: GRU
MSE: 10.864650775705451
MAE: 2.4310971128529517
EVS: 0.7027503465596698
