Model: GRU
MSE: 11.53094825322534
MAE: 2.5783636569976807
EVS: 0.6794041626568879
