Model: GRU
MSE: 14.090482765554187
MAE: 2.981140666994555
EVS: 0.6361666916604194
