Model: GRU
MSE: 25.695050058660325
MAE: 4.283290772602476
EVS: 0.6627055882612629
