Model: GRU
MSE: 12.142816547245902
MAE: 2.6432520932164687
EVS: 0.666218074984237
