Model: GRU
MSE: 9.608413725823581
MAE: 2.172675765793899
EVS: 0.680160498455378
