Model: GRU
MSE: 9.951314326205777
MAE: 2.424946036832086
EVS: 0.6758738199288024
