Model: GRU
MSE: 9.221993349463622
MAE: 2.242407067068692
EVS: 0.6879671233596684
