Model: GRU
MSE: 273.224904369389
MAE: 15.517347076843524
EVS: -0.10014158833067621
