Model: GRU
MSE: 11.870609980714852
MAE: 2.6860714780873267
EVS: 0.6738433086685243
