Model: GRU
MSE: 9.620487647745684
MAE: 2.273365908655627
EVS: 0.6965906442641157
