Model: GRU
MSE: 11.067815422000077
MAE: 2.488319890252475
EVS: 0.6979313492970125
