Model: GRU
MSE: 274.8952546254437
MAE: 15.590611979879181
EVS: -0.0794942443346518
