Model: GRU
MSE: 18.856714839250394
MAE: 3.476353904296612
EVS: 0.6598168160957438
