Model: GRU
MSE: 9.469454519893961
MAE: 2.1956437456196753
EVS: 0.6908012019677374
