Model: GRU
MSE: 11.21628067749528
MAE: 2.4606835019999536
EVS: 0.6424856129587058
