Model: GRU
MSE: 6986.507646599154
MAE: 83.14487088959793
EVS: -1.490757063120335
