Model: GRU
MSE: 3478.0537191342855
MAE: 58.48786840767696
EVS: -0.9407981572666215
