Model: GRU
MSE: 8.664477639808133
MAE: 2.0369399292715666
EVS: 0.7064366134229844
