Model: GRU
MSE: 12.59936013521878
MAE: 2.842251045950528
EVS: 0.6825152198545491
