Model: GRU
MSE: 11.399374669669763
MAE: 2.660303905092437
EVS: 0.6927604296039724
