Model: GRU
MSE: 14.341834889315798
MAE: 2.964779492082267
EVS: 0.6721734413756708
