Model: GRU
MSE: 18.662579066054292
MAE: 3.5169978758384444
EVS: 0.6774039795010354
