Model: GRU
MSE: 290.86554442297734
MAE: 16.024647597608894
EVS: -0.15574313865815514
