Model: GRU
MSE: 8.992772966379638
MAE: 2.0818416126843156
EVS: 0.697760421817399
