Model: GRU
MSE: 13.529997424989258
MAE: 2.877022693897116
EVS: 0.6762988646559434
