Model: GRU
MSE: 9.932322718287365
MAE: 2.3786941314565726
EVS: 0.6833395070693461
