Model: GRU
MSE: 10.380052700627939
MAE: 2.512647242381655
EVS: 0.6647090256656755
