Model: GRU
MSE: 26.763311318991736
MAE: 4.286821431127088
EVS: 0.5630361732846925
