Model: GRU
MSE: 16.049339678830425
MAE: 3.210169759289972
EVS: 0.6990960535549204
