Model: GRU
MSE: 9.818034937405454
MAE: 2.1466936941804557
EVS: 0.6757567879875414
