Model: GRU
MSE: 13.130889508645897
MAE: 2.7683909021574875
EVS: 0.6931755910024726
