Model: GRU
MSE: 9.560081407141768
MAE: 2.3011813163757324
EVS: 0.6773137874709945
