Model: GRU
MSE: 6937.3016920202945
MAE: 83.10753158043171
EVS: -0.032411943500093354
