Model: GRU
MSE: 12.391032438166683
MAE: 2.709242417894561
EVS: 0.6770278342611488
