Model: GRU
MSE: 9.49614004298961
MAE: 2.2122623180520944
EVS: 0.6872322022382142
