Model: GRU
MSE: 9.29898987831968
MAE: 2.1550376045292823
EVS: 0.6920930913605976
