Model: GRU
MSE: 9.589973330105236
MAE: 2.239858191588829
EVS: 0.6762611682961925
