Model: GRU
MSE: 8.792218541648767
MAE: 2.067079420747428
EVS: 0.7022101322344357
