Model: GRU
MSE: 9.293645834611672
MAE: 2.418886965718763
EVS: 0.6909119462071669
