Model: GRU
MSE: 10.377190570395971
MAE: 2.3607501079296243
EVS: 0.6703769193154687
