Model: GRU
MSE: 10.998171129149549
MAE: 2.5628675838996626
EVS: 0.6541937363994472
