Model: GRU
MSE: 500.4009103131729
MAE: 21.473129231354285
EVS: -0.3331062537997016
