Model: GRU
MSE: 15.236049755734559
MAE: 3.0782202934396676
EVS: 0.637145475170203
