Model: GRU
MSE: 9.325849487512274
MAE: 2.195241697903337
EVS: 0.7076125492490463
