Model: GRU
MSE: 9.109529519852359
MAE: 1.9835399594800225
EVS: 0.6960828161359871
