Model: GRU
MSE: 15.320555365827918
MAE: 3.0780187639696845
EVS: 0.6757523339186501
