Model: GRU
MSE: 18.704992557325227
MAE: 3.4636799795874236
EVS: 0.6499423835051611
