Model: GRU
MSE: 14.496451903824706
MAE: 3.0421810561213
EVS: 0.6019252764606199
