Model: GRU
MSE: 9.41942440078767
MAE: 2.3277304090302566
EVS: 0.6892879113592261
