Model: GRU
MSE: 12.570251204701526
MAE: 2.695114127520857
EVS: 0.6636232808008519
