Model: GRU
MSE: 11.059100490528703
MAE: 2.646079449818052
EVS: 0.6382335123343708
