Model: GRU
MSE: 11.747017364263108
MAE: 2.4709990517846467
EVS: 0.61680807541457
