Model: GRU
MSE: 10.456956880165139
MAE: 2.421227085179296
EVS: 0.6585477055936948
