Model: GRU
MSE: 283.87765166079055
MAE: 15.8789269430884
EVS: -0.07641660332318145
