Model: GRU
MSE: 14347.94528657595
MAE: 119.65873205250708
EVS: -0.008441295214744793
