Model: GRU
MSE: 277.0397109718173
MAE: 15.733895449802793
EVS: 0.0
