Model: GRU
MSE: 18.47255592012789
MAE: 3.5060758138525077
EVS: 0.5416135076529218
