Model: GRU
MSE: 10.83570199254875
MAE: 2.343118059224096
EVS: 0.6646464231663587
