Model: GRU
MSE: 12.93973696530438
MAE: 2.771490212144523
EVS: 0.6978870311211129
