Model: GRU
MSE: 10.203950058948957
MAE: 2.232894412402449
EVS: 0.7011014071498999
