Model: GRU
MSE: 11.351886352148858
MAE: 2.4951137920905806
EVS: 0.6888559877872181
