Model: GRU
MSE: 11.18598826135231
MAE: 2.4911423263878656
EVS: 0.7010234579451319
