Model: GRU
MSE: 11.268005528040128
MAE: 2.4910232527502654
EVS: 0.6849111724069814
