Model: GRU
MSE: 11.684334667029082
MAE: 2.68787511463823
EVS: 0.6393729450715153
