Model: GRU
MSE: 15.318383524797413
MAE: 3.071946514063868
EVS: 0.6182842117679022
