Model: GRU
MSE: 9.664192772959836
MAE: 2.1308295069069696
EVS: 0.6966162747694837
