Model: GRU
MSE: 11.902421695200399
MAE: 2.6553746174121726
EVS: 0.694570926733493
