Model: GRU
MSE: 14.046505677735228
MAE: 2.8317811489105225
EVS: 0.6873912515282714
