Model: GRU
MSE: 11.487497167281624
MAE: 2.7005103703202873
EVS: 0.6487978460753311
