Model: GRU
MSE: 10.376360389808273
MAE: 2.4543423406009017
EVS: 0.6805021604733379
