Model: GRU
MSE: 10.420449769150325
MAE: 2.348538398742676
EVS: 0.6783392773123109
