Model: GRU
MSE: 11.947263930543228
MAE: 2.7757730114048926
EVS: 0.6718255687659581
