Model: GRU
MSE: 10.744447844591322
MAE: 2.30814699057875
EVS: 0.6689163783031202
