Model: GRU
MSE: 11.509281354916526
MAE: 2.549255313544438
EVS: 0.6805365697610855
