Model: GRU
MSE: 11.409798804138491
MAE: 2.6046727690203437
EVS: 0.6525720462677556
