Model: GRU
MSE: 9.990956050237306
MAE: 2.274380223504428
EVS: 0.670764721655194
