Model: GRU
MSE: 10.612311531627283
MAE: 2.422563133568599
EVS: 0.6943084016284671
