Model: GRU
MSE: 11.303076653336188
MAE: 2.5704046200061668
EVS: 0.6764767927858093
