Model: GRU
MSE: 12.24365094454533
MAE: 2.7101919363284934
EVS: 0.6724655388062688
