Model: GRU
MSE: 14.507692237276787
MAE: 3.0960162754716545
EVS: 0.5793529315989153
