Model: GRU
MSE: 9.880961779675385
MAE: 2.1833055348231873
EVS: 0.686230916136562
