Model: GRU
MSE: 11.254724233850867
MAE: 2.485322886499865
EVS: 0.6848975331442324
