Model: GRU
MSE: 9.299148960179522
MAE: 2.155664554957686
EVS: 0.6890480993294241
