Model: GRU
MSE: 13.974215307988324
MAE: 3.062590738822674
EVS: 0.5903096856622334
