Model: GRU
MSE: 11.325717112494651
MAE: 2.468715190887451
EVS: 0.6785573732313206
