Model: GRU
MSE: 12.49321771930969
MAE: 2.7534053572292985
EVS: 0.6822142567917098
