Model: GRU
MSE: 10.339968793165268
MAE: 2.4513261482633393
EVS: 0.7076846187100072
