Model: GRU
MSE: 2651.8402906980673
MAE: 50.8114843039677
EVS: -1.3752805490799087
