Model: GRU
MSE: 10.911478479315873
MAE: 2.5798212741983346
EVS: 0.6801386592626675
