Model: GRU
MSE: 9.209435505090282
MAE: 2.2558381475251297
EVS: 0.6910594718752094
