Model: GRU
MSE: 9.127709179677588
MAE: 2.162456249368602
EVS: 0.6911754335636664
