Model: GRU
MSE: 10.779528304098688
MAE: 2.4501605116087815
EVS: 0.6844536460192729
