Model: GRU
MSE: 9.715938275789306
MAE: 2.293331343552162
EVS: 0.7021652852026208
