Model: GRU
MSE: 9.37661268157788
MAE: 2.178081520672502
EVS: 0.6819966860093518
