Model: GRU
MSE: 15.11193589084186
MAE: 3.0404361774181496
EVS: 0.6617735205316834
