Model: GRU
MSE: 11.812488650365172
MAE: 2.4707681557227827
EVS: 0.634556311163069
