Model: GRU
MSE: 15.865109691456022
MAE: 3.18295039801762
EVS: 0.645459493193479
