Model: GRU
MSE: 11.220832616420603
MAE: 2.5874284135884253
EVS: 0.6504511596489247
