Model: GRU
MSE: 6115.579661868869
MAE: 77.83907646968447
EVS: -0.9216309021412816
