Model: GRU
MSE: 10.063022980358161
MAE: 2.433215174181708
EVS: 0.6829048138726626
