Model: GRU
MSE: 12.545599233902788
MAE: 2.7075179034265977
EVS: 0.6892121115045571
