Model: GRU
MSE: 7043.393559620026
MAE: 83.73839634862439
EVS: -0.060720280864296594
