Model: GRU
MSE: 11.436026518697801
MAE: 2.6896829276249328
EVS: 0.6649574740208825
