Model: GRU
MSE: 13.730980620229268
MAE: 2.973461627960205
EVS: 0.6268485478788018
