Model: GRU
MSE: 9.777835963940941
MAE: 2.2974736197241423
EVS: 0.6810657144334241
