Model: GRU
MSE: 461.2164975280965
MAE: 20.67089240304355
EVS: -0.15080799428542901
