Model: GRU
MSE: 39.13105652864944
MAE: 5.582537371536781
EVS: -0.024844002617431693
