Model: GRU
MSE: 10.030880789786124
MAE: 2.227576765520819
EVS: 0.6633439314305949
