Model: GRU
MSE: 10.264558693450713
MAE: 2.2895422803944556
EVS: 0.6653976441099152
