Model: GRU
MSE: 8.803504031701076
MAE: 2.1225490159001845
EVS: 0.7052741660556576
