Model: GRU
MSE: 553.8925514525183
MAE: 22.96177397103145
EVS: 0.09614481889754978
