Model: GRU
MSE: 13.447421580126305
MAE: 2.844859217775279
EVS: 0.6836779952107255
