Model: GRU
MSE: 9.857832449672959
MAE: 2.2130972393627824
EVS: 0.6968723422715061
