Model: GRU
MSE: 12.663573850895474
MAE: 2.8900258458893875
EVS: 0.6260450909456561
