Model: GRU
MSE: 10.092333781826452
MAE: 2.4463084853928665
EVS: 0.6828154555258136
