Model: GRU
MSE: 12.217152342172446
MAE: 2.861439819993644
EVS: 0.5861842372946606
