Model: GRU
MSE: 14.301093083790612
MAE: 3.0133073494352143
EVS: 0.6501515437186904
