Model: GRU
MSE: 10.053219882549781
MAE: 2.511195240349605
EVS: 0.7055160652225786
