Model: GRU
MSE: 41.80071069961062
MAE: 5.726453567373341
EVS: 0.0707099549397141
