Model: GRU
MSE: 345.60496844297535
MAE: 17.556470747651726
EVS: -0.2676364410095282
