Model: GRU
MSE: 10.574510228332644
MAE: 2.3552840906998207
EVS: 0.6829926338340064
