Model: GRU
MSE: 16.18400533948057
MAE: 3.18888835249276
EVS: 0.6541290286445767
