Model: GRU
MSE: 12.488286569990574
MAE: 2.8524545718883645
EVS: 0.6417484420064217
