Model: GRU
MSE: 13.176915242591722
MAE: 2.881369977161802
EVS: 0.715758869240254
