Model: GRU
MSE: 11.111208220882569
MAE: 2.4863598634456765
EVS: 0.6793263916490864
