Model: GRU
MSE: 570.8663956775778
MAE: 22.98414653745191
EVS: -0.4446835487840015
