Model: GRU
MSE: 278.0682098124569
MAE: 15.690977380193512
EVS: -0.08062589781540241
