Model: GRU
MSE: 11.330613910626665
MAE: 2.589018155788553
EVS: 0.7127074938820228
