Model: GRU
MSE: 12.070391654685714
MAE: 2.685010992247483
EVS: 0.6610350714876987
