Model: GRU
MSE: 317.24636881141083
MAE: 16.80534001054435
EVS: -0.18120426704538994
