Model: GRU
MSE: 14.982488362198062
MAE: 3.11134725603564
EVS: 0.6411354540705341
