Model: GRU
MSE: 9.24632712715085
MAE: 2.153980090700347
EVS: 0.7086869224694297
