Model: GRU
MSE: 11.46458842943639
MAE: 2.7057207863906334
EVS: 0.6615299589650954
