Model: GRU
MSE: 10.066041737501658
MAE: 2.4365253612912934
EVS: 0.6775086120635179
