Model: GRU
MSE: 14.792014264452462
MAE: 3.050238555875318
EVS: 0.6754614407024971
