Model: GRU
MSE: 15.958790389864976
MAE: 3.1277778477504334
EVS: 0.6787231408761552
