Model: GRU
MSE: 8.863721734035552
MAE: 2.1516360250012627
EVS: 0.6999832322042872
