Model: GRU
MSE: 9.611407316402756
MAE: 2.343674898147583
EVS: 0.6783902200293088
