Model: GRU
MSE: 9.924110099206697
MAE: 2.2148429525309594
EVS: 0.679474958228793
