Model: GRU
MSE: 16.99031031474638
MAE: 3.2517256120155595
EVS: 0.6751315716612198
