Model: GRU
MSE: 10.524618924163613
MAE: 2.5716203738903176
EVS: 0.6432634795650467
