Model: GRU
MSE: 13.763235691124812
MAE: 2.8899774304751693
EVS: 0.6816773307502539
