Model: GRU
MSE: 566.1281650201091
MAE: 23.154838134502544
EVS: -0.016869722779280893
