Model: GRU
MSE: 12.015065593341946
MAE: 2.7172509308519035
EVS: 0.6601151140948072
