Model: GRU
MSE: 1169.750586076838
MAE: 33.68960886988147
EVS: -0.1789632169426678
