Model: GRU
MSE: 9.982984402474239
MAE: 2.4059962774145194
EVS: 0.6894027213399803
