Model: GRU
MSE: 13.567320850590495
MAE: 2.8441802551006448
EVS: 0.6696268352486475
