Model: GRU
MSE: 276.46809192108213
MAE: 15.560296268298709
EVS: -0.16486862818365733
