Model: GRU
MSE: 23.2835782391825
MAE: 3.9440254425180368
EVS: 0.5870706116508626
