Model: GRU
MSE: 8455.611013361518
MAE: 91.82075710954338
EVS: 0.16702709408606453
