Model: GRU
MSE: 301.1003749007539
MAE: 16.38362133091894
EVS: -0.1082979077508801
