Model: GRU
MSE: 12.353973184723731
MAE: 2.7489784216058664
EVS: 0.6799066999913597
