Model: GRU
MSE: 12.00313146804028
MAE: 2.843122802931687
EVS: 0.6294138538655548
