Model: GRU
MSE: 11.854202957711859
MAE: 2.7267170363459092
EVS: 0.7063653267317224
