Model: GRU
MSE: 500.0657015413432
MAE: 21.81609428339991
EVS: 0.18180941031630837
