Model: GRU
MSE: 13.278196852334672
MAE: 2.839067524877088
EVS: 0.6810057123275615
