Model: GRU
MSE: 9.347322963993651
MAE: 2.197721337449962
EVS: 0.6957436895972526
