Model: GRU
MSE: 277.11836257812814
MAE: 15.808558801124835
EVS: 0.07720780169601871
