Model: GRU
MSE: 10.588635141055029
MAE: 2.4476837207531106
EVS: 0.701841902138097
