Model: GRU
MSE: 33.06689235981108
MAE: 5.1384382247924805
EVS: 0.0941546309462622
