Model: GRU
MSE: 23.21290219664595
MAE: 3.978582637063388
EVS: 0.6570808778991923
