Model: GRU
MSE: 9.721396467648246
MAE: 2.1970937416471283
EVS: 0.6792601438877213
