Model: GRU
MSE: 1749.1686637125317
MAE: 41.42639403507627
EVS: -0.12000632958577562
