Model: GRU
MSE: 425.20650161700365
MAE: 19.733547621759875
EVS: -0.21399072425618337
