Model: GRU
MSE: 15.47085598825062
MAE: 3.099201268163221
EVS: 0.6643878786999844
