Model: GRU
MSE: 3301.027806142356
MAE: 57.18658684039938
EVS: -0.041983328505467155
