Model: GRU
MSE: 13.459666871359598
MAE: 2.8270217467998635
EVS: 0.6703457557919836
