Model: GRU
MSE: 10580.958778992192
MAE: 102.74762581134665
EVS: 0.18993451699281672
