Model: GRU
MSE: 318.9930594330637
MAE: 16.87657410522987
EVS: -0.15907007168633536
