Model: GRU
MSE: 12.818214071294294
MAE: 2.796671094565556
EVS: 0.6617683477671101
