Model: GRU
MSE: 12.899825350388323
MAE: 2.6834445246334733
EVS: 0.6784585366028704
