Model: GRU
MSE: 13.65536156832692
MAE: 3.0131559700801454
EVS: 0.6459308378425059
