Model: GRU
MSE: 14.03752247175827
MAE: 2.654991831098284
EVS: 0.6087638087858098
