Model: GRU
MSE: 11.75494747335386
MAE: 2.686120608757282
EVS: 0.667798599240411
