Model: GRU
MSE: 13.536735516645296
MAE: 2.9522743225097656
EVS: 0.6582366760462723
