Model: GRU
MSE: 11.267634210577791
MAE: 2.605242137251229
EVS: 0.6665264417887298
