Model: GRU
MSE: 13.985205622243779
MAE: 2.9035301290709397
EVS: 0.6646520600426742
