Model: GRU
MSE: 10.205912551704877
MAE: 2.2945709475155533
EVS: 0.6668844003346136
