Model: GRU
MSE: 17.646473905061967
MAE: 3.3643213839366517
EVS: 0.6469202091095412
