Model: GRU
MSE: 10.063244912432326
MAE: 2.4056922156235268
EVS: 0.6962928406639373
