Model: GRU
MSE: 9.761320774048617
MAE: 2.272273030774347
EVS: 0.6704709042674384
