Model: GRU
MSE: 8.881836251143863
MAE: 2.1798979085067223
EVS: 0.6999198289635968
