Model: GRU
MSE: 12.617137370438927
MAE: 2.7476371033438323
EVS: 0.6868085716204235
