Model: GRU
MSE: 18.56509999398532
MAE: 3.404419409817663
EVS: 0.6156967514830411
