Model: GRU
MSE: 9.449235211335012
MAE: 2.1265195567032387
EVS: 0.694814844415002
