Model: GRU
MSE: 10.74971134542463
MAE: 2.514293037611863
EVS: 0.6855862869040964
