Model: GRU
MSE: 11.986891014234363
MAE: 2.688633548802343
EVS: 0.633443501153657
