Model: GRU
MSE: 10.956761033248846
MAE: 2.681371540858828
EVS: 0.6490697025403214
