Model: GRU
MSE: 284.7852738605096
MAE: 15.87830689035613
EVS: -0.10786775158930384
