Model: GRU
MSE: 831.7770078897871
MAE: 28.261896511604046
EVS: -0.12067355013278802
