Model: GRU
MSE: 1402.5582872417137
MAE: 37.102898104437465
EVS: 0.12043738815398763
