Model: GRU
MSE: 803.1035218115055
MAE: 27.70885000557735
EVS: -0.1980348570575845
