Model: GRU
MSE: 14.290872938170677
MAE: 2.936211577777205
EVS: 0.665802254256819
