Model: GRU
MSE: 14.294527428528738
MAE: 3.001555298936778
EVS: 0.6857966708635512
