Model: GRU
MSE: 9.778286971221483
MAE: 2.265731022275727
EVS: 0.6999671216326497
