Model: GRU
MSE: 11.317202416942642
MAE: 2.5807928710148254
EVS: 0.6570973103554161
