Model: GRU
MSE: 14.608276007463953
MAE: 3.0164380959102086
EVS: 0.6078662039807708
