Model: GRU
MSE: 9.22883148936792
MAE: 2.311656820363012
EVS: 0.6869952794973373
