Model: GRU
MSE: 12.373996496076831
MAE: 2.6897358894348145
EVS: 0.6628328152269772
