Model: GRU
MSE: 9.863725278154119
MAE: 2.3281952677101923
EVS: 0.6857565991813143
