Model: GRU
MSE: 39.41761819683158
MAE: 5.610464227610621
EVS: 0.0
