Model: GRU
MSE: 12.089008865477412
MAE: 2.763019191807714
EVS: 0.6303989728928818
