Model: GRU
MSE: 9.494174334196682
MAE: 2.228012857765987
EVS: 0.6781041826395311
