Model: GRU
MSE: 14.174644566877403
MAE: 2.951980582598982
EVS: 0.6642078498395567
