Model: GRU
MSE: 12.486596555522517
MAE: 2.7963891851490943
EVS: 0.6639813473860563
