Model: GRU
MSE: 14.85107820571535
MAE: 3.0339949254331917
EVS: 0.6412597120605512
