Model: GRU
MSE: 11.452837828613925
MAE: 2.543175352030787
EVS: 0.6140605645760031
