Model: GRU
MSE: 10.036900860815875
MAE: 2.3744312524795532
EVS: 0.6831019520229984
