Model: GRU
MSE: 10.87913575959453
MAE: 2.422056296776081
EVS: 0.691910224467808
