Model: GRU
MSE: 10.881116920744464
MAE: 2.4885698063620207
EVS: 0.6903903275591037
