Model: GRU
MSE: 271.174888553042
MAE: 15.517600846701654
EVS: -0.030345276625450834
