Model: GRU
MSE: 14.400142556135295
MAE: 3.0247819670315446
EVS: 0.6544933726691919
