Model: GRU
MSE: 3222.8862911941005
MAE: 56.45884402044888
EVS: -0.19674840352056844
