Model: GRU
MSE: 10.264360009988817
MAE: 2.3471313879407685
EVS: 0.7038062280167622
