Model: GRU
MSE: 10.738000168148348
MAE: 2.488539724514402
EVS: 0.6582539763653998
