Model: GRU
MSE: 9120.961082914635
MAE: 95.36873100543845
EVS: 0.12610177490656727
