Model: GRU
MSE: 10.13758678377104
MAE: 2.186516860435749
EVS: 0.658297124638462
