Model: GRU
MSE: 15.803868777180105
MAE: 3.1512007302251357
EVS: 0.6881951985212461
