Model: GRU
MSE: 23.77235366031922
MAE: 4.044311112370984
EVS: 0.5570492802001767
