Model: GRU
MSE: 13.693110734360971
MAE: 2.8768266151691306
EVS: 0.6712113062438929
