Model: GRU
MSE: 8.995936739572212
MAE: 2.1686581414321373
EVS: 0.7026543509526504
