Model: GRU
MSE: 11.321830304421685
MAE: 2.6279386076433906
EVS: 0.6810087765230795
