Model: GRU
MSE: 12.231591154041984
MAE: 2.7713876428275275
EVS: 0.6475339875992285
