Model: GRU
MSE: 13.587486295581893
MAE: 2.914789619116948
EVS: 0.6168366486628185
