Model: GRU
MSE: 9.858282257623
MAE: 2.2895166380652068
EVS: 0.6935888284975199
