Model: GRU
MSE: 13.366126604500414
MAE: 2.949875001249642
EVS: 0.6122556521021014
