Model: GRU
MSE: 18.28781957062375
MAE: 3.3805090970006484
EVS: 0.6364062733244998
