Model: GRU
MSE: 5118.865915792808
MAE: 69.75520469402444
EVS: -7.583476848290994
