Model: GRU
MSE: 48.65974319319161
MAE: 6.223431455677953
EVS: -0.010354595717957826
