Model: GRU
MSE: 301.2721021925098
MAE: 16.283663692145513
EVS: -0.2248710801023326
