Model: GRU
MSE: 11.847955746272737
MAE: 2.5951289390695504
EVS: 0.6546050548129061
