Model: GRU
MSE: 13.828496821105244
MAE: 2.7913152490343367
EVS: 0.6369364961909547
