Model: GRU
MSE: 294.6477559158043
MAE: 16.152845259370476
EVS: -0.14411428896537637
