Model: GRU
MSE: 739.5427347341039
MAE: 26.28400156415742
EVS: -0.6515259793100907
