Model: GRU
MSE: 14.391981551330982
MAE: 2.9545857906341553
EVS: 0.6747134989489285
