Model: GRU
MSE: 22.95369698532878
MAE: 3.9119525037962815
EVS: 0.6106116449513699
