Model: GRU
MSE: 9.520117917008779
MAE: 2.2813649670831087
EVS: 0.6892594838422357
