Model: GRU
MSE: 9.991689750458603
MAE: 2.314895506562858
EVS: 0.6655206769369237
