Model: GRU
MSE: 19.66195335851054
MAE: 3.5816655323423188
EVS: 0.5846900759426907
