Model: GRU
MSE: 290.45200981203493
MAE: 15.979184243185767
EVS: -0.1910659675392692
