Model: GRU
MSE: 9.15971704720349
MAE: 2.239919925558156
EVS: 0.6898634414320564
