Model: GRU
MSE: 10.437765076568333
MAE: 2.391448917060063
EVS: 0.6664999743128979
