Model: GRU
MSE: 11.650556028387612
MAE: 2.5889215880426866
EVS: 0.6559250479038554
