Model: GRU
MSE: 750.813547010384
MAE: 26.33702431053951
EVS: -0.9391609851361329
