Model: GRU
MSE: 15.280399344587769
MAE: 3.100749751499721
EVS: 0.5895645284193387
