Model: GRU
MSE: 250.25626376565802
MAE: 14.781053273842252
EVS: -0.07775281134596979
