Model: GRU
MSE: 12.948959857964711
MAE: 2.8786346336890913
EVS: 0.6460424290541786
