Model: GRU
MSE: 19.60818927356361
MAE: 3.575096002940474
EVS: 0.6087329094533287
