Model: GRU
MSE: 13.608553824238594
MAE: 2.915934517465789
EVS: 0.6279064091248105
