Model: GRU
MSE: 26.00826336840695
MAE: 4.232248018527853
EVS: 0.6131016137215688
