Model: GRU
MSE: 300.7471723925034
MAE: 16.399778070120977
EVS: -0.07835393787369527
