Model: GRU
MSE: 9.592828449068858
MAE: 2.231213586083774
EVS: 0.6747792679548617
