Model: GRU
MSE: 13.106434770896907
MAE: 2.9533746242523193
EVS: 0.6787321832450117
