Model: GRU
MSE: 11.322608314476888
MAE: 2.6175645178761977
EVS: 0.6630767960290546
