Model: GRU
MSE: 8.492188503650846
MAE: 2.056098691348372
EVS: 0.715280929096368
