Model: GRU
MSE: 13.291869625287417
MAE: 2.909152573552625
EVS: 0.6712808395819898
