Model: GRU
MSE: 271.47404750842037
MAE: 15.488348893050489
EVS: -0.07125334675798478
