Model: GRU
MSE: 9.567208864114432
MAE: 2.2707242719058334
EVS: 0.6865764226405937
