Model: GRU
MSE: 34.68239293019975
MAE: 5.240530671744511
EVS: 0.052201950695858756
