Model: GRU
MSE: 1571.8877740240084
MAE: 38.843610599123195
EVS: -1.1388266771672857
