Model: GRU
MSE: 461.31571119937735
MAE: 20.74569685705777
EVS: -0.04909497158823184
