Model: GRU
MSE: 34.66956506388682
MAE: 5.278721053024818
EVS: 0.0
