Model: GRU
MSE: 10.646197734184415
MAE: 2.360843983189813
EVS: 0.6859713510677339
