Model: GRU
MSE: 289.15604557694303
MAE: 15.9941926290249
EVS: -0.1308360713695389
