Model: GRU
MSE: 12.658785383272269
MAE: 2.7335401650132805
EVS: 0.6610901384179917
