Model: GRU
MSE: 9.340553854142948
MAE: 2.32295692378077
EVS: 0.6919010563872753
