Model: GRU
MSE: 10.885423533363863
MAE: 2.5498890712343414
EVS: 0.6540000739901368
