Model: GRU
MSE: 9.197738200469761
MAE: 2.1145097716101287
EVS: 0.6881948789480785
