Model: GRU
MSE: 1905.367581239073
MAE: 43.337060106211695
EVS: 0.07520770366847107
