Model: GRU
MSE: 15.806980516200626
MAE: 3.130194121393664
EVS: 0.6600738200417041
