Model: GRU
MSE: 235.50401419713083
MAE: 14.304904379721346
EVS: -0.04712618349865161
