Model: GRU
MSE: 9.960078134148654
MAE: 2.401058180578824
EVS: 0.6762323351627074
