Model: GRU
MSE: 11.419327666886586
MAE: 2.603725318250985
EVS: 0.6807894751463295
