Model: GRU
MSE: 13.241862993116824
MAE: 2.784261177326071
EVS: 0.6741753286123526
