Model: GRU
MSE: 39.22478230660411
MAE: 5.574184927447089
EVS: -0.01685582756259052
