Model: GRU
MSE: 9.900727106720487
MAE: 2.2570808221553933
EVS: 0.6759352572990649
