Model: GRU
MSE: 14.850274660034932
MAE: 2.8151836122785294
EVS: 0.6076378723654412
