Model: GRU
MSE: 13.78649061844612
MAE: 2.855064272880554
EVS: 0.6695975371521088
