Model: GRU
MSE: 10.23889411702362
MAE: 2.503525914817021
EVS: 0.6695097752146036
