Model: GRU
MSE: 11.583378377767731
MAE: 2.647396046539833
EVS: 0.6623384995704142
