Model: GRU
MSE: 9.946441773265386
MAE: 2.4559425403331887
EVS: 0.6647726918117121
