Model: GRU
MSE: 11.383802305734799
MAE: 2.6229350073584197
EVS: 0.6893797266301473
