Model: GRU
MSE: 12.243246172315672
MAE: 2.8285521309951256
EVS: 0.6310402758286899
