Model: GRU
MSE: 9.910006558272023
MAE: 2.3172600844810747
EVS: 0.6685476768981503
