Model: GRU
MSE: 9.863829236277434
MAE: 2.393475425654444
EVS: 0.6742436150772608
