Model: GRU
MSE: 10.782359894349163
MAE: 2.6266551182187836
EVS: 0.63990511057894
