Model: GRU
MSE: 21.26064223016026
MAE: 3.9083916483254266
EVS: 0.6424777782260482
