Model: GRU
MSE: 10.212768525629395
MAE: 2.3679512615861564
EVS: 0.6944682542069522
