Model: GRU
MSE: 10.14042840629402
MAE: 2.2506548947301406
EVS: 0.6788024190554418
