Model: GRU
MSE: 9.222339399721736
MAE: 2.2291504596841745
EVS: 0.6899093694917879
