Model: GRU
MSE: 9.075003800548892
MAE: 2.1049073975661705
EVS: 0.6929875841979758
