Model: GRU
MSE: 10.097301903788416
MAE: 2.3297415560689467
EVS: 0.697023161443042
