Model: GRU
MSE: 8.992687113572142
MAE: 2.2495693338328393
EVS: 0.7034711497218686
