Model: GRU
MSE: 13.964413251737234
MAE: 2.9759756902168535
EVS: 0.642368772966911
