Model: GRU
MSE: 17.135340981004077
MAE: 3.3419520341116806
EVS: 0.6855846083878256
