Model: GRU
MSE: 9.83870685402877
MAE: 2.3505692646421235
EVS: 0.6733454241685082
