Model: GRU
MSE: 794.8770272477266
MAE: 27.594720626699512
EVS: -0.13309399113867126
