Model: GRU
MSE: 12.97939083772764
MAE: 2.822380000147326
EVS: 0.643484468749433
