Model: GRU
MSE: 14.243351619495746
MAE: 2.965832225207625
EVS: 0.6358631720099162
