Model: GRU
MSE: 10.283458203598554
MAE: 2.499572811455562
EVS: 0.6971643005566314
