Model: GRU
MSE: 12.827905566877442
MAE: 2.842368084808876
EVS: 0.7080181573668833
