Model: GRU
MSE: 16.64429414207893
MAE: 3.2971697059170952
EVS: 0.6826658223071267
