Model: GRU
MSE: 10.713461036436025
MAE: 2.267628390213539
EVS: 0.6476360732899828
