Model: GRU
MSE: 9.060938155522974
MAE: 2.0977825296336206
EVS: 0.6934478743251158
