Model: GRU
MSE: 9.424787128466399
MAE: 2.31590853888413
EVS: 0.6804396341896934
