Model: GRU
MSE: 21.579189859200213
MAE: 3.723249373764827
EVS: 0.6204880563844091
