Model: GRU
MSE: 12.457923469078588
MAE: 2.8159211750688224
EVS: 0.7038076654138707
