Model: GRU
MSE: 10.175348919055688
MAE: 2.4145780596239814
EVS: 0.681623249723585
