Model: GRU
MSE: 9.208739667161039
MAE: 2.2736313589688004
EVS: 0.6880188352564893
