Model: GRU
MSE: 9.73078326215155
MAE: 2.3980075901952285
EVS: 0.7015036956342008
