Model: GRU
MSE: 11.251339628416964
MAE: 2.5379144939883003
EVS: 0.6775607496086238
