Model: GRU
MSE: 11.027790206713375
MAE: 2.273853597969844
EVS: 0.6291200157580596
