Model: GRU
MSE: 10.124678655078645
MAE: 2.3983049968193315
EVS: 0.6924865417064576
