Model: GRU
MSE: 28.216447689945998
MAE: 4.409209958438216
EVS: 0.08702489071814656
