Model: GRU
MSE: 13.543153905291424
MAE: 2.5784722191946847
EVS: 0.6226762153298131
