Model: GRU
MSE: 22.025036682923027
MAE: 3.7643895387649535
EVS: 0.5398082282048104
