Model: GRU
MSE: 761.1926555097778
MAE: 27.193434748156317
EVS: 0.2636826160228617
