Model: GRU
MSE: 9.357061897545021
MAE: 2.2274730698815706
EVS: 0.6861467539391792
