Model: GRU
MSE: 277.7542100907063
MAE: 15.748471391612085
EVS: -0.008669510521758683
