Model: GRU
MSE: 13.626333244887297
MAE: 2.912227716939203
EVS: 0.6621221864513909
