Model: GRU
MSE: 14.402468655616044
MAE: 2.9847347818571945
EVS: 0.6673545548074769
