Model: GRU
MSE: 9.753249671858056
MAE: 2.41297198986185
EVS: 0.6743673061333813
