Model: GRU
MSE: 12.686920212705472
MAE: 2.668595716871064
EVS: 0.6433821618934994
