Model: GRU
MSE: 13.287541030988862
MAE: 2.817943285251486
EVS: 0.6657814066171079
