Model: GRU
MSE: 8.949709546059616
MAE: 2.2280734160850786
EVS: 0.6970724504655568
