Model: GRU
MSE: 9.56090941769781
MAE: 2.1718709304414947
EVS: 0.6783072925798717
