Model: GRU
MSE: 539.4651415257727
MAE: 22.40630470473191
EVS: -0.26924230457302434
