Model: GRU
MSE: 348.65695575712937
MAE: 17.812757504397425
EVS: -0.0637079533011351
