Model: GRU
MSE: 2789.3573700648094
MAE: 52.498222548386146
EVS: -0.12921322507500288
