Model: GRU
MSE: 11.511274328794434
MAE: 2.5489946644881676
EVS: 0.7097590272195223
