Model: GRU
MSE: 12.29833077342852
MAE: 2.7809229472587846
EVS: 0.634236544282622
