Model: GRU
MSE: 226.97209305547446
MAE: 14.045209036818866
EVS: -0.007459957731426936
