Model: GRU
MSE: 8.973403483081887
MAE: 2.173845381572329
EVS: 0.7084096841495773
