Model: GRU
MSE: 8.649450041067874
MAE: 2.0412466197178283
EVS: 0.7071903375409907
