Model: GRU
MSE: 44.86009510250859
MAE: 5.950409461712015
EVS: 0.0
