Model: GRU
MSE: 9.231507111226291
MAE: 2.313745959051724
EVS: 0.6883081012452708
