Model: GRU
MSE: 326.3541384164456
MAE: 17.20929762412762
EVS: -0.024079597610089598
