Model: GRU
MSE: 1095.1011169016595
MAE: 32.645299056480674
EVS: 0.0033468224154840076
