Model: GRU
MSE: 2164.9816738325976
MAE: 46.211442618534484
EVS: 0.0
