Model: GRU
MSE: 19.454894022041
MAE: 3.6173842857623923
EVS: 0.5655189364539774
