Model: GRU
MSE: 12.064578448532474
MAE: 2.737622145948739
EVS: 0.6497470086049568
