Model: GRU
MSE: 10.758824322471886
MAE: 2.4836997780306587
EVS: 0.6873864878006875
