Model: GRU
MSE: 11.150580294263332
MAE: 2.570475989374621
EVS: 0.6833065396148823
