Model: GRU
MSE: 8.880631434283087
MAE: 1.9936358682040511
EVS: 0.700080640337396
