Model: GRU
MSE: 330.48270023720056
MAE: 17.19565147367017
EVS: -0.18002922226450546
