Model: GRU
MSE: 11.668761208562652
MAE: 2.71191314582167
EVS: 0.6514233117716701
