Model: GRU
MSE: 574.5198532498193
MAE: 23.277308842231488
EVS: -0.10861737760321732
