Model: GRU
MSE: 13.317235432315835
MAE: 2.8597445570189377
EVS: 0.6745343518847635
