Model: GRU
MSE: 10.833571819499285
MAE: 2.46977240463783
EVS: 0.681362707967593
