Model: GRU
MSE: 341.691423286498
MAE: 17.501421311805988
EVS: -0.2003588837831758
