Model: GRU
MSE: 541.5978111482731
MAE: 22.514082020726697
EVS: -0.17737191422953114
