Model: GRU
MSE: 15.722995741091381
MAE: 3.1615839826649634
EVS: 0.6480244392435577
