Model: GRU
MSE: 13.568728693722486
MAE: 2.8458184291576516
EVS: 0.6958247524891605
