Model: GRU
MSE: 273.2844984109581
MAE: 15.48857649441423
EVS: -0.13241823381369344
