Model: GRU
MSE: 2880.8133713183292
MAE: 53.31925556577485
EVS: -0.28442689642022323
