Model: GRU
MSE: 8.75156596202307
MAE: 2.1705438926302154
EVS: 0.7044900301351256
