Model: GRU
MSE: 10.685047946991846
MAE: 2.4148812787286165
EVS: 0.7026410622730901
