Model: GRU
MSE: 12.44230387741591
MAE: 2.732621086054835
EVS: 0.6596382474664584
