Model: GRU
MSE: 267.7123495866284
MAE: 15.34397069750161
EVS: -0.09464946039529276
