Model: GRU
MSE: 13.0913934686179
MAE: 2.925622278246386
EVS: 0.6343129879000226
