Model: GRU
MSE: 15.089191551130934
MAE: 3.019631969517675
EVS: 0.6728111323697948
