Model: GRU
MSE: 9.573591018582055
MAE: 2.1823144863391746
EVS: 0.676528664472429
