Model: GRU
MSE: 11.452181620398814
MAE: 2.631069092914976
EVS: 0.6404308020460394
