Model: GRU
MSE: 2536.9733673481624
MAE: 49.7421598105595
EVS: -1.126250980572578
