Model: GRU
MSE: 9.62920635096641
MAE: 2.1059709006342393
EVS: 0.6746021222447496
