Model: GRU
MSE: 9.379231277478732
MAE: 2.1174117820016267
EVS: 0.6910540554974853
