Model: GRU
MSE: 8.723048248885727
MAE: 2.080900734868543
EVS: 0.7044354147284201
