Model: GRU
MSE: 10.59198250760325
MAE: 2.558187353199926
EVS: 0.6695769716800246
