Model: GRU
MSE: 2717.3342334902763
MAE: 51.86396848744359
EVS: 0.06855317904278768
