Model: GRU
MSE: 1390.0054913352442
MAE: 36.68195185168036
EVS: -0.5072422497811029
