Model: GRU
MSE: 12.299523885862259
MAE: 2.393562524659293
EVS: 0.6582802125110759
