Model: GRU
MSE: 351.3070013856347
MAE: 17.77728308069295
EVS: -0.19640871653861236
