Model: GRU
MSE: 9.875620828640034
MAE: 2.3615855430734567
EVS: 0.6681182013493878
