Model: GRU
MSE: 12.881765655311215
MAE: 2.7655721820633987
EVS: 0.6737925356432806
