Model: GRU
MSE: 11.80273022322457
MAE: 2.590453706938645
EVS: 0.6774283935810701
