Model: GRU
MSE: 9.03019816762323
MAE: 2.114945785752658
EVS: 0.6938259953045631
