Model: GRU
MSE: 13.810975778569754
MAE: 2.8921625203099746
EVS: 0.6770222624081347
