Model: GRU
MSE: 9.452640820849489
MAE: 2.3261010564606766
EVS: 0.6983928312448751
