Model: GRU
MSE: 9.123103833709392
MAE: 2.2826703252463507
EVS: 0.7098691991818187
