Model: GRU
MSE: 12.335846617402812
MAE: 2.761302191635658
EVS: 0.5979504502057538
