Model: GRU
MSE: 13.270551741337178
MAE: 2.9644817894902724
EVS: 0.6164168854580336
