Model: GRU
MSE: 11.084193483390283
MAE: 2.612388586175853
EVS: 0.6534145068889875
