Model: GRU
MSE: 13.833236585728788
MAE: 2.8645054749080114
EVS: 0.6145595022214184
