Model: GRU
MSE: 18.291462168948335
MAE: 3.3997936824272417
EVS: 0.6263570019084235
