Model: GRU
MSE: 14.145677192788064
MAE: 2.9430368193264664
EVS: 0.6352546544209996
