Model: GRU
MSE: 10.114855199413475
MAE: 2.4115996196352203
EVS: 0.6646992319575113
