Model: GRU
MSE: 1919.9656577122685
MAE: 43.186239374094995
EVS: -0.8624993292279914
