Model: GRU
MSE: 10.102034871538063
MAE: 2.2879232250410935
EVS: 0.6589540478067575
