Model: GRU
MSE: 9.633488013116773
MAE: 2.2868846284932105
EVS: 0.673307090374884
