Model: GRU
MSE: 9.812730874990569
MAE: 2.268585492824686
EVS: 0.680383208437715
