Model: GRU
MSE: 926.7602305411904
MAE: 30.088447702342066
EVS: 0.2726439003767619
