Model: GRU
MSE: 9.692802466535941
MAE: 2.273042012905252
EVS: 0.6758205496900697
