Model: GRU
MSE: 13.938334812333325
MAE: 2.907029127252513
EVS: 0.7199330603493663
