Model: GRU
MSE: 12.243922217456156
MAE: 2.7196255881210853
EVS: 0.6917592080990044
