Model: GRU
MSE: 15.110755307060812
MAE: 3.180281795304397
EVS: 0.607410394379764
