Model: GRU
MSE: 10.738030188070404
MAE: 2.4132312495132973
EVS: 0.6941037831267152
