Model: GRU
MSE: 15.557632252134333
MAE: 3.445768874267052
EVS: 0.5579004496031504
