Model: GRU
MSE: 9.544637589313641
MAE: 2.1412024004706023
EVS: 0.6917350313503435
