Model: GRU
MSE: 12.050265939679411
MAE: 2.8002679347991943
EVS: 0.6672895706121851
