Model: GRU
MSE: 10.667052494989392
MAE: 2.453937530517578
EVS: 0.7082122678373826
