Model: GRU
MSE: 28.478933019617664
MAE: 4.613707838387325
EVS: 0.4254462504547294
