Model: GRU
MSE: 9.277013595310846
MAE: 2.1502135046597184
EVS: 0.6862845463479426
