Model: GRU
MSE: 9.012716280794338
MAE: 2.150224340373072
EVS: 0.6957098350749018
