Model: GRU
MSE: 11.199585290185038
MAE: 2.826197122705394
EVS: 0.6273752790851168
