Model: GRU
MSE: 1077.7425593790076
MAE: 31.434037323655755
EVS: -2.040398595138166
