Model: GRU
MSE: 9.896802492275931
MAE: 2.2707680751537453
EVS: 0.6881368978232094
