Model: GRU
MSE: 14.24568731805696
MAE: 3.014107975466498
EVS: 0.6643589770137637
