Model: GRU
MSE: 10.907544537430583
MAE: 2.686147558278051
EVS: 0.6355023128983421
