Model: GRU
MSE: 9.789501674016453
MAE: 2.3445208154875656
EVS: 0.7001958897546374
