Model: GRU
MSE: 9.151529029971133
MAE: 2.2433164366360367
EVS: 0.6900794846083689
