Model: GRU
MSE: 317.12382416552
MAE: 16.935207432714
EVS: -0.02843309813419026
