Model: GRU
MSE: 15.103013874834287
MAE: 3.0884719388238313
EVS: 0.6755566077074704
