Model: GRU
MSE: 289.23633005808483
MAE: 15.921539614940512
EVS: -0.21220354846552936
