Model: GRU
MSE: 267.11715664263653
MAE: 15.24242802940566
EVS: -0.17980109289397483
