Model: GRU
MSE: 14.069336628872641
MAE: 2.986084296785552
EVS: 0.6706003711622648
