Model: GRU
MSE: 19.79300640515794
MAE: 3.5571996261333596
EVS: 0.605367892387555
