Model: GRU
MSE: 261.04350697618537
MAE: 15.141826757069293
EVS: -0.07747678438905736
