Model: GRU
MSE: 297.8484414892034
MAE: 16.2974030396034
EVS: -0.09357033603688403
