Model: GRU
MSE: 9.366560705260028
MAE: 2.1443368648660592
EVS: 0.6906293041837992
