Model: GRU
MSE: 12.040881744759963
MAE: 2.763128946567404
EVS: 0.6511021105747097
