Model: GRU
MSE: 812.7569344559279
MAE: 27.936329266120648
EVS: -0.09612580038831209
