Model: GRU
MSE: 17.983984101942884
MAE: 3.4348072594609755
EVS: 0.6621398559260168
