Model: GRU
MSE: 10.839413247150768
MAE: 2.4185685042677254
EVS: 0.6748746454203032
