Model: GRU
MSE: 13.469587699155532
MAE: 2.8720993666813293
EVS: 0.6857579543965006
