Model: GRU
MSE: 21.018433893970244
MAE: 3.807347330553778
EVS: 0.6436998927945818
