Model: GRU
MSE: 13.068152037616152
MAE: 2.906366150954674
EVS: 0.6576588408026938
