Model: GRU
MSE: 17.367456788911845
MAE: 3.2718033708375076
EVS: 0.665771968983242
