Model: GRU
MSE: 282.837541840957
MAE: 15.864396152825192
EVS: -0.05678394015951316
