Model: GRU
MSE: 8.616333701311794
MAE: 2.0158916794020554
EVS: 0.7080449706644625
