Model: GRU
MSE: 9.672679626737603
MAE: 2.340501645515705
EVS: 0.6721070833894927
