Model: GRU
MSE: 15.966982999907126
MAE: 3.1605081229374328
EVS: 0.6814674378727079
