Model: GRU
MSE: 9.669544245310242
MAE: 2.217776964450705
EVS: 0.691859831670097
