Model: GRU
MSE: 15.228558485110879
MAE: 3.1057358692432273
EVS: 0.6705904926526495
