Model: GRU
MSE: 8.792801361476396
MAE: 2.0578705072402954
EVS: 0.7028213192840069
