Model: GRU
MSE: 12.46731245986687
MAE: 2.72487368254826
EVS: 0.638037603566996
