Model: GRU
MSE: 12.113946206031347
MAE: 2.7638624043300233
EVS: 0.6625641941501448
