Model: GRU
MSE: 254.94891952769237
MAE: 14.925081463723346
EVS: -0.09179878566786481
