Model: GRU
MSE: 8.897804033800185
MAE: 2.0912227137335417
EVS: 0.70071797765052
