Model: GRU
MSE: 9.507907507012707
MAE: 2.3409694268785675
EVS: 0.6787996412481385
