Model: GRU
MSE: 13.50121265253619
MAE: 2.7925356174337455
EVS: 0.6771217298498367
