Model: GRU
MSE: 13.258320244893387
MAE: 2.882155101874779
EVS: 0.6498063276366914
