Model: GRU
MSE: 1919.4782767708443
MAE: 43.37769889831543
EVS: -0.28385567026135883
