Model: GRU
MSE: 10.229252637774682
MAE: 2.4128591685459533
EVS: 0.6924567975027529
