Model: GRU
MSE: 313.7770719472586
MAE: 16.76176353980755
EVS: -0.11314890520001275
