Model: GRU
MSE: 312.73628839031255
MAE: 16.76161369784125
EVS: -0.07801962344077173
