Model: GRU
MSE: 10.485572113296504
MAE: 2.401316124817421
EVS: 0.6678776278034493
