Model: GRU
MSE: 28.504191694823067
MAE: 4.448683903135103
EVS: 0.5866026965447964
