Model: GRU
MSE: 12.733967270123669
MAE: 2.7426375191787193
EVS: 0.6622325269653091
