Model: GRU
MSE: 11.76738294290251
MAE: 2.523905556777428
EVS: 0.6931541904887031
