Model: GRU
MSE: 11.325781806632316
MAE: 2.6599302949576544
EVS: 0.6710440648550215
