Model: GRU
MSE: 1323.0966233262643
MAE: 35.755411246727256
EVS: -0.5142727916112488
