Model: GRU
MSE: 419.7819166821879
MAE: 19.696050454830303
EVS: -0.08015359459818616
