Model: GRU
MSE: 11.15656681570877
MAE: 2.4388182081025223
EVS: 0.6497274361160934
