Model: GRU
MSE: 10.12759057374565
MAE: 2.3033721940270784
EVS: 0.7000736296618533
