Model: GRU
MSE: 10.15199316584985
MAE: 2.3881690748806657
EVS: 0.6864636102378108
