Model: GRU
MSE: 10.593822063397852
MAE: 2.3469888835117736
EVS: 0.6407134089524278
