Model: GRU
MSE: 9.671793092199001
MAE: 2.2583890618949103
EVS: 0.6773032982172336
