Model: GRU
MSE: 13.277824282383303
MAE: 2.8388024691877694
EVS: 0.6353420917554656
