Model: GRU
MSE: 14.573279713372449
MAE: 2.9936136130628914
EVS: 0.6572648126527412
