Model: GRU
MSE: 12.168362894725238
MAE: 2.6816679609232934
EVS: 0.6903274331859385
