Model: GRU
MSE: 11.58080394252047
MAE: 2.5648423145557273
EVS: 0.6741275466850174
