Model: GRU
MSE: 468.63126135743113
MAE: 20.923103258527558
EVS: -0.04649148880766307
