Model: GRU
MSE: 14.41221399911596
MAE: 2.995622782871641
EVS: 0.640657390136723
