Model: GRU
MSE: 933.2756347873262
MAE: 29.95571656062685
EVS: -0.2186399954253191
