Model: GRU
MSE: 11.145404500751816
MAE: 2.5109247996889312
EVS: 0.7031912159584888
