Model: GRU
MSE: 25.64031912861564
MAE: 4.1589170817671155
EVS: 0.5826690578646239
