Model: GRU
MSE: 1183.621440056299
MAE: 33.931739576931655
EVS: -0.09409243472679196
