Model: GRU
MSE: 9.104481968591099
MAE: 2.1458120099429427
EVS: 0.7028108438536929
