Model: GRU
MSE: 3169.0722958448864
MAE: 55.84665653623384
EVS: -0.7033927665423281
