Model: GRU
MSE: 11.228858722483528
MAE: 2.6741727056174445
EVS: 0.6702242256482713
