Model: GRU
MSE: 15.47104484635603
MAE: 3.4011692178660424
EVS: 0.5390108538060452
