Model: GRU
MSE: 13.30919752016587
MAE: 2.802245090747702
EVS: 0.6829238992088809
