Model: GRU
MSE: 9.769532313856494
MAE: 2.2587359362635118
EVS: 0.6731648511071481
