Model: GRU
MSE: 346.031419166608
MAE: 17.67413433666887
EVS: -0.14150437554259088
