Model: GRU
MSE: 8.564792414569528
MAE: 1.9411024389595821
EVS: 0.7136968727527434
