Model: GRU
MSE: 306.61711585778954
MAE: 16.532294606340344
EVS: -0.1294286479912503
