Model: GRU
MSE: 14.853496856357625
MAE: 3.1618104556511186
EVS: 0.6221661112080896
