Model: GRU
MSE: 17.344115984495772
MAE: 3.356951754433768
EVS: 0.6013526202273884
