Model: GRU
MSE: 12.051331289896023
MAE: 2.631058388742907
EVS: 0.6495019378852037
