Model: GRU
MSE: 11.758803145442338
MAE: 2.6010426488415948
EVS: 0.6613215102009067
