Model: GRU
MSE: 10.0124907764024
MAE: 2.2327212465220483
EVS: 0.6617013155378371
