Model: GRU
MSE: 20.925434142192096
MAE: 3.778947345141707
EVS: 0.6939607454009608
