Model: GRU
MSE: 15.145408879307505
MAE: 3.102971446925196
EVS: 0.6392144790492382
