Model: GRU
MSE: 14.627920193255006
MAE: 3.0977673037298796
EVS: 0.6422545391357517
