Model: GRU
MSE: 11.687607646031406
MAE: 2.597656381541285
EVS: 0.6641600169818981
