Model: GRU
MSE: 285.9233907014075
MAE: 15.86403186156832
EVS: -0.16183690166459908
