Model: GRU
MSE: 11.370577048784552
MAE: 2.6611441168291816
EVS: 0.6697592536530773
