Model: GRU
MSE: 359.3895192002764
MAE: 17.905605464146056
EVS: -0.3152384343908001
