Model: GRU
MSE: 17.95927112269306
MAE: 3.366894409574311
EVS: 0.653163528524483
