Model: GRU
MSE: 8.8939189641947
MAE: 2.1015608721765977
EVS: 0.6998817971246452
