Model: GRU
MSE: 9.984801286154555
MAE: 2.3088245967338823
EVS: 0.6998898314177073
