Model: GRU
MSE: 15.439437284196485
MAE: 3.08407487951476
EVS: 0.6319667342071282
