Model: GRU
MSE: 1973.2881556948842
MAE: 43.986418329436205
EVS: -0.3052109122197979
