Model: GRU
MSE: 15.872667872014576
MAE: 3.2217888749878982
EVS: 0.6690957593680957
