Model: GRU
MSE: 28.9407198892043
MAE: 4.522374662859686
EVS: 0.604511399190854
