Model: GRU
MSE: 12.026094883733423
MAE: 2.7094234762520624
EVS: 0.6613508276030786
