Model: GRU
MSE: 277.7036126935648
MAE: 15.604047138115455
EVS: -0.16052914589242295
