Model: GRU
MSE: 9.767061236618755
MAE: 2.209223800692065
EVS: 0.69124751818823
