Model: GRU
MSE: 8.906010935318383
MAE: 2.067283063099302
EVS: 0.7038224402493619
