Model: GRU
MSE: 292.83205137052323
MAE: 16.139143101100263
EVS: -0.09753908880684614
