Model: GRU
MSE: 11.727704848202444
MAE: 2.5634018388287774
EVS: 0.6630375031165932
