Model: GRU
MSE: 336.89403968088254
MAE: 17.427929528828326
EVS: -0.12471294683846068
