Model: GRU
MSE: 31.61958841551919
MAE: 5.021872125822922
EVS: 0.0
