Model: GRU
MSE: 11.058049586032329
MAE: 2.533483357265078
EVS: 0.6886405784666569
