Model: GRU
MSE: 9.074183325097536
MAE: 2.137123502534011
EVS: 0.6964384916920336
