Model: GRU
MSE: 9.777746707029651
MAE: 2.2276798774456155
EVS: 0.6837950325392039
