Model: GRU
MSE: 12.658416079840276
MAE: 2.8490970792441535
EVS: 0.6519684626075735
