Model: GRU
MSE: 536.0054173198721
MAE: 22.364753048995446
EVS: -0.21499595605492416
