Model: GRU
MSE: 13.078043631345313
MAE: 2.790738878578975
EVS: 0.6549110305253167
