Model: GRU
MSE: 274.38188588079487
MAE: 15.590636097151657
EVS: -0.06205710961277289
