Model: GRU
MSE: 16.346534123755237
MAE: 3.3248237741404565
EVS: 0.6714062250257768
