Model: GRU
MSE: 2047.1741947431767
MAE: 44.66019475871119
EVS: -0.7854009472752301
