Model: GRU
MSE: 17.051957632650073
MAE: 3.308545630553673
EVS: 0.6572443080036541
