Model: GRU
MSE: 9.782340500164693
MAE: 2.340599849306304
EVS: 0.6696873271478805
