Model: GRU
MSE: 12.435325749864486
MAE: 2.632746305958978
EVS: 0.6445130397028449
