Model: GRU
MSE: 11.24844818084614
MAE: 2.534468593268559
EVS: 0.6488981706211792
