Model: GRU
MSE: 34.05518081571481
MAE: 5.214200891297439
EVS: -0.029550505706795516
