Model: GRU
MSE: 10.19625756353159
MAE: 2.403500565167131
EVS: 0.6823388240732307
