Model: GRU
MSE: 8.956491994907305
MAE: 2.0751296487347832
EVS: 0.6968532930011277
