Model: GRU
MSE: 14.8436080199491
MAE: 2.9900804264792082
EVS: 0.6764083979109443
