Model: GRU
MSE: 10.82783944346216
MAE: 2.3699783127883385
EVS: 0.6691467619271332
