Model: GRU
MSE: 9.965723077524373
MAE: 2.4289338506501297
EVS: 0.6639010721501782
