Model: GRU
MSE: 345.4098544906108
MAE: 17.58921064179519
EVS: -0.22199240830333844
