Model: GRU
MSE: 10.318850428247853
MAE: 2.3676413503186455
EVS: 0.6753302750151933
