Model: GRU
MSE: 448.2823044713441
MAE: 20.39221719215656
EVS: -0.10024124810148005
