Model: GRU
MSE: 255.4925766364384
MAE: 15.01234967544161
EVS: -0.021628124219277733
