Model: GRU
MSE: 282.1429631734944
MAE: 15.86510258707507
EVS: -0.032466089273213816
