Model: GRU
MSE: 15.88856728424006
MAE: 3.16592930514237
EVS: 0.6341678697738486
