Model: GRU
MSE: 8.652411016679165
MAE: 2.1492804494397393
EVS: 0.7279610190440489
