Model: GRU
MSE: 12.413611191648549
MAE: 2.7426394018633613
EVS: 0.687495420333828
