Model: GRU
MSE: 10.206362777942017
MAE: 2.2746803513888656
EVS: 0.6609725313300643
