Model: GRU
MSE: 9.10790133482282
MAE: 2.1516794007399986
EVS: 0.7076177523511444
