Model: GRU
MSE: 9.785529419525542
MAE: 2.372423763932853
EVS: 0.6996359854014642
