Model: GRU
MSE: 11.52971722140403
MAE: 2.642445950672544
EVS: 0.6528306240968098
