Model: GRU
MSE: 9.570455026225364
MAE: 2.1398883030332367
EVS: 0.69301282535763
