Model: GRU
MSE: 9.60266483650689
MAE: 2.2701298039534996
EVS: 0.6744104035834522
