Model: GRU
MSE: 11.238139651133816
MAE: 2.5186494712171883
EVS: 0.660015052228057
