Model: GRU
MSE: 11.659201655101729
MAE: 2.6831023939724625
EVS: 0.6512154881225148
