Model: GRU
MSE: 269.0762293097752
MAE: 15.416533918216311
EVS: -0.06520317258447106
