Model: GRU
MSE: 9.795360300172401
MAE: 2.384108510510675
EVS: 0.6677766282584441
