Model: GRU
MSE: 11.089566086834958
MAE: 2.4585352108396332
EVS: 0.6814443749586756
