Model: GRU
MSE: 9.19354216592521
MAE: 2.1849366960854364
EVS: 0.6949618555573769
