Model: GRU
MSE: 14.618588590102325
MAE: 2.9748638416158744
EVS: 0.6683814827723729
