Model: GRU
MSE: 10.002224910916382
MAE: 2.2658436380583664
EVS: 0.6945638696671589
