Model: GRU
MSE: 10.822277837653774
MAE: 2.5285006186057783
EVS: 0.6357086304930564
