Model: GRU
MSE: 10.271681600404204
MAE: 2.4717679023742676
EVS: 0.6523905034667616
