Model: GRU
MSE: 468.99416877468093
MAE: 20.845473018185846
EVS: -0.16877415329119927
