Model: GRU
MSE: 8.978427949382551
MAE: 2.1730371754744957
EVS: 0.7065825843023237
