Model: GRU
MSE: 10.755815910119239
MAE: 2.436255907190257
EVS: 0.6856656421484224
