Model: GRU
MSE: 11.21128830460556
MAE: 2.4751162159031836
EVS: 0.6730496860143428
