Model: GRU
MSE: 15.263617424367412
MAE: 3.1046433489898155
EVS: 0.6691162449025064
