Model: GRU
MSE: 11.325816291440086
MAE: 2.6150039557752938
EVS: 0.6623341646405998
