Model: GRU
MSE: 292.74080467090016
MAE: 16.12595610783018
EVS: -0.10887507340167857
