Model: GRU
MSE: 9.53446646428672
MAE: 2.2438995673738678
EVS: 0.676636416286897
