Model: GRU
MSE: 2473.174685979583
MAE: 49.520456051004345
EVS: 0.2911767447985302
