Model: GRU
MSE: 11.609439346966049
MAE: 2.721859068706118
EVS: 0.659855072563945
