Model: GRU
MSE: 11.60993686743955
MAE: 2.4957460987156836
EVS: 0.6620714331693766
