Model: GRU
MSE: 8.408846116705549
MAE: 1.977124600574888
EVS: 0.7164162246600629
