Model: GRU
MSE: 12.377125313590176
MAE: 2.8389543500439873
EVS: 0.6443876352104785
