Model: GRU
MSE: 12.37314572001996
MAE: 2.709176491046774
EVS: 0.6718190458194575
