Model: GRU
MSE: 10.05671239932429
MAE: 2.3026146970946213
EVS: 0.6925403431174038
