Model: GRU
MSE: 1266.728971525677
MAE: 34.60029431047111
EVS: -1.358839620301409
