Model: GRU
MSE: 9.356579314589888
MAE: 2.1298344464137635
EVS: 0.6879104143867667
