Model: GRU
MSE: 11.358732751160547
MAE: 2.5588716474072686
EVS: 0.69576339805599
