Model: GRU
MSE: 16.696621037139945
MAE: 3.1658760514752617
EVS: 0.6632319749689748
