Model: GRU
MSE: 12.164640512438172
MAE: 2.744523619783336
EVS: 0.6581435934981021
