Model: GRU
MSE: 424.7292225216883
MAE: 19.803669206027326
EVS: -0.10377283050638386
