Model: GRU
MSE: 8.877764336071236
MAE: 2.089578151702881
EVS: 0.6996336059167728
