Model: GRU
MSE: 11.986002779657841
MAE: 2.6753056871479957
EVS: 0.6627594803733268
