Model: GRU
MSE: 10.557968838122461
MAE: 2.426281106883082
EVS: 0.6987275820078072
