Model: GRU
MSE: 20.4652339475681
MAE: 3.5259857999867408
EVS: 0.6224725746946065
