Model: GRU
MSE: 9.505158347007406
MAE: 2.200689504886496
EVS: 0.7163131573954622
