Model: GRU
MSE: 9.574351290947957
MAE: 2.3291266951067695
EVS: 0.6908971671199935
