Model: GRU
MSE: 2838.9952210343918
MAE: 52.96697274569807
EVS: -0.13603109903800314
