Model: GRU
MSE: 9.414608047128871
MAE: 2.1505470029238998
EVS: 0.700816289548811
