Model: GRU
MSE: 14.648367008318575
MAE: 3.0333219561083564
EVS: 0.6780430172813574
