Model: GRU
MSE: 10.493012175917514
MAE: 2.543141685683152
EVS: 0.705288279638202
