Model: GRU
MSE: 9.510536247123888
MAE: 2.2555556297302246
EVS: 0.6779445215907843
