Model: GRU
MSE: 10.614132449872626
MAE: 2.401019071710521
EVS: 0.7054536705732259
