Model: GRU
MSE: 12.412096429309544
MAE: 2.7968825060745766
EVS: 0.6496816782535171
