Model: GRU
MSE: 1684.9224293850987
MAE: 40.36353354618467
EVS: -0.8894019213387074
