Model: GRU
MSE: 12.159593517128549
MAE: 2.6395253806278625
EVS: 0.6897645873393548
