Model: GRU
MSE: 12.264843371993647
MAE: 2.6377957894884307
EVS: 0.6766020666988126
