Model: GRU
MSE: 10.78783560501561
MAE: 2.4400287496632544
EVS: 0.6647659743739315
