Model: GRU
MSE: 9.94619773749091
MAE: 2.2318051190211854
EVS: 0.6830527613669148
