Model: GRU
MSE: 837.7630293521504
MAE: 28.21162615151241
EVS: -0.41998478561793906
