Model: GRU
MSE: 1734.7609651430425
MAE: 41.05982537105166
EVS: -0.6568749082922347
