Model: GRU
MSE: 13.569501446180974
MAE: 2.8356126012473273
EVS: 0.6467470214444513
