Model: GRU
MSE: 9.842779163279676
MAE: 2.2240593433380127
EVS: 0.6723159939941835
