Model: GRU
MSE: 12.967005185821424
MAE: 2.8885854729290665
EVS: 0.5921560174717351
