Model: GRU
MSE: 3060.560422721418
MAE: 55.12396003460062
EVS: 0.2569098220106034
