Model: GRU
MSE: 13.964107376036958
MAE: 3.0314305034177056
EVS: 0.6368580844372929
