Model: GRU
MSE: 12.382408589185102
MAE: 2.78789575346585
EVS: 0.6580036791692943
