Model: GRU
MSE: 9.417106895423837
MAE: 2.1806705655722785
EVS: 0.6808494252382964
