Model: GRU
MSE: 8.978869667827365
MAE: 2.087983254728646
EVS: 0.7025103793998582
