Model: GRU
MSE: 7354.117666776864
MAE: 85.59766966721108
EVS: 0.07894489517499381
