Model: GRU
MSE: 10.118363669396574
MAE: 2.2967202252355117
EVS: 0.6836424751529226
