Model: GRU
MSE: 9.490448980090358
MAE: 2.314904681567488
EVS: 0.6975045184381787
