Model: GRU
MSE: 12.425262753751346
MAE: 2.8446195865499564
EVS: 0.589890090614254
