Model: GRU
MSE: 2226.3902208589684
MAE: 45.616797578745874
EVS: -3.934771088177471
