Model: GRU
MSE: 9.543386613974517
MAE: 2.314597096936456
EVS: 0.6763232091666054
