Model: GRU
MSE: 12.655928617587692
MAE: 2.8275525446595817
EVS: 0.6168139665833483
