Model: GRU
MSE: 37.58168635951784
MAE: 5.490997380223767
EVS: -0.02152624039969786
