Model: GRU
MSE: 15.501968028227687
MAE: 3.0522329026255113
EVS: 0.67659096623061
