Model: GRU
MSE: 10.00341723245117
MAE: 2.3337113035136254
EVS: 0.671343076670821
