Model: GRU
MSE: 8.729140982861109
MAE: 2.010633419299948
EVS: 0.7044007701413686
