Model: GRU
MSE: 9.535624632230597
MAE: 2.209331446680529
EVS: 0.6841051120016883
