Model: GRU
MSE: 9.72535945086575
MAE: 2.1823824315235534
EVS: 0.6724477044172423
