Model: GRU
MSE: 9.106013343410641
MAE: 2.228448481395327
EVS: 0.7021696486646127
