Model: GRU
MSE: 10.391347131985139
MAE: 2.4177511149439317
EVS: 0.6864098187796294
