Model: GRU
MSE: 9.037701360781599
MAE: 2.0127808801059066
EVS: 0.6935111272273002
