Model: GRU
MSE: 9.574892980206466
MAE: 2.2524895421389877
EVS: 0.680774242028233
