Model: GRU
MSE: 12.100349182687062
MAE: 2.5822370627830766
EVS: 0.6550231413526459
