Model: GRU
MSE: 12.446574928712467
MAE: 2.71594683877353
EVS: 0.6660921293559134
