Model: GRU
MSE: 12.56535209941495
MAE: 2.77613771372828
EVS: 0.6657159970928629
