Model: GRU
MSE: 9.954555402267856
MAE: 2.4475840371230553
EVS: 0.6933766377800865
