Model: GRU
MSE: 8.966440454905339
MAE: 2.0419633552945893
EVS: 0.697027743978524
