Model: GRU
MSE: 12.765815727431958
MAE: 2.8222999531647255
EVS: 0.6610945758379363
