Model: GRU
MSE: 12.07631422960714
MAE: 2.6356670774262527
EVS: 0.6781085851546462
