Model: GRU
MSE: 17.809547386876194
MAE: 3.373228336202687
EVS: 0.6915451801164754
