Model: GRU
MSE: 10.289696011756165
MAE: 2.3322331740938385
EVS: 0.7124569479497196
