Model: GRU
MSE: 13.16439149205931
MAE: 2.8205096598329216
EVS: 0.6538656578599691
