Model: GRU
MSE: 11.669794086487592
MAE: 2.529825810728402
EVS: 0.7100806113461617
