Model: GRU
MSE: 11.088473257624793
MAE: 2.5577683448791504
EVS: 0.6752846707245298
