Model: GRU
MSE: 263.41980536707524
MAE: 15.127648641323221
EVS: -0.17262802606923233
