Model: GRU
MSE: 9.889559439296509
MAE: 2.161538771514235
EVS: 0.6779231307915681
