Model: GRU
MSE: 291.3698636567854
MAE: 16.11160709323554
EVS: -0.07806662804736875
