Model: GRU
MSE: 38.72086084731457
MAE: 5.5589641373733
EVS: 0.009966231994851471
