Model: GRU
MSE: 10.695745153580546
MAE: 2.3736835307088393
EVS: 0.6869400569144013
