Model: GRU
MSE: 809.2276037278174
MAE: 27.67971441663545
EVS: -0.46047536979386705
