Model: GRU
MSE: 9.540546329969214
MAE: 2.290825761597732
EVS: 0.6797806825076118
