Model: GRU
MSE: 9.362883973045541
MAE: 2.1994328252200424
EVS: 0.6863907923675867
