Model: GRU
MSE: 9.353567908171021
MAE: 2.274982649704506
EVS: 0.6827633196601266
