Model: GRU
MSE: 29.86861601600425
MAE: 4.802443833186708
EVS: 2.220446049250313e-16
