Model: GRU
MSE: 10.187804214720343
MAE: 2.482289454032635
EVS: 0.6701904182492308
