Model: GRU
MSE: 10.37771538311108
MAE: 2.464937390952275
EVS: 0.6746263524714391
