Model: GRU
MSE: 474.5837396522619
MAE: 21.06115665106938
EVS: -0.05179631452856337
