Model: GRU
MSE: 13.898089538507241
MAE: 2.8846625377391946
EVS: 0.6861434058455327
