Model: GRU
MSE: 8.900096213678157
MAE: 2.1304469108581543
EVS: 0.6982991000651608
