Model: GRU
MSE: 361.31306515103495
MAE: 17.981084757837756
EVS: -0.2886087519432914
