Model: GRU
MSE: 10.104953558946535
MAE: 2.3106502993353484
EVS: 0.6589197564732557
