Model: GRU
MSE: 15.724579148606251
MAE: 3.161533758558076
EVS: 0.6439755855339292
