Model: GRU
MSE: 10.139022469494467
MAE: 2.4567845772052634
EVS: 0.6610586305175097
