Model: GRU
MSE: 14.799178681447533
MAE: 3.057721836813565
EVS: 0.6553700446535451
