Model: GRU
MSE: 9.533357897825258
MAE: 2.3033367189867744
EVS: 0.7036194515150382
