Model: GRU
MSE: 15.299690704602481
MAE: 3.214940367073848
EVS: 0.5918726534060819
