Model: GRU
MSE: 11.337912964360937
MAE: 2.6294468271321265
EVS: 0.726534301879123
