Model: GRU
MSE: 313.8000746638178
MAE: 16.732042748352576
EVS: -0.14769159571595236
