Model: GRU
MSE: 9.939872887897316
MAE: 2.3158413788367964
EVS: 0.6646337522883858
