Model: GRU
MSE: 9.839587504079823
MAE: 2.3686278400749994
EVS: 0.6958868171578763
