Model: GRU
MSE: 9.945647513727915
MAE: 2.4176693702566214
EVS: 0.6887014765365699
