Model: GRU
MSE: 9.899169706540984
MAE: 2.427925315396539
EVS: 0.6774184881118144
