Model: GRU
MSE: 16.54401403207326
MAE: 3.255564730742882
EVS: 0.6790703006827807
