Model: GRU
MSE: 9.258352193569415
MAE: 2.198680647488298
EVS: 0.70421857572048
