Model: GRU
MSE: 10.825699064371952
MAE: 2.316449132458917
EVS: 0.6757400154522132
