Model: GRU
MSE: 10.967507943274887
MAE: 2.496265744340831
EVS: 0.6459563728595588
