Model: GRU
MSE: 15.533069789448573
MAE: 3.106589596847008
EVS: 0.6824691911112237
