Model: GRU
MSE: 11.009890157476208
MAE: 2.4117586818234673
EVS: 0.7011892169123015
