Model: GRU
MSE: 3406.5505364513874
MAE: 58.027168997402846
EVS: -0.3362456684828268
