Model: GRU
MSE: 10.951784574393374
MAE: 2.66214762062862
EVS: 0.6483643225866148
