Model: GRU
MSE: 2884.068886197811
MAE: 53.273967216754784
EVS: -0.5585714767104693
