Model: GRU
MSE: 11.680682075041474
MAE: 2.639064912138314
EVS: 0.6871801802330844
