Model: GRU
MSE: 1787.0587426014665
MAE: 41.93538902545797
EVS: 0.0339962940664017
