Model: GRU
MSE: 9.450731999728912
MAE: 2.209161059609775
EVS: 0.6929004342833216
