Model: GRU
MSE: 9938.610589678696
MAE: 99.51819939448916
EVS: -0.17820819289897383
