Model: GRU
MSE: 12.306169072688833
MAE: 2.730813897889236
EVS: 0.6604591379816382
