Model: GRU
MSE: 10.698713604049106
MAE: 2.497281913099618
EVS: 0.6511559528687036
