Model: GRU
MSE: 9.098386084509896
MAE: 2.1720564447600266
EVS: 0.6914832006196823
