Model: GRU
MSE: 9.748319316815186
MAE: 2.3143717009445717
EVS: 0.6700291749339413
