Model: GRU
MSE: 34.63660876232852
MAE: 5.272322868478709
EVS: 0.00669480659635957
