Model: GRU
MSE: 12.388110701548378
MAE: 2.6034588649355133
EVS: 0.6930124328435799
