Model: GRU
MSE: 10.30584606550569
MAE: 2.4576434678044814
EVS: 0.6710581269292688
