Model: GRU
MSE: 15.003416229302097
MAE: 3.0533724858843048
EVS: 0.6477671996617934
