Model: GRU
MSE: 9.272335979457859
MAE: 2.153695320260936
EVS: 0.7038824154178076
