Model: GRU
MSE: 11.098313609990612
MAE: 2.5138230858177972
EVS: 0.6938457997319705
