Model: GRU
MSE: 3094.4268802130186
MAE: 55.048468096502894
EVS: -1.1738064026274904
