Model: GRU
MSE: 11.910403433772629
MAE: 2.676020827786676
EVS: 0.6826343939042383
