Model: GRU
MSE: 1306.3707702189786
MAE: 35.5126875844495
EVS: -0.5336933616692217
