Model: GRU
MSE: 9.87643797131165
MAE: 2.2641906573854644
EVS: 0.6902977806408113
