Model: GRU
MSE: 21.31134803503529
MAE: 3.7396379421497215
EVS: 0.5806855498276844
