Model: GRU
MSE: 11.284372794807307
MAE: 2.5243438194537986
EVS: 0.66181306796619
