Model: GRU
MSE: 13.677294024169608
MAE: 2.884653227082614
EVS: 0.6768757807902211
