Model: GRU
MSE: 15.626474451960481
MAE: 2.8578346048082626
EVS: 0.6088617887108569
