Model: GRU
MSE: 16.378951913603476
MAE: 3.1938986983792534
EVS: 0.6641264498325059
