Model: GRU
MSE: 380.1118527061723
MAE: 18.55757628638169
EVS: -0.21177310614992706
