Model: GRU
MSE: 10.620541266506487
MAE: 2.5426694031419426
EVS: 0.6741589806266959
