Model: GRU
MSE: 10.190559715046762
MAE: 2.473318280844853
EVS: 0.6567918642167183
