Model: GRU
MSE: 9.84697494675298
MAE: 2.2788852206591903
EVS: 0.6668734132527916
