Model: GRU
MSE: 16.150066681117693
MAE: 3.1836402005162734
EVS: 0.640487836324574
