Model: GRU
MSE: 17.021937013257677
MAE: 3.276468368938991
EVS: 0.617954176295231
