Model: GRU
MSE: 9.82720096713857
MAE: 2.324122322016749
EVS: 0.6790319537142757
