Model: GRU
MSE: 8.749918985084232
MAE: 2.0953134586071145
EVS: 0.7043223198398608
