Model: GRU
MSE: 10.692776868614802
MAE: 2.479812630291643
EVS: 0.6902469634703009
