Model: GRU
MSE: 10.712428365458498
MAE: 2.515269871415763
EVS: 0.6391669040932263
