Model: GRU
MSE: 14.213726150481735
MAE: 3.0540877786175957
EVS: 0.6232799835151928
