Model: GRU
MSE: 9918.238645557953
MAE: 99.37348082969929
EVS: -0.4634918895040401
