Model: GRU
MSE: 9.67715802250249
MAE: 2.3044163851902404
EVS: 0.6788617595545503
