Model: GRU
MSE: 15.439299311269224
MAE: 3.154890307064714
EVS: 0.669990785848048
