Model: GRU
MSE: 9.927668015568715
MAE: 2.257391567887931
EVS: 0.66439059267713
