Model: GRU
MSE: 8.587576508607572
MAE: 2.0622539849116883
EVS: 0.7145754547524827
