Model: GRU
MSE: 13.646276996244033
MAE: 2.868270442403596
EVS: 0.691236806188228
