Model: GRU
MSE: 9.401160618734734
MAE: 2.1692866292493096
EVS: 0.6865398119379359
