Model: GRU
MSE: 21.758474033792865
MAE: 3.861302080203076
EVS: 0.7603062310488651
