Model: GRU
MSE: 46.78880739559338
MAE: 5.875612878799439
EVS: -0.04607913776845174
