Model: GRU
MSE: 7.689813988813538
MAE: 2.169787577220372
EVS: 0.7623428339115592
