Model: GRU
MSE: 699.793918628146
MAE: 25.96156750350702
EVS: 0.1060098399742131
