Model: GRU
MSE: 9.549225442005662
MAE: 2.509300460134234
EVS: 0.720502726157943
