Model: GRU
MSE: 22.614409537636966
MAE: 3.38607369209158
EVS: 0.12466276840948287
