Model: GRU
MSE: 739.7254666226631
MAE: 26.404054491860524
EVS: -0.3151281231117731
