Model: GRU
MSE: 10.111459510302135
MAE: 2.492088554586683
EVS: 0.7435559250623003
