Model: GRU
MSE: 3984.9677079953804
MAE: 62.86601975004552
EVS: -0.09643347306130634
