Model: GRU
MSE: 9.380999210683687
MAE: 2.5961794463955625
EVS: 0.7146955023571334
