Model: GRU
MSE: 5.946612639663801
MAE: 1.9465303115668844
EVS: 0.7964486376497788
