Model: GRU
MSE: 211.1853482924557
MAE: 13.335966769286564
EVS: -0.03035151312661588
