Model: GRU
MSE: 9.946752202107652
MAE: 2.40949034350259
EVS: 0.7395282347286174
