Model: GRU
MSE: 8.510902368985356
MAE: 2.3126999139785767
EVS: 0.7405154894325765
