Model: GRU
MSE: 7.436847743949298
MAE: 2.2468861172596615
EVS: 0.8065740884570985
