Model: GRU
MSE: 8.648567975033163
MAE: 2.2778512256486074
EVS: 0.7447859528102303
