Model: GRU
MSE: 23.58716537172644
MAE: 3.565746570455617
EVS: 0.098663186974706
