Model: GRU
MSE: 11.492734702708828
MAE: 2.618271606309073
EVS: 0.7194016856693664
