Model: GRU
MSE: 19.1087410624962
MAE: 3.807559013366699
EVS: 0.18722828888818632
