Model: GRU
MSE: 12.017981066971297
MAE: 2.825224847209697
EVS: 0.6935876790749409
