Model: GRU
MSE: 5.242467256442166
MAE: 1.8749687790870666
EVS: 0.8220213568992684
