Model: GRU
MSE: 28.355535759497176
MAE: 4.325593888759613
EVS: -2.6773488177583555
