Model: GRU
MSE: 8.030084354937081
MAE: 2.222353645307677
EVS: 0.7603154571942774
