Model: GRU
MSE: 10.59504200519147
MAE: 2.563764898144469
EVS: 0.6995184979762931
