Model: GRU
MSE: 7.978606783461773
MAE: 2.338495877810887
EVS: 0.7537219717292314
