Model: GRU
MSE: 7.272766154324598
MAE: 2.236731811364492
EVS: 0.7897753000043337
