Model: GRU
MSE: 14.647780373228176
MAE: 3.0728354471070425
EVS: 0.7511323020050737
