Model: GRU
MSE: 8.20798154215052
MAE: 2.403145933151245
EVS: 0.7605604687496442
