Model: GRU
MSE: 1687.7614321487465
MAE: 40.57436256408691
EVS: -0.41660540130686785
