Model: GRU
MSE: 1607.2694851146643
MAE: 39.608122198922295
EVS: -0.18886654461954233
