Model: GRU
MSE: 11.912325822069775
MAE: 2.8695041476463783
EVS: 0.7068260458952691
