Model: GRU
MSE: 9.287104990369098
MAE: 2.4729641727038794
EVS: 0.7344273063722739
