Model: GRU
MSE: 8.397877193250354
MAE: 2.2728500366210938
EVS: 0.7467564992074542
