Model: GRU
MSE: 6.250472405104418
MAE: 2.0539826174913824
EVS: 0.7963206716075752
