Model: GRU
MSE: 9.3298242726778
MAE: 2.456970466886248
EVS: 0.7255357227579129
