Model: GRU
MSE: 1632.8916357896817
MAE: 40.00014817714691
EVS: -0.0635567023799648
