Model: GRU
MSE: 21.677468104859145
MAE: 4.655904769897461
EVS: 0.9999244859791361
