Model: GRU
MSE: 11.05229382413342
MAE: 2.489176117288419
EVS: 0.7188990990481938
