Model: GRU
MSE: 3468.234043099596
MAE: 58.52273369456736
EVS: -0.2055369406026355
