Model: GRU
MSE: 11.504413000308539
MAE: 2.5851374843290875
EVS: 0.724384361533406
