Model: GRU
MSE: 8.417286781366556
MAE: 2.2747144783365316
EVS: 0.7859246016219323
