Model: GRU
MSE: 10.198022182795693
MAE: 2.3446659217974184
EVS: 0.7268080403117175
