Model: GRU
MSE: 500.88819169050885
MAE: 21.449938453686464
EVS: -0.1104314732188052
