Model: GRU
MSE: 8.158962674561083
MAE: 2.173668401559879
EVS: 0.8197315212768408
