Model: GRU
MSE: 9.64635670872481
MAE: 2.2913711117632563
EVS: 0.7501793530846792
