Model: GRU
MSE: 0.6949591643137166
MAE: 0.5933008449418204
EVS: 0.9776901823703272
