Model: GRU
MSE: 10.865348646811865
MAE: 2.518837560124758
EVS: 0.7226553134138946
