Model: GRU
MSE: 1282.4089447435585
MAE: 35.10700259373106
EVS: -0.34639902406319867
