Model: GRU
MSE: 1106.13135700218
MAE: 32.22255921825286
EVS: -0.8712656718419962
