Model: GRU
MSE: 0.4746640267842632
MAE: 0.5196398615837098
EVS: 0.9865791996515287
