Model: GRU
MSE: 17.68979902168388
MAE: 3.387185443218412
EVS: 0.7701871858319347
