Model: GRU
MSE: 11.041212737096513
MAE: 2.4799940386722827
EVS: 0.7397399574247702
