Model: GRU
MSE: 9.890652758550386
MAE: 2.3124394446420364
EVS: 0.7322316670369498
