Model: GRU
MSE: 9.794161483736321
MAE: 2.2753431561447326
EVS: 0.7352848770960153
