Model: GRU
MSE: 1.9335203848083382
MAE: 1.0081489816003917
EVS: 0.9444994548388315
