Model: GRU
MSE: 6.382937065356172
MAE: 1.858102520683716
EVS: 0.8323219938905198
