Model: GRU
MSE: 4.601931178812951
MAE: 1.6215302262987414
EVS: 0.7851899926673371
