Model: GRU
MSE: 1277.7406449031453
MAE: 35.731340408325195
EVS: 0.5797803487366147
