Model: GRU
MSE: 4.733596663459062
MAE: 1.5442322867257257
EVS: 0.793288632929249
