Model: GRU
MSE: 3.8541583734575333
MAE: 1.4383901868547717
EVS: 0.8109675300442591
