Model: GRU
MSE: 3.2892770078186446
MAE: 1.1354975690275937
EVS: 0.6814542115955573
