Model: GRU
MSE: 2619.0651431370475
MAE: 50.97558877127511
EVS: -0.07432627055864316
