Model: GRU
MSE: 28.94011677493154
MAE: 5.34718656539917
EVS: -0.3908504389846712
