Model: GRU
MSE: 3.7496551110126592
MAE: 1.4643503251622936
EVS: 0.6835359898172564
