Model: GRU
MSE: 226.165061544728
MAE: 14.49667197830823
EVS: -0.5560496639862531
