Model: GRU
MSE: 253.92973595640532
MAE: 15.314072012901306
EVS: -0.014451122320061405
