Model: GRU
MSE: 4.171873673590306
MAE: 1.5156224863869807
EVS: 0.7951739804181268
