Model: GRU
MSE: 1707.2848780842517
MAE: 41.0318406422933
EVS: 0.04324946704552535
