Model: GRU
MSE: 4.226488965612605
MAE: 1.5886250155312671
EVS: 0.7842266863591477
