Model: GRU
MSE: 11.807873278856858
MAE: 3.0995429795363854
EVS: 0.5848854593071504
