Model: GRU
MSE: 5852.578645310555
MAE: 76.35012152535575
EVS: -0.21456424103111016
