Model: GRU
MSE: 4.265769964904166
MAE: 1.5060457229614257
EVS: 0.77898408104543
