Model: GRU
MSE: 4.99086839552516
MAE: 1.6503957563390335
EVS: 0.6933536215229287
