Model: GRU
MSE: 4.754834072708287
MAE: 1.6166402782712663
EVS: 0.5470823373978936
