Model: GRU
MSE: 4.700108510805444
MAE: 1.7722132342202324
EVS: 0.8261547624097219
