Model: GRU
MSE: 6.6737491210325635
MAE: 1.9070196520473996
EVS: 0.5325666653468544
