Model: GRU
MSE: 2149.015876822271
MAE: 46.220706367492674
EVS: -0.15227115683150494
