Model: GRU
MSE: 19.969527886425414
MAE: 3.349352312584718
EVS: -0.08729462501563212
