Model: GRU
MSE: 3.279343623701115
MAE: 1.2286984999974568
EVS: 0.6987332791567871
