Model: GRU
MSE: 3.3664831392564176
MAE: 1.3105795655931742
EVS: 0.8306480907869913
