Model: GRU
MSE: 37.67477327929025
MAE: 5.5793286800384525
EVS: 0.49796702905854884
