Model: GRU
MSE: 249.27655011723255
MAE: 15.137381076812744
EVS: -0.9568980187182916
