Model: GRU
MSE: 3.249138334644576
MAE: 1.2244802668690682
EVS: 0.7189621121877452
