Model: GRU
MSE: 509.0149246152146
MAE: 22.075014414106096
EVS: -0.13465156788756616
