Model: GRU
MSE: 5896.311963711565
MAE: 76.6695910862514
EVS: 0.0547071941570384
