Model: GRU
MSE: 4.927774620726992
MAE: 1.6032769120469386
EVS: 0.5353742479383341
