Model: GRU
MSE: 96.95621104862518
MAE: 9.148859270283433
EVS: -0.1663508291507525
