Model: GRU
MSE: 3316.0053344950206
MAE: 57.31489464896066
EVS: -0.6207118025840768
