Model: GRU
MSE: 1500.2373979766116
MAE: 38.61832842333563
EVS: 0.017009676929183426
