Model: GRU
MSE: 11.417976906395857
MAE: 2.9987924828821297
EVS: 0.4990807662013387
