Model: GRU
MSE: 5.587717233856496
MAE: 1.7812853131975448
EVS: 0.7520734718040485
