Model: GRU
MSE: 4.551605642103024
MAE: 1.6135211808340895
EVS: 0.8206302189152953
