Model: GRU
MSE: 207.86809079855126
MAE: 13.701984371457781
EVS: -0.051810727646184995
