Model: GRU
MSE: 0.8841797832418289
MAE: 0.6802383547737485
EVS: 0.9522493419284852
