Model: GRU
MSE: 502.4489686347257
MAE: 20.919663370066676
EVS: -1.267707189789582
