Model: GRU
MSE: 5.986870181844913
MAE: 1.4817598041408002
EVS: 0.7897909936558394
