Model: GRU
MSE: 0.5193996754081833
MAE: 0.608830043247768
EVS: 0.9609383985318776
