Model: GRU
MSE: 5.727344400923397
MAE: 1.5402690977925975
EVS: 0.7966853330257617
