Model: GRU
MSE: 6.935860797606982
MAE: 1.7727242530233438
EVS: 0.8046118134105602
