Model: GRU
MSE: 5.477490112094097
MAE: 1.4570335837510915
EVS: 0.8062282091858147
