Model: GRU
MSE: 25.270582016945514
MAE: 3.3415266417223832
EVS: 0.3748904259788973
