Model: GRU
MSE: 7.648556390419249
MAE: 1.92266913932129
EVS: 0.7319782544466026
