Model: GRU
MSE: 153.8978631396838
MAE: 11.053420054723347
EVS: -0.15061731572736559
