Model: GRU
MSE: 3.981655836578911
MAE: 1.2518991107570714
EVS: 0.8618196354940747
