Model: GRU
MSE: 2357.846197736211
MAE: 48.23953361633106
EVS: -0.11228842628656643
