Model: GRU
MSE: 5.422897775777193
MAE: 1.492088194106035
EVS: 0.8064164677563631
