Model: GRU
MSE: 329.2180018832927
MAE: 17.039329898768457
EVS: -0.360248090625231
