Model: GRU
MSE: 11.073398075750669
MAE: 2.646139406335765
EVS: 0.6398782700931236
