Model: GRU
MSE: 7.204320655877453
MAE: 1.7323294064731567
EVS: 0.7686696231995893
