Model: GRU
MSE: 1687.5335735609606
MAE: 40.69767088048599
EVS: 0.01583685939952506
