Model: GRU
MSE: 1603.0717300027939
MAE: 39.507484327043805
EVS: -2.7449149330532734
