Model: GRU
MSE: 4.810438743827772
MAE: 1.3864434080904928
EVS: 0.8335367849556992
