Model: GRU
MSE: 2.064831111912506
MAE: 0.9711744259889369
EVS: 0.9576857072738338
