Model: GRU
MSE: 10.703949744037178
MAE: 2.355585409067306
EVS: 0.7981423814872266
