Model: GRU
MSE: 9.427322334322609
MAE: 2.1373787051097874
EVS: 0.811695063865523
