Model: GRU
MSE: 5.808168993847142
MAE: 1.7738421288438855
EVS: 0.8714103068350416
