Model: GRU
MSE: 1.2057032233058185
MAE: 0.7732276683708256
EVS: 0.9705427758178995
