Model: GRU
MSE: 6.406904859217038
MAE: 1.9209183857750227
EVS: 0.8664577344914438
