Model: GRU
MSE: 2.8285604711225583
MAE: 1.1518995700738368
EVS: 0.7666936010955119
