Model: GRU
MSE: 272.3803884305377
MAE: 16.078716877179268
EVS: -0.2992502042766665
