Model: GRU
MSE: 4.1972142373103605
MAE: 1.5473639903924403
EVS: 0.7113616828456655
