Model: GRU
MSE: 3.8033457898444056
MAE: 1.377518091446314
EVS: 0.697773384455648
