Model: GRU
MSE: 473.77571339645266
MAE: 21.495425688914764
EVS: -0.09924487780634461
