Model: GRU
MSE: 2.8542916821595026
MAE: 1.1034612655639646
EVS: 0.7450271905265307
