Model: GRU
MSE: 2349.98051103439
MAE: 48.30426817673903
EVS: -0.5639656191076181
