Model: GRU
MSE: 880.7978569990422
MAE: 29.49803078480256
EVS: 0.0
