Model: GRU
MSE: 3.198599380287241
MAE: 1.125853208395151
EVS: 0.7125713721758846
