Model: GRU
MSE: 3.244907011861915
MAE: 1.2078010363456528
EVS: 0.7038110484200553
