Model: GRU
MSE: 1735.6457239000226
MAE: 41.50721095158504
EVS: -0.20002988916748765
