Model: GRU
MSE: 4.312771438287974
MAE: 1.560437948275835
EVS: 0.7032744230901566
