Model: GRU
MSE: 4.254187172199122
MAE: 1.555885143769093
EVS: 0.7281018152516532
