Model: GRU
MSE: 3.1799741774705934
MAE: 1.2173830056801818
EVS: 0.7324370681232906
