Model: GRU
MSE: 2.841747651612608
MAE: 1.1483050370827697
EVS: 0.7361505503181811
