Model: GRU
MSE: 3.2648978868508496
MAE: 1.2970133683620353
EVS: 0.7006454164878629
