Model: GRU
MSE: 4.14375765453995
MAE: 1.6469842837407038
EVS: 0.7336000453837742
