Model: GRU
MSE: 3.02132493008353
MAE: 1.2379896335112741
EVS: 0.7466420213229172
