Model: GRU
MSE: 2.682183421384269
MAE: 1.0118762163015511
EVS: 0.7484836921312219
