Model: GRU
MSE: 5.605978768561002
MAE: 1.8570052415896685
EVS: 0.696726335424361
