Model: GRU
MSE: 3.132759979777551
MAE: 1.2279207400786571
EVS: 0.7427013639057201
