Model: GRU
MSE: 3.685924083543186
MAE: 1.6024473134209134
EVS: 0.774318768365791
