Model: GRU
MSE: 6835.550665937813
MAE: 82.61335265330779
EVS: 0.007446288982624227
