Model: GRU
MSE: 2.946522825203828
MAE: 1.1036738126705852
EVS: 0.7415155128101313
