Model: GRU
MSE: 10.316279924344295
MAE: 2.8047688802083335
EVS: 0.6828809541775143
