Model: GRU
MSE: 2.9523144000457084
MAE: 1.1699611223660982
EVS: 0.7409277502610787
