Model: GRU
MSE: 218.3039338306069
MAE: 14.420617546790686
EVS: 0.029474149747531375
