Model: GRU
MSE: 3.561120920990467
MAE: 1.3638220566969652
EVS: 0.7178213941025066
