Model: GRU
MSE: 240.43002251170438
MAE: 15.128490240145952
EVS: -0.08390525679071592
