Model: GRU
MSE: 2.7540849298178114
MAE: 1.1139227549235025
EVS: 0.744941242244598
