Model: GRU
MSE: 3.6492706334652545
MAE: 1.4094205758510492
EVS: 0.7301364151429038
