Model: GRU
MSE: 3.58100065479372
MAE: 1.3363129542424128
EVS: 0.7370381781583253
