Model: GRU
MSE: 554.3209963750377
MAE: 23.202301343282063
EVS: -0.4979513877691413
