Model: GRU
MSE: 3.2494884972047826
MAE: 1.1426126895806727
EVS: 0.6953822335533582
