Model: GRU
MSE: 4.553470584048669
MAE: 1.58271730863131
EVS: 0.6459117935046559
