Model: GRU
MSE: 246.83001144364533
MAE: 15.350042748145569
EVS: -0.05084024606487336
