Model: GRU
MSE: 2.920958056158829
MAE: 1.116926780113807
EVS: 0.7321155669459775
