Model: GRU
MSE: 4.66155286067162
MAE: 1.6798763275146484
EVS: 0.68595018852271
