Model: GRU
MSE: 229.56043962098107
MAE: 14.77463996104705
EVS: -0.05686559741736552
