Model: GRU
MSE: 3.025705238378029
MAE: 1.2306081820756962
EVS: 0.7360273237782905
