Model: GRU
MSE: 3.2196927943179254
MAE: 1.3819234187786396
EVS: 0.773487788769603
