Model: GRU
MSE: 2.658104267189103
MAE: 1.0950960012582631
EVS: 0.7527304950620385
