Model: GRU
MSE: 3.6827088344376135
MAE: 1.4326518498934233
EVS: 0.7228608913100278
