Model: GRU
MSE: 3.005996564203384
MAE: 1.2473335143847344
EVS: 0.73596372484518
