Model: GRU
MSE: 231.06823796501297
MAE: 14.818757992524366
EVS: -0.0758261360059469
