Model: GRU
MSE: 6.3659418440215045
MAE: 2.115251932388697
EVS: 0.7157515069375586
