Model: GRU
MSE: 9335.672637070078
MAE: 96.54519966321114
EVS: -0.37818907715400174
