Model: GRU
MSE: 2.8008829021394903
MAE: 1.150752165378668
EVS: 0.7383219109169712
