Model: GRU
MSE: 3.1645625762056424
MAE: 1.190444860702906
EVS: 0.7108941498760339
