Model: GRU
MSE: 3.6967833539624255
MAE: 1.4519714697813377
EVS: 0.7405584399175074
