Model: GRU
MSE: 3.472906639445058
MAE: 1.2203155297499437
EVS: 0.6854131216514794
