Model: GRU
MSE: 4.055759273294405
MAE: 1.6035724053016076
EVS: 0.7474434890444588
