Model: GRU
MSE: 2.5736030293921415
MAE: 0.9794404078752564
EVS: 0.7623300638430359
