Model: GRU
MSE: 3.1977346155561235
MAE: 1.2089680524972768
EVS: 0.7456808028749503
