Model: GRU
MSE: 5.645703618340988
MAE: 1.9548536814176118
EVS: 0.6986196568884199
