Model: GRU
MSE: 2.7537725429275928
MAE: 1.0508651611132498
EVS: 0.745106272669265
