Model: GRU
MSE: 264.7267727137201
MAE: 15.923994027651274
EVS: -0.045869131128988494
