Model: GRU
MSE: 7.418187170718667
MAE: 2.2647987512441783
EVS: 0.7149543178763815
