Model: GRU
MSE: 3.4040765003666626
MAE: 1.2681756875453851
EVS: 0.6894443368397238
