Model: GRU
MSE: 247.0004788533203
MAE: 15.282983611791561
EVS: -0.2594565270543645
