Model: GRU
MSE: 2.767977039702448
MAE: 1.101238055106921
EVS: 0.7678103997540169
