Model: GRU
MSE: 8.217838636322224
MAE: 2.0017121388362002
EVS: 0.4204687234915325
