Model: GRU
MSE: 2.8942042688099185
MAE: 1.190751601488162
EVS: 0.7374233561177126
