Model: GRU
MSE: 2.605852944751789
MAE: 1.1298937675280447
EVS: 0.7718141519227562
