Model: GRU
MSE: 3.789451582816604
MAE: 1.4892895038311298
EVS: 0.72037687321773
