Model: GRU
MSE: 6.8412209843671645
MAE: 2.224749296139448
EVS: 0.7537156725794039
