Model: GRU
MSE: 12.390575895602524
MAE: 3.179907725407527
EVS: -0.05920342269681189
