Model: GRU
MSE: 1954.4650940151066
MAE: 43.93396690564278
EVS: -1.2760279585953502
