Model: GRU
MSE: 3.5080012934863705
MAE: 1.3572041682707958
EVS: 0.7320750173549554
