Model: GRU
MSE: 2147.467746801855
MAE: 45.969132496760444
EVS: -2.2170373080115575
