Model: GRU
MSE: 3.140717620399894
MAE: 1.230505992204715
EVS: 0.7425913774767043
