Model: GRU
MSE: 7.957363055541925
MAE: 2.5302230517069497
EVS: 0.7386713052466104
