Model: GRU
MSE: 3.9802260450771882
MAE: 1.5588666108938365
EVS: 0.7543743438971027
