Model: GRU
MSE: 3.1562798343521203
MAE: 1.2696299919715295
EVS: 0.7500510173099502
