Model: GRU
MSE: 2.9955696232102573
MAE: 1.1319543031545785
EVS: 0.7205238980111177
