Model: GRU
MSE: 3.320797966914328
MAE: 1.4390217952239208
EVS: 0.7205876016273909
