Model: GRU
MSE: 3.7168745436573576
MAE: 1.4728244512509077
EVS: 0.7350302168992686
