Model: GRU
MSE: 3.0171788636279153
MAE: 1.1126013046655898
EVS: 0.720522312893199
