Model: GRU
MSE: 2.7839533085737114
MAE: 1.1517450014750161
EVS: 0.7451699799896314
