Model: GRU
MSE: 2.954042908946652
MAE: 1.2720078321603627
EVS: 0.7705694879834385
