Model: GRU
MSE: 3.1853100196883988
MAE: 1.1727257508497972
EVS: 0.7040510135567247
