Model: GRU
MSE: 6136.315659409033
MAE: 78.22482123741737
EVS: -0.6122414125858526
