Model: GRU
MSE: 3650.5785070207276
MAE: 60.283745985764725
EVS: -0.5424249958458678
