Model: GRU
MSE: 10.082610843316637
MAE: 2.527721160497421
EVS: 0.5979954631227824
