Model: GRU
MSE: 3.6204723610657163
MAE: 1.3935161492763422
EVS: 0.7035405434994773
