Model: GRU
MSE: 3.656260174741756
MAE: 1.2999213292048528
EVS: 0.7116433028255177
