Model: GRU
MSE: 8.980280421872616
MAE: 2.245913872352013
EVS: 0.3388938345881317
