Model: GRU
MSE: 2.852156575277469
MAE: 1.1611370306748607
EVS: 0.7338811941280494
