Model: GRU
MSE: 5.350614491849442
MAE: 1.8815528062673716
EVS: 0.6576059173732892
