Model: GRU
MSE: 13.457229790094853
MAE: 2.8908565716865735
EVS: -0.19619094625664668
