Model: GRU
MSE: 2.9830935812989567
MAE: 1.1437573066124547
EVS: 0.7337297960051008
