Model: GRU
MSE: 2063.849991560349
MAE: 45.31469491811899
EVS: 0.022094895559455763
