Model: GRU
MSE: 3.331639592098665
MAE: 1.3843156374417818
EVS: 0.7492971914779463
