Model: GRU
MSE: 236.55428161370867
MAE: 14.972688182806356
EVS: -0.1602445120417051
