Model: GRU
MSE: 215.58808331539555
MAE: 14.3103636717185
EVS: -0.012897374889155433
