Model: GRU
MSE: 3.1386087902715416
MAE: 1.1927966827001326
EVS: 0.7151324357055426
