Model: GRU
MSE: 249.1615110529659
MAE: 15.415133219498854
EVS: -0.0816897086031283
