Model: GRU
MSE: 3.268369404164885
MAE: 1.2606334808545234
EVS: 0.7423368696692583
