Model: GRU
MSE: 293.0070824593354
MAE: 16.81094223413712
EVS: 0.024824854092673432
