Model: GRU
MSE: 3.365166922141765
MAE: 1.2647976875305176
EVS: 0.703826455091459
