Model: GRU
MSE: 247.4050989422624
MAE: 15.350055450048202
EVS: -0.10473142806033953
