Model: GRU
MSE: 229.70618817306925
MAE: 14.79653689188835
EVS: -0.009813109609464687
