Model: GRU
MSE: 3.316650862461953
MAE: 1.2804075876871746
EVS: 0.7342492665563849
