Model: GRU
MSE: 4.583713417016962
MAE: 1.744424942212227
EVS: 0.71757560510408
