Model: GRU
MSE: 2.721900961910355
MAE: 1.1845062940548627
EVS: 0.7798952351012503
