Model: GRU
MSE: 10.496522456930576
MAE: 2.692570759699895
EVS: 0.028117716263549197
