Model: GRU
MSE: 3.915353388685289
MAE: 1.5447886540339544
EVS: 0.7470384559837542
