Model: GRU
MSE: 4.222383218304789
MAE: 1.3734876803862741
EVS: 0.6152336703079104
