Model: GRU
MSE: 3.418173901821028
MAE: 1.3854665756225586
EVS: 0.7341518041609212
