Model: GRU
MSE: 3.481880425791045
MAE: 1.4349001004145696
EVS: 0.7430941344909805
