Model: GRU
MSE: 238.78343154885013
MAE: 15.084370258526924
EVS: -0.05449799588659676
