Model: GRU
MSE: 3.196444735272821
MAE: 1.2988870571821163
EVS: 0.7584017111009888
