Model: GRU
MSE: 3.4634148183886326
MAE: 1.3605813613304725
EVS: 0.7341922241117
