Model: GRU
MSE: 2.523046744327646
MAE: 1.058357238769531
EVS: 0.7634902940282273
