Model: GRU
MSE: 3.217637002789014
MAE: 1.2462510451292381
EVS: 0.7259314726029575
