Model: GRU
MSE: 2.6551089686567693
MAE: 1.022490966014373
EVS: 0.7559701937330795
