Model: GRU
MSE: 7.070910112914903
MAE: 2.2642553525093274
EVS: 0.6831247282569297
