Model: GRU
MSE: 7.605275558262524
MAE: 2.3275101001446066
EVS: 0.7105432362802087
