Model: GRU
MSE: 3.1749930276019085
MAE: 1.1700810897044644
EVS: 0.7106485120461701
