Model: GRU
MSE: 2.4901482865238593
MAE: 1.1475005897821167
EVS: 0.7780640452082063
