Model: GRU
MSE: 793.0711389568651
MAE: 27.866275420555702
EVS: -0.5511792977738583
