Model: GRU
MSE: 2.5591853972612637
MAE: 1.112351038517096
EVS: 0.7875783296678994
