Model: GRU
MSE: 315.0827246931162
MAE: 17.43313471476237
EVS: -0.04730871627660371
