Model: GRU
MSE: 5560.8397383057045
MAE: 74.49950135059846
EVS: -4.440892098500626e-16
