Model: GRU
MSE: 3.96384312300772
MAE: 1.572085405007387
EVS: 0.7384210850245579
