Model: GRU
MSE: 4424.517663600583
MAE: 66.37002534132738
EVS: -0.8320829274879467
