Model: GRU
MSE: 4.880030241097231
MAE: 1.7278377826397235
EVS: 0.6875995510770966
