Model: GRU
MSE: 5.085570872354606
MAE: 1.832537394303542
EVS: 0.787129481246656
