Model: GRU
MSE: 2.9156958207064894
MAE: 1.1524686446556676
EVS: 0.7274676807178088
