Model: GRU
MSE: 3.7176405719863816
MAE: 1.484025539496006
EVS: 0.7235154199769565
