Model: GRU
MSE: 265.1529226928623
MAE: 15.880106485806978
EVS: -0.21671942003565747
