Model: GRU
MSE: 3.786828367205018
MAE: 1.3771929374107947
EVS: 0.716795923981091
