Model: GRU
MSE: 3.573625531544516
MAE: 1.5418080305441833
EVS: 0.7732593679488278
