Model: GRU
MSE: 204.93202638707427
MAE: 13.9342541939173
EVS: -0.009803944817045718
