Model: GRU
MSE: 216.73768386083592
MAE: 14.310601049508804
EVS: -0.1200619115083501
