Model: GRU
MSE: 2.81909060317368
MAE: 1.059048322530893
EVS: 0.7356581173915666
