Model: GRU
MSE: 2.726316825665522
MAE: 1.093147167792687
EVS: 0.7475858276264036
