Model: GRU
MSE: 3.5812156679787663
MAE: 1.3386380733587804
EVS: 0.7068207467123593
