Model: GRU
MSE: 4.381634270015748
MAE: 1.6418607785151556
EVS: 0.6925783947236905
