Model: GRU
MSE: 4.227584073191581
MAE: 1.6342014899620643
EVS: 0.7359842378763357
