Model: GRU
MSE: 2.4210993024365353
MAE: 0.9573430281419021
EVS: 0.7764901358255498
