Model: GRU
MSE: 3.0866683662384444
MAE: 1.1879274294926567
EVS: 0.7232330204717203
