Model: GRU
MSE: 454.809029584051
MAE: 21.068732224977932
EVS: -0.023772911016147535
