Model: GRU
MSE: 3397.6925083475267
MAE: 58.16307938404572
EVS: -0.3830320698058298
