Model: GRU
MSE: 3.607060957204806
MAE: 1.5410692508404071
EVS: 0.7410206708731544
