Model: GRU
MSE: 3.996332810698493
MAE: 1.6261434921851525
EVS: 0.7483047059492292
