Model: GRU
MSE: 2.7530909318781
MAE: 1.1199890405703812
EVS: 0.7534415567217595
