Model: GRU
MSE: 2.8844227312233253
MAE: 1.2538424394069572
EVS: 0.7369140861369867
