Model: GRU
MSE: 5.391275002505963
MAE: 1.8328066483522072
EVS: 0.6428062018406067
