Model: GRU
MSE: 3.4017588651026562
MAE: 1.3503590608254457
EVS: 0.7374213741190827
