Model: GRU
MSE: 248.73067719252097
MAE: 15.416272731927725
EVS: -0.037994564007904685
