Model: GRU
MSE: 2.887110599874036
MAE: 1.0729034374921749
EVS: 0.7295639939275246
