Model: GRU
MSE: 3.006776858129861
MAE: 1.1509860234382825
EVS: 0.7478006463274147
