Model: GRU
MSE: 4.025196059027847
MAE: 1.636362992800199
EVS: 0.755648291900543
