Model: GRU
MSE: 2.9723073079862723
MAE: 1.176337095407339
EVS: 0.7336362698008139
