Model: GRU
MSE: 3.055776980450352
MAE: 1.2048606872558594
EVS: 0.7416377528239244
