Model: GRU
MSE: 2.8914135430150227
MAE: 1.261850418188633
EVS: 0.7543713949107449
