Model: GRU
MSE: 3.023966858972459
MAE: 1.0883814493815103
EVS: 0.7172873034260132
