Model: GRU
MSE: 3.078151736840644
MAE: 1.2895052005083134
EVS: 0.7413596415566903
