Model: GRU
MSE: 1284.3062031649017
MAE: 35.575603240575546
EVS: -0.7519310513559854
