Model: GRU
MSE: 3.7872158790035266
MAE: 1.5638237244043596
EVS: 0.7163272851858373
