Model: GRU
MSE: 3.0475994334637013
MAE: 1.1728494962056477
EVS: 0.73017789858981
