Model: GRU
MSE: 3.585150749878552
MAE: 1.4314280167604103
EVS: 0.7464162896950246
