Model: GRU
MSE: 4.154770280683024
MAE: 1.4830966362586389
EVS: 0.6534635568794542
