Model: GRU
MSE: 234.26356456781758
MAE: 14.929412316053341
EVS: -0.06678293214584219
