Model: GRU
MSE: 263.7116345312881
MAE: 15.859742332727482
EVS: -0.14217607073097382
