Model: GRU
MSE: 5.936789685831218
MAE: 1.936564714480669
EVS: 0.6990762347798476
