Model: GRU
MSE: 4.796695233319775
MAE: 1.7319953380486903
EVS: 0.7101948877060793
