Model: GRU
MSE: 3.6189739015312727
MAE: 1.416530144520295
EVS: 0.7257627904205151
