Model: GRU
MSE: 3.5186361631849516
MAE: 1.37988464648907
EVS: 0.7536590318920318
