Model: GRU
MSE: 236.6149579178723
MAE: 15.01865816116333
EVS: -0.036649173740296526
