Model: GRU
MSE: 3.1076288553588247
MAE: 1.1807416157844737
EVS: 0.7096619879018038
