Model: GRU
MSE: 3.5801383078279354
MAE: 1.4342942726917756
EVS: 0.7522272491415203
