Model: GRU
MSE: 2.6558109447929517
MAE: 1.0432728987473705
EVS: 0.7551982981437659
