Model: GRU
MSE: 3.3804917853039727
MAE: 1.1965875747876287
EVS: 0.6844833718863621
