Model: GRU
MSE: 3.7216940580758195
MAE: 1.4994409145453038
EVS: 0.7267960658096341
