Model: GRU
MSE: 1147.106367478164
MAE: 33.69363564711351
EVS: -0.11076926683735189
