Model: GRU
MSE: 382.0349451481269
MAE: 19.25125201543172
EVS: -0.07128671642480766
