Model: GRU
MSE: 3.0091219117234096
MAE: 1.1094937935853615
EVS: 0.7278405035726696
