Model: GRU
MSE: 4.825828856401574
MAE: 1.7767036389081905
EVS: 0.7166682275123862
