Model: GRU
MSE: 2.720310729038257
MAE: 1.121605799748347
EVS: 0.7498587480097934
