Model: GRU
MSE: 2.518571757146726
MAE: 1.0803065055455916
EVS: 0.7665731988785799
