Model: GRU
MSE: 6421.965389290564
MAE: 79.59907551300832
EVS: -7.060040323644463
