Model: GRU
MSE: 3.7662739222494097
MAE: 1.479686358036139
EVS: 0.7306307124722915
