Model: GRU
MSE: 2.73372821991089
MAE: 1.1789161731035283
EVS: 0.7549649085686234
