Model: GRU
MSE: 3.3990760589888396
MAE: 1.2585365711114345
EVS: 0.7113857989949091
