Model: GRU
MSE: 4.850080178048097
MAE: 1.8440190461965709
EVS: 0.7548194275681832
