Model: GRU
MSE: 2279.544636179023
MAE: 47.489068349202476
EVS: -1.2817835233833805
