Model: GRU
MSE: 4.42909738549999
MAE: 1.623437062287942
EVS: 0.7133109860715472
