Model: GRU
MSE: 3.9947312303587252
MAE: 1.4070934637998924
EVS: 0.6473543148688763
