Model: GRU
MSE: 3.011051394702334
MAE: 1.195812469873673
EVS: 0.7319441581296791
