Model: GRU
MSE: 5021.1262882423025
MAE: 69.61671100518642
EVS: -15.376522328748663
