Model: GRU
MSE: 4.166684764748377
MAE: 1.5980827135917468
EVS: 0.6936176594579391
