Model: GRU
MSE: 6.7821086254376635
MAE: 2.118290583292643
EVS: 0.703513797418033
