Model: GRU
MSE: 213.03741398840793
MAE: 14.199502668319605
EVS: -0.07009551407922943
