Model: GRU
MSE: 3.438668693615908
MAE: 1.3248430887858074
EVS: 0.7399040816340641
