Model: GRU
MSE: 3.263543760179799
MAE: 1.2188043594360352
EVS: 0.72694440960593
