Model: GRU
MSE: 2.782463278634214
MAE: 1.1611758990165515
EVS: 0.7606270884525997
