Model: GRU
MSE: 18.554340926981588
MAE: 3.5790930772439027
EVS: -0.7326989318160775
