Model: GRU
MSE: 3.1924544323626547
MAE: 1.389536710885855
EVS: 0.7555340255824469
