Model: GRU
MSE: 6.755770138838449
MAE: 2.2821770203419223
EVS: 0.7373498037673292
