Model: GRU
MSE: 2.8998881506931924
MAE: 1.1670683469527807
EVS: 0.7479339259879076
