Model: GRU
MSE: 235.47386605880618
MAE: 14.95139984289805
EVS: -0.11866725521701671
