Model: GRU
MSE: 693.934060898863
MAE: 26.017480899126102
EVS: -0.5964637832009296
