Model: GRU
MSE: 3.286003262709078
MAE: 1.1625824341407187
EVS: 0.6918648660579492
