Model: GRU
MSE: 2.847330507173293
MAE: 1.1249554462921922
EVS: 0.733617973985136
