Model: GRU
MSE: 3.1053376824063834
MAE: 1.2231072890452848
EVS: 0.7149106704809677
