Model: GRU
MSE: 3.2558791058587606
MAE: 1.2395664973136706
EVS: 0.7249613953449063
