Model: GRU
MSE: 5.380304909636273
MAE: 1.8737781231219952
EVS: 0.6928997730724885
