Model: GRU
MSE: 2.4767661991521748
MAE: 0.9649428587693433
EVS: 0.768394618648208
