Model: GRU
MSE: 3.289918932233161
MAE: 1.3908474139678173
EVS: 0.7315021548258411
