Model: GRU
MSE: 3.5012870787355097
MAE: 1.2815493436960073
EVS: 0.6895642795647807
