Model: GRU
MSE: 3.00672288157498
MAE: 1.1961206656235914
EVS: 0.7455385804797101
