Model: GRU
MSE: 4.218394801708916
MAE: 1.506894466204521
EVS: 0.7126331694858057
