Model: GRU
MSE: 799.5263523466414
MAE: 28.06169013487987
EVS: -0.13164454762478472
