Model: GRU
MSE: 4.641278050183186
MAE: 1.6963883668948443
EVS: 0.7169022419591294
