Model: GRU
MSE: 4.7141842755660335
MAE: 1.7834047782115448
EVS: 0.7551253984395989
