Model: GRU
MSE: 3.2642236598459737
MAE: 1.2313703634800053
EVS: 0.7024725857500461
