Model: GRU
MSE: 2.7790928834296063
MAE: 1.1262903213500974
EVS: 0.7394897957335276
