Model: GRU
MSE: 5.294655286443888
MAE: 1.884950870122665
EVS: 0.6777359181306306
