Model: GRU
MSE: 3.7382290107487686
MAE: 1.3296280885354066
EVS: 0.6858202800050379
