Model: GRU
MSE: 2440.752519833848
MAE: 49.29037534273588
EVS: -0.051329679138204964
