Model: GRU
MSE: 3.2552583606139893
MAE: 1.2948013085585375
EVS: 0.7157314389650891
