Model: GRU
MSE: 3.652095703169449
MAE: 1.2273350006494765
EVS: 0.6676233743857021
