Model: GRU
MSE: 5.2076714255385905
MAE: 1.8080755869547527
EVS: 0.6929218258412229
