Model: GRU
MSE: 3.413128936456353
MAE: 1.2927363835848296
EVS: 0.711701163989575
