Model: GRU
MSE: 2.95007322113465
MAE: 1.175012625180758
EVS: 0.7442969781536277
