Model: GRU
MSE: 1594.2613831452954
MAE: 39.79107235639523
EVS: -0.025122480361499777
