Model: GRU
MSE: 3.3506688760773486
MAE: 1.2410679719386954
EVS: 0.7158732878080459
