Model: GRU
MSE: 2.9466650796190517
MAE: 1.1606804040762093
EVS: 0.7241885158226662
