Model: GRU
MSE: 462.9805822633623
MAE: 21.227355565780247
EVS: -0.16090727730235588
