Model: GRU
MSE: 3.922239698905099
MAE: 1.4250246439224632
EVS: 0.7114276863401972
