Model: GRU
MSE: 5.6680766056737735
MAE: 1.813434062859951
EVS: 0.6124206721667311
