Model: GRU
MSE: 4.520847213807457
MAE: 1.7024135711865547
EVS: 0.6851557690211734
