Model: GRU
MSE: 9.939214111856181
MAE: 2.692947338788937
EVS: 0.6854492948075968
