Model: GRU
MSE: 3.9813606937515282
MAE: 1.3228309826973155
EVS: 0.6368203712564365
