Model: GRU
MSE: 4.607864558663141
MAE: 1.7091831060556264
EVS: 0.7378665362175749
