Model: GRU
MSE: 6.183453333446835
MAE: 2.082907089820275
EVS: 0.731188657920208
