Model: GRU
MSE: 5.141861816678456
MAE: 1.7634640351319923
EVS: 0.6171034545297089
