Model: GRU
MSE: 2.8205018053791853
MAE: 1.1522000386164737
EVS: 0.7369892156748127
