Model: GRU
MSE: 3.7317898503044127
MAE: 1.4783607262831469
EVS: 0.7192680861112193
