Model: GRU
MSE: 3.2032388479971443
MAE: 1.2191563508449457
EVS: 0.7253910342730323
