Model: GRU
MSE: 9.51930316944636
MAE: 2.2389404345781374
EVS: 0.1388856762228421
