Model: GRU
MSE: 270.1632637344314
MAE: 16.01341493313129
EVS: -0.28786182459238874
