Model: GRU
MSE: 4.8354216673119295
MAE: 1.7914159848139837
EVS: 0.7463951426033353
