Model: GRU
MSE: 4.923351551532049
MAE: 1.7942247879810822
EVS: 0.7023488143160118
