Model: GRU
MSE: 4.040223268121245
MAE: 1.3317721440241885
EVS: 0.6270927424757999
