Model: GRU
MSE: 3.446948269445859
MAE: 1.2757807633815665
EVS: 0.6810399577141557
