Model: GRU
MSE: 4647.299719777322
MAE: 66.71975316756811
EVS: -17.3583628207103
