Model: GRU
MSE: 3.275699734183128
MAE: 1.2519575510269556
EVS: 0.7227833996897288
