Model: GRU
MSE: 4.0299900850360135
MAE: 1.5609058477939703
EVS: 0.7299295258719374
