Model: GRU
MSE: 3.368298002121007
MAE: 1.2920728830190806
EVS: 0.7249157602122478
