Model: GRU
MSE: 230.9382567338978
MAE: 14.796325698876993
EVS: -0.12593408590965427
