Model: GRU
MSE: 2.863614259076222
MAE: 1.2255953030708508
EVS: 0.752486142589013
