Model: GRU
MSE: 3.7695109511005738
MAE: 1.3434303479316907
EVS: 0.6923060749981442
