Model: GRU
MSE: 2209.180363801441
MAE: 46.849838159023186
EVS: -0.33842638754219334
