Model: GRU
MSE: 6.322184366651281
MAE: 2.1056720048953323
EVS: 0.6730503932247003
