Model: GRU
MSE: 3.626627580379229
MAE: 1.3756812658065405
EVS: 0.7004531262669256
