Model: GRU
MSE: 3016.0400875624796
MAE: 54.81349524473533
EVS: -0.08034385238968555
