Model: GRU
MSE: 8.539944225955878
MAE: 2.4956623224111705
EVS: 0.7254210593249033
