Model: GRU
MSE: 255.4124601248133
MAE: 15.548205693562826
EVS: -0.28148093155089904
