Model: GRU
MSE: 27.900597732563792
MAE: 4.737392058739295
EVS: 0.03140261553829693
