Model: GRU
MSE: 3.7770429258721254
MAE: 1.3091413057767427
EVS: 0.6458191638023751
