Model: GRU
MSE: 5.642919263258496
MAE: 1.7713311024201221
EVS: 0.6089646867283474
