Model: GRU
MSE: 4.5129532006144535
MAE: 1.7602722339141064
EVS: 0.7188870212843189
