Model: GRU
MSE: 3.9521344826034794
MAE: 1.5200457206139197
EVS: 0.7121846859801038
