Model: GRU
MSE: 3.2141360134557235
MAE: 1.2532098721235225
EVS: 0.7288347692735535
