Model: GRU
MSE: 6.727042335174911
MAE: 1.8553952192648864
EVS: 0.43328834640224256
