Model: GRU
MSE: 2.699637390719031
MAE: 1.1774182686438928
EVS: 0.7660637637771225
