Model: GRU
MSE: 3.15169253425758
MAE: 1.1830576749948354
EVS: 0.7057802584988198
