Model: GRU
MSE: 3.204479272682524
MAE: 1.2380109200110803
EVS: 0.7035881455685287
