Model: GRU
MSE: 3.093010865083969
MAE: 1.4563034936493517
EVS: 0.767277533060521
