Model: GRU
MSE: 3.108484316935065
MAE: 1.1679318868196928
EVS: 0.738858642139564
