Model: GRU
MSE: 2077.8472316653256
MAE: 45.47026066902356
EVS: 0.033890586433661385
