Model: GRU
MSE: 2.7283829050003385
MAE: 1.0760105206416202
EVS: 0.7475920052243172
