Model: GRU
MSE: 3.012967871041662
MAE: 1.198307257432204
EVS: 0.7518619152785333
