Model: GRU
MSE: 3.102806390630575
MAE: 1.2081974225166516
EVS: 0.7440513907154974
