Model: GRU
MSE: 3.3464243412427024
MAE: 1.3234727932856634
EVS: 0.7354114028353959
