Model: GRU
MSE: 838.2069252047539
MAE: 28.711297842172478
EVS: -0.3004738880458213
