Model: GRU
MSE: 232.4612999217064
MAE: 14.84252671400706
EVS: -0.14034683800982029
