Model: GRU
MSE: 3.046953947254975
MAE: 1.1131288944146571
EVS: 0.7145876255935205
