Model: GRU
MSE: 3.1390306402306747
MAE: 1.1833209502391324
EVS: 0.7215416561172419
