Model: GRU
MSE: 1390.9790959532263
MAE: 36.78703459715232
EVS: -2.5346072172158647
