Model: GRU
MSE: 4.176205377079568
MAE: 1.5350089929042718
EVS: 0.7078031187805107
