Model: GRU
MSE: 3.011051162828899
MAE: 1.2677547748272235
EVS: 0.7351005634739189
