Model: GRU
MSE: 2.5563497567547806
MAE: 1.1237670947343876
EVS: 0.7643580644485752
