Model: GRU
MSE: 5.16475644544613
MAE: 1.737640747657189
EVS: 0.62025696634037
