Model: GRU
MSE: 2.999929922291118
MAE: 1.2303264202215733
EVS: 0.7612048681102771
