Model: GRU
MSE: 295.9425269020056
MAE: 16.810480484595665
EVS: -0.2518967260734031
