Model: GRU
MSE: 1775.5834128640713
MAE: 41.947273009862656
EVS: -0.5012795035808406
