Model: GRU
MSE: 7.497742812384458
MAE: 2.3166419053689027
EVS: 0.7107945402391889
