Model: GRU
MSE: 8.236677176810865
MAE: 2.287074089050293
EVS: 0.615959125455088
