Model: GRU
MSE: 3.0339351833770887
MAE: 1.2257734200893302
EVS: 0.7215774181951742
