Model: GRU
MSE: 10074.554822613956
MAE: 100.31463427421374
EVS: -0.08110776824822707
