Model: GRU
MSE: 9.873736118457368
MAE: 2.6384266584347458
EVS: 0.17632082032258423
