Model: GRU
MSE: 3.819663921642953
MAE: 1.3320870888538847
EVS: 0.650311022470643
