Model: GRU
MSE: 2.9139910556750217
MAE: 1.1513220958220654
EVS: 0.7380273506670301
