Model: GRU
MSE: 3.9210407708598995
MAE: 1.5841314120170398
EVS: 0.7319875093282218
