Model: GRU
MSE: 4.28181956933643
MAE: 1.656947135925293
EVS: 0.7166200098074074
