Model: GRU
MSE: 4.059035144347017
MAE: 1.4467138265952086
EVS: 0.6467852045835457
