Model: GRU
MSE: 3.3045749369353885
MAE: 1.2302628052540312
EVS: 0.701333526232284
