Model: GRU
MSE: 1345.254575748516
MAE: 36.376794717250725
EVS: -1.0614502953188296
