Model: GRU
MSE: 2.2391028787772376
MAE: 0.9638028633900176
EVS: 0.7901434572654247
