Model: GRU
MSE: 2.9039274384403173
MAE: 1.1025655086223893
EVS: 0.7353745414031811
