Model: GRU
MSE: 2.9392804107898804
MAE: 1.1135090558956828
EVS: 0.7252944569690052
