Model: GRU
MSE: 2697.0102674436753
MAE: 51.79210760654547
EVS: -0.36794887009642463
