Model: GRU
MSE: 11.593930605046365
MAE: 3.0310040009327426
EVS: -0.007979061613152538
