Model: GRU
MSE: 4.278941769632976
MAE: 1.3729494779537883
EVS: 0.5988601385455419
