Model: GRU
MSE: 3.129073953803801
MAE: 1.293180111127022
EVS: 0.7685043093582451
