Model: GRU
MSE: 2.5371990654209635
MAE: 1.0060683641678245
EVS: 0.7639981383582947
