Model: GRU
MSE: 2.710181000859999
MAE: 1.3115604596260266
EVS: 0.8008094488724185
