Model: GRU
MSE: 3.460369869660593
MAE: 1.2304869309449806
EVS: 0.6816247304577732
