Model: GRU
MSE: 3.0179202394971325
MAE: 1.2612654123550806
EVS: 0.742432717996631
