Model: GRU
MSE: 3.510008296161726
MAE: 1.335170220106076
EVS: 0.7394048780311866
