Model: GRU
MSE: 3.415689835571775
MAE: 1.2510642760839217
EVS: 0.7031134805147907
