Model: GRU
MSE: 7.367671943020673
MAE: 2.353209458864652
EVS: 0.6887895121057148
