Model: GRU
MSE: 3.4134500726169996
MAE: 1.3529758331103203
EVS: 0.7592733846457369
