Model: GRU
MSE: 2.86059030855146
MAE: 1.1023982854989858
EVS: 0.7330439037127086
