Model: GRU
MSE: 3.1377196561448155
MAE: 1.2317887575198443
EVS: 0.7254701746966292
