Model: GRU
MSE: 240.94366026329678
MAE: 15.127514406656607
EVS: -0.13483930582453896
