Model: GRU
MSE: 2.8103568216752888
MAE: 1.116226037343343
EVS: 0.7389357359319045
