Model: GRU
MSE: 2.9287693139110322
MAE: 1.2101980845133462
EVS: 0.7364794727439236
