Model: GRU
MSE: 3.582854742757099
MAE: 1.2891521209325545
EVS: 0.7321981100645616
