Model: GRU
MSE: 4.013504524554323
MAE: 1.629991360199757
EVS: 0.7523421227401073
