Model: GRU
MSE: 58.56454493050865
MAE: 6.9207239884596605
EVS: -0.029080299588764458
