Model: GRU
MSE: 2.5069132949185158
MAE: 1.0676597937559469
EVS: 0.7777145059479215
