Model: GRU
MSE: 2.9815982282037177
MAE: 1.184543951963767
EVS: 0.750513391023818
