Model: GRU
MSE: 2.815447900359606
MAE: 1.2892242693433578
EVS: 0.7762445196780506
