Model: GRU
MSE: 2.5202272082084765
MAE: 1.0775867853409202
EVS: 0.7656053896094688
