Model: GRU
MSE: 224.5971815556314
MAE: 14.619156151245802
EVS: -0.02001288694752179
