Model: GRU
MSE: 2.86186384131753
MAE: 1.0799125157869778
EVS: 0.7357999953194494
