Model: GRU
MSE: 2.752051089461124
MAE: 1.0861632518279247
EVS: 0.7592878020870503
