Model: GRU
MSE: 3.2264019806954627
MAE: 1.188371731684758
EVS: 0.7132824309498855
