Model: GRU
MSE: 2.6096630414064905
MAE: 1.0322604301648262
EVS: 0.7595830366325637
