Model: GRU
MSE: 3.0252853287037307
MAE: 1.1178043683369954
EVS: 0.7169498231742942
