Model: GRU
MSE: 2.66779258827574
MAE: 1.0299546657464442
EVS: 0.7548585811488417
