Model: GRU
MSE: 216.12503054099076
MAE: 14.310341566036909
EVS: -0.06330791969246774
