Model: GRU
MSE: 8458.663465982587
MAE: 91.91754385141226
EVS: 0.07834167547050108
