Model: GRU
MSE: 6.257459880285815
MAE: 2.099081222827618
EVS: 0.7026562383266308
