Model: GRU
MSE: 3.3564289247287413
MAE: 1.1851635223779922
EVS: 0.69620657445101
