Model: GRU
MSE: 2.7791497660251205
MAE: 1.1618214753957896
EVS: 0.7519157184313917
