Model: GRU
MSE: 2.7104779678506983
MAE: 1.1488904586205115
EVS: 0.7672090102604773
