Model: GRU
MSE: 2.5891913291738353
MAE: 1.0871886595701559
EVS: 0.7586613902673387
