Model: GRU
MSE: 3691.5370280469397
MAE: 60.66817180926983
EVS: -0.023060737146149535
