Model: GRU
MSE: 3.0349885068788764
MAE: 1.2263620327680538
EVS: 0.7457876875565885
