Model: GRU
MSE: 2.9883922425258733
MAE: 1.253096776130872
EVS: 0.7408173144225163
