Model: GRU
MSE: 2.6223648583659904
MAE: 1.0807077089945474
EVS: 0.7540990642214846
