Model: GRU
MSE: 3.6419154684242403
MAE: 1.2972193742409728
EVS: 0.6747189979333049
