Model: GRU
MSE: 2.908911213453282
MAE: 1.1313477662893443
EVS: 0.7355805110644865
