Model: GRU
MSE: 3.1403173611055624
MAE: 1.1378382658347104
EVS: 0.7096880669534131
