Model: GRU
MSE: 592.0280369181421
MAE: 23.954355716705322
EVS: -0.7082535841531097
