Model: GRU
MSE: 3.6234432481427827
MAE: 1.43044463182107
EVS: 0.7359690249463222
