Model: GRU
MSE: 2.608960687604849
MAE: 1.0171832549266324
EVS: 0.7566624072995994
