Model: GRU
MSE: 3.4586395258559195
MAE: 1.3414536989652193
EVS: 0.7371554169364991
