Model: GRU
MSE: 3.8317520805718366
MAE: 1.3359979238265598
EVS: 0.6406894150836506
