Model: GRU
MSE: 3.4761232667321598
MAE: 1.2636042619362855
EVS: 0.6949238403374761
