Model: GRU
MSE: 3.0472552672602498
MAE: 1.231496908725836
EVS: 0.726690327455442
