Model: GRU
MSE: 2257.9176934452917
MAE: 47.40843396309094
EVS: 0.028690280291709613
