Model: GRU
MSE: 2.8218493264939806
MAE: 1.0710678956447501
EVS: 0.7425315827942572
