Model: GRU
MSE: 251.23105309581368
MAE: 15.503773065713736
EVS: -0.01875809397475159
