Model: GRU
MSE: 3.204423087206163
MAE: 1.2448996152633276
EVS: 0.7302140395470138
