Model: GRU
MSE: 5.229689894393953
MAE: 1.8246826514219627
EVS: 0.7146125485972938
