Model: GRU
MSE: 6.699624554714434
MAE: 2.1313290962806115
EVS: 0.7318273234962194
