Model: GRU
MSE: 3.6913371071582444
MAE: 1.28407290042975
EVS: 0.6943546254718351
