Model: GRU
MSE: 4.83065603585764
MAE: 1.6190213912572615
EVS: 0.6270813636593402
