Model: GRU
MSE: 3.4133368762983616
MAE: 1.289830268957676
EVS: 0.7259103728380916
