Model: GRU
MSE: 2.8092609147617895
MAE: 1.106688474997496
EVS: 0.7374817908823451
