Model: GRU
MSE: 3.8734294773560296
MAE: 1.5163467602852063
EVS: 0.7554645036113279
