Model: GRU
MSE: 3.175328367707495
MAE: 1.2421087729625213
EVS: 0.7456311726897555
