Model: GRU
MSE: 6.158081491408268
MAE: 1.9657074121328502
EVS: 0.6863446570653129
