Model: GRU
MSE: 21.299482042677784
MAE: 4.089027624863845
EVS: 0.016723975883151887
