Model: GRU
MSE: 2.9873161263825136
MAE: 1.1512496899335811
EVS: 0.7201361798552195
