Model: GRU
MSE: 1126.9147819185876
MAE: 33.31581599895771
EVS: -0.5914410773340621
