Model: GRU
MSE: 2.5511586384482077
MAE: 1.0596846433786244
EVS: 0.7609077822799174
