Model: GRU
MSE: 3.1832505751642066
MAE: 1.2594914191808455
EVS: 0.7270676972213324
