Model: GRU
MSE: 5.769808071889154
MAE: 1.6686268830910707
EVS: 0.5117595879981189
