Model: GRU
MSE: 3.3150702804461956
MAE: 1.2706127533545861
EVS: 0.7188975544232934
