Model: GRU
MSE: 230.35983061968074
MAE: 14.81809332431891
EVS: -0.011243775281424728
