Model: GRU
MSE: 4.101763579231124
MAE: 1.6708088777004144
EVS: 0.7471862866228591
