Model: GRU
MSE: 1628.4145789408394
MAE: 40.1968931051401
EVS: -0.18382596106658688
