Model: GRU
MSE: 4.074202642747794
MAE: 1.6068110832801232
EVS: 0.7493746971474133
