Model: GRU
MSE: 5.296227346044663
MAE: 1.8347679040370843
EVS: 0.6908093059433715
