Model: GRU
MSE: 2.8592616668336928
MAE: 1.1169835115090394
EVS: 0.7602441867939841
