Model: GRU
MSE: 14.753682662283563
MAE: 3.4185205606313853
EVS: -0.013889635931029876
