Model: GRU
MSE: 4.411504505674865
MAE: 1.631093367552146
EVS: 0.7233581760237934
