Model: GRU
MSE: 3.272456952222368
MAE: 1.411573935777713
EVS: 0.7519840271014493
