Model: GRU
MSE: 2.495914934964642
MAE: 1.021971054566212
EVS: 0.7685378909908086
