Model: GRU
MSE: 3.1389260180084273
MAE: 1.2255047773703551
EVS: 0.7551162136958244
