Model: GRU
MSE: 363.7168099296611
MAE: 18.821883446130997
EVS: 0.11351455069359273
