Model: GRU
MSE: 3.9655228299013903
MAE: 1.476613631615272
EVS: 0.7001503450578994
