Model: GRU
MSE: 2.8178661371191707
MAE: 1.0319925454946663
EVS: 0.7366590442768813
