Model: GRU
MSE: 225.70566837364458
MAE: 14.64238758576222
EVS: -0.060213346506949206
