Model: GRU
MSE: 2.601070750746809
MAE: 1.008119387504382
EVS: 0.7575048903847109
