Model: GRU
MSE: 4.720420373919196
MAE: 1.6808807788751063
EVS: 0.712209839272421
