Model: GRU
MSE: 3.295713725156992
MAE: 1.2778033843407264
EVS: 0.7565472485432956
