Model: GRU
MSE: 304.09507836235775
MAE: 17.032802153856327
EVS: -0.31082904050964544
