Model: GRU
MSE: 3.7917900577321735
MAE: 1.517214665046105
EVS: 0.7444676232262214
