Model: GRU
MSE: 4.2353802603928745
MAE: 1.5207159580328526
EVS: 0.702201460439943
