Model: GRU
MSE: 4.554411068749546
MAE: 1.708285894149389
EVS: 0.7425924724385263
