Model: GRU
MSE: 9.959485125311797
MAE: 2.1400923362145057
EVS: 0.28520890041752167
