Model: GRU
MSE: 4.1775098905512165
MAE: 1.6268730163574219
EVS: 0.7402419205987942
