Model: GRU
MSE: 3448.9726114746477
MAE: 58.63321490165515
EVS: -0.04263722648885504
