Model: GRU
MSE: 1458.626148938267
MAE: 37.877219860370346
EVS: -1.2451502180941416
