Model: GRU
MSE: 3.84360855117906
MAE: 1.5017026509994116
EVS: 0.7353692961039004
