Model: GRU
MSE: 3.481017183626735
MAE: 1.3468229220463679
EVS: 0.7261010128013117
