Model: GRU
MSE: 4.667401583807239
MAE: 1.6035123727260492
EVS: 0.6948197915405793
