Model: GRU
MSE: 7.524780565925094
MAE: 2.326654703189165
EVS: 0.6467084780926732
