Model: GRU
MSE: 4.091488012327759
MAE: 1.6107490001580653
EVS: 0.7533429333542155
