Model: GRU
MSE: 6.629944916945601
MAE: 2.184151747287848
EVS: 0.7110089413193432
