Model: GRU
MSE: 1015.2987485891402
MAE: 31.68059965280386
EVS: -0.09136478302354911
