Model: GRU
MSE: 922.742063880747
MAE: 30.086869068634815
EVS: -0.643127628572042
