Model: GRU
MSE: 1514.101183867259
MAE: 38.20020678104498
EVS: -4.14302291799022
