Model: GRU
MSE: 5.149805904809175
MAE: 1.952269529684996
EVS: 0.7152516127855095
