Model: GRU
MSE: 3.767576365261518
MAE: 1.5570927155323517
EVS: 0.7140277654595868
