Model: GRU
MSE: 3.0057842553720744
MAE: 1.2118883255200508
EVS: 0.7353881357495738
