Model: GRU
MSE: 230.22539886871158
MAE: 14.818441305405054
EVS: 0.002329387203956257
