Model: GRU
MSE: 3.271699418790329
MAE: 1.2142539880214593
EVS: 0.70422148114889
