Model: GRU
MSE: 986.9475678683174
MAE: 31.2185784364358
EVS: -0.1579037551442477
