Model: GRU
MSE: 3.0152226513897764
MAE: 1.2322311645899064
EVS: 0.7857709711446549
