Model: GRU
MSE: 2.9918004809507033
MAE: 1.1952264247796474
EVS: 0.7356877545835667
