Model: GRU
MSE: 7.851444327322472
MAE: 2.2462632594964442
EVS: 0.6590170960893231
