Model: GRU
MSE: 268.41039192087516
MAE: 15.968013066511888
EVS: -0.259649685947684
