Model: GRU
MSE: 2.4010128658511913
MAE: 1.1208466642043171
EVS: 0.7787281102573055
