Model: GRU
MSE: 245.8411553233725
MAE: 15.26077685600672
EVS: -0.21434737104675783
