Model: GRU
MSE: 2.5394142365372567
MAE: 1.0601051770723782
EVS: 0.7621315014455031
