Model: GRU
MSE: 3.0265554565974706
MAE: 1.2418101628621419
EVS: 0.7307928174993974
