Model: GRU
MSE: 3.3640623452834815
MAE: 1.3568356098272862
EVS: 0.7361982576101813
