Model: GRU
MSE: 17.862619235538148
MAE: 3.7305269485864883
EVS: -0.014437389243181498
