Model: GRU
MSE: 3.0726928834315403
MAE: 1.1993308311853654
EVS: 0.7370997311887307
