Model: GRU
MSE: 2.7365758169446504
MAE: 1.0748665760724971
EVS: 0.7530864317679243
