Model: GRU
MSE: 3.1578896000079126
MAE: 1.1625422697800853
EVS: 0.7039899992447145
