Model: GRU
MSE: 663.2764747837205
MAE: 25.517821923280373
EVS: -0.13627130911176866
