Model: GRU
MSE: 3.924900261630728
MAE: 1.4487093901022887
EVS: 0.7237041619468918
