Model: GRU
MSE: 729.4822617011573
MAE: 26.66228299263196
EVS: -0.7446420750129568
