Model: GRU
MSE: 8.216396851616494
MAE: 2.5153158750289526
EVS: 0.7253146517488385
