Model: GRU
MSE: 3.7568995535398346
MAE: 1.4566327853080554
EVS: 0.73976831931112
