Model: GRU
MSE: 4.053534128180725
MAE: 1.6215275128682454
EVS: 0.7425617997833618
