Model: GRU
MSE: 2.8068311649833086
MAE: 1.0926025341718624
EVS: 0.7368065694216018
