Model: GRU
MSE: 5.418201130925993
MAE: 1.8801040649414062
EVS: 0.6732076633682043
