Model: GRU
MSE: 2.94646376418921
MAE: 1.1527423614110701
EVS: 0.7498078646721242
