Model: GRU
MSE: 3.9680759801115584
MAE: 1.5905946829380133
EVS: 0.7238936691381945
