Model: GRU
MSE: 2.931840511855398
MAE: 1.1889274425995655
EVS: 0.7528631851233832
