Model: GRU
MSE: 245.2984107732777
MAE: 15.283232679733864
EVS: -0.09913439259106038
