Model: GRU
MSE: 2.538125627026672
MAE: 1.0583836237589517
EVS: 0.7644957532147686
