Model: GRU
MSE: 3135.2671314238837
MAE: 55.89343711657402
EVS: -0.049397982263447826
