Model: GRU
MSE: 3.107396899629887
MAE: 1.1514550233498595
EVS: 0.7108135804715292
