Model: GRU
MSE: 4.350853683031321
MAE: 1.480090850438827
EVS: 0.6375269553593758
