Model: GRU
MSE: 325.93377176934325
MAE: 17.720371117958656
EVS: -0.11798368805019477
