Model: GRU
MSE: 3.4260276445508486
MAE: 1.4631656255477514
EVS: 0.7485147390112685
