Model: GRU
MSE: 475.8379238844379
MAE: 21.50998438321627
EVS: -0.2339131928130611
