Model: GRU
MSE: 4.000897938469793
MAE: 1.5978207710461738
EVS: 0.7826245455854666
