Model: GRU
MSE: 3.297805889173711
MAE: 1.219762264153896
EVS: 0.7048110277336838
