Model: GRU
MSE: 3.0959504921946066
MAE: 1.1857403853000736
EVS: 0.7117724544725825
