Model: GRU
MSE: 4.430000803456981
MAE: 1.5797871565207458
EVS: 0.6912110831454377
