Model: GRU
MSE: 3.8096928941427213
MAE: 1.4443212166810646
EVS: 0.6940933708563959
