Model: GRU
MSE: 2.685405470889632
MAE: 1.0511306615976186
EVS: 0.7491298657298495
