Model: GRU
MSE: 2.5218547352106158
MAE: 1.0205563276241985
EVS: 0.764454967540249
