Model: GRU
MSE: 4.07098826670004
MAE: 1.4734578254895332
EVS: 0.6590669667602376
