Model: GRU
MSE: 3569.9315608782867
MAE: 59.6227897252792
EVS: -0.4117080155033064
