Model: GRU
MSE: 1885.8516558453125
MAE: 43.31198599399664
EVS: 0.06944009378231675
