Model: GRU
MSE: 2.919888348376645
MAE: 1.191715827355018
EVS: 0.7310230988132459
