Model: GRU
MSE: 2455.431594824586
MAE: 49.41539236215445
EVS: -0.27068133300053
