Model: GRU
MSE: 4.000375995657949
MAE: 1.5745711693396935
EVS: 0.7210772609532761
