Model: GRU
MSE: 3.0893282123934522
MAE: 1.2285894369467711
EVS: 0.7476219686447516
