Model: GRU
MSE: 212.3036947735928
MAE: 14.155087477121597
EVS: -0.11938785400760832
