Model: GRU
MSE: 426.37049748099173
MAE: 20.31750614215166
EVS: -0.27244887431991005
