Model: GRU
MSE: 261.3005224362174
MAE: 15.79177058660067
EVS: -0.11782286388970808
