Model: GRU
MSE: 4.798450425269905
MAE: 1.7419356443943121
EVS: 0.7133363495245651
