Model: GRU
MSE: 29.606084771935528
MAE: 4.9075260651417265
EVS: 0.006363218823072114
