Model: GRU
MSE: 16.17927179288353
MAE: 2.8345999106382713
EVS: -0.37963298009947866
