Model: GRU
MSE: 3.0991340392702282
MAE: 1.2427977170699682
EVS: 0.7205304755047828
