Model: GRU
MSE: 2.7165993673249123
MAE: 1.0384453015449717
EVS: 0.747361574678169
