Model: GRU
MSE: 390.3054185874574
MAE: 19.43925219315749
EVS: -0.1647458622282676
