Model: GRU
MSE: 2042.650136335482
MAE: 45.05060088328826
EVS: -0.2278180030466963
