Model: GRU
MSE: 2.753894151455987
MAE: 1.1093765894571939
EVS: 0.7438179811230352
