Model: GRU
MSE: 262.0690658509377
MAE: 15.769237301288507
EVS: -0.25658050655991826
