Model: GRU
MSE: 3.483616645721742
MAE: 1.349377644367707
EVS: 0.7283194676192719
