Model: GRU
MSE: 30.01360427157553
MAE: 4.9429102677565355
EVS: 0.0
