Model: GRU
MSE: 2.1649046850098856
MAE: 0.987282846488205
EVS: 0.7869435239682365
