Model: GRU
MSE: 3.9380196813032717
MAE: 1.4156109125186236
EVS: 0.6989283656556632
