Model: GRU
MSE: 2.500111169755352
MAE: 1.089324706639999
EVS: 0.7689322596391202
