Model: GRU
MSE: 3.860524487397923
MAE: 1.546792935102414
EVS: 0.7341488375189713
