Model: GRU
MSE: 3.044961187379822
MAE: 1.1677455657567732
EVS: 0.7179058599585832
