Model: GRU
MSE: 5.278880432488478
MAE: 1.8471623200636644
EVS: 0.7311581776247483
