Model: GRU
MSE: 2.8308521145244265
MAE: 1.0887752435146232
EVS: 0.7345590595920586
