Model: GRU
MSE: 3.237370600475112
MAE: 1.1753645310035117
EVS: 0.6967305160226499
