Model: GRU
MSE: 2.9946254490758593
MAE: 1.3420860828497472
EVS: 0.7769625570052932
