Model: GRU
MSE: 3.1318940645096043
MAE: 1.2232778744819837
EVS: 0.7361440037560789
