Model: GRU
MSE: 224.559687416388
MAE: 14.552946298550337
EVS: -0.1976179064274255
