Model: GRU
MSE: 2012.6684636882821
MAE: 44.5417625950832
EVS: -2.3191776895770544
