Model: GRU
MSE: 3.0070077992637865
MAE: 1.195415912530361
EVS: 0.7526571198828512
