Model: GRU
MSE: 4.050291574849189
MAE: 1.5614192546942296
EVS: 0.700428330927535
