Model: GRU
MSE: 3.6204427838733673
MAE: 1.3651534227224498
EVS: 0.6984598849184398
