Model: GRU
MSE: 3.435030947666162
MAE: 1.4044311963594878
EVS: 0.7661021109424901
