Model: GRU
MSE: 3.5663176531335785
MAE: 1.2256849117768114
EVS: 0.6681787980560646
