Model: GRU
MSE: 1810.8940561852617
MAE: 42.41762004754482
EVS: -0.09147838535839226
