Model: GRU
MSE: 2.859905501818257
MAE: 1.1469363432664135
EVS: 0.7456035197885655
