Model: GRU
MSE: 1227.7293127717335
MAE: 34.87185209225385
EVS: -0.09557427709851418
