Model: GRU
MSE: 2.786934729442277
MAE: 1.0789590126428847
EVS: 0.740008249760631
