Model: GRU
MSE: 3.5190920065446645
MAE: 1.369449713291266
EVS: 0.7195428438052203
