Model: GRU
MSE: 1220.7842024184433
MAE: 34.6210513481727
EVS: -1.0786693017094366
