Model: GRU
MSE: 5.25627197951419
MAE: 1.8796422420403895
EVS: 0.7190299414202822
