Model: GRU
MSE: 3108.6373455415915
MAE: 55.530234997089096
EVS: -1.3471736957695661
