Model: GRU
MSE: 2781.325425451924
MAE: 52.66930360060472
EVS: 0.3182803282280702
