Model: GRU
MSE: 4.208231140036255
MAE: 1.6336537996927898
EVS: 0.7279159419118277
