Model: GRU
MSE: 222.51403792620198
MAE: 14.531239011348822
EVS: -0.06499357749879864
