Model: GRU
MSE: 3700.1563118744257
MAE: 60.758917588454025
EVS: 0.20196774455931965
