Model: GRU
MSE: 3.1236631686318113
MAE: 1.1758916439154208
EVS: 0.7131996172585884
