Model: GRU
MSE: 3.171368585847584
MAE: 1.1855213214189577
EVS: 0.7261137861809295
