Model: GRU
MSE: 2.726285952469162
MAE: 1.0613832596020818
EVS: 0.7443533399340627
