Model: GRU
MSE: 3.954826320917326
MAE: 1.3853099040496044
EVS: 0.6370580096625199
