Model: GRU
MSE: 5.3421689388580065
MAE: 1.5803860884446361
EVS: 0.5625081094806945
