Model: GRU
MSE: 4.758092102486507
MAE: 1.6924814199789977
EVS: 0.7177325559539105
