Model: GRU
MSE: 8261.605715481706
MAE: 90.83529565273187
EVS: 0.010245431186350018
