Model: GRU
MSE: 2.7350520863029852
MAE: 1.1707429396800506
EVS: 0.7667318388008857
