Model: GRU
MSE: 4.306447718070172
MAE: 1.635832199683556
EVS: 0.7556718523371262
