Model: GRU
MSE: 8141.004841555856
MAE: 90.17704029572316
EVS: 0.14607899289061566
