Model: GRU
MSE: 4.262574339359728
MAE: 1.7522332484905536
EVS: 0.7631994357988281
