Model: GRU
MSE: 7.025783580892207
MAE: 2.2686381340026855
EVS: 0.6773897987315598
