Model: GRU
MSE: 17.836806795250034
MAE: 3.709170561570388
EVS: 0.0
