Model: GRU
MSE: 5.141349117993086
MAE: 1.7004881638746996
EVS: 0.6439823279333525
