Model: GRU
MSE: 3.1031354149574653
MAE: 1.217729287269788
EVS: 0.7403557652408548
