Model: GRU
MSE: 547.0655211497951
MAE: 23.052111527858635
EVS: -0.4690192395708781
