Model: GRU
MSE: 3.1292612734540586
MAE: 1.1930901209513347
EVS: 0.7356767191936083
