Model: GRU
MSE: 3.0560581234701827
MAE: 1.2238020285581932
EVS: 0.7482413563639199
