Model: GRU
MSE: 5.580473591935467
MAE: 1.913363530085637
EVS: 0.6859648010670921
