Model: GRU
MSE: 3.519785441716265
MAE: 1.4562733234503331
EVS: 0.7347689343547739
