Model: GRU
MSE: 938.4863328822295
MAE: 30.21452429355719
EVS: -1.3976712602299206
