Model: GRU
MSE: 3.1585837019706906
MAE: 1.1805023535704
EVS: 0.7215512206715906
