Model: GRU
MSE: 4.029060486763594
MAE: 1.6045627471728203
EVS: 0.7605114075801604
