Model: GRU
MSE: 3.5094152100749714
MAE: 1.4033321478427985
EVS: 0.7424409403064065
