Model: GRU
MSE: 4.488758611266492
MAE: 1.7025238550626314
EVS: 0.7331941956113249
