Model: GRU
MSE: 2748.701074815791
MAE: 52.27780611087115
EVS: -0.4752446300234652
