Model: GRU
MSE: 2.8975615355073394
MAE: 1.092889211116693
EVS: 0.7380709018309167
