Model: GRU
MSE: 423.64619373848353
MAE: 20.250552617586575
EVS: -0.27168657164607857
