Model: GRU
MSE: 2.933290629403274
MAE: 1.1213560837965744
EVS: 0.7336142380478002
