Model: GRU
MSE: 3.936419479328507
MAE: 1.5788783048972106
EVS: 0.7348047596244066
