Model: GRU
MSE: 2.9683936694835213
MAE: 1.1452559813474996
EVS: 0.7345382989272318
