Model: GRU
MSE: 249.86544489759072
MAE: 15.415037778707651
EVS: -0.14797570447968678
