Model: GRU
MSE: 2.996991805351113
MAE: 1.0834976832071939
EVS: 0.7203784118207919
