Model: GRU
MSE: 2.695362310017268
MAE: 1.0519492075993462
EVS: 0.748609895472679
