Model: GRU
MSE: 224.9793167825062
MAE: 14.596991468698551
EVS: -0.11657124300999877
