Model: GRU
MSE: 3.995317811756514
MAE: 1.573051440410125
EVS: 0.7250021427514288
