Model: GRU
MSE: 8.505450409351333
MAE: 2.5355604000580616
EVS: 0.6757868202017939
