Model: GRU
MSE: 3.561108449907847
MAE: 1.5559084598834698
EVS: 0.7382082028711631
