Model: GRU
MSE: 3713.623619613148
MAE: 60.80776556944236
EVS: -0.5040520150861512
