Model: GRU
MSE: 4184.797819028906
MAE: 64.57249284401918
EVS: -0.4245062350613029
