Model: GRU
MSE: 9.074408612032316
MAE: 2.5736997555463743
EVS: 0.31289129120195314
