Model: GRU
MSE: 4.580155399921043
MAE: 1.6326844019767566
EVS: 0.6981259992561892
