Model: GRU
MSE: 3.569130164412993
MAE: 1.3047047150440703
EVS: 0.6666501589909082
