Model: GRU
MSE: 3.4165220383730706
MAE: 1.2874124967134917
EVS: 0.7140791732732331
