Model: GRU
MSE: 4.052259595614672
MAE: 1.6121469399867914
EVS: 0.7380365558137045
