Model: GRU
MSE: 2.733205405733752
MAE: 1.1217796007792153
EVS: 0.7591640259963586
