Model: GRU
MSE: 2.7801651551869657
MAE: 1.1153536454225197
EVS: 0.7666617749123582
