Model: GRU
MSE: 1780.9177469615
MAE: 42.00721853207319
EVS: -0.5295650642159899
