Model: GRU
MSE: 4.925658711194126
MAE: 1.7667261270376353
EVS: 0.7432337328341767
