Model: GRU
MSE: 2.984357443913163
MAE: 1.2371041469084911
EVS: 0.7342078006096584
