Model: GRU
MSE: 226.65597058913352
MAE: 14.686048856148354
EVS: -0.02924809538833717
