Model: GRU
MSE: 4.53341503094674
MAE: 1.714962274600298
EVS: 0.7379100706373598
