Model: GRU
MSE: 4.608224740770445
MAE: 1.6889432393587553
EVS: 0.720479408097406
