Model: GRU
MSE: 3.1521837440188665
MAE: 1.226800331702599
EVS: 0.7285704354877309
