Model: GRU
MSE: 12.663057223391474
MAE: 2.4040333185440454
EVS: 0.03403396484590959
