Model: GRU
MSE: 2.124940981234798
MAE: 0.8975417430584246
EVS: 0.8007550626521389
