Model: GRU
MSE: 3.2201132439828863
MAE: 1.238718937604855
EVS: 0.707748500349441
