Model: GRU
MSE: 3.550281042461531
MAE: 1.3357052191709862
EVS: 0.7101084506271801
