Model: GRU
MSE: 1288.7739807197113
MAE: 35.40506954682179
EVS: -2.3059742484481256
