Model: GRU
MSE: 2.7531909107201673
MAE: 1.0638455488742924
EVS: 0.745075182144295
