Model: GRU
MSE: 3.7023149753421616
MAE: 1.4085800219804814
EVS: 0.7358165628271303
