Model: GRU
MSE: 6.5571764739752325
MAE: 2.2413520079392653
EVS: 0.738245367524651
