Model: GRU
MSE: 1316.5679720248108
MAE: 36.14343574719551
EVS: 0.04163642833431924
