Model: GRU
MSE: 3.572809865028811
MAE: 1.3883925584646373
EVS: 0.7561898887696519
