Model: GRU
MSE: 3.353675135654622
MAE: 1.3069111017080455
EVS: 0.7469406466172779
