Model: GRU
MSE: 4.337138994207256
MAE: 1.5777669197473772
EVS: 0.7258788618013167
