Model: GRU
MSE: 3.537627337860728
MAE: 1.4462878153874323
EVS: 0.73718961277408
