Model: GRU
MSE: 946.2652698602391
MAE: 30.573568833179962
EVS: -0.08046876242251622
