Model: GRU
MSE: 3.3665239405660863
MAE: 1.2463333178789187
EVS: 0.6930039787270245
