Model: GRU
MSE: 6.984018862398465
MAE: 2.2079806450085764
EVS: 0.717379634163977
