Model: GRU
MSE: 3.505766455586662
MAE: 1.2766829026051056
EVS: 0.6726543175125084
