Model: GRU
MSE: 4.73651466545095
MAE: 1.5799610431377704
EVS: 0.6883761269282827
