Model: GRU
MSE: 2.654373361154937
MAE: 1.1301574462499373
EVS: 0.7687442799487647
