Model: GRU
MSE: 7.561619030134638
MAE: 2.3882819566971216
EVS: 0.6383150066429315
