Model: GRU
MSE: 225.11389169555122
MAE: 14.597466468811035
EVS: -0.1278903658058057
