Model: GRU
MSE: 3.18857755047242
MAE: 1.280760117066212
EVS: 0.7225983657809962
