Model: GRU
MSE: 2.8354922071533295
MAE: 1.2179888945359447
EVS: 0.7549824321830684
