Model: GRU
MSE: 2.9989806154598146
MAE: 1.2957038023532965
EVS: 0.7627054551139671
