Model: GRU
MSE: 2.7914126136605453
MAE: 1.1570146634028506
EVS: 0.754307198728235
