Model: GRU
MSE: 3.108773041438226
MAE: 1.1327060430477824
EVS: 0.7105091929478877
