Model: GRU
MSE: 7.396074512798337
MAE: 2.31334603138459
EVS: 0.7015760787010156
