Model: GRU
MSE: 5.713240767192369
MAE: 2.0159096106504784
EVS: 0.7270694700762268
