Model: GRU
MSE: 3.28733014579003
MAE: 1.2061320940653482
EVS: 0.7152984431238038
