Model: GRU
MSE: 2.8090578003410562
MAE: 1.2027828143193169
EVS: 0.7506134704231887
