Model: GRU
MSE: 3.1883065379907296
MAE: 1.2434629049056614
EVS: 0.7267489468668236
