Model: GRU
MSE: 4.24329208216382
MAE: 1.5723382876469538
EVS: 0.6613604555787804
