Model: GRU
MSE: 1361.3624595049757
MAE: 36.71041742960612
EVS: -0.2854148839827988
