Model: GRU
MSE: 3.7949759066540265
MAE: 1.4982454104301257
EVS: 0.7273528528180362
