Model: GRU
MSE: 3.030614662230472
MAE: 1.1738501695486216
EVS: 0.7256421999497948
