Model: GRU
MSE: 3.6684915513914573
MAE: 1.5483103078954354
EVS: 0.7542935971013943
