Model: GRU
MSE: 2.466899111093087
MAE: 1.044299590281951
EVS: 0.7737508790319821
