Model: GRU
MSE: 652.4901899280457
MAE: 25.266250365819687
EVS: -0.32283699134516697
