Model: GRU
MSE: 3008.4684670409138
MAE: 54.67850249852889
EVS: -0.7563547349981321
