Model: GRU
MSE: 6702.360817999682
MAE: 81.77298188820863
EVS: -0.4572578260724529
