Model: GRU
MSE: 3.7062334133772925
MAE: 1.3227289639986477
EVS: 0.6591905813617691
