Model: GRU
MSE: 255.65837304253722
MAE: 15.592942399856371
EVS: -0.17390070674791858
