Model: GRU
MSE: 3.311621185831543
MAE: 1.209348189525115
EVS: 0.7055215379079984
