Model: GRU
MSE: 3.161228149910788
MAE: 1.2718065579732258
EVS: 0.7487571548286347
