Model: GRU
MSE: 3.127275807501833
MAE: 1.2653921812008586
EVS: 0.7679360372972277
