Model: GRU
MSE: 2.655087355769783
MAE: 1.0426234220847104
EVS: 0.7551989435002703
