Model: GRU
MSE: 209.84670817699939
MAE: 14.110833950531788
EVS: -0.006286229200133109
