Model: GRU
MSE: 3.4148263198976383
MAE: 1.281027317047119
EVS: 0.6798764409977274
