Model: GRU
MSE: 2.915926761407187
MAE: 1.1250218000167453
EVS: 0.7284683912125454
