Model: GRU
MSE: 531.2080053703028
MAE: 22.80683043064215
EVS: -0.03680166029591314
