Model: GRU
MSE: 3.399762762806758
MAE: 1.264316840049548
EVS: 0.7021296561528669
