Model: GRU
MSE: 12.773555504893336
MAE: 2.506520540286333
EVS: 0.1374203208204553
