Model: GRU
MSE: 3.6606712081596013
MAE: 1.4485491850437262
EVS: 0.7484357845731733
