Model: GRU
MSE: 2.607542339356308
MAE: 1.031007999028915
EVS: 0.7607277265109474
