Model: GRU
MSE: 3.496298413471602
MAE: 1.223911921183268
EVS: 0.6730126451589147
