Model: GRU
MSE: 3.643644711320609
MAE: 1.3821802383814104
EVS: 0.7461256111118117
