Model: GRU
MSE: 2366.28153411533
MAE: 48.46732780260918
EVS: -0.612866692368786
