Model: GRU
MSE: 1385.6919624791165
MAE: 37.05092596396422
EVS: -0.21162819602155758
