Model: GRU
MSE: 3.810548290986518
MAE: 1.5316175803160057
EVS: 0.7467531835228116
