Model: GRU
MSE: 3.3176080130546413
MAE: 1.2028960692576873
EVS: 0.693193803184466
