Model: GRU
MSE: 6601.075842363848
MAE: 81.17649469620142
EVS: -0.0739414535989813
