Model: GRU
MSE: 3.6309400784647394
MAE: 1.3258461585411658
EVS: 0.7477675656838914
