Model: GRU
MSE: 2.66572212192532
MAE: 1.0904139005220852
EVS: 0.7501536642574897
