Model: GRU
MSE: 3.4691941196420553
MAE: 1.2628497588328824
EVS: 0.6920773409464795
