Model: GRU
MSE: 212.66024620859397
MAE: 14.199993494229439
EVS: -0.03342019168154331
