Model: GRU
MSE: 4.697620315807117
MAE: 1.7068172112489357
EVS: 0.6700066669662252
