Model: GRU
MSE: 3.157482244437949
MAE: 1.1938881140488844
EVS: 0.7319325974349852
