Model: GRU
MSE: 3.4103387377064998
MAE: 1.3074839787605481
EVS: 0.7224008138744147
