Model: GRU
MSE: 5.626759289422066
MAE: 1.989111888102996
EVS: 0.6774640143912729
