Model: GRU
MSE: 7.315429713299938
MAE: 2.3755623744084287
EVS: 0.7014876974501225
