Model: GRU
MSE: 3.7291500181954222
MAE: 1.5237323809892704
EVS: 0.7503051030016533
