Model: GRU
MSE: 227.61315304046815
MAE: 14.686365512701181
EVS: -0.11813389914539996
