Model: GRU
MSE: 882.6713182034015
MAE: 28.645074404202976
EVS: -4.8262205618877045
