Model: GRU
MSE: 2.568051793345335
MAE: 0.997552235921224
EVS: 0.7714160136530329
