Model: GRU
MSE: 3.081564425977259
MAE: 1.1722485958001552
EVS: 0.7487510821582077
