Model: GRU
MSE: 2.892653925959941
MAE: 1.1574578040685408
EVS: 0.7300198103966691
