Model: GRU
MSE: 3.069698419407545
MAE: 1.1837103917048528
EVS: 0.7261826114348056
