Model: GRU
MSE: 3.8500960878397827
MAE: 1.4540958160009139
EVS: 0.7145918183926655
