Model: GRU
MSE: 5.057460911382547
MAE: 1.7562844936664288
EVS: 0.6336786246070898
