Model: GRU
MSE: 3.4264721159731995
MAE: 1.3484366979354467
EVS: 0.7399753612789806
