Model: GRU
MSE: 3.2747649222266113
MAE: 1.2718642797225561
EVS: 0.7420624209830613
