Model: GRU
MSE: 3.9440932950153114
MAE: 1.521488898839706
EVS: 0.7294881519893269
