Model: GRU
MSE: 251.35270908661195
MAE: 15.437977708303011
EVS: -0.2210716811024922
