Model: GRU
MSE: 3.488442533174799
MAE: 1.3451431103241749
EVS: 0.7223315124224607
