Model: GRU
MSE: 3.373043590060345
MAE: 1.254514523041554
EVS: 0.7091504480190327
