Model: GRU
MSE: 3.1249023460963756
MAE: 1.2311482918568146
EVS: 0.7229337921882283
