Model: GRU
MSE: 4.287993043571136
MAE: 1.663357783586551
EVS: 0.7393692453401264
