Model: GRU
MSE: 3.6075191324112668
MAE: 1.3365695904462764
EVS: 0.7266270194063129
