Model: GRU
MSE: 3.266435307339692
MAE: 1.2454264469635792
EVS: 0.7212137155411102
