Model: GRU
MSE: 11.903814258128149
MAE: 2.8624530694423576
EVS: 0.5885675132742525
