Model: GRU
MSE: 3.135953195650256
MAE: 1.1408908672821825
EVS: 0.7144789679785694
