Model: GRU
MSE: 3.4129706797290704
MAE: 1.2950887557787771
EVS: 0.6799566934117296
