Model: GRU
MSE: 4.544659393755216
MAE: 1.6803441781264086
EVS: 0.7169007133253158
