Model: GRU
MSE: 2.9047084696457643
MAE: 1.1027231705494414
EVS: 0.739150966133509
