Model: GRU
MSE: 2.9648740683109835
MAE: 1.1310974267812874
EVS: 0.7246476417095844
