Model: GRU
MSE: 3.0019367215204857
MAE: 1.1170639624962437
EVS: 0.7283745053090183
