Model: GRU
MSE: 3.3454470768559554
MAE: 1.422162924057398
EVS: 0.7444379729187001
