Model: GRU
MSE: 3.3981303328576073
MAE: 1.272937970283704
EVS: 0.7536787499882655
