Model: GRU
MSE: 4.125525571394739
MAE: 1.5551927028558192
EVS: 0.6648805856765694
