Model: GRU
MSE: 2.9299927553305474
MAE: 1.1404882700015337
EVS: 0.7571123457198372
