Model: GRU
MSE: 3.5776131260125292
MAE: 1.364667990268805
EVS: 0.6972476699430148
