Model: GRU
MSE: 2.7337601256732125
MAE: 1.0596206127068934
EVS: 0.749884282877787
