Model: GRU
MSE: 2.5118737247438063
MAE: 1.0242304801940916
EVS: 0.771718472010676
