Model: GRU
MSE: 2.54549078222009
MAE: 1.0567385600163384
EVS: 0.7621957296386951
