Model: GRU
MSE: 2.6961238185668273
MAE: 1.0528382399143315
EVS: 0.7492948848199737
