Model: GRU
MSE: 421.3234266071259
MAE: 20.243811619587433
EVS: -0.07947092778961418
