Model: GRU
MSE: 4.044560282013078
MAE: 1.4266518323849406
EVS: 0.6441734326406094
