Model: GRU
MSE: 3.0393049030049792
MAE: 1.2149394964560485
EVS: 0.7381617593874576
