Model: GRU
MSE: 2.9499482858994095
MAE: 1.1744394791431916
EVS: 0.7432311557889036
