Model: GRU
MSE: 2.93869479586231
MAE: 1.1892994978489018
EVS: 0.7437969996622258
