Model: GRU
MSE: 4.578953311142866
MAE: 1.670942477690868
EVS: 0.6796205291355794
