Model: GRU
MSE: 3.003165461098065
MAE: 1.144672332665859
EVS: 0.7279124594371384
