Model: GRU
MSE: 5.566491280107862
MAE: 1.8887208302815754
EVS: 0.6748959702569859
