Model: GRU
MSE: 2.698012903230514
MAE: 1.0844321250915525
EVS: 0.7596464885338962
