Model: GRU
MSE: 3.1768438090787
MAE: 1.1486115333361504
EVS: 0.7179791257347384
