Model: GRU
MSE: 213.9465970972454
MAE: 14.221818739022964
EVS: -0.09587664138810181
