Model: GRU
MSE: 2.847329172788313
MAE: 1.086539525252122
EVS: 0.7332754026604311
