Model: GRU
MSE: 2.450362080084244
MAE: 1.0188374152550328
EVS: 0.7702269047557725
