Model: GRU
MSE: 3.445455191513047
MAE: 1.3574777016272912
EVS: 0.7418438102076904
