Model: GRU
MSE: 4.710772036529988
MAE: 1.7251868981581469
EVS: 0.732421620935676
