Model: GRU
MSE: 3.451747904847525
MAE: 1.317815866225805
EVS: 0.7185747952276108
