Model: GRU
MSE: 2.642860523795556
MAE: 1.0530936901385965
EVS: 0.7521766808880374
