Model: GRU
MSE: 3025.6214102431713
MAE: 54.89396823980869
EVS: -0.15093949314424493
