Model: GRU
MSE: 4.7368971127246775
MAE: 1.7498454803075545
EVS: 0.7370773087224138
