Model: GRU
MSE: 3.2172541583358307
MAE: 1.2583442834707408
EVS: 0.7256085762445452
