Model: GRU
MSE: 3.042469656738632
MAE: 1.1894572086823292
EVS: 0.716171321212481
