Model: GRU
MSE: 16.329379099526776
MAE: 2.7144619623819985
EVS: 0.00878459541949106
