Model: GRU
MSE: 5.627417375012554
MAE: 1.9994843067267003
EVS: 0.7235767943592711
