Model: GRU
MSE: 1295.2323229129704
MAE: 35.726172373845024
EVS: -0.7697735622624609
