Model: GRU
MSE: 4.045771121273865
MAE: 1.5027335973886342
EVS: 0.7086205307901083
