Model: GRU
MSE: 5.866595263272464
MAE: 1.8528255315927358
EVS: 0.6633685754911028
