Model: GRU
MSE: 3.7479184374767716
MAE: 1.4563298103136895
EVS: 0.7369267154360255
