Model: GRU
MSE: 2.7504482726504547
MAE: 1.0848256135598204
EVS: 0.7430244699482982
