Model: GRU
MSE: 3.188322467012266
MAE: 1.311689596909743
EVS: 0.745136999992434
