Model: GRU
MSE: 3.0386801458379726
MAE: 1.1990553538004556
EVS: 0.7247319401259429
