Model: GRU
MSE: 200.38073560585795
MAE: 13.713621289302141
EVS: -0.1550341535582036
