Model: GRU
MSE: 2.852959831943665
MAE: 1.0252071038270607
EVS: 0.7327096318786511
