Model: GRU
MSE: 2.6969368022652747
MAE: 1.178322278536283
EVS: 0.7656848347265872
