Model: GRU
MSE: 2.697768272015729
MAE: 1.1162103506234975
EVS: 0.7471005422965648
