Model: GRU
MSE: 3.1741429121924067
MAE: 1.2023878708863869
EVS: 0.7239656994333276
