Model: GRU
MSE: 2.6086709546871654
MAE: 1.0821760006439989
EVS: 0.7588519926472381
