Model: GRU
MSE: 2.7845231664280914
MAE: 1.0968982989971452
EVS: 0.7402646816098439
