Model: GRU
MSE: 2.9952326129820013
MAE: 1.226888167552459
EVS: 0.7604314995939103
