Model: GRU
MSE: 11.563420962148252
MAE: 3.0275304989937024
EVS: 2.220446049250313e-16
