Model: GRU
MSE: 2.842053172363129
MAE: 1.1260014191651955
EVS: 0.7337810708725703
