Model: GRU
MSE: 14.556184955096096
MAE: 3.329576712388259
EVS: 0.6364740635586801
