Model: GRU
MSE: 2.9818762425353866
MAE: 1.1441602951441054
EVS: 0.7235918761261608
