Model: GRU
MSE: 224.94983282282527
MAE: 14.597683533644064
EVS: -0.11191179071305735
