Model: GRU
MSE: 4.045496393863726
MAE: 1.5379383502862392
EVS: 0.7088832165601697
