Model: GRU
MSE: 3.959566167883166
MAE: 1.5815929510654547
EVS: 0.7718805252401231
