Model: GRU
MSE: 5.118483706353845
MAE: 1.854842063708183
EVS: 0.7328716155349624
