Model: GRU
MSE: 4242.970245886597
MAE: 64.79835177690555
EVS: -3.139506796241795
