Model: GRU
MSE: 4.2697808040002885
MAE: 1.6844796400803785
EVS: 0.7475192960632242
