Model: GRU
MSE: 4.198340579844834
MAE: 1.510120880909455
EVS: 0.7095507916704311
