Model: GRU
MSE: 2.680038535255305
MAE: 1.0357330884688938
EVS: 0.7513096541224027
