Model: GRU
MSE: 2.9103097811899965
MAE: 1.1610923913808968
EVS: 0.7280358862627119
