Model: GRU
MSE: 2.612278183585635
MAE: 1.0541521708170571
EVS: 0.7593625940017414
