Model: GRU
MSE: 2.4312251911186524
MAE: 1.075644726846732
EVS: 0.7691096429392658
