Model: GRU
MSE: 4.722093728866008
MAE: 1.6478253389016175
EVS: 0.6797946293754915
