Model: GRU
MSE: 2.751817943365285
MAE: 1.1142460260635765
EVS: 0.7698679203296445
