Model: GRU
MSE: 242.2607516545769
MAE: 15.195319689237154
EVS: -0.06554500800329732
