Model: GRU
MSE: 3.562445445425567
MAE: 1.3818576763837764
EVS: 0.7500213381277399
