Model: GRU
MSE: 2.5775742651819007
MAE: 1.0596779309786282
EVS: 0.7626281326360599
