Model: GRU
MSE: 3.2962904347288453
MAE: 1.2827173746549165
EVS: 0.7529593438732105
