Model: GRU
MSE: 4.779445545841377
MAE: 1.785397823040302
EVS: 0.6780171994855722
