Model: GRU
MSE: 3.1960731276912657
MAE: 1.1954339223030286
EVS: 0.7281583332878006
