Model: GRU
MSE: 2532.0107862618597
MAE: 50.19316022824018
EVS: -0.18692881319027976
