Model: GRU
MSE: 3.1751809654226566
MAE: 1.2053810633145845
EVS: 0.7236757157746125
