Model: GRU
MSE: 3.987393489394865
MAE: 1.5377002373719826
EVS: 0.7178802042996946
