Model: GRU
MSE: 3452.8162799443085
MAE: 58.60777908716447
EVS: -0.6827127213537416
