Model: GRU
MSE: 249.1518267488818
MAE: 15.371072561312944
EVS: -0.2079811129432525
