Model: GRU
MSE: 2.7185404558103397
MAE: 1.0083711330707255
EVS: 0.7461222456626092
