Model: GRU
MSE: 3.3628331458227976
MAE: 1.261456257257706
EVS: 0.6933286933615477
