Model: GRU
MSE: 3.3291905463352167
MAE: 1.3122310760693672
EVS: 0.7639451546731356
