Model: GRU
MSE: 2.8382019697250698
MAE: 1.155510657872909
EVS: 0.7483182860963964
