Model: GRU
MSE: 3.3226818922141357
MAE: 1.249219258626302
EVS: 0.6896880405550061
