Model: GRU
MSE: 3.3369185630297054
MAE: 1.2761926651000977
EVS: 0.7357030570300824
