Model: GRU
MSE: 4.149393340964677
MAE: 1.6285091669131548
EVS: 0.7447761729066009
