Model: GRU
MSE: 52.54808342648077
MAE: 6.507231797927465
EVS: 0.032165712884033915
