Model: GRU
MSE: 2.7922047708397693
MAE: 1.0493892767490482
EVS: 0.7407564005544872
