Model: GRU
MSE: 751.8463156562707
MAE: 27.080869063352928
EVS: -0.7322564377147636
