Model: GRU
MSE: 716.0201396124978
MAE: 26.40995069650503
EVS: -0.7380513718397579
