Model: GRU
MSE: 3.2323688849229564
MAE: 1.1924179395039876
EVS: 0.7001270545993983
