Model: GRU
MSE: 3.553444276636139
MAE: 1.2775773513011441
EVS: 0.6813057836650589
