Model: GRU
MSE: 3.4958350196124366
MAE: 1.379951807168814
EVS: 0.7376623131451341
