Model: GRU
MSE: 3.6453404539085033
MAE: 1.538525361281175
EVS: 0.7545715302791849
