Model: GRU
MSE: 6.539524735890258
MAE: 2.0462554540389624
EVS: 0.6129537425228107
