Model: GRU
MSE: 6.249871480978077
MAE: 2.1059222465906386
EVS: 0.6842246763811843
