Model: GRU
MSE: 4.625867023142855
MAE: 1.7429525057474773
EVS: 0.7096554796201394
