Model: GRU
MSE: 229.53468958346545
MAE: 14.774392853944729
EVS: -0.05513564637206514
