Model: GRU
MSE: 2.732529017316956
MAE: 1.0745820265549877
EVS: 0.7437714651042726
