Model: GRU
MSE: 7.34622284961064
MAE: 2.2437485181368313
EVS: 0.6526027606222307
