Model: GRU
MSE: 4.722287358231065
MAE: 1.7258912110940003
EVS: 0.7151588387171146
