Model: GRU
MSE: 2.970158160975864
MAE: 1.2308925481942983
EVS: 0.779745633049681
