Model: GRU
MSE: 3.6931725720743986
MAE: 1.4785891435085199
EVS: 0.7058337268040922
