Model: GRU
MSE: 2.82174345011131
MAE: 1.11713746877817
EVS: 0.7466498224801674
