Model: GRU
MSE: 3.261567519479285
MAE: 1.2728051405686598
EVS: 0.7547039956837767
