Model: GRU
MSE: 5.032841063855321
MAE: 1.7601342568030725
EVS: 0.6978645472335553
