Model: GRU
MSE: 1530.661373026942
MAE: 38.989090161445816
EVS: 0.014236204439667888
