Model: GRU
MSE: 3.402260662161982
MAE: 1.3381874622442784
EVS: 0.7245229105198574
