Model: GRU
MSE: 1325.642279263078
MAE: 36.29304201175005
EVS: 0.2069250190283175
