Model: GRU
MSE: 1291.8808024720977
MAE: 35.6770443549523
EVS: -0.7844376282491357
