Model: GRU
MSE: 2174.9889216398324
MAE: 46.52123289841872
EVS: -0.00935615984237348
