Model: GRU
MSE: 280.8599699193427
MAE: 16.393215717413486
EVS: -0.13675980013136035
