Model: GRU
MSE: 3.5354252492833176
MAE: 1.4361182237282777
EVS: 0.7343154632261626
