Model: GRU
MSE: 3.25261136844342
MAE: 1.2348037132850058
EVS: 0.700131090410285
