Model: GRU
MSE: 2.6498493941999355
MAE: 1.0857234734755294
EVS: 0.7518103856391072
