Model: GRU
MSE: 3.361503237420805
MAE: 1.4102763568653782
EVS: 0.7464115483041835
