Model: GRU
MSE: 1.9860885941046158
MAE: 0.8823826920752433
EVS: 0.7772946903007507
