Model: GRU
MSE: 3296.9573484121397
MAE: 57.23544966868865
EVS: -0.9749228172046747
