Model: GRU
MSE: 329.4418775960314
MAE: 17.876784703670403
EVS: 0.07516764776087537
