Model: GRU
MSE: 5.317865803745729
MAE: 1.8734939526288936
EVS: 0.7079036130597448
