Model: GRU
MSE: 3.7188452895487694
MAE: 1.3309616798009627
EVS: 0.6513276670195052
