Model: GRU
MSE: 2185.8040061301526
MAE: 46.60444098252516
EVS: -0.2968903870708066
