Model: GRU
MSE: 4.741402871441993
MAE: 1.6293872686532826
EVS: 0.6479848541976543
