Model: GRU
MSE: 3.7192145728896517
MAE: 1.530678859123817
EVS: 0.7640294200168901
