Model: GRU
MSE: 3.7125233624925524
MAE: 1.3892247615716395
EVS: 0.7102928542712849
