Model: GRU
MSE: 3.9688235773706664
MAE: 1.5700346384292994
EVS: 0.6648325733590025
