Model: GRU
MSE: 4.27964140750566
MAE: 1.633265800965138
EVS: 0.7466749065866836
