Model: GRU
MSE: 3.2959347118672806
MAE: 1.190418928097456
EVS: 0.7230937929853736
