Model: GRU
MSE: 2.711793960716558
MAE: 1.05026188874856
EVS: 0.7489769901850112
