Model: GRU
MSE: 2.6402633489706897
MAE: 1.0972900146093123
EVS: 0.7539401907965099
