Model: GRU
MSE: 2.4978448313650117
MAE: 1.0702034632364907
EVS: 0.7886857932979807
