Model: GRU
MSE: 3.083034369069956
MAE: 1.2457822897495368
EVS: 0.748249612402281
