Model: GRU
MSE: 2.854536096507911
MAE: 1.1937656524853828
EVS: 0.7644869996332134
