Model: GRU
MSE: 1217.308626716142
MAE: 34.52172078841772
EVS: -1.396786597717691
