Model: GRU
MSE: 1136.5353200849709
MAE: 33.51632392100799
EVS: -0.23699412636286765
