Model: GRU
MSE: 36.83611332074265
MAE: 5.545794927156889
EVS: -0.10729008027801035
