Model: GRU
MSE: 3.558957943661953
MAE: 1.5925890604654953
EVS: 0.7867459546096292
