Model: GRU
MSE: 9.52193669765522
MAE: 2.2456126579871545
EVS: 0.20967334546797112
