Model: GRU
MSE: 5.618963572730972
MAE: 1.9885909863007374
EVS: 0.7443575074645881
