Model: GRU
MSE: 2.79828454606982
MAE: 1.074604816925831
EVS: 0.7409419623326317
