Model: GRU
MSE: 3.4694116667773036
MAE: 1.3116023968427608
EVS: 0.687026328489312
