Model: GRU
MSE: 4.936167197790637
MAE: 1.570144995664939
EVS: 0.6415853744856452
