Model: GRU
MSE: 3.026069756968103
MAE: 1.0813814676724947
EVS: 0.7212632271298862
