Model: GRU
MSE: 2.4730385785593247
MAE: 1.0541113217671711
EVS: 0.7699533421843298
