Model: GRU
MSE: 3.4463820507691345
MAE: 1.4278333737299993
EVS: 0.7504533918437314
