Model: GRU
MSE: 4.283172181890221
MAE: 1.5624520472991161
EVS: 0.7252895959908534
