Model: GRU
MSE: 2.8307597948896546
MAE: 1.1878991860609787
EVS: 0.7398123287509167
