Model: GRU
MSE: 5.6381048123764685
MAE: 1.8967185264978654
EVS: 0.7003897187860737
