Model: GRU
MSE: 2.6100365255508433
MAE: 1.0909578005472818
EVS: 0.7558393286736647
