Model: GRU
MSE: 4.959505250472596
MAE: 1.7839541068443885
EVS: 0.7290981619868504
