Model: GRU
MSE: 2.9391327371549303
MAE: 1.1472107569376626
EVS: 0.7355541097797017
