Model: GRU
MSE: 3.3717641081028624
MAE: 1.2444219344701521
EVS: 0.6901433699335784
