Model: GRU
MSE: 3.0290809325013885
MAE: 1.2569781572390826
EVS: 0.7483857590190601
