Model: GRU
MSE: 4.62626700772953
MAE: 1.5079975372705703
EVS: 0.570387551686168
