Model: GRU
MSE: 3.3424963260250786
MAE: 1.1900942019927194
EVS: 0.6891049151584965
