Model: GRU
MSE: 3.5645771533414177
MAE: 1.3333905293391302
EVS: 0.7122608053098769
