Model: GRU
MSE: 3.3373575794173984
MAE: 1.3939464275653546
EVS: 0.7628813880698083
