Model: GRU
MSE: 222.72983902411383
MAE: 14.509003733977293
EVS: -0.14578089706674446
