Model: GRU
MSE: 2.3158967768090166
MAE: 0.9971580749902967
EVS: 0.7833587253731664
