Model: GRU
MSE: 356.64895511793395
MAE: 18.562733576847958
EVS: -0.1322051376124549
