Model: GRU
MSE: 3.448154374120991
MAE: 1.3214266116802509
EVS: 0.7227152489247297
