Model: GRU
MSE: 3.5125258411441767
MAE: 1.4024251668881147
EVS: 0.7504266423593602
