Model: GRU
MSE: 4.7152104948383595
MAE: 1.7464700356507912
EVS: 0.7455243506114797
