Model: GRU
MSE: 3.964847088038676
MAE: 1.5198934628413274
EVS: 0.7198336285445083
