Model: GRU
MSE: 3.1167028521325872
MAE: 1.256680109562018
EVS: 0.7539526270537638
