Model: GRU
MSE: 3.8935817775181465
MAE: 1.4918800256191156
EVS: 0.7298326077876813
