Model: GRU
MSE: 5.201930097614555
MAE: 1.8295448621114094
EVS: 0.7002285752655925
