Model: GRU
MSE: 3.4427112599438625
MAE: 1.1823080992087338
EVS: 0.6946123873437469
