Model: GRU
MSE: 3.3340943174514317
MAE: 1.303053012261024
EVS: 0.7221570854624022
