Model: GRU
MSE: 2423.6100092642696
MAE: 49.02717810410719
EVS: -0.8703814280698636
