Model: GRU
MSE: 2.792546134068941
MAE: 1.2050243524404674
EVS: 0.7381574213909483
