Model: GRU
MSE: 3.4822442858672926
MAE: 1.3962001433739295
EVS: 0.7426190786264483
