Model: GRU
MSE: 2.897978747866306
MAE: 1.1036297602531235
EVS: 0.7284807598768768
