Model: GRU
MSE: 4.831484185367162
MAE: 1.726985515692295
EVS: 0.6907268679179681
