Model: GRU
MSE: 5.696839825035566
MAE: 1.8982530740591197
EVS: 0.7225129572447715
