Model: GRU
MSE: 3.015365204759524
MAE: 1.1901831993689904
EVS: 0.7472441915210963
