Model: GRU
MSE: 4.367324621229248
MAE: 1.6773157608814728
EVS: 0.7601152709662689
