Model: GRU
MSE: 3.94995766844194
MAE: 1.5401974091163049
EVS: 0.7431850570898689
