Model: GRU
MSE: 2740.1491091519415
MAE: 52.19545149191832
EVS: -0.480110485015816
