Model: GRU
MSE: 3.1482788460457174
MAE: 1.1515942353468673
EVS: 0.7090352792754427
