Model: GRU
MSE: 3.516467265892229
MAE: 1.3524570342821953
EVS: 0.6773699268156785
