Model: GRU
MSE: 3.1728909793500097
MAE: 1.1555010599967759
EVS: 0.7087557008842464
