Model: GRU
MSE: 4.010005146005403
MAE: 1.472596559769068
EVS: 0.7253776805894052
