Model: GRU
MSE: 6.49140034535004
MAE: 2.2064835719573193
EVS: 0.7465354093627603
