Model: GRU
MSE: 3.7603139873200475
MAE: 1.3386468642797225
EVS: 0.7388797784444775
