Model: GRU
MSE: 2884.19023844247
MAE: 53.50220538408328
EVS: -1.0352759327915142
