Model: GRU
MSE: 3.1095354703187548
MAE: 1.227359135945638
EVS: 0.7449602271538114
