Model: GRU
MSE: 3.6889138507064123
MAE: 1.359588378514999
EVS: 0.7342932063136703
