Model: GRU
MSE: 3.483207389545494
MAE: 1.3852226183964655
EVS: 0.7345746773805488
