Model: GRU
MSE: 1017.9510222643951
MAE: 31.69389392168094
EVS: -0.261071259907818
