Model: GRU
MSE: 4.630315163365278
MAE: 1.720311971811148
EVS: 0.6548783838263539
