Model: GRU
MSE: 2.857992855768782
MAE: 1.2018005664532
EVS: 0.7518433861407939
