Model: GRU
MSE: 2.585148136346426
MAE: 1.1009057974204037
EVS: 0.7601852603104436
