Model: GRU
MSE: 3.568823209326199
MAE: 1.3316100805233686
EVS: 0.7012165154084133
