Model: GRU
MSE: 4.3581549664832435
MAE: 1.653454364874424
EVS: 0.7137123972759286
