Model: GRU
MSE: 4.467800410657189
MAE: 1.5635463152176294
EVS: 0.6733900952020655
