Model: GRU
MSE: 2.6910322615924827
MAE: 1.0401150141006859
EVS: 0.7486219034766335
