Model: GRU
MSE: 2.947384883710845
MAE: 1.2133673765720463
EVS: 0.7349521803256578
