Model: GRU
MSE: 236.95728300984197
MAE: 14.99497182552631
EVS: -0.13541458720486954
