Model: GRU
MSE: 2.92271468369928
MAE: 1.1608478595048952
EVS: 0.7262463105733804
