Model: GRU
MSE: 2.931342938183305
MAE: 1.1584136547186434
EVS: 0.739437082400223
