Model: GRU
MSE: 2.538482152422783
MAE: 1.050882204985007
EVS: 0.7691813087208311
