Model: GRU
MSE: 5.2642792089187855
MAE: 1.9526347991747735
EVS: 0.7486511022894051
