Model: GRU
MSE: 3.5826010749936894
MAE: 1.432862061720628
EVS: 0.741009295709046
