Model: GRU
MSE: 2.6012864056368485
MAE: 1.067704922113663
EVS: 0.7594246478694474
