Model: GRU
MSE: 2.7500901991303315
MAE: 1.1930479392027245
EVS: 0.7549639539120637
