Model: GRU
MSE: 3.8643557150897037
MAE: 1.3986782905382988
EVS: 0.6867699883780551
