Model: GRU
MSE: 260.26186855877734
MAE: 15.725422492394081
EVS: -0.21651455410665088
