Model: GRU
MSE: 3.5506100506285487
MAE: 1.3434403981917944
EVS: 0.690314688471354
