Model: GRU
MSE: 3.318251974121074
MAE: 1.2042910624773076
EVS: 0.6999372680774703
