Model: GRU
MSE: 2.7293399746909595
MAE: 1.1057724585899937
EVS: 0.7514313575854479
