Model: GRU
MSE: 11.545565255964226
MAE: 3.0141153824635043
EVS: 0.4861523199599008
