Model: GRU
MSE: 2915.654919938077
MAE: 53.86168494591346
EVS: -0.3666320713368707
