Model: GRU
MSE: 2.452541217446598
MAE: 1.0313139084057927
EVS: 0.7760019883483958
