Model: GRU
MSE: 3.5872449040033607
MAE: 1.4573402893848908
EVS: 0.7477997507908386
