Model: GRU
MSE: 6.507798709323675
MAE: 2.25858272650303
EVS: 0.7517802295216509
