Model: GRU
MSE: 3.3030512759754824
MAE: 1.1755046355418668
EVS: 0.6925872153646058
