Model: GRU
MSE: 2.5939313207871186
MAE: 1.0404512454301882
EVS: 0.7618214625378711
