Model: GRU
MSE: 4.982742167031211
MAE: 1.7938754497430263
EVS: 0.7244739528665263
