Model: GRU
MSE: 3.1489488266268206
MAE: 1.179791474953676
EVS: 0.71295381288285
