Model: GRU
MSE: 3.5438831150728127
MAE: 1.4231061690892928
EVS: 0.7328323931880509
