Model: GRU
MSE: 213.9325278822469
MAE: 14.221757097121996
EVS: -0.09472174112622556
