Model: GRU
MSE: 4.021406096198518
MAE: 1.5885168466812525
EVS: 0.750599802164849
