Model: GRU
MSE: 2.783760733652599
MAE: 1.1031400240384615
EVS: 0.738974232286863
