Model: GRU
MSE: 233.84557178011528
MAE: 14.907229985946264
EVS: -0.08964983192234288
