Model: GRU
MSE: 2.4650463276756076
MAE: 1.0386393864949544
EVS: 0.7763981212789325
