Model: GRU
MSE: 7.098029224694307
MAE: 2.3175605627206655
EVS: 0.7397681545960186
