Model: GRU
MSE: 2.8897596925095193
MAE: 1.13219725779998
EVS: 0.7520498478478943
