Model: GRU
MSE: 3.405849002770759
MAE: 1.36236694531563
EVS: 0.7604587350762395
