Model: GRU
MSE: 2.5976084047593835
MAE: 1.0587503359867974
EVS: 0.7577726894528174
