Model: GRU
MSE: 3.910248527908624
MAE: 1.4332704177269568
EVS: 0.6880383773011876
