Model: GRU
MSE: 3.355491482845863
MAE: 1.420493443806966
EVS: 0.7643553884153955
