Model: GRU
MSE: 2.6390386198427565
MAE: 1.0870847946558242
EVS: 0.7567952075386203
