Model: GRU
MSE: 7.160757214565696
MAE: 2.286687520834116
EVS: 0.7132332251598976
