Model: GRU
MSE: 3.008641663032116
MAE: 1.2574369601714306
EVS: 0.7554339158036955
