Model: GRU
MSE: 2.9607602679201386
MAE: 1.2115224324739897
EVS: 0.7297677820442159
