Model: GRU
MSE: 5.348720462806927
MAE: 1.9994046080346195
EVS: 0.7782446784184702
