Model: GRU
MSE: 3.5777379893325767
MAE: 1.3133335235791328
EVS: 0.7163796371007196
