Model: GRU
MSE: 3.3199266281973303
MAE: 1.2066169518690841
EVS: 0.6913076608844837
