Model: GRU
MSE: 4.499735936615123
MAE: 1.542655993730594
EVS: 0.5853471589039032
