Model: GRU
MSE: 3.8477366898149294
MAE: 1.4070217548272548
EVS: 0.6785731681999556
