Model: GRU
MSE: 2.8290348572911794
MAE: 1.0766456066033778
EVS: 0.7372957544761181
