Model: GRU
MSE: 777.6891596366906
MAE: 27.703602766379333
EVS: 0.043556059160819394
