Model: GRU
MSE: 3.860411027619192
MAE: 1.4876420436761317
EVS: 0.7504119467258117
