Model: GRU
MSE: 5.367832754579047
MAE: 1.780404433225974
EVS: 0.6190135132913519
