Model: GRU
MSE: 36.121538892436455
MAE: 5.474297816936787
EVS: 0.05891032868721602
