Model: GRU
MSE: 253.96742642953774
MAE: 15.526357173919678
EVS: -0.2096412979162554
