Model: GRU
MSE: 2.9119773340996913
MAE: 1.2133818895388873
EVS: 0.7498307790099552
