Model: GRU
MSE: 2.5801571537813515
MAE: 1.0885572433471677
EVS: 0.7678566263936526
