Model: GRU
MSE: 217.50879915623497
MAE: 14.310407838760279
EVS: -0.19289035304631796
