Model: GRU
MSE: 3.0546421706053826
MAE: 1.1444569123096953
EVS: 0.7275702796782986
