Model: GRU
MSE: 5.829673844789951
MAE: 1.9564972535157814
EVS: 0.7090227545170324
