Model: GRU
MSE: 9.545749402876561
MAE: 2.6074191606961765
EVS: 0.6539969577403828
