Model: GRU
MSE: 4.16362430686717
MAE: 1.5764458485138721
EVS: 0.670040429822551
