Model: GRU
MSE: 4.4416561262587715
MAE: 1.6338228323520758
EVS: 0.7213701772305829
