Model: GRU
MSE: 3.10039678028649
MAE: 1.2609075644077399
EVS: 0.7523265482312101
