Model: GRU
MSE: 4.132374650220334
MAE: 1.5564717268332458
EVS: 0.7073275609165038
