Model: GRU
MSE: 1166.3716937053225
MAE: 33.908753615159256
EVS: -0.5536444832938856
