Model: GRU
MSE: 3.007006983616992
MAE: 1.3056903374500763
EVS: 0.7506037388779008
