Model: GRU
MSE: 30.022121132133154
MAE: 4.943679687304375
EVS: 0.0
