Model: GRU
MSE: 3.5358323189357646
MAE: 1.4093221028645833
EVS: 0.7249303974914765
