Model: GRU
MSE: 3.5731010813197135
MAE: 1.3774111576569386
EVS: 0.725867721151731
