Model: GRU
MSE: 3.645552825329594
MAE: 1.3015701587383561
EVS: 0.6619569879853835
