Model: GRU
MSE: 3.1320179953038747
MAE: 1.2296277926518364
EVS: 0.7586030278347387
