Model: GRU
MSE: 1215.1359702034383
MAE: 34.67467024387457
EVS: -0.20059728793582066
