Model: GRU
MSE: 3.2093319591162626
MAE: 1.358535301990998
EVS: 0.7241185387620606
