Model: GRU
MSE: 5.761028424456058
MAE: 1.991983413696289
EVS: 0.7550176604374439
