Model: GRU
MSE: 3.3819618011571957
MAE: 1.3102864974584334
EVS: 0.7550728275616642
