Model: GRU
MSE: 2.7786013004841856
MAE: 1.1196349339607432
EVS: 0.7395909836557282
