Model: GRU
MSE: 4.988395923012695
MAE: 1.773916183373867
EVS: 0.6899585079329902
