Model: GRU
MSE: 228.07682249337725
MAE: 14.685877532531054
EVS: -0.16295768710023606
