Model: GRU
MSE: 3.1791659695436225
MAE: 1.2207762400309243
EVS: 0.7051823244201167
