Model: GRU
MSE: 1.9007093940330881
MAE: 0.8682392812242692
EVS: 0.7804324369903021
