Model: GRU
MSE: 2.8454402255642304
MAE: 1.2026781424497945
EVS: 0.7416068067419346
