Model: GRU
MSE: 2219.779341656877
MAE: 46.99411881275666
EVS: -0.06264999482974032
