Model: GRU
MSE: 4.4981004571513585
MAE: 1.6350332406850963
EVS: 0.6828095636316924
