Model: GRU
MSE: 2.6554915994420933
MAE: 1.1465141712090907
EVS: 0.7681649497033349
