Model: GRU
MSE: 2.892520563146513
MAE: 1.1732743703402007
EVS: 0.760351226400977
