Model: GRU
MSE: 2.8740103394418086
MAE: 1.13241948836889
EVS: 0.7356771081453948
