Model: GRU
MSE: 4.506557581189593
MAE: 1.6686176520127516
EVS: 0.7330578365172715
