Model: GRU
MSE: 248.8179997068976
MAE: 15.393575756977766
EVS: -0.1117577071004221
