Model: GRU
MSE: 3.549203666253694
MAE: 1.4050721510862694
EVS: 0.7360688656035145
