Model: GRU
MSE: 3.716856180235037
MAE: 1.3764172333937426
EVS: 0.702774465202322
