Model: GRU
MSE: 4612.629854742995
MAE: 67.80492068559695
EVS: -0.4180920247332134
