Model: GRU
MSE: 2411.312883462768
MAE: 48.95610193105844
EVS: -0.37030351902745995
