Model: GRU
MSE: 562.7262353373562
MAE: 23.36457257393079
EVS: -0.5775436696417158
