Model: GRU
MSE: 6.067187955367087
MAE: 1.9663211749150202
EVS: 0.6965518297938629
