Model: GRU
MSE: 5.920584520642333
MAE: 2.0346282689999313
EVS: 0.6972987698522726
