Model: GRU
MSE: 7.007009961424324
MAE: 2.294265649257562
EVS: 0.7480345704280571
