Model: GRU
MSE: 5.616773269598384
MAE: 1.9582081574660082
EVS: 0.7578717524742178
