Model: GRU
MSE: 2.862290712551419
MAE: 1.0944811992156198
EVS: 0.7316005465392771
