Model: GRU
MSE: 235.63071729565965
MAE: 14.974366787152412
EVS: -0.06892509976811523
