Model: GRU
MSE: 5.966907419492168
MAE: 2.0696589152018228
EVS: 0.7029103725476971
