Model: GRU
MSE: 4.503905063452951
MAE: 1.6938560070135655
EVS: 0.7397316829446271
