Model: GRU
MSE: 4.670489300859483
MAE: 1.671856770148644
EVS: 0.699975337711042
