Model: GRU
MSE: 3.238594931924726
MAE: 1.2477030754089355
EVS: 0.728948336125819
