Model: GRU
MSE: 2.819551495101531
MAE: 1.0957650282444096
EVS: 0.7389901120584524
