Model: GRU
MSE: 4.858024206669304
MAE: 1.7177197627532177
EVS: 0.7239502227408343
