Model: GRU
MSE: 2.9379685057495997
MAE: 1.2060909882569923
EVS: 0.7438214477412612
