Model: GRU
MSE: 3.2437681920256836
MAE: 1.1203053914583645
EVS: 0.6958464919782286
