Model: GRU
MSE: 5.816281146692948
MAE: 1.970582216213911
EVS: 0.6858755406375288
