Model: GRU
MSE: 6.817252799723017
MAE: 1.7692307692307692
EVS: 0.3878007589249497
