Model: GRU
MSE: 2.8061937849122556
MAE: 1.1113991126036031
EVS: 0.7400588961373857
