Model: GRU
MSE: 3.532889458657942
MAE: 1.3690584378364758
EVS: 0.7310142999731333
