Model: GRU
MSE: 2.8041534772979344
MAE: 1.1093553518637633
EVS: 0.7380463111260529
