Model: GRU
MSE: 3.0888174379668922
MAE: 1.1477573834932768
EVS: 0.7263116499490081
