Model: GRU
MSE: 4.1338111337807755
MAE: 1.6515406461862416
EVS: 0.7402021452735945
