Model: GRU
MSE: 2.6068626335568057
MAE: 1.070356955895057
EVS: 0.7556540525419585
