Model: GRU
MSE: 6.678674057075907
MAE: 2.1527667412391076
EVS: 0.6740644313339341
