Model: GRU
MSE: 3.8065804376897168
MAE: 1.407420109479855
EVS: 0.6529881834490544
