Model: GRU
MSE: 5.024456079156139
MAE: 1.8051015902788212
EVS: 0.7251545553561234
