Model: GRU
MSE: 2.999825598752697
MAE: 1.2994416310237005
EVS: 0.7619256954985859
