Model: GRU
MSE: 2.6052736434336947
MAE: 1.0498996147742639
EVS: 0.7641260566154489
