Model: GRU
MSE: 2.662312065047887
MAE: 1.0785238070365708
EVS: 0.7537401838801613
