Model: GRU
MSE: 2.9611514761573763
MAE: 1.1767934407943332
EVS: 0.7504454740453592
