Model: GRU
MSE: 2.895580773380008
MAE: 1.17058444634462
EVS: 0.7319233494790804
