Model: GRU
MSE: 3.9931708896133373
MAE: 1.573924211355356
EVS: 0.7273301599396303
