Model: GRU
MSE: 2.8594391749443266
MAE: 1.1592313081790238
EVS: 0.747658598454729
