Model: GRU
MSE: 3.0197047128096277
MAE: 1.0961900735512755
EVS: 0.7207584959787195
