Model: GRU
MSE: 5204.43392549467
MAE: 71.98608594063
EVS: -1.1040209093498583
