Model: GRU
MSE: 3.0818319486539463
MAE: 1.1733670968275802
EVS: 0.7151234612110295
