Model: GRU
MSE: 4.936863442546941
MAE: 1.7445810758150542
EVS: 0.6845114481799669
