Model: GRU
MSE: 2.8483546038201095
MAE: 1.2682028794899964
EVS: 0.7412924228450661
