Model: GRU
MSE: 3.250202804650161
MAE: 1.3606087978069599
EVS: 0.7225653069226272
