Model: GRU
MSE: 3.9126068584494598
MAE: 1.3991358096782978
EVS: 0.6562099323020768
