Model: GRU
MSE: 1902.804094260569
MAE: 43.35012836945363
EVS: -1.2102759972597745
