Model: GRU
MSE: 2.7380162014754035
MAE: 1.2221177908090444
EVS: 0.7961243080091074
