Model: GRU
MSE: 3.1816162356791637
MAE: 1.222387472788493
EVS: 0.7368693497200558
