Model: GRU
MSE: 2.6875950624152884
MAE: 1.0291783748528895
EVS: 0.7574746915097129
