Model: GRU
MSE: 3.0521076906867766
MAE: 1.251828853900616
EVS: 0.762370234710041
