Model: GRU
MSE: 3.1789107089812547
MAE: 1.2471957328992012
EVS: 0.729725877542024
