Model: GRU
MSE: 3.1067136574912024
MAE: 1.1025975912045207
EVS: 0.7146009280845991
