Model: GRU
MSE: 45.979262532638124
MAE: 6.055081770970271
EVS: 0.014175612859421483
