Model: GRU
MSE: 3.6180215795738992
MAE: 1.330128095088861
EVS: 0.7099333076946559
