Model: GRU
MSE: 3.1359773183058937
MAE: 1.3600719647529798
EVS: 0.7676140430728424
