Model: GRU
MSE: 4.856158733017815
MAE: 1.7452958547152007
EVS: 0.7319310886489807
