Model: GRU
MSE: 2093.754692127058
MAE: 45.601166260548126
EVS: -0.3398610722109323
