Model: GRU
MSE: 16684.76830910404
MAE: 129.1282473833133
EVS: 2.220446049250313e-16
