Model: GRU
MSE: 246.12934951751407
MAE: 15.260304807088314
EVS: -0.2427232706143576
