Model: GRU
MSE: 256.79364403460255
MAE: 15.660368002378023
EVS: -0.0827530195070485
