Model: GRU
MSE: 2.8031513652033886
MAE: 1.1668148040771484
EVS: 0.7508927099511471
