Model: GRU
MSE: 3.1191553038977236
MAE: 1.2065557333139272
EVS: 0.7334224289195419
