Model: GRU
MSE: 4.3669901566326095
MAE: 1.6350022707230005
EVS: 0.7231654400876073
