Model: GRU
MSE: 4.482714559140888
MAE: 1.655001774812356
EVS: 0.7376757356017698
