Model: GRU
MSE: 2.679952751676217
MAE: 1.0427196576045108
EVS: 0.7489154861621921
