Model: GRU
MSE: 2119.648272385434
MAE: 45.92574075552133
EVS: 0.017763289740748256
