Model: GRU
MSE: 2.9876491510293377
MAE: 1.1814653323246882
EVS: 0.7411883199298989
