Model: GRU
MSE: 4.0918923181307445
MAE: 1.60001191114768
EVS: 0.763115486342795
