Model: GRU
MSE: 9.067952367429266
MAE: 2.651609176244491
EVS: 0.7475333421799546
