Model: GRU
MSE: 2.9820175411063157
MAE: 1.2369579535264232
EVS: 0.7462061536541925
