Model: GRU
MSE: 3.3597647786533993
MAE: 1.3024644729418633
EVS: 0.7314354968473271
