Model: GRU
MSE: 3.9702904953308518
MAE: 1.5141130105043068
EVS: 0.6925701960510555
