Model: GRU
MSE: 5809.796083717472
MAE: 76.1535749190893
EVS: 0.022029749312151847
