Model: GRU
MSE: 3.6808488396660097
MAE: 1.381707387092786
EVS: 0.6862151232231712
