Model: GRU
MSE: 4111.226360437253
MAE: 64.02000172932942
EVS: -0.18770585944262086
