Model: GRU
MSE: 3.298190205173446
MAE: 1.4495629530686598
EVS: 0.7780040480163746
