Model: GRU
MSE: 1760.6715900964195
MAE: 41.44609431731395
EVS: -3.0221969099738226
