Model: GRU
MSE: 2.913610934990034
MAE: 1.03302796681722
EVS: 0.731089738780317
