Model: GRU
MSE: 3.617881691887566
MAE: 1.3089513656420586
EVS: 0.6618792083162874
