Model: GRU
MSE: 254.06458554570222
MAE: 15.598570359058868
EVS: -0.007984920041396615
