Model: GRU
MSE: 9.100377600144055
MAE: 2.6020718843508988
EVS: 0.6748066175507947
