Model: GRU
MSE: 2.948680909155404
MAE: 1.1854951076018505
EVS: 0.7605100255348907
