Model: GRU
MSE: 3.192018886367105
MAE: 1.1578307518592248
EVS: 0.7166222809015039
