Model: GRU
MSE: 2.894096078803852
MAE: 1.1749623005206766
EVS: 0.7311698247858914
