Model: GRU
MSE: 998.7691681121132
MAE: 31.370305256965832
EVS: -0.3759438801157755
