Model: GRU
MSE: 5.038648126679897
MAE: 1.6898957276955628
EVS: 0.6516701611838547
