Model: GRU
MSE: 255.67031392278926
MAE: 15.637861783687885
EVS: -0.04346908652854631
