Model: GRU
MSE: 36.14264820390602
MAE: 5.457737372471736
EVS: -0.2845283739221216
