Model: GRU
MSE: 3.7845641275108868
MAE: 1.4069193326509917
EVS: 0.6795664126298944
