Model: GRU
MSE: 2.623922390574575
MAE: 1.0238704559130545
EVS: 0.7545165997363507
