Model: GRU
MSE: 3.277448026080299
MAE: 1.2509650083688588
EVS: 0.6968525759951454
