Model: GRU
MSE: 3.0850961894472078
MAE: 1.30197174121172
EVS: 0.7658198928525701
