Model: GRU
MSE: 3.3314124300396033
MAE: 1.2580795899415627
EVS: 0.7113714540553079
