Model: GRU
MSE: 3.2190069269160553
MAE: 1.2111493135109923
EVS: 0.698147244230346
