Model: GRU
MSE: 2.8199373334833715
MAE: 1.0378634379460259
EVS: 0.7392704630194595
