Model: GRU
MSE: 2064.597579449348
MAE: 45.31065422449357
EVS: -0.082347463239832
