Model: GRU
MSE: 3.1901169056815575
MAE: 1.2744418657743013
EVS: 0.780397709293678
