Model: GRU
MSE: 8.024554787998566
MAE: 2.402631564018054
EVS: 0.6958164410602307
