Model: GRU
MSE: 2.801280336085599
MAE: 1.0789107665037496
EVS: 0.7393462383352487
