Model: GRU
MSE: 5.313753394701214
MAE: 1.8248577362451799
EVS: 0.7357381501215825
