Model: GRU
MSE: 3.9826371072523865
MAE: 1.5009485024672289
EVS: 0.6848385684508095
