Model: GRU
MSE: 3.1611082824792076
MAE: 1.2803340080456855
EVS: 0.7207612400045342
