Model: GRU
MSE: 2.478280635547353
MAE: 1.004254659016927
EVS: 0.7679070467125033
