Model: GRU
MSE: 3.0909782726551214
MAE: 1.1582308060083633
EVS: 0.7265094026379908
