Model: GRU
MSE: 9.806256809543182
MAE: 2.637200037638346
EVS: 0.133247476905059
