Model: GRU
MSE: 4.15813598586324
MAE: 1.6047475399115148
EVS: 0.733124877821246
