Model: GRU
MSE: 3.059328240673202
MAE: 1.1198253631591795
EVS: 0.7144311972744828
