Model: GRU
MSE: 3.698671723940209
MAE: 1.4626725514729817
EVS: 0.7207779446700844
