Model: GRU
MSE: 3.336637160398699
MAE: 1.2893651204231458
EVS: 0.7424652887911045
