Model: GRU
MSE: 11.569184118833968
MAE: 3.0282305693015075
EVS: 2.220446049250313e-16
