Model: GRU
MSE: 236.94149391908533
MAE: 14.973577065345568
EVS: -0.1940584981748359
