Model: GRU
MSE: 2.8048888349651926
MAE: 1.0374720402252977
EVS: 0.7375180153822944
