Model: GRU
MSE: 3.468281539626169
MAE: 1.3046208161574144
EVS: 0.7025813101330713
