Model: GRU
MSE: 1.9403874851259337
MAE: 0.7873662780312928
EVS: 0.7762781364320435
