Model: GRU
MSE: 2235.2725531980714
MAE: 47.11002692198142
EVS: -0.49267269797531
