Model: GRU
MSE: 2.7620226723684955
MAE: 1.1654293842804735
EVS: 0.7493836739070785
