Model: GRU
MSE: 3.1965081492391425
MAE: 1.2402572142772184
EVS: 0.7304788030702681
