Model: GRU
MSE: 4.067885247467518
MAE: 1.5824503776354668
EVS: 0.7505265695927908
