Model: GRU
MSE: 3.0146006316376064
MAE: 1.161532279772636
EVS: 0.7178756750029116
