Model: GRU
MSE: 2.6492638440688836
MAE: 1.0023851394653318
EVS: 0.7524797209443962
