Model: GRU
MSE: 3.0361375750241604
MAE: 1.2332495420407026
EVS: 0.7559592814501778
