Model: GRU
MSE: 228.4378350378115
MAE: 14.751965114703545
EVS: -0.014377620512440403
