Model: GRU
MSE: 3.773418623114501
MAE: 1.5603960721920698
EVS: 0.754625306663596
