Model: GRU
MSE: 255.7516692511282
MAE: 15.593475017792139
EVS: -0.18109177000393117
