Model: GRU
MSE: 3.23058999910664
MAE: 1.3005239413334773
EVS: 0.7431519814160539
