Model: GRU
MSE: 2.041216287447714
MAE: 0.8955217062258256
EVS: 0.7741768256073562
