Model: GRU
MSE: 4.155816732970088
MAE: 1.5629266592172475
EVS: 0.7013649629616848
