Model: GRU
MSE: 3.037702958630688
MAE: 1.130455603966346
EVS: 0.7154301714523232
