Model: GRU
MSE: 2.815031785855714
MAE: 1.0873678892086713
EVS: 0.736025722222147
