Model: GRU
MSE: 3.52354897601634
MAE: 1.41481840916169
EVS: 0.7313260401995847
