Model: GRU
MSE: 4.100205656347205
MAE: 1.7404105429555856
EVS: 0.7759567136162907
