Model: GRU
MSE: 4.249219957299641
MAE: 1.5001733241937099
EVS: 0.6089362207893587
