Model: GRU
MSE: 2.8422766271652358
MAE: 1.1266189232850685
EVS: 0.733791519182441
