Model: GRU
MSE: 226.43702762698763
MAE: 14.663431624571482
EVS: -0.07096410238874729
