Model: GRU
MSE: 3.410222830085482
MAE: 1.2704662420810797
EVS: 0.7154651509192782
