Model: GRU
MSE: 3.0776263825529644
MAE: 1.1134264163481882
EVS: 0.7128078530920405
