Model: GRU
MSE: 4.87761513152896
MAE: 1.767312025412535
EVS: 0.7479358169899049
