Model: GRU
MSE: 2.894286052853955
MAE: 1.0526383106525126
EVS: 0.7301889387202285
