Model: GRU
MSE: 289.05406784212124
MAE: 16.636535693437626
EVS: -0.15151027446798238
