Model: GRU
MSE: 3.7017383303903673
MAE: 1.3531697713411772
EVS: 0.7410976456351648
