Model: GRU
MSE: 243.556496180889
MAE: 15.216814319292704
EVS: -0.12575175405675387
