Model: GRU
MSE: 7428.494064533459
MAE: 86.08752206655649
EVS: -0.6347101263168002
