Model: GRU
MSE: 3.3561052117098154
MAE: 1.3407063117394078
EVS: 0.685293247948567
