Model: GRU
MSE: 2.906943674476439
MAE: 1.1435525967524602
EVS: 0.7598006568838274
