Model: GRU
MSE: 4.1167684050361055
MAE: 1.5117030143737793
EVS: 0.7265639011435966
