Model: GRU
MSE: 3.110155027975982
MAE: 1.1903184377230132
EVS: 0.7377089618736263
