Model: GRU
MSE: 4.66690377742264
MAE: 1.7749479856246557
EVS: 0.7717717891286029
