Model: GRU
MSE: 13.060746920206512
MAE: 2.7143710454305015
EVS: -0.10244544844969505
