Model: GRU
MSE: 3.15113725748091
MAE: 1.3733087441860101
EVS: 0.7779290751222965
