Model: GRU
MSE: 4.952565297796236
MAE: 1.8022022247314453
EVS: 0.7159639907674906
