Model: GRU
MSE: 3.022912623702979
MAE: 1.1442683048737352
EVS: 0.7196907822243294
