Model: GRU
MSE: 3.8714135289891343
MAE: 1.6162433868799455
EVS: 0.7240994544005643
