Model: GRU
MSE: 3.032486350879083
MAE: 1.225294528863369
EVS: 0.7507429299541706
