Model: GRU
MSE: 3.406121381533944
MAE: 1.1460857880421171
EVS: 0.6878584260715879
