Model: GRU
MSE: 3.4082529961696855
MAE: 1.308690266731458
EVS: 0.7044179910714199
