Model: GRU
MSE: 2590.994055482735
MAE: 50.812206561748795
EVS: 0.14537806230899053
