Model: GRU
MSE: 4.686059739009193
MAE: 1.730445079314403
EVS: 0.7358797498897124
