Model: GRU
MSE: 3.320310355009193
MAE: 1.18495791997665
EVS: 0.6895051668793445
