Model: GRU
MSE: 3.732554823554034
MAE: 1.3911811266189966
EVS: 0.663795405379328
