Model: GRU
MSE: 2.535478144279441
MAE: 1.1181219418843586
EVS: 0.7782668386434883
