Model: GRU
MSE: 3.638246653288451
MAE: 1.4926962485680213
EVS: 0.7346018474621003
