Model: GRU
MSE: 3.179897810485359
MAE: 1.3335909598912947
EVS: 0.7676590437246285
