Model: GRU
MSE: 4.4979315374935664
MAE: 1.693223476409912
EVS: 0.7150861955283054
