Model: GRU
MSE: 2.6420805187698098
MAE: 1.0552768829541328
EVS: 0.7536193465391028
