Model: GRU
MSE: 928.0629220491358
MAE: 30.130349721664036
EVS: -0.8965564396251693
