Model: GRU
MSE: 3.843557447095054
MAE: 1.3887728177584135
EVS: 0.7228650057534082
