Model: GRU
MSE: 2.9772525843002136
MAE: 1.2829773487188878
EVS: 0.7660189290925676
