Model: GRU
MSE: 4.090253522129353
MAE: 1.5283579459557166
EVS: 0.6885449379644075
