Model: GRU
MSE: 40.10835007438583
MAE: 5.743864524058806
EVS: -0.0935989441424454
