Model: GRU
MSE: 3.527432856923367
MAE: 1.331633543356871
EVS: 0.7073466370503884
