Model: GRU
MSE: 2.837131109933649
MAE: 1.160217334062625
EVS: 0.7422914944744937
