Model: GRU
MSE: 3.5461603414414973
MAE: 1.319470968001928
EVS: 0.6934156164461327
