Model: GRU
MSE: 7.0640264112386415
MAE: 2.292109660613231
EVS: 0.7113806453451572
