Model: GRU
MSE: 2.8682635724105277
MAE: 1.1832886475783126
EVS: 0.7310400975817485
