Model: GRU
MSE: 2.729062966880915
MAE: 1.0541462775988455
EVS: 0.7455733108760142
