Model: GRU
MSE: 2.4229705179218044
MAE: 1.0010855014507585
EVS: 0.7728872539611382
