Model: GRU
MSE: 3.496127875838557
MAE: 1.5159732011648326
EVS: 0.7681154537192243
