Model: GRU
MSE: 3.488672263126342
MAE: 1.3771914946727264
EVS: 0.7446717018192257
