Model: GRU
MSE: 10237.21833332488
MAE: 101.11637408916766
EVS: -0.1906583408535356
