Model: GRU
MSE: 2.6400440693882365
MAE: 1.0632972228221402
EVS: 0.7526882616264722
