Model: GRU
MSE: 3.046886062440331
MAE: 1.3655400031652205
EVS: 0.7764814819820256
