Model: GRU
MSE: 2.8165012505241385
MAE: 1.2064259847005208
EVS: 0.7663309801311854
