Model: GRU
MSE: 5.322389687900217
MAE: 1.855138619740804
EVS: 0.693623857351211
