Model: GRU
MSE: 3.246877436612743
MAE: 1.1962822889670346
EVS: 0.7077913900503758
