Model: GRU
MSE: 4403.063593818052
MAE: 66.25716282771184
EVS: -0.22392374135908888
