Model: GRU
MSE: 263.4299248353513
MAE: 15.835976637326754
EVS: -0.1863958267826311
