Model: GRU
MSE: 2.69016031899458
MAE: 1.0528393403077736
EVS: 0.7571926301261399
