Model: GRU
MSE: 2.986432431797486
MAE: 1.1013687084882686
EVS: 0.7336432680781216
