Model: GRU
MSE: 2.492089542012716
MAE: 1.025229038336338
EVS: 0.7665480873270923
