Model: GRU
MSE: 2.8908485188147277
MAE: 1.1094552798148911
EVS: 0.7290976387653512
