Model: GRU
MSE: 3.2842758201556
MAE: 1.2444098301422901
EVS: 0.7181863007159746
