Model: GRU
MSE: 246.71104140725336
MAE: 15.350629150867462
EVS: -0.03799586111978126
