Model: GRU
MSE: 9.788604098458965
MAE: 2.6683048468369703
EVS: 0.6666902039435347
