Model: GRU
MSE: 3807.4156411579056
MAE: 61.58043357653496
EVS: -0.43152559809921853
