Model: GRU
MSE: 3.8891116706589015
MAE: 1.5778467471782978
EVS: 0.7221788695935704
