Model: GRU
MSE: 3989.4227576727967
MAE: 63.039312607202774
EVS: -0.45046608037059377
