Model: GRU
MSE: 5.383423335995856
MAE: 1.9108899801205366
EVS: 0.7377928566505237
