Model: GRU
MSE: 2.622190293542649
MAE: 1.093216199141282
EVS: 0.7696444280817661
