Model: GRU
MSE: 20.601210656614594
MAE: 4.001638828179775
EVS: -0.042035524979171957
