Model: GRU
MSE: 3.0269706307310447
MAE: 1.1977971028058956
EVS: 0.723333964877293
