Model: GRU
MSE: 3.3276048524286908
MAE: 1.4150904753269293
EVS: 0.741375165256829
