Model: GRU
MSE: 716.6665801685086
MAE: 26.490238874386517
EVS: -0.40039131536068795
