Model: GRU
MSE: 2.8377424844204473
MAE: 1.0581363653525326
EVS: 0.7372156841552728
