Model: GRU
MSE: 3.335440303022417
MAE: 1.3937228887509077
EVS: 0.7337149772623768
