Model: GRU
MSE: 371.1195797673869
MAE: 18.97219486725636
EVS: -0.0479522789622977
