Model: GRU
MSE: 3.047535786096082
MAE: 1.2086641849615634
EVS: 0.7172524531365516
