Model: GRU
MSE: 249.3680364548188
MAE: 15.41608389829978
EVS: -0.09830769486467528
