Model: GRU
MSE: 15.522321340622629
MAE: 3.5266306705963917
EVS: 0.5912421126787542
