Model: GRU
MSE: 4.050514844911533
MAE: 1.606035562661978
EVS: 0.7575813131099964
