Model: GRU
MSE: 10.401156060543798
MAE: 2.849521979307517
EVS: 0.6973221404082073
