Model: GRU
MSE: 2.939284514594098
MAE: 1.1952999921945424
EVS: 0.754683418935227
