Model: GRU
MSE: 2.788778883304017
MAE: 1.094588939960186
EVS: 0.74174582952154
