Model: GRU
MSE: 2.8523749682251602
MAE: 1.1140853074880745
EVS: 0.7352033286357239
