Model: GRU
MSE: 2.832513087610363
MAE: 1.0939181401179385
EVS: 0.736220674662184
