Model: GRU
MSE: 1924.7021514696028
MAE: 43.59092854230832
EVS: -1.3005453476897624
