Model: GRU
MSE: 3.7767929344798006
MAE: 1.368252191788111
EVS: 0.7013535773416011
