Model: GRU
MSE: 2.5517978690893233
MAE: 1.090301929376064
EVS: 0.7609698264372322
