Model: GRU
MSE: 1799.8506063444145
MAE: 42.23718467125526
EVS: -0.4882579328758392
