Model: GRU
MSE: 3.144631862174054
MAE: 1.187348145705003
EVS: 0.7307085119716633
