Model: GRU
MSE: 3.824541484510122
MAE: 1.5551403241279798
EVS: 0.7502244168505027
