Model: GRU
MSE: 2.6408414015488506
MAE: 1.0290601681440303
EVS: 0.752638221639238
