Model: GRU
MSE: 4.749397896019887
MAE: 1.7272082964579265
EVS: 0.7090078315994737
