Model: GRU
MSE: 250.96928026656576
MAE: 15.481613208086063
EVS: -0.0585984402126305
