Model: GRU
MSE: 3.0671602438434924
MAE: 1.2113147148719199
EVS: 0.7263786799784628
