Model: GRU
MSE: 4.701492133086893
MAE: 1.769977215008858
EVS: 0.7024416319692272
