Model: GRU
MSE: 854.4266874347645
MAE: 28.792728717510517
EVS: -1.38234927996558
