Model: GRU
MSE: 466.0707381082678
MAE: 21.25219990656926
EVS: -0.3517148792390161
