Model: GRU
MSE: 715.4053199852857
MAE: 26.524161778963528
EVS: -0.11347720487458712
