Model: GRU
MSE: 3.0806115303849615
MAE: 1.3200534551571577
EVS: 0.7671873405806392
