Model: GRU
MSE: 3.494835072260462
MAE: 1.304288130540114
EVS: 0.6804816445488966
