Model: GRU
MSE: 3.625316176768913
MAE: 1.4421218847617125
EVS: 0.7402162888863002
