Model: GRU
MSE: 246.21268025286756
MAE: 15.305496451182243
EVS: -0.12100687946504651
