Model: GRU
MSE: 2.380965202593077
MAE: 0.9627004770132209
EVS: 0.7807664348314367
