Model: GRU
MSE: 3.64974253674642
MAE: 1.3862487230545435
EVS: 0.6975986055324607
