Model: GRU
MSE: 4.005115373381945
MAE: 1.545196349804218
EVS: 0.7231354886804281
