Model: GRU
MSE: 5072.620439151607
MAE: 71.06327291635367
EVS: -1.1222433824957103
