Model: GRU
MSE: 204.67118343415112
MAE: 13.912515762524727
EVS: -0.04210898569068289
