Model: GRU
MSE: 1411.0078821336815
MAE: 37.4111322256235
EVS: -0.07042651160525937
