Model: GRU
MSE: 227.5620520386944
MAE: 14.663469198422554
EVS: -0.17635782019906743
