Model: GRU
MSE: 221.50403284382205
MAE: 14.464587871844952
EVS: -0.15150864079028858
