Model: GRU
MSE: 4196.034443233481
MAE: 64.6566777351575
EVS: -0.4580283011962647
