Model: GRU
MSE: 4.375069509814939
MAE: 1.668854860159067
EVS: 0.736713089021747
