Model: GRU
MSE: 6.741529190073529
MAE: 2.20983825585781
EVS: 0.7026234696747748
