Model: GRU
MSE: 4.358627187761683
MAE: 1.5808018904465895
EVS: 0.704866705168727
