Model: GRU
MSE: 9.033713049108254
MAE: 2.5935811751928086
EVS: 0.6379766785205931
