Model: GRU
MSE: 3394.552816863181
MAE: 58.15265508798453
EVS: -0.20231421740664324
