Model: GRU
MSE: 985.7215165904144
MAE: 31.22534891275259
EVS: -0.0032881590706081987
