Model: GRU
MSE: 3.4926709701842165
MAE: 1.3458295479798927
EVS: 0.7179400461297991
