Model: GRU
MSE: 3.169798856494317
MAE: 1.2273448430574856
EVS: 0.7028687036452679
