Model: GRU
MSE: 3.3115967088321123
MAE: 1.2073286007612178
EVS: 0.6992814092692519
