Model: GRU
MSE: 6.953447221898134
MAE: 2.108264910869109
EVS: 0.603795855191386
