Model: GRU
MSE: 3.8821905749055077
MAE: 1.484505262130346
EVS: 0.706345086419962
