Model: GRU
MSE: 7.973439417740226
MAE: 2.4482727417579064
EVS: 0.7383716390607579
