Model: GRU
MSE: 2.678985865383718
MAE: 1.143773323450333
EVS: 0.753961299406598
