Model: GRU
MSE: 2.929165954991288
MAE: 1.1193152452126527
EVS: 0.737817281539871
