Model: GRU
MSE: 330.04174417277096
MAE: 17.941525702383004
EVS: 0.058204425400345206
