Model: GRU
MSE: 5.577472774345813
MAE: 1.9321889999585273
EVS: 0.7251190868699997
