Model: GRU
MSE: 4.903573099248777
MAE: 1.8011176280486279
EVS: 0.7391922202383026
