Model: GRU
MSE: 51.07527926254783
MAE: 6.653622236007299
EVS: 0.3557550797759419
