Model: GRU
MSE: 3.6302664831626736
MAE: 1.4862492634699895
EVS: 0.7634175303697075
