Model: GRU
MSE: 2.473535988559025
MAE: 1.0255360970130332
EVS: 0.7686505147586007
