Model: GRU
MSE: 4.212861414599076
MAE: 1.6908395337123492
EVS: 0.743866882204971
