Model: GRU
MSE: 4.0001389406698085
MAE: 1.5575653222891002
EVS: 0.7426665630855462
