Model: GRU
MSE: 217.54280618006646
MAE: 14.33218068954272
EVS: -0.13759949159416895
