Model: GRU
MSE: 3.0928749030679166
MAE: 1.257900873819987
EVS: 0.7329720645171909
