Model: GRU
MSE: 3.9285065155922303
MAE: 1.3826102721385465
EVS: 0.6317471260222112
