Model: GRU
MSE: 5.254504489714048
MAE: 1.7638368935420596
EVS: 0.354063562245545
