Model: GRU
MSE: 11.707586023653565
MAE: 3.054910215838202
EVS: 0.37642673672307825
