Model: GRU
MSE: 5.014637470396698
MAE: 1.7020761720065414
EVS: 0.37020890479876867
