Model: GRU
MSE: 4124.014666433811
MAE: 64.13479607680748
EVS: -0.4908457821005796
