Model: GRU
MSE: 25.629199760669522
MAE: 4.766269634509909
EVS: 0.33835505174063785
