Model: GRU
MSE: 4.686926073750124
MAE: 1.5557109405254494
EVS: 0.35209770893726877
