Model: GRU
MSE: 7.0017259469546875
MAE: 2.1791666458392966
EVS: 0.36812282084985914
