Model: GRU
MSE: 4.607405610485205
MAE: 1.3868003055967133
EVS: 0.36924263591994455
