Model: GRU
MSE: 714.7354604254122
MAE: 26.590577635271796
EVS: -0.06535568609970221
