Model: GRU
MSE: 9.356424398295765
MAE: 2.6682961069304367
EVS: 0.3975450773423558
