Model: GRU
MSE: 3937.2137707825377
MAE: 62.68111347330028
EVS: -0.15072455273196073
