Model: GRU
MSE: 5.8041151818225005
MAE: 2.0062594413757324
EVS: 0.35900155234784026
