Model: GRU
MSE: 12.911817136030455
MAE: 3.3117708666571257
EVS: -2.220446049250313e-16
