Model: GRU
MSE: 13.238617916332071
MAE: 3.2848118091451712
EVS: 0.3606696743388229
