Model: GRU
MSE: 5.187213183322158
MAE: 1.7465264057290966
EVS: 0.33739682116398106
