Model: GRU
MSE: 4.904009169263426
MAE: 1.6332082912839692
EVS: 0.3224648730034897
