Model: GRU
MSE: 33.65847981183711
MAE: 5.406832168842184
EVS: -2.220446049250313e-16
