Model: GRU
MSE: 7.095238012753506
MAE: 2.227464116852859
EVS: 0.40408540869998955
