Model: GRU
MSE: 1372.015612398075
MAE: 36.89248731218535
EVS: -0.5210154355949437
