Model: GRU
MSE: 5.122682286493806
MAE: 1.6970628047811573
EVS: 0.31119013245689786
