Model: GRU
MSE: 23.511413660637825
MAE: 4.5254023815023485
EVS: 0.2966479745081628
