Model: GRU
MSE: 50.53581608428506
MAE: 6.778583395070043
EVS: 0.11235045313232273
