Model: GRU
MSE: 687.9050389943102
MAE: 26.08825156606477
EVS: -0.014219523769782194
