Model: GRU
MSE: 7.1904627286007
MAE: 2.283791048773404
EVS: 0.38874086766847105
