Model: GRU
MSE: 5.125166262144846
MAE: 1.7735345116977035
EVS: 0.3643167066913062
