Model: GRU
MSE: 4.7609594478991655
MAE: 1.6303977308602169
EVS: 0.36190396739350505
