Model: GRU
MSE: 8.787224836200101
MAE: 2.6207606545810043
EVS: 0.3207561124370014
