Model: GRU
MSE: 13.443462378000167
MAE: 3.3328214184991243
EVS: 0.39458162444652867
