Model: GRU
MSE: 4.635198083052556
MAE: 1.5725067401754445
EVS: 0.3947645611097045
