Model: GRU
MSE: 9.823225487112502
MAE: 2.7597166258713295
EVS: 0.35897574163112345
