Model: GRU
MSE: 12.50725528363822
MAE: 3.1783951726453057
EVS: 0.36026689918488
