Model: GRU
MSE: 11.384007650913567
MAE: 3.0062876734240302
EVS: 0.3424352603920944
