Model: GRU
MSE: 4.763967466849706
MAE: 1.6453251016551051
EVS: 0.3777252298701631
