Model: GRU
MSE: 7.610207109593532
MAE: 2.301819686231942
EVS: 0.3788814689836172
