Model: GRU
MSE: 4.809217698627216
MAE: 1.4605305112641433
EVS: 0.332627499928445
