Model: GRU
MSE: 5.318737870956142
MAE: 1.406093745396055
EVS: 0.352053209483559
