Model: GRU
MSE: 5.344760577244697
MAE: 1.7914909494334255
EVS: 0.3429171287825833
