Model: GRU
MSE: 7.949253146927041
MAE: 2.371990335398707
EVS: 0.3528544904794356
