Model: GRU
MSE: 5.582286584321521
MAE: 1.9608214148159684
EVS: 0.367620913875636
