Model: GRU
MSE: 672.7080176212509
MAE: 25.801925371433125
EVS: 0.032896525862185055
