Model: GRU
MSE: 5.070567938206185
MAE: 1.7292783178132156
EVS: 0.38719461797439003
