Model: GRU
MSE: 508.8351866797336
MAE: 22.39323180091792
EVS: -0.023959992717383694
