Model: GRU
MSE: 8.58084857481321
MAE: 2.5428668383894295
EVS: 0.38054462800713973
