Model: GRU
MSE: 803.793126954455
MAE: 28.226432200135857
EVS: 0.019991830874562022
