Model: GRU
MSE: 1285.8869009377484
MAE: 35.74355562802019
EVS: -0.14980132271935065
