Model: GRU
MSE: 15.271901143051904
MAE: 3.623365122696449
EVS: 0.39622479929381105
