Model: GRU
MSE: 5.018251674902597
MAE: 1.7570660032075027
EVS: 0.3724894270797334
