Model: GRU
MSE: 480.6573749705724
MAE: 21.75733777777902
EVS: -0.009703461208609765
