Model: GRU
MSE: 8.301116200783358
MAE: 2.407918436773892
EVS: 0.34454965067620114
