Model: GRU
MSE: 6.1918332568101
MAE: 2.052117133962697
EVS: 0.37522231522888705
