Model: GRU
MSE: 5.309250937640172
MAE: 1.8300885825321591
EVS: 0.3853834480935935
