Model: GRU
MSE: 6.268758429142838
MAE: 2.0872659518800933
EVS: 0.3540753975533586
