Model: GRU
MSE: 17.81893013228215
MAE: 3.8639874129459777
EVS: 0.2757572098241625
