Model: GRU
MSE: 578.3451756601074
MAE: 23.88614329798468
EVS: -0.08210526418107378
