Model: GRU
MSE: 30.505931991536617
MAE: 5.145836402629984
EVS: 0.07541499175030641
