Model: GRU
MSE: 33.86992194899609
MAE: 5.42593186477135
EVS: -2.220446049250313e-16
