Model: GRU
MSE: 527.55443975134
MAE: 22.8047042057432
EVS: -0.040828516725192276
