Model: GRU
MSE: 4.546470118804728
MAE: 1.5391679303399448
EVS: 0.40251349478682996
