Model: GRU
MSE: 7.388605167409282
MAE: 2.306639474013756
EVS: 0.43677438853154393
