Model: GRU
MSE: 8.394007076217553
MAE: 2.424863568667708
EVS: 0.31101122326940545
