Model: GRU
MSE: 500.56429478148203
MAE: 22.18645085137466
EVS: -0.15543038783115293
