Model: GRU
MSE: 1409.6162228807648
MAE: 37.432076158194704
EVS: -0.1734999482482007
