Model: GRU
MSE: 10.168367037465627
MAE: 2.804256537864948
EVS: 0.3585076399642573
