Model: GRU
MSE: 5.310017025529195
MAE: 1.701239273465913
EVS: 0.265386135457262
