Model: GRU
MSE: 15.264240074948075
MAE: 3.630273966953672
EVS: 0.4336586551631123
