Model: GRU
MSE: 10.153151238567748
MAE: 2.8494064561251937
EVS: 0.3133466819476508
