Model: GRU
MSE: 4.693403902566419
MAE: 1.4662842914975922
EVS: 0.35261420659577114
