Model: GRU
MSE: 3098.43958362112
MAE: 55.59535342249377
EVS: -0.054200640052709304
