Model: GRU
MSE: 5.6549385072223295
MAE: 1.8178068029469456
EVS: 0.403725912515579
