Model: GRU
MSE: 6.458995004071531
MAE: 2.181720552773311
EVS: 0.36026180847188194
