Model: GRU
MSE: 7.515125073999868
MAE: 2.398030741461392
EVS: 0.3948253489865944
