Model: GRU
MSE: 5.003636213626468
MAE: 1.7344813840142612
EVS: 0.4205775775518117
