Model: GRU
MSE: 849.1169627781228
MAE: 29.004970534094447
EVS: -0.08645085914528838
