Model: GRU
MSE: 9.834449994847045
MAE: 2.7993091879219842
EVS: 0.313003862957418
