Model: GRU
MSE: 10.076024876147601
MAE: 2.7835305312584184
EVS: 0.3570778143468393
