Model: GRU
MSE: 8.13021097274251
MAE: 2.4458186050941206
EVS: 0.34440561190982943
