Model: GRU
MSE: 6.115199807171785
MAE: 2.0866424297464303
EVS: 0.35161732139640334
