Model: GRU
MSE: 8.3871321592769
MAE: 2.5526970337177146
EVS: 0.35223802183290065
