Model: GRU
MSE: 1673.724716250544
MAE: 40.81139173178837
EVS: -0.1317446864381211
