Model: GRU
MSE: 612.6668686629797
MAE: 24.587977475133435
EVS: -0.12386359775680789
