Model: GRU
MSE: 5.154020071915386
MAE: 1.722884309702906
EVS: 0.3656745832193412
