Model: GRU
MSE: 5.44567671163682
MAE: 1.9244855683425377
EVS: 0.4413227685863289
