Model: GRU
MSE: 4.940485740627176
MAE: 1.5275637527991985
EVS: 0.3214399013631928
