Model: GRU
MSE: 7.99755229274651
MAE: 2.438008555050554
EVS: 0.33021927502300386
