Model: GRU
MSE: 8.642685302431284
MAE: 2.6029830801075904
EVS: 0.30999132939670737
