Model: GRU
MSE: 6.155580216847707
MAE: 2.0906886396736932
EVS: 0.3375502768714532
