Model: GRU
MSE: 44.903105974222555
MAE: 6.341848061002534
EVS: 0.011088873547349998
