Model: GRU
MSE: 25.111048436091394
MAE: 4.633892190867457
EVS: -2.220446049250313e-16
