Model: GRU
MSE: 44.58675646822316
MAE: 6.3106603951289735
EVS: -2.220446049250313e-16
