Model: GRU
MSE: 513.1778300246324
MAE: 22.488462234365528
EVS: -0.03347192033040702
