Model: GRU
MSE: 579.9533113615475
MAE: 23.918847301910663
EVS: -0.08831160842070984
