Model: GRU
MSE: 5.106617126089673
MAE: 1.819726976855048
EVS: 0.3536003170378491
