Model: GRU
MSE: 7.168449987199187
MAE: 2.2141419936870705
EVS: 0.3883131342161953
