Model: GRU
MSE: 10.127726982304827
MAE: 2.803974513349862
EVS: 0.36391785343033245
