Model: GRU
MSE: 7.939502608246679
MAE: 2.4588775305912414
EVS: 0.36579913703032785
