Model: GRU
MSE: 9.90205929768062
MAE: 2.802190533999739
EVS: 0.39517611128809504
