Model: GRU
MSE: 51.66326942677677
MAE: 6.846024874983163
EVS: 0.07921750480499956
