Model: GRU
MSE: 7.9669501879016655
MAE: 2.4652503441120017
EVS: 0.39388184521256786
