Model: GRU
MSE: 4.519272642603419
MAE: 1.3592280848272915
EVS: 0.40153695989132177
