Model: GRU
MSE: 5.455601863448088
MAE: 1.819502172798946
EVS: 0.2948567825532181
