Model: GRU
MSE: 4.995755781672917
MAE: 1.514534358320565
EVS: 0.31775403360369026
