Model: GRU
MSE: 640.089008417769
MAE: 25.14750153442909
EVS: -0.06751141413603734
