Model: GRU
MSE: 8.923246387842639
MAE: 2.6536939555201036
EVS: 0.3526619605858873
