Model: GRU
MSE: 5.427897014034207
MAE: 1.7858810424804688
EVS: 0.2718028816401703
