Model: GRU
MSE: 13.63466341045059
MAE: 3.3832699841466445
EVS: 0.4111934934687139
