Model: GRU
MSE: 9.951053081837816
MAE: 2.7859482765197754
EVS: 0.38876931111902135
