Model: GRU
MSE: 8.127964215088014
MAE: 2.3947602140492408
EVS: 0.3885709075553001
