Model: GRU
MSE: 8.418428201751873
MAE: 2.589286212263436
EVS: 0.34082938007973473
