Model: GRU
MSE: 4.6808947315161245
MAE: 1.5219395242888352
EVS: 0.3508833857444196
