Model: GRU
MSE: 700.639914845099
MAE: 26.327120550747576
EVS: -0.04398330917733273
