Model: GRU
MSE: 4.715688331837602
MAE: 1.5922801412385086
EVS: 0.3820937164277185
