Model: GRU
MSE: 10.78084679649378
MAE: 2.9512338967158875
EVS: 0.432739060407771
