Model: GRU
MSE: 9.020837870137022
MAE: 2.6014615256210853
EVS: 0.3703689814298722
