Model: GRU
MSE: 4.3303733176861865
MAE: 1.4750830551673626
EVS: 0.40006925806967875
