Model: GRU
MSE: 5.189081211269052
MAE: 1.792438161784205
EVS: 0.42944106920843816
