Model: GRU
MSE: 16.53496394146733
MAE: 3.756692590384648
EVS: 0.40769537529142097
