Model: GRU
MSE: 6.043022068028802
MAE: 2.0410941715898185
EVS: 0.3534693562309208
