Model: GRU
MSE: 12.862361400442907
MAE: 3.2801857323482118
EVS: 0.4172780916033083
