Model: GRU
MSE: 5.03140298706222
MAE: 1.6805474018228466
EVS: 0.3286096271481206
