Model: GRU
MSE: 27.338144840690802
MAE: 4.842496477324387
EVS: 0.021493095418981145
