Model: GRU
MSE: 712.1300804088463
MAE: 26.532398437631542
EVS: -0.1327012046651943
