Model: GRU
MSE: 86.3044462070905
MAE: 8.944219556348077
EVS: 0.03317541543365787
