Model: GRU
MSE: 5.165324218366142
MAE: 1.4964502597677296
EVS: 0.3003600876172636
