Model: GRU
MSE: 544.6762799100866
MAE: 23.171338919935554
EVS: -0.07766414015235945
