Model: GRU
MSE: 4.6957754749564
MAE: 1.4631783386756634
EVS: 0.36537403834356286
