Model: GRU
MSE: 7.492946995609992
MAE: 2.3561142395282615
EVS: 0.3670289809812419
