Model: GRU
MSE: 5.046845645081703
MAE: 1.6858163702076878
EVS: 0.330329477189123
