Model: GRU
MSE: 6.077801146184043
MAE: 2.0723489892893823
EVS: 0.3058361144248377
