Model: GRU
MSE: 3804.136514696961
MAE: 61.608381863298085
EVS: -0.18569882188234454
