Model: GRU
MSE: 4.532547924312784
MAE: 1.5235795481451626
EVS: 0.3727027085012016
