Model: GRU
MSE: 4.7725374608979045
MAE: 1.4664745988516972
EVS: 0.33772128182924377
