Model: GRU
MSE: 4.668950654915048
MAE: 1.5800833373234189
EVS: 0.3701993153263665
