Model: GRU
MSE: 7.5658875946113575
MAE: 2.355767513143605
EVS: 0.3530437634762774
