Model: GRU
MSE: 692.2952050053556
MAE: 26.16705003278009
EVS: -0.05204070477758438
