Model: GRU
MSE: 13.570342927203095
MAE: 3.4124318320175697
EVS: 0.14303618249724737
