Model: GRU
MSE: 7.2182887616624045
MAE: 2.288665228876574
EVS: 0.3512717388802903
