Model: GRU
MSE: 4.332575481067469
MAE: 1.4669386271772713
EVS: 0.42259786598112103
