Model: GRU
MSE: 9.17585175848601
MAE: 2.6502167767491835
EVS: 0.4111621995970882
