Model: GRU
MSE: 824.4774333321016
MAE: 28.567826155958503
EVS: -0.15973928519541736
