Model: GRU
MSE: 6.795993606006034
MAE: 2.1722075199258737
EVS: 0.38243055775773893
