Model: GRU
MSE: 3941.373370053683
MAE: 62.71713671190985
EVS: -0.10109003496356594
