Model: GRU
MSE: 490.67127498769696
MAE: 21.979569852352142
EVS: -0.050526142316816625
