Model: GRU
MSE: 11.28065428891167
MAE: 2.9641216870011955
EVS: 0.325434405400885
