Model: GRU
MSE: 523.6608334764325
MAE: 22.72564907731681
EVS: -2.220446049250313e-16
