Model: GRU
MSE: 11.917535038593071
MAE: 3.0680612860054803
EVS: 0.35685809737610286
