Model: GRU
MSE: 639.8738975989052
MAE: 25.13102072682874
EVS: -0.15265500811528443
