Model: GRU
MSE: 8.3432706552393
MAE: 2.531539357941726
EVS: 0.39634159780554035
