Model: GRU
MSE: 5.124180653660335
MAE: 1.7578220203005035
EVS: 0.34058299486623134
