Model: GRU
MSE: 18.774761050307305
MAE: 4.005244551033809
EVS: -2.220446049250313e-16
