Model: GRU
MSE: 5.550813401722155
MAE: 1.536061270483609
EVS: 0.33639631295791206
