Model: GRU
MSE: 2729.282784001149
MAE: 52.140990750543004
EVS: -0.4710377247560231
