Model: GRU
MSE: 8.705631812681359
MAE: 2.580043184346166
EVS: 0.3606552116407443
