Model: GRU
MSE: 4.357090462562829
MAE: 1.4742152279820935
EVS: 0.39749135666049096
