Model: GRU
MSE: 5.2108794274019505
MAE: 1.4909865773957351
EVS: 0.30720453347661314
