Model: GRU
MSE: 10.955770567175744
MAE: 2.958783215489881
EVS: 0.39225034592767904
