Model: GRU
MSE: 5.409996487924657
MAE: 1.4658044288898338
EVS: 0.36178527249630044
