Model: GRU
MSE: 9.642210099689912
MAE: 2.7780140843884698
EVS: 0.39686641760730246
