Model: GRU
MSE: 20.832398254280257
MAE: 4.26547908782959
EVS: 0.3415987458680888
