Model: GRU
MSE: 4.607477575622993
MAE: 1.5947378092798694
EVS: 0.3934159054383858
