Model: GRU
MSE: 7.043155724503165
MAE: 2.273696652774153
EVS: 0.3254744688995498
