Model: GRU
MSE: 5545.614398571973
MAE: 74.36958451106631
EVS: -1.0510544234041403
