Model: GRU
MSE: 16.846197792534753
MAE: 3.7279318447770744
EVS: 0.3062154553297888
