Model: GRU
MSE: 5.429143533743831
MAE: 1.866566641577359
EVS: 0.41620427132223636
