Model: GRU
MSE: 7.631574822558033
MAE: 2.360156009937155
EVS: 0.4179834163287276
