Model: GRU
MSE: 6.343325285882499
MAE: 2.1031992188815414
EVS: 0.37852579151314736
