Model: GRU
MSE: 5.619676121125457
MAE: 1.486014119509993
EVS: 0.42221351545156327
