Model: GRU
MSE: 5.3908792359959925
MAE: 1.459402478974441
EVS: 0.3270873393996603
