Model: GRU
MSE: 5.809216067184652
MAE: 1.9877052964835331
EVS: 0.2827619484474203
