Model: GRU
MSE: 32.2495247563924
MAE: 5.420131387381718
EVS: 0.35675658407564503
