Model: GRU
MSE: 8.960196320672994
MAE: 2.6892481836779365
EVS: 0.36893510734438206
