Model: GRU
MSE: 32.242051879288596
MAE: 5.278208222882501
EVS: 0.016793804613729924
