Model: GRU
MSE: 14.379586666930413
MAE: 3.433941939781452
EVS: 0.34967187793596677
