Model: GRU
MSE: 943.3466268738081
MAE: 30.55256309180424
EVS: -0.37217829163428817
