Model: GRU
MSE: 11.187019732044753
MAE: 2.9750246179514916
EVS: 0.38849487215613143
