Model: GRU
MSE: 5.8088646106693576
MAE: 1.9993684867332722
EVS: 0.34201216435109916
