Model: GRU
MSE: 4.96160162282044
MAE: 1.4297468251195447
EVS: 0.3587707560401425
