Model: GRU
MSE: 18.505314207921465
MAE: 4.026201412595552
EVS: 0.4061517681752197
