Model: GRU
MSE: 9.737876740986644
MAE: 2.790857775457974
EVS: 0.2137883851081238
