Model: GRU
MSE: 43.2473517689366
MAE: 6.188763256730704
EVS: 0.03105156812713894
