Model: GRU
MSE: 613.7721520574038
MAE: 24.60398763623731
EVS: -0.1679553275929362
