Model: GRU
MSE: 6.410357549011066
MAE: 2.1267604663454254
EVS: 0.37962930076557655
