Model: GRU
MSE: 10.576869848522197
MAE: 2.87729340586169
EVS: 0.3723979756153333
