Model: GRU
MSE: 695.9347205207948
MAE: 26.230195324996423
EVS: -0.09795932503816274
