Model: GRU
MSE: 4.709780307996128
MAE: 1.5670715529343178
EVS: 0.40782310284742673
