Model: GRU
MSE: 13.674184017195723
MAE: 3.38506502940737
EVS: 0.3927572676267249
