Model: GRU
MSE: 6.514499375307737
MAE: 2.1598557768196893
EVS: 0.35066811741093395
