Model: GRU
MSE: 6.748851628580332
MAE: 2.05319986672237
EVS: 0.2686374553616485
