Model: GRU
MSE: 9.750800019615466
MAE: 2.737466549051219
EVS: 0.3528174848704496
