Model: GRU
MSE: 15.28844080357661
MAE: 3.600340991184629
EVS: 0.37182206335182333
