Model: GRU
MSE: 14.88208864574837
MAE: 3.5431684954413054
EVS: 0.3604587259378206
