Model: GRU
MSE: 6.8417841642156665
MAE: 2.2066615203331255
EVS: 0.3386040083394066
