Model: GRU
MSE: 9.021407537609996
MAE: 2.662957059926
EVS: 0.32827572560766594
