Model: GRU
MSE: 7.2060246613481596
MAE: 2.230103410523513
EVS: 0.3637252835404957
