Model: GRU
MSE: 5.847478959086183
MAE: 1.5449851463580955
EVS: 0.2369343700561728
