Model: GRU
MSE: 8.972920291996648
MAE: 2.71752668249196
EVS: 0.1752223911072116
