Model: GRU
MSE: 5.9433552881198235
MAE: 2.052626576916925
EVS: 0.33883212478924307
