Model: GRU
MSE: 21.62258885547207
MAE: 4.3933007634919266
EVS: 0.376500037546983
