Model: GRU
MSE: 12.644819990165521
MAE: 3.2122040617054908
EVS: 0.3937300466600522
