Model: GRU
MSE: 7.496057017293047
MAE: 2.3641313026691306
EVS: 0.3961377162866059
