Model: GRU
MSE: 10.39831542842835
MAE: 2.832487172093885
EVS: 0.3820980420386221
