Model: GRU
MSE: 9.630973983545807
MAE: 2.703094778389766
EVS: 0.40191113485338203
