Model: GRU
MSE: 8.17938560176037
MAE: 2.4615528336886703
EVS: 0.4121493469417955
