Model: GRU
MSE: 15.334850388956621
MAE: 3.595607478043129
EVS: 0.3621809001471341
