Model: GRU
MSE: 5.8073758532140785
MAE: 2.022250011049468
EVS: 0.3796811649836559
