Model: GRU
MSE: 6.638194584960776
MAE: 2.1417843884435195
EVS: 0.4084955815931117
