Model: GRU
MSE: 5.9928672687399205
MAE: 2.0273356108829894
EVS: 0.3626346797038661
