Model: GRU
MSE: 10.706279839782978
MAE: 2.9318833022282043
EVS: 0.36950248051934687
