Model: GRU
MSE: 31.873638383576157
MAE: 5.43717831578748
EVS: 0.38827005486514576
