Model: GRU
MSE: 4.088964951016021
MAE: 1.385285887224921
EVS: 0.432666091796573
