Model: GRU
MSE: 4587.424535329544
MAE: 67.67891061717066
EVS: 0.02999212621125613
