Model: GRU
MSE: 6.319273140028897
MAE: 2.1070838632254767
EVS: 0.3602681258166409
