Model: GRU
MSE: 15.73460331189848
MAE: 3.6975696826803275
EVS: 0.4004143325509252
