Model: GRU
MSE: 7.095732936085416
MAE: 2.2535687315052955
EVS: 0.384599801112387
