Model: GRU
MSE: 7.015795614344558
MAE: 2.2770915031433105
EVS: 0.4113629365375141
