Model: GRU
MSE: 5.9480469604238415
MAE: 1.9830701268952469
EVS: 0.39492684599465977
