Model: GRU
MSE: 6.462856582049363
MAE: 2.160930008723818
EVS: 0.334691161672944
