Model: GRU
MSE: 12.939843934839732
MAE: 3.2498728324627053
EVS: 0.3563480249926383
