Model: GRU
MSE: 4.537591843769342
MAE: 1.5334057643495758
EVS: 0.38549810618094493
