Model: GRU
MSE: 540.8013502683274
MAE: 23.10703677144544
EVS: 0.04711620338551259
