Model: GRU
MSE: 8.405626643082275
MAE: 2.4922058993372422
EVS: 0.32999928748228735
