Model: GRU
MSE: 6.215892751541042
MAE: 2.065966014204354
EVS: 0.3610868867714663
