Model: GRU
MSE: 4.573686552109503
MAE: 1.6787064157683274
EVS: 0.414589894881925
