Model: GRU
MSE: 45.65719957963424
MAE: 6.390283255741514
EVS: -0.17993658233456422
