Model: GRU
MSE: 5.545397563989088
MAE: 1.8427608917499412
EVS: 0.3489278751618706
