Model: GRU
MSE: 7.383883996056628
MAE: 2.3265327585154565
EVS: 0.354355274261427
