Model: GRU
MSE: 15.149553213379289
MAE: 3.6112298307747674
EVS: 0.3849983548273962
