Model: GRU
MSE: 564.5026200569722
MAE: 23.60110461300817
EVS: -0.03952056228857881
