Model: GRU
MSE: 4.7702956672463435
MAE: 1.5922417147406216
EVS: 0.34347625687007843
