Model: GRU
MSE: 10.183358082124116
MAE: 2.8711060819954706
EVS: 0.2871090604046883
