Model: GRU
MSE: 5.809889475034166
MAE: 1.9307503700256348
EVS: 0.3798894539166391
