Model: GRU
MSE: 539.675117516229
MAE: 23.075956862548303
EVS: 0.004215421883388859
