Model: GRU
MSE: 5.394621982561587
MAE: 1.863482508166083
EVS: 0.4157571264187522
