Model: GRU
MSE: 7.198284615668713
MAE: 2.2208613856085417
EVS: 0.3566751963588657
