Model: GRU
MSE: 8.633351966764293
MAE: 2.577793910585601
EVS: 0.3833138021690601
