Model: GRU
MSE: 809.6858746097812
MAE: 28.309889990707923
EVS: -0.14298329955658495
