Model: GRU
MSE: 808.8585148191835
MAE: 28.28570758885351
EVS: -0.21809843487561076
