Model: GRU
MSE: 2857.370079236617
MAE: 53.29007010624326
EVS: -1.43397436407201
