Model: GRU
MSE: 10.843715456188326
MAE: 2.939293253010717
EVS: 0.3762931470153916
