Model: GRU
MSE: 7.627927695368867
MAE: 2.410070978361985
EVS: 0.38433307135225425
