Model: GRU
MSE: 12.534526611665774
MAE: 3.163880627730797
EVS: 0.3675050983043414
