Model: GRU
MSE: 512.0720469137088
MAE: 22.455855176366608
EVS: -0.08339329918949301
