Model: GRU
MSE: 8.865134241889729
MAE: 2.61422742646316
EVS: 0.40368038544314844
