Model: GRU
MSE: 5.025969200594522
MAE: 1.6631133309726058
EVS: 0.31380467148224733
