Model: GRU
MSE: 6.703265802858729
MAE: 2.16643999362814
EVS: 0.3788972583733802
