Model: GRU
MSE: 508.0923975431916
MAE: 22.37587707207121
EVS: -0.028701596328123413
