Model: GRU
MSE: 4.261906372832919
MAE: 1.4890704483821475
EVS: 0.4098199830775009
