Model: GRU
MSE: 6.929105040748144
MAE: 2.178149733050116
EVS: 0.3841248057905946
