Model: GRU
MSE: 11.130106621792116
MAE: 2.975022135109737
EVS: 0.29175235641585795
