Model: GRU
MSE: 9.194328967885278
MAE: 2.246203940255301
EVS: 0.26133116541101953
