Model: GRU
MSE: 493.26497913989095
MAE: 22.027115434408188
EVS: -0.1201071912975411
