Model: GRU
MSE: 4.369122564207671
MAE: 1.311187744140625
EVS: 0.3960755865843406
