Model: GRU
MSE: 9289.468159534455
MAE: 96.34592516668911
EVS: 0.03814256715622022
