Model: GRU
MSE: 9.44835117841514
MAE: 2.7726078033447266
EVS: 0.4501747445156109
