Model: GRU
MSE: 2621.4844471742017
MAE: 51.05415673091494
EVS: -1.0757889059314425
