Model: GRU
MSE: 5.949064537331008
MAE: 2.017554858635212
EVS: 0.40353488660773706
