Model: GRU
MSE: 2483.440375308752
MAE: 49.7524776129887
EVS: -0.12845916766309085
