Model: GRU
MSE: 5.115718426016899
MAE: 1.8019105977025525
EVS: 0.41713654643000275
