Model: GRU
MSE: 6.015946090910112
MAE: 1.5210893565210803
EVS: 0.21995517171163215
