Model: GRU
MSE: 8.005490008608785
MAE: 2.4792873283912398
EVS: 0.38465147652206877
