Model: GRU
MSE: 6.733310341694301
MAE: 2.1008897649830787
EVS: 0.37011200381666665
