Model: GRU
MSE: 11.996868168514224
MAE: 3.0913007834862016
EVS: 0.3437346212708935
