Model: GRU
MSE: 5.871292189621429
MAE: 2.026487613546437
EVS: 0.3939838222098042
