Model: GRU
MSE: 6.903517920388665
MAE: 2.163173659094449
EVS: 0.37924694438292084
