Model: GRU
MSE: 8.883197596005123
MAE: 1.749654347555978
EVS: 0.2745918007779592
