Model: GRU
MSE: 8.147583103220267
MAE: 2.459320249228642
EVS: 0.32108493268560534
