Model: GRU
MSE: 4.596317526288501
MAE: 1.4761529462090854
EVS: 0.3624378716344284
