Model: GRU
MSE: 9.518621470690842
MAE: 2.42958585194179
EVS: 0.2571754498530828
