Model: GRU
MSE: 4.652374606485096
MAE: 1.4065836709121178
EVS: 0.357082167487218
