Model: GRU
MSE: 12.085740012240061
MAE: 3.1753966397252578
EVS: 0.4200398263844314
