Model: GRU
MSE: 4.929182270142174
MAE: 1.7059779660455112
EVS: 0.4035860705603077
