Model: GRU
MSE: 4.972322873093539
MAE: 1.7368392122202907
EVS: 0.34428638860229155
