Model: GRU
MSE: 27.289770122405383
MAE: 4.824222038532126
EVS: 0.0048108516391369704
