Model: GRU
MSE: 507.1234701534015
MAE: 22.344899736601732
EVS: -0.08648955349722942
