Model: GRU
MSE: 15.645971576273103
MAE: 3.6241208767068795
EVS: 0.3158632779119771
