Model: GRU
MSE: 8.359359364276253
MAE: 2.510217206231479
EVS: 0.3937562598376113
