Model: GRU
MSE: 18.502494945397316
MAE: 3.9523050209571577
EVS: 0.29585733507992895
