Model: GRU
MSE: 47.070442471693994
MAE: 6.533338152129074
EVS: 0.03581952487977513
