Model: GRU
MSE: 8.848615958677282
MAE: 2.6540895823774666
EVS: 0.3451657429094037
