Model: GRU
MSE: 8.298623181631887
MAE: 2.54425075136382
EVS: 0.378860715694731
