Model: GRU
MSE: 564.1013199268046
MAE: 23.587277700161113
EVS: -0.07437758636030134
