Model: GRU
MSE: 4.979271216305483
MAE: 1.4160554326813797
EVS: 0.3524490625522154
