Model: GRU
MSE: 5.70051745798352
MAE: 1.9720177486025054
EVS: 0.3667454957845584
