Model: GRU
MSE: 10.546886888299813
MAE: 2.8696661159910004
EVS: 0.37118721432314394
