Model: GRU
MSE: 4.982151428124905
MAE: 1.5817642869620487
EVS: 0.36650153779516415
