Model: GRU
MSE: 6.6942875406550915
MAE: 2.200662711571003
EVS: 0.39493467103452895
