Model: GRU
MSE: 635.8655380358593
MAE: 25.050547690227113
EVS: -0.1568050001797463
