Model: GRU
MSE: 8.441745678474899
MAE: 2.4842193044465164
EVS: 0.3203374085253168
