Model: GRU
MSE: 6.205989796126718
MAE: 2.086098950484703
EVS: 0.4026674017638573
