Model: GRU
MSE: 10.37436776468008
MAE: 2.8543396160520356
EVS: 0.34411392089925696
