Model: GRU
MSE: 14.376873116673119
MAE: 3.440185645530964
EVS: 0.36180297111411075
