Model: GRU
MSE: 605.140201658069
MAE: 24.429583167207653
EVS: -0.15681464240258514
