Model: GRU
MSE: 7.3207342389656525
MAE: 2.297936406628839
EVS: 0.36669064148295893
