Model: GRU
MSE: 12.858420065799237
MAE: 3.234586337517048
EVS: 0.3606470775679558
