Model: GRU
MSE: 6.25016359866366
MAE: 2.078122484272924
EVS: 0.39532953847427044
