Model: GRU
MSE: 831.3157127979061
MAE: 28.692595448987237
EVS: -0.11726422542501447
