Model: GRU
MSE: 5.3136781196432255
MAE: 1.8321771457277496
EVS: 0.36661678165617595
