Model: GRU
MSE: 1743.911289456999
MAE: 41.685560094899145
EVS: 0.1360502713639523
