Model: GRU
MSE: 509.2958702633894
MAE: 22.393004123506874
EVS: -0.0893082459575234
