Model: GRU
MSE: 4.534416966588369
MAE: 1.500103786073882
EVS: 0.3720727917125062
