Model: GRU
MSE: 4.714035219179064
MAE: 1.4397925672859981
EVS: 0.3496234027168885
