Model: GRU
MSE: 5.4153857876826335
MAE: 1.8896162592131516
EVS: 0.43462807335977127
