Model: GRU
MSE: 4.909375237793326
MAE: 1.657903819248594
EVS: 0.3541997854736817
