Model: GRU
MSE: 12.742683538599742
MAE: 3.254582701058223
EVS: 0.3659289722578798
