Model: GRU
MSE: 10.99358436897957
MAE: 2.5353962470745217
EVS: 0.34227357772935374
