Model: GRU
MSE: 7.51306228062284
MAE: 2.376808972194277
EVS: 0.3682654180368161
