Model: GRU
MSE: 14.987450016169737
MAE: 3.5308450008260794
EVS: 0.35198432271197533
