Model: GRU
MSE: 6.770177567243473
MAE: 2.2322020530700684
EVS: 0.30074067492227796
