Model: GRU
MSE: 6.028433357548598
MAE: 2.0376374639313797
EVS: 0.38172947001065594
