Model: GRU
MSE: 8.325428560138883
MAE: 2.5242228343569
EVS: 0.3296953844619852
