Model: GRU
MSE: 8.400276912044225
MAE: 2.462964551202182
EVS: 0.3325976521935299
