Model: GRU
MSE: 11.103946729897949
MAE: 2.9671238044212602
EVS: 0.3767474518399737
