Model: GRU
MSE: 2443.946590336208
MAE: 49.35824160740293
EVS: -0.07006505204222391
