Model: GRU
MSE: 12.508211064234573
MAE: 2.959393106188093
EVS: 0.2756087299153912
