Model: GRU
MSE: 7.756967830803001
MAE: 2.4305558369077485
EVS: 0.3855183723113962
