Model: GRU
MSE: 21.777756783380546
MAE: 4.346000358976167
EVS: 0.05266945639631504
