Model: GRU
MSE: 5.808466977493167
MAE: 1.9804185998850856
EVS: 0.3479427679677758
