Model: GRU
MSE: 9.822310232089265
MAE: 2.772386172722126
EVS: 0.3035546053857905
