Model: GRU
MSE: 4.408402144178141
MAE: 1.5476248182099441
EVS: 0.42429909832424906
