Model: GRU
MSE: 5.295846412966307
MAE: 1.834842977852657
EVS: 0.41238301730961513
