Model: GRU
MSE: 502.0538212880018
MAE: 22.234075272905415
EVS: -0.06855823058417276
