Model: GRU
MSE: 7.009399430962856
MAE: 2.213576842998636
EVS: 0.4136209648045017
