Model: GRU
MSE: 2121.0017485853277
MAE: 45.95905935353246
EVS: -0.21662056566380428
