Model: GRU
MSE: 17.9472342404959
MAE: 3.9378739225453345
EVS: 0.011448802766145683
