Model: GRU
MSE: 16.314403604302022
MAE: 3.739298228559823
EVS: 0.3886238258419531
