Model: GRU
MSE: 6.010321130620845
MAE: 2.0257206620841193
EVS: 0.35335523788470524
