Model: GRU
MSE: 7.4334652671212345
MAE: 2.3152157355999123
EVS: 0.3910450945061291
