Model: GRU
MSE: 5.067731973106706
MAE: 1.7178987963446255
EVS: 0.39320392957545336
