Model: GRU
MSE: 5.008049658511387
MAE: 1.4142293272347286
EVS: 0.33905551668420975
