Model: GRU
MSE: 4.815678965322354
MAE: 1.368531736834296
EVS: 0.4330244466475577
