Model: GRU
MSE: 18.144603783608467
MAE: 3.9023313686765473
EVS: 0.2628951146083206
