Model: GRU
MSE: 5.3735070088927195
MAE: 1.8587402475291286
EVS: 0.3245237269571869
