Model: GRU
MSE: 7.169049181993332
MAE: 2.2525341428559402
EVS: 0.402057959996193
