Model: GRU
MSE: 6.782326592716847
MAE: 2.2082882914049873
EVS: 0.3739959049841173
