Model: GRU
MSE: 7.300905265266481
MAE: 2.333626056539601
EVS: 0.3707061167674396
