Model: GRU
MSE: 8.21975391122106
MAE: 2.485949499853726
EVS: 0.40835080827519765
