Model: GRU
MSE: 16.45415228571859
MAE: 3.7408899603218866
EVS: 0.37280214475793716
