Model: GRU
MSE: 6375.856219922181
MAE: 79.80533803742507
EVS: 0.03351049662863237
