Model: GRU
MSE: 4.9336155848739445
MAE: 1.65808079160493
EVS: 0.3351851124120331
