Model: GRU
MSE: 9.7432867437295
MAE: 2.7331140452417833
EVS: 0.3751711613898857
