Model: GRU
MSE: 765.6987719682455
MAE: 27.530187680803497
EVS: -0.08074581678748727
