Model: GRU
MSE: 6.068285881097005
MAE: 2.055475514510582
EVS: 0.36513789802784724
