Model: GRU
MSE: 13.416137745305793
MAE: 3.3330137647431473
EVS: 0.3789762080339537
