Model: GRU
MSE: 6.070404991828237
MAE: 1.9584599527819404
EVS: 0.18660111750003983
