Model: GRU
MSE: 4.777450024425528
MAE: 1.4815222148237557
EVS: 0.3400682265924747
