Model: GRU
MSE: 4.669474767808393
MAE: 1.5748572513974946
EVS: 0.412519408213992
