Model: GRU
MSE: 6.864454371468802
MAE: 2.194323917915081
EVS: 0.3875302380797967
