Model: GRU
MSE: 4.49468829347116
MAE: 1.5895484069298054
EVS: 0.4545783996599815
