Model: GRU
MSE: 7.250482578238759
MAE: 2.319271778238231
EVS: 0.4101502852906411
