Model: GRU
MSE: 504.7091463360399
MAE: 22.281519100583832
EVS: -0.14396163271400497
