Model: GRU
MSE: 70.17439199525077
MAE: 8.006331772639834
EVS: -2.220446049250313e-16
