Model: GRU
MSE: 3497.38037107553
MAE: 59.07592957595299
EVS: -0.029033696101266937
