Model: GRU
MSE: 4.448402334992728
MAE: 1.489385571973077
EVS: 0.3827497434747721
