Model: GRU
MSE: 5.647070375255461
MAE: 1.5358499329665611
EVS: 0.2934236038238077
