Model: GRU
MSE: 9.828026396942121
MAE: 2.792980374961064
EVS: 0.4085661728187505
