Model: GRU
MSE: 10.515653527959376
MAE: 2.8851302409994193
EVS: 0.38599581146692774
