Model: GRU
MSE: 9.564202425212772
MAE: 2.6627338014799973
EVS: 0.3310917872678676
