Model: GRU
MSE: 1043.3979806115435
MAE: 32.18557071685791
EVS: -0.039039990306046546
