Model: GRU
MSE: 484.1995269486284
MAE: 21.83658901576338
EVS: -0.021815986061451742
