Model: GRU
MSE: 8.974303266198557
MAE: 2.5998318113129715
EVS: 0.3797464776240107
