Model: GRU
MSE: 7.3601568097624925
MAE: 2.270830203746927
EVS: 0.37599785313139034
