Model: GRU
MSE: 60.48266981706303
MAE: 7.386274699507089
EVS: -0.03163818457304424
