Model: GRU
MSE: 5.818112867317754
MAE: 1.5766422995205582
EVS: 0.3547959249196032
