Model: GRU
MSE: 4.212636962235765
MAE: 1.3917555809020996
EVS: 0.41658400589936895
