Model: GRU
MSE: 11.542231002784336
MAE: 3.05076317951597
EVS: 0.3488775478242183
