Model: GRU
MSE: 10.636356408391043
MAE: 2.922193198368467
EVS: 0.38791264224718436
