Model: GRU
MSE: 14.344855653500057
MAE: 3.4475391486595415
EVS: 0.20809157873975204
