Model: GRU
MSE: 5.263929457650334
MAE: 1.8596984764625286
EVS: 0.3874311019206549
