Model: GRU
MSE: 6.15960314013168
MAE: 2.043897530128216
EVS: 0.415209720237557
