Model: GRU
MSE: 1585.833018393586
MAE: 39.72250731238003
EVS: -0.10404581664557822
