Model: GRU
MSE: 27.18915624318644
MAE: 4.980889534128123
EVS: 0.40067138374143285
