Model: GRU
MSE: 4.729109348674401
MAE: 1.6553271721149314
EVS: 0.4577736967375581
