Model: GRU
MSE: 8.064163906644541
MAE: 2.5181952509386787
EVS: 0.35114734741746
