Model: GRU
MSE: 10.844100083800186
MAE: 2.931630463435732
EVS: 0.36742023855200834
