Model: GRU
MSE: 4.956068038135684
MAE: 1.645348779086409
EVS: 0.3599552272435854
