Model: GRU
MSE: 5.558131017392027
MAE: 1.9557118086979306
EVS: 0.37780512688785095
