Model: GRU
MSE: 1673.5752326654315
MAE: 40.618176690463365
EVS: -2.2944655382015466
