Model: GRU
MSE: 4.651657627065952
MAE: 1.545919319678997
EVS: 0.3544515666759459
