Model: GRU
MSE: 10.957178002441667
MAE: 3.003992327328386
EVS: 0.2291417168099893
