Model: GRU
MSE: 19.052796907769366
MAE: 4.044137198349525
EVS: 0.14670226875156256
