Model: GRU
MSE: 4.745319987682769
MAE: 1.3952982672329606
EVS: 0.35594626043117383
