Model: GRU
MSE: 4.521097893256943
MAE: 1.524842985745134
EVS: 0.3728268484202779
