Model: GRU
MSE: 7.572719492286147
MAE: 2.400279735696727
EVS: 0.329699823389339
