Model: GRU
MSE: 20.897618095866072
MAE: 4.302154606786267
EVS: 0.37397633216360227
