Model: GRU
MSE: 6.73698210948705
MAE: 2.1774476807692955
EVS: 0.4046972202321848
