Model: GRU
MSE: 14.059559816939798
MAE: 3.364466173895474
EVS: 0.2931161830535568
