Model: GRU
MSE: 21.167243521724277
MAE: 4.286801091555891
EVS: 0.3180011350484796
