Model: GRU
MSE: 14.15730199235348
MAE: 3.4234408838995574
EVS: 0.3301411453405211
