Model: GRU
MSE: 9.04780599979457
MAE: 2.6481880319529565
EVS: 0.3812343186114615
