Model: GRU
MSE: 10.03225777015781
MAE: 2.8483993431617476
EVS: 0.3912567937582503
