Model: GRU
MSE: 15.679012832407336
MAE: 3.6499153827798776
EVS: 0.39349847809817307
