Model: GRU
MSE: 5.041667284589698
MAE: 1.6955348540996682
EVS: 0.3368933684941847
