Model: GRU
MSE: 7.100611522584633
MAE: 2.243033261134707
EVS: 0.34509882857368424
