Model: GRU
MSE: 4.265473128825416
MAE: 1.3453791388149918
EVS: 0.41113645593998427
