Model: GRU
MSE: 6.855949194339512
MAE: 2.257143809877593
EVS: 0.29088813448617856
