Model: GRU
MSE: 8.735367241029586
MAE: 2.632449478938662
EVS: 0.4023380132617348
