Model: GRU
MSE: 9.57218969561264
MAE: 2.7230002140176706
EVS: 0.3888385021356897
