Model: GRU
MSE: 8.166642774334644
MAE: 2.5012028792808794
EVS: 0.4082070509087071
