Model: GRU
MSE: 4.966153981186757
MAE: 1.6811426590228904
EVS: 0.35012443885009203
