Model: GRU
MSE: 9.333761084437418
MAE: 2.7214183807373047
EVS: 0.36958215262747807
