Model: GRU
MSE: 13.344250111196931
MAE: 3.356641045932112
EVS: 0.4133175113425782
