Model: GRU
MSE: 10.993718669559508
MAE: 2.9056795547748435
EVS: 0.3668761322298597
