Model: GRU
MSE: 15.660466407223742
MAE: 3.5428803307669505
EVS: 0.28170236072365695
