Model: GRU
MSE: 516.2424428161969
MAE: 22.55020134613432
EVS: -0.0728803624858474
