Model: GRU
MSE: 4.569635029137677
MAE: 1.3830006533655628
EVS: 0.3660135099878753
