Model: GRU
MSE: 12.986097078265395
MAE: 3.2571474765909127
EVS: 0.31311586709764627
