Model: GRU
MSE: 8.055652648910632
MAE: 2.3971235834319016
EVS: 0.34731958541438324
