Model: GRU
MSE: 6.451850109742673
MAE: 2.124888748958193
EVS: 0.35594530388136325
