Model: GRU
MSE: 5.0043455330020965
MAE: 1.664244947762325
EVS: 0.3267924523860447
