Model: GRU
MSE: 691.9105619207463
MAE: 26.13909755081966
EVS: -0.2015671133189212
