Model: GRU
MSE: 5.621197492189383
MAE: 1.9049069963652512
EVS: 0.44673216206815813
