Model: GRU
MSE: 10.90225710469454
MAE: 2.953734381445523
EVS: 0.39550499986076204
