Model: GRU
MSE: 11.956912493173165
MAE: 3.0675526816269447
EVS: 0.35096565572463445
