Model: GRU
MSE: 14.158147895561656
MAE: 3.470575793036099
EVS: 0.41436715514828726
