Model: GRU
MSE: 21.603213690611202
MAE: 4.42395937031713
EVS: 0.4144192776324267
