Model: GRU
MSE: 45.448388326381114
MAE: 6.5064677698858855
EVS: 0.2723720163850304
