Model: GRU
MSE: 5.72052812480797
MAE: 1.5466379954897125
EVS: 0.389590873302463
