Model: GRU
MSE: 8.82647886328456
MAE: 2.6540842878407447
EVS: 0.31273827084561434
