Model: GRU
MSE: 8.175292704062532
MAE: 2.381589149606639
EVS: 0.3246368730847965
