Model: GRU
MSE: 12.877699282062668
MAE: 3.2644916402882544
EVS: 0.4023910220343321
