Model: GRU
MSE: 3382.8668842171287
MAE: 58.09925592356715
EVS: -0.019101226918375902
