Model: GRU
MSE: 6.042632276089315
MAE: 2.045501413016484
EVS: 0.3663075983750649
