Model: GRU
MSE: 5.844023437029042
MAE: 1.8988264346944874
EVS: 0.20849117793963123
