Model: GRU
MSE: 10.13771205443022
MAE: 2.83362863803732
EVS: 0.45495348196348906
