Model: GRU
MSE: 6.648758676336127
MAE: 2.191236430201037
EVS: 0.3468560079444586
