Model: GRU
MSE: 10.663453057932234
MAE: 2.9294862747192383
EVS: 0.437341528025202
