Model: GRU
MSE: 9.674150853821597
MAE: 2.771392657839019
EVS: 0.3232618380319414
