Model: GRU
MSE: 4.870026608388265
MAE: 1.6527484038780476
EVS: 0.34248538122557226
