Model: GRU
MSE: 5.161921721989686
MAE: 1.450060384026889
EVS: 0.31322054502773455
