Model: GRU
MSE: 9.970028303584575
MAE: 2.8078558691616715
EVS: 0.3496069689907879
