Model: GRU
MSE: 10.963398286583878
MAE: 2.9582477766892006
EVS: 0.36674004287047224
