Model: GRU
MSE: 14.849565892802776
MAE: 3.485269941132644
EVS: 0.3577152661628642
