Model: GRU
MSE: 12.177498290571544
MAE: 3.194946765899658
EVS: 0.28880698250910375
