Model: GRU
MSE: 7.107163212423749
MAE: 2.3146793924528977
EVS: 0.42705004428322
