Model: GRU
MSE: 4.667410103564086
MAE: 1.3718376817374394
EVS: 0.3898805248445093
