Model: GRU
MSE: 4.935915251966341
MAE: 1.6036421348308694
EVS: 0.3575113144931501
