Model: GRU
MSE: 13.975763089509782
MAE: 3.352384123308905
EVS: 0.33744646499241504
