Model: GRU
MSE: 8.384369258924945
MAE: 2.52709306519607
EVS: 0.42189451761402674
