Model: GRU
MSE: 28.48934377384117
MAE: 5.099560885593809
EVS: 0.3358757568561208
