Model: GRU
MSE: 20.343350028418453
MAE: 4.186046107061978
EVS: 0.31972786165312583
