Model: GRU
MSE: 6.783125995575166
MAE: 2.1238338207376413
EVS: 0.39275462781099924
