Model: GRU
MSE: 7.073176606343936
MAE: 2.2242585215075263
EVS: 0.4252146434747157
