Model: GRU
MSE: 5.137699844014401
MAE: 1.4293018373949775
EVS: 0.3908365874640477
