Model: GRU
MSE: 12.620896134939029
MAE: 3.185875678884572
EVS: 0.3503673474643785
