Model: GRU
MSE: 4.8987043537915955
MAE: 1.5559049639208564
EVS: 0.3220881687573922
