Model: GRU
MSE: 6.328164123458558
MAE: 2.0923684712114006
EVS: 0.37746774201003186
