Model: GRU
MSE: 4.684487036477643
MAE: 1.3617568180478852
EVS: 0.39519346860103066
