Model: GRU
MSE: 5.919404989616333
MAE: 2.0215095158281
EVS: 0.3979253763041811
