Model: GRU
MSE: 7.578613404751164
MAE: 2.3539171876578497
EVS: 0.33863274156792456
