Model: GRU
MSE: 5.677889340850015
MAE: 1.9378453945291454
EVS: 0.42163854271494794
