Model: GRU
MSE: 15.215116655856397
MAE: 3.550211889990445
EVS: 0.3670417878426756
