Model: GRU
MSE: 7.036436696088552
MAE: 2.17285915900921
EVS: 0.14859836935553694
