Model: GRU
MSE: 6.101959559192108
MAE: 2.046708057666647
EVS: 0.34802302023091747
