Model: GRU
MSE: 33.7396209683117
MAE: 5.41417069270693
EVS: -2.220446049250313e-16
