Model: GRU
MSE: 7.51723500333048
MAE: 2.391042314726731
EVS: 0.3201411307040758
