Model: GRU
MSE: 11.35095379254832
MAE: 2.972872734069824
EVS: 0.34100392595762874
