Model: GRU
MSE: 3412.5833072401624
MAE: 58.33454467510355
EVS: -0.34118749622731426
