Model: GRU
MSE: 11.948939207830085
MAE: 3.1314476276266165
EVS: 0.4004841847295576
