Model: GRU
MSE: 12.422362526622676
MAE: 3.159432312537884
EVS: 0.30836490803315353
