Model: GRU
MSE: 12.349099467915494
MAE: 3.170616725395466
EVS: 0.32990121328393496
