Model: GRU
MSE: 5.1900002592930585
MAE: 1.6143899128354828
EVS: 0.2841754927988087
