Model: GRU
MSE: 8.979950585630894
MAE: 2.6039590506718078
EVS: 0.365268938442597
