Model: GRU
MSE: 4.650888405762841
MAE: 1.5725318645608837
EVS: 0.3607447748556043
