Model: GRU
MSE: 4.905068800673407
MAE: 1.7104482321903622
EVS: 0.3517842934116293
