Model: GRU
MSE: 12.416865548650376
MAE: 3.201141521848481
EVS: 0.3666534589470207
