Model: GRU
MSE: 540.8834303857606
MAE: 23.091038847791737
EVS: -0.06684254461446093
