Model: GRU
MSE: 5.272379674689656
MAE: 1.8669725779829354
EVS: 0.37894453875811773
