Model: GRU
MSE: 9.763765261856516
MAE: 2.7413900967301994
EVS: 0.3947549102394553
