Model: GRU
MSE: 5.666988357397023
MAE: 1.9677627826559132
EVS: 0.3895578902020923
