Model: GRU
MSE: 6.477009631375181
MAE: 2.1444764794974494
EVS: 0.25154643121260345
