Model: GRU
MSE: 11.585245604681075
MAE: 3.033730621995597
EVS: 0.380392189902522
