Model: GRU
MSE: 8.700462150290322
MAE: 2.573343951126625
EVS: 0.32090057527056715
