Model: GRU
MSE: 15.804048553835981
MAE: 3.7044454443043677
EVS: 0.4279344779093537
