Model: GRU
MSE: 8.488111438449414
MAE: 2.008410154070173
EVS: 0.26498069507002786
