Model: GRU
MSE: 4.5962345442776185
MAE: 1.5888811637615334
EVS: 0.38116874824773816
