Model: GRU
MSE: 56.94801658243087
MAE: 7.176195341965248
EVS: 0.044345718299020565
