Model: GRU
MSE: 2315.0223437241975
MAE: 48.01909361214474
EVS: -0.27523805311986305
