Model: GRU
MSE: 5.996372643788618
MAE: 2.0576042800114074
EVS: 0.3827932726693082
