Model: GRU
MSE: 12.648991603345966
MAE: 3.2092932832652123
EVS: 0.3771467451142053
