Model: GRU
MSE: 5360.31393600061
MAE: 73.16057349895608
EVS: -0.08863998631114578
