Model: GRU
MSE: 12.598167398101333
MAE: 3.220873602505388
EVS: 0.3591685221939731
