Model: GRU
MSE: 11.43617755185993
MAE: 3.021869363455937
EVS: 0.40693146721855444
