Model: GRU
MSE: 11.2753541284494
MAE: 3.021458231169602
EVS: 0.27741444109709623
