Model: GRU
MSE: 6.611149876479901
MAE: 2.2024105663957267
EVS: 0.4010284599742563
