Model: GRU
MSE: 8.551855475061874
MAE: 2.5421015640784956
EVS: 0.41758114893241605
