Model: GRU
MSE: 5.2043818247132645
MAE: 1.7229346242444268
EVS: 0.30814613021674253
