Model: GRU
MSE: 23.46901974483074
MAE: 4.605424617898875
EVS: 0.37059176883544975
