Model: GRU
MSE: 8.942150389699503
MAE: 2.6847470546590873
EVS: 0.2636827786648466
