Model: GRU
MSE: 10.22800594592627
MAE: 2.811983404488399
EVS: 0.37402237147727324
