Model: GRU
MSE: 5.659515315294294
MAE: 1.984815712632804
EVS: 0.37438639677280405
