Model: GRU
MSE: 5.882975228821014
MAE: 1.9248622203695362
EVS: 0.3542826429626672
