Model: GRU
MSE: 5.592830936470411
MAE: 1.892411626618484
EVS: 0.41449009063952136
