Model: GRU
MSE: 10.306264626368923
MAE: 2.8625595487397293
EVS: 0.3433163419320676
