Model: GRU
MSE: 20.866446707994797
MAE: 4.259664798605031
EVS: 0.3312836171363903
