Model: GRU
MSE: 32.72066897600567
MAE: 5.516576997165022
EVS: 0.3834548795137406
