Model: GRU
MSE: 7.901582617914379
MAE: 2.412349010335988
EVS: 0.33220453778879666
