Model: GRU
MSE: 8.915139651029362
MAE: 2.5955984839077653
EVS: 0.3830535318920375
