Model: GRU
MSE: 9.744429110793606
MAE: 2.7636860814587823
EVS: 0.4055458159416149
