Model: GRU
MSE: 4.544212364876299
MAE: 1.5497408242061221
EVS: 0.37373248204810183
