Model: GRU
MSE: 9.559997933946793
MAE: 2.0933362040026435
EVS: 0.15055818953771216
