Model: GRU
MSE: 12.001586384195983
MAE: 3.023249445290401
EVS: 0.09179583112875744
