Model: GRU
MSE: 28.435965024558175
MAE: 5.012832460732295
EVS: 0.1424156787369416
