Model: GRU
MSE: 12.0992446606437
MAE: 3.1003065273679535
EVS: 0.3593738512660686
