Model: GRU
MSE: 7.568388963274645
MAE: 2.3380111661450615
EVS: 0.3901358341470611
