Model: GRU
MSE: 4.924676291452513
MAE: 1.6120762660585601
EVS: 0.31692628131652234
