Model: GRU
MSE: 6.668267368701985
MAE: 2.1732490473780137
EVS: 0.24250087770563045
