Model: GRU
MSE: 7.1019707338068345
MAE: 2.2047231772850298
EVS: 0.3979211797527801
