Model: GRU
MSE: 7.912341267686221
MAE: 2.4378465784007104
EVS: 0.3419320230677092
