Model: GRU
MSE: 8.092336865155474
MAE: 2.498096301637847
EVS: 0.33603476156104484
