Model: GRU
MSE: 20.653598182758422
MAE: 4.178580093383789
EVS: 0.26624827586368194
