Model: GRU
MSE: 11.565478782689297
MAE: 3.048406584509488
EVS: 0.3467920693522062
