Model: GRU
MSE: 9.155341709458298
MAE: 2.6777044493576576
EVS: 0.3777278531805305
