Model: GRU
MSE: 5.182553163450283
MAE: 1.817815797082309
EVS: 0.366493252518692
