Model: GRU
MSE: 9.521917151421222
MAE: 2.7380434397993416
EVS: 0.365155662085903
