Model: GRU
MSE: 15.714137448434407
MAE: 3.7243862316526215
EVS: 0.42931076047982986
