Model: GRU
MSE: 5.530338775924911
MAE: 1.869626472736227
EVS: 0.3497023572133797
