Model: GRU
MSE: 4.878796834123963
MAE: 1.668456274887611
EVS: 0.37503648773769893
