Model: GRU
MSE: 7.289688442942453
MAE: 2.2810212825906686
EVS: 0.3684959518707971
