Model: GRU
MSE: 4.4885942224651165
MAE: 1.5218533647471462
EVS: 0.378460281034646
