Model: GRU
MSE: 9.013755480132236
MAE: 2.6596095644194504
EVS: 0.344890577249208
