Model: GRU
MSE: 16.350665147085678
MAE: 3.754701121100064
EVS: 0.4311913118171514
