Model: GRU
MSE: 536.3194580087571
MAE: 22.980467533243115
EVS: -0.14042513833465997
