Model: GRU
MSE: 13.907923735140292
MAE: 3.415798302354484
EVS: 0.4011230925980308
