Model: GRU
MSE: 7.423453422723626
MAE: 2.270874319405391
EVS: 0.3973006349730449
