Model: GRU
MSE: 8.700578420027263
MAE: 2.6202657798240923
EVS: 0.3642345560713487
