Model: GRU
MSE: 11.76663221784487
MAE: 3.081939664380304
EVS: 0.4057727589867016
