Model: GRU
MSE: 4.525719333473074
MAE: 1.553636172722126
EVS: 0.3796343600733034
