Model: GRU
MSE: 9.135509071623957
MAE: 2.6989637736616463
EVS: 0.3302075461877053
