Model: GRU
MSE: 5851.567330239897
MAE: 76.45712306581694
EVS: 0.18458211831489368
