Model: GRU
MSE: 9.180242584844125
MAE: 2.6724004416630187
EVS: 0.34703118009516
