Model: GRU
MSE: 34.022751392043105
MAE: 5.43968993219836
EVS: -2.220446049250313e-16
