Model: GRU
MSE: 584.550989629974
MAE: 24.01532615875376
EVS: -0.08457068626832909
