Model: GRU
MSE: 5.027928244056151
MAE: 1.7437054535438274
EVS: 0.4060906579164971
