Model: GRU
MSE: 6.8626752718091355
MAE: 2.1694443801353716
EVS: 0.40828933082398733
