Model: GRU
MSE: 455.3413283820732
MAE: 21.154153581323296
EVS: -0.08845864886506805
