Model: GRU
MSE: 7.9248217764278515
MAE: 2.464146926485259
EVS: 0.29341354806393105
