Model: GRU
MSE: 5.985015494248978
MAE: 2.0253851989219926
EVS: 0.2863126832231424
