Model: GRU
MSE: 8.827697439160335
MAE: 2.6130077756684402
EVS: 0.3880758020818561
