Model: GRU
MSE: 29.436016460481166
MAE: 5.218556354785788
EVS: 0.412056615633542
