Model: GRU
MSE: 8.90842669628568
MAE: 2.6205694922085465
EVS: 0.37887512001121415
