Model: GRU
MSE: 7.752463352124323
MAE: 2.4020847123244713
EVS: 0.3806460459777682
