Model: GRU
MSE: 4.406235881989028
MAE: 1.4960824538921487
EVS: 0.39139949980409694
