Model: GRU
MSE: 44.81326241813189
MAE: 6.327880398980502
EVS: -2.220446049250313e-16
