Model: GRU
MSE: 513.2082867032005
MAE: 22.47277675003841
EVS: -0.13557091462019244
