Model: GRU
MSE: 10.627900181938756
MAE: 2.9205968297761062
EVS: 0.3706951861692688
