Model: GRU
MSE: 4.897395561616012
MAE: 1.4923624170237575
EVS: 0.3203538779425483
