Model: GRU
MSE: 4.80566560025114
MAE: 1.62592679056628
EVS: 0.3812529525259274
