Model: GRU
MSE: 9.233363584011919
MAE: 2.740192676412648
EVS: 0.2726368508025061
