Model: GRU
MSE: 6.070259403956415
MAE: 2.1076311900697906
EVS: 0.3446985625961775
