Model: GRU
MSE: 12.178412270972204
MAE: 3.181461235572552
EVS: 0.4326239580136533
