Model: GRU
MSE: 9.376203133676803
MAE: 2.679131343446929
EVS: 0.389239938679222
