Model: GRU
MSE: 5.282598334389698
MAE: 1.7454861443618248
EVS: 0.29819669579134034
