Model: GRU
MSE: 15.900789215801634
MAE: 3.654617358898294
EVS: 0.3415420821390718
