Model: GRU
MSE: 11.61356788564656
MAE: 3.0790338022955535
EVS: 0.39200954713025493
