Model: GRU
MSE: 18.833237826154864
MAE: 4.0245485963492555
EVS: 0.03591352151038396
