Model: GRU
MSE: 5.022870669757689
MAE: 1.3624900784985772
EVS: 0.36797156521116126
