Model: GRU
MSE: 13.226011120280168
MAE: 3.2876135398601662
EVS: 0.3459851685722597
