Model: GRU
MSE: 1198.3312804808534
MAE: 34.481376845261146
EVS: -0.29979344117607276
