Model: GRU
MSE: 554.3381844493147
MAE: 23.392369516964617
EVS: 0.009780394231938883
