Model: GRU
MSE: 497.6152526974876
MAE: 22.153756026563972
EVS: 0.05264727697918692
