Model: GRU
MSE: 4769.859844256794
MAE: 69.01203096324
EVS: 0.0008716570153274317
