Model: GRU
MSE: 4.676439939226102
MAE: 1.3797975573046455
EVS: 0.3723253059192789
