Model: GRU
MSE: 10.242266406202079
MAE: 2.839444094690783
EVS: 0.3732441942403303
