Model: GRU
MSE: 5.9563965580877545
MAE: 2.040501906954009
EVS: 0.32939461791613467
