Model: GRU
MSE: 12.224484674436804
MAE: 3.145868317834262
EVS: 0.3931433152813737
