Model: GRU
MSE: 7.8084112371956005
MAE: 2.3098024828680632
EVS: 0.3192648825053329
