Model: GRU
MSE: 11.765297443030844
MAE: 3.0851580192302834
EVS: 0.3909350585926358
