Model: GRU
MSE: 14.455313067467598
MAE: 3.500323279150601
EVS: 0.39912599972700546
