Model: GRU
MSE: 6.473341555020946
MAE: 2.155597390799687
EVS: 0.35984110271716885
