Model: GRU
MSE: 4.852455402618912
MAE: 1.7124980400348533
EVS: 0.3877670244971688
