Model: GRU
MSE: 4.45215104643479
MAE: 1.296364060763655
EVS: 0.42633716609217376
