Model: GRU
MSE: 5.898459714823212
MAE: 2.0151209173531366
EVS: 0.36607347827016157
