Model: GRU
MSE: 27.17566930192785
MAE: 5.002581201750656
EVS: 0.4308917405207485
