Model: GRU
MSE: 512.9406302953743
MAE: 22.48812807017359
EVS: -0.0026393943670819375
