Model: GRU
MSE: 14.835833241224229
MAE: 3.5880828890307197
EVS: 0.42431638497479307
