Model: GRU
MSE: 5.942128593493086
MAE: 2.0215852671656114
EVS: 0.37305952265512554
