Model: GRU
MSE: 20.956589992467485
MAE: 4.340269138073099
EVS: 0.4093629584415366
