Model: GRU
MSE: 1406.9440393512152
MAE: 37.41530711075355
EVS: 0.02315863252549677
