Model: GRU
MSE: 5.964014951307867
MAE: 2.0184519044284164
EVS: 0.39923163130666584
