Model: GRU
MSE: 2882.82594480664
MAE: 53.54393640057794
EVS: -1.2028120843302883
