Model: GRU
MSE: 7.955814648755159
MAE: 2.3850719188821725
EVS: 0.3263380003797617
