Model: GRU
MSE: 6.342075259307515
MAE: 2.114048727627458
EVS: 0.4035012940397056
