Model: GRU
MSE: 5.951943508700487
MAE: 2.0297600976352035
EVS: 0.4194515150145163
