Model: GRU
MSE: 7.49233841007945
MAE: 2.349778010927398
EVS: 0.4132800637153101
