Model: GRU
MSE: 13.427133400248875
MAE: 3.334235487313106
EVS: 0.32585498634445065
