Model: GRU
MSE: 566.4377651268735
MAE: 23.633402454441992
EVS: -0.09636056737330034
