Model: GRU
MSE: 18.443953451017713
MAE: 4.056290610083218
EVS: 0.4461405869028914
