Model: GRU
MSE: 6.992471125378698
MAE: 2.1858759748524634
EVS: 0.3899731757079119
