Model: GRU
MSE: 6.025512665875418
MAE: 2.0057170473296067
EVS: 0.3604649358355385
