Model: GRU
MSE: 507.42085380336044
MAE: 22.3444599118726
EVS: -0.1304878889630665
