Model: GRU
MSE: 4.161988122813627
MAE: 1.3910036909169163
EVS: 0.4313087262217168
