Model: GRU
MSE: 28.706081963401786
MAE: 4.958510957915207
EVS: 0.07657355640751795
