Model: GRU
MSE: 5.4834535440530185
MAE: 1.8533945905751195
EVS: 0.34195918494427124
