Model: GRU
MSE: 9.522499361668201
MAE: 2.6582066766146957
EVS: 0.3158810843566522
