Model: GRU
MSE: 7.743117397541341
MAE: 2.381316875589305
EVS: 0.32419023105516165
