Model: GRU
MSE: 4.014897081520381
MAE: 1.3610888514025459
EVS: 0.44618694840012074
