Model: GRU
MSE: 4.843700681444591
MAE: 1.679122859034045
EVS: 0.38270340747756804
