Model: GRU
MSE: 13.884615709835323
MAE: 3.3623386744795174
EVS: 0.3347757036104969
