Model: GRU
MSE: 5.51339967690051
MAE: 1.5147600502803409
EVS: 0.3053460504045016
