Model: GRU
MSE: 7.864015075435826
MAE: 2.4322433471679688
EVS: 0.36389270904211246
