Model: GRU
MSE: 8.069666306393612
MAE: 2.5235831326451796
EVS: 0.34827950385367357
