Model: GRU
MSE: 487.748041118745
MAE: 21.91621666530083
EVS: -0.030778477689756167
