Model: GRU
MSE: 4.892512780244692
MAE: 1.668142220069622
EVS: 0.37483186063491425
