Model: GRU
MSE: 8.704198742388238
MAE: 2.6017785894459693
EVS: 0.41597579610219226
