Model: GRU
MSE: 6774.037889021849
MAE: 82.26101382025357
EVS: 0.005858301247147479
