Model: GRU
MSE: 5.24084218718116
MAE: 1.7363939614131534
EVS: 0.3791735706990107
