Model: GRU
MSE: 8.708702851763912
MAE: 2.5958772034480653
EVS: 0.39449452258612927
