Model: GRU
MSE: 6.691110253112113
MAE: 2.200484193604568
EVS: 0.33834595453757876
