Model: GRU
MSE: 635.4772160086147
MAE: 25.053471976313098
EVS: -0.08258043368585355
