Model: GRU
MSE: 16.081865110789938
MAE: 3.6817918152644715
EVS: 0.23260364987358473
