Model: GRU
MSE: 5.522536727851275
MAE: 1.9105999223117172
EVS: 0.40617382345885933
