Model: GRU
MSE: 671.2678281939054
MAE: 25.750959314149
EVS: -0.1318697858665785
