Model: GRU
MSE: 6.772850538751378
MAE: 2.179014255260599
EVS: 0.41736199084401304
