Model: GRU
MSE: 6.263243705204755
MAE: 2.1222041064295274
EVS: 0.3437948464982741
