Model: GRU
MSE: 15.499378685034117
MAE: 3.5465950965881348
EVS: 0.2934507586239833
