Model: GRU
MSE: 8.03088025241735
MAE: 2.4436499990265945
EVS: 0.3295315481434419
