Model: GRU
MSE: 812.8448285019775
MAE: 28.381147088675664
EVS: -0.02076283863001893
