Model: GRU
MSE: 56.19217282761057
MAE: 7.134652762577452
EVS: -2.220446049250313e-16
