Model: GRU
MSE: 9.984715195461439
MAE: 2.7950408376496414
EVS: 0.397448448665465
