Model: GRU
MSE: 5.143496775807244
MAE: 1.7597048693689807
EVS: 0.4114288011643329
