Model: GRU
MSE: 22.341253862998546
MAE: 4.476319576131886
EVS: 0.412422867692687
