Model: GRU
MSE: 6.722922028099549
MAE: 2.1692091843177534
EVS: 0.37150600732006533
