Model: GRU
MSE: 5.4963887244794964
MAE: 1.9212670161806304
EVS: 0.4127201133397116
