Model: GRU
MSE: 5.062569758971285
MAE: 1.7739677758052432
EVS: 0.3894361904674871
