Model: GRU
MSE: 16.494681531392384
MAE: 3.741318472500505
EVS: 0.3676201807763786
