Model: GRU
MSE: 5.740765528010781
MAE: 1.8624206740280678
EVS: 0.3484400942252277
