Model: GRU
MSE: 4.963642210433386
MAE: 1.476286559269346
EVS: 0.3190499049129859
