Model: GRU
MSE: 11.626412156196755
MAE: 3.0547602258879563
EVS: 0.39104825578666724
