Model: GRU
MSE: 8.058685048775574
MAE: 2.4501097777794145
EVS: 0.37931967739231354
