Model: GRU
MSE: 4.3768203463724795
MAE: 1.3468197954112087
EVS: 0.40182148707860144
