Model: GRU
MSE: 5.2766572875714015
MAE: 1.7368627416676488
EVS: 0.3627064041180025
