Model: GRU
MSE: 10.476630765438914
MAE: 2.93731636836611
EVS: -0.007203671280386903
