Model: GRU
MSE: 6.582620301237182
MAE: 2.1895146698787293
EVS: 0.34284353310555515
