Model: GRU
MSE: 8.500819143752794
MAE: 2.533122342208336
EVS: 0.40773882326181354
