Model: GRU
MSE: 5.595780695746553
MAE: 1.9646789452125286
EVS: 0.363160064812431
