Model: GRU
MSE: 2195.90821048731
MAE: 46.775243824925916
EVS: -0.10811819879202389
