Model: GRU
MSE: 9.559491945555488
MAE: 2.7169644914824387
EVS: 0.4013357600032982
