Model: GRU
MSE: 14.59382089365623
MAE: 3.465052062067492
EVS: 0.3468778927317524
