Model: GRU
MSE: 26.984911101398886
MAE: 4.8836260992905185
EVS: 0.17678347914531967
