Model: GRU
MSE: 8.160890866439754
MAE: 2.4949341642445533
EVS: 0.3653382463846232
