Model: GRU
MSE: 12.491345029967338
MAE: 3.1768643609408675
EVS: 0.37506595560534706
