Model: GRU
MSE: 583.2204707260461
MAE: 23.998953161568476
EVS: -0.009022068115711823
