Model: GRU
MSE: 8.3391045330952
MAE: 2.569957437186406
EVS: 0.3873139066730257
