Model: GRU
MSE: 7.200233282717347
MAE: 2.327281327083193
EVS: 0.40609213760420493
