Model: GRU
MSE: 8.30897493526853
MAE: 2.5711202785886567
EVS: 0.3229458703387391
