Model: GRU
MSE: 7.884245195218164
MAE: 2.405398155080861
EVS: 0.3794801583667231
