Model: GRU
MSE: 10.143860622395142
MAE: 2.8839919320468246
EVS: -0.016257488711766577
