Model: GRU
MSE: 4.919813809456361
MAE: 1.482579987624596
EVS: 0.32072262928837936
