Model: GRU
MSE: 7.205865818240674
MAE: 2.3038867424274314
EVS: 0.34938787923584
