Model: GRU
MSE: 12.274266039091579
MAE: 3.1627789694687416
EVS: 0.39923705417695776
