Model: GRU
MSE: 7.474851690418071
MAE: 2.328303567294417
EVS: 0.40586118576429087
