Model: GRU
MSE: 6.185103220679735
MAE: 2.034163031084784
EVS: 0.42121795777380433
