Model: GRU
MSE: 9.275515488844748
MAE: 2.6752832182522477
EVS: 0.31284444978291215
