Model: GRU
MSE: 12.46246538689218
MAE: 3.191764683559023
EVS: 0.3940394136472346
