Model: GRU
MSE: 1090.1233397268597
MAE: 32.89348842357767
EVS: -0.12990418566088824
