Model: GRU
MSE: 774.1279095894776
MAE: 27.664763368409254
EVS: -0.21969665994300325
