Model: GRU
MSE: 5.289533981187011
MAE: 1.740861514519001
EVS: 0.30408504268918535
