Model: GRU
MSE: 8.419734613401284
MAE: 2.5777007300278236
EVS: 0.39714561206524646
