Model: GRU
MSE: 4.24375093452004
MAE: 1.445806651279844
EVS: 0.4168296175219901
