Model: GRU
MSE: 10.148084897341645
MAE: 2.7973164032245506
EVS: 0.3673453505002884
