Model: GRU
MSE: 8.418624667199985
MAE: 2.020655046190534
EVS: 0.27345274844300893
