Model: GRU
MSE: 4.8067126733990175
MAE: 1.6153912708677094
EVS: 0.345702799494107
