Model: GRU
MSE: 15.93898648827851
MAE: 3.7139875642184554
EVS: 0.37108626517920007
