Model: GRU
MSE: 6.0495768171144535
MAE: 1.5795621707521637
EVS: 0.3721741987752545
