Model: GRU
MSE: 6.827052780769009
MAE: 2.183813423945986
EVS: 0.3507050459020745
