Model: GRU
MSE: 4.856838463104537
MAE: 1.6312074496828277
EVS: 0.36915285070047443
