Model: GRU
MSE: 569.072846338473
MAE: 23.68006918348115
EVS: -0.15563528138290206
