Model: GRU
MSE: 5.659710596873271
MAE: 1.866994759132122
EVS: 0.35298326808724034
