Model: GRU
MSE: 5.707187090111363
MAE: 1.9550677661238045
EVS: 0.4155876699608847
