Model: GRU
MSE: 4789.555221368417
MAE: 69.09878276956492
EVS: -1.0696706258687896
