Model: GRU
MSE: 4.406441377624654
MAE: 1.4832019312628384
EVS: 0.3923613907273069
