Model: GRU
MSE: 9.627983308795969
MAE: 2.7696002105186723
EVS: 0.30491520606295563
