Model: GRU
MSE: 9.518750905635663
MAE: 2.703035995878022
EVS: 0.34369180854261305
