Model: GRU
MSE: 15.870811185486517
MAE: 3.68549238402268
EVS: 0.40052391233468565
