Model: GRU
MSE: 1034.3075394127466
MAE: 32.027279656508874
EVS: -0.18807170942125184
