Model: GRU
MSE: 7.101062281143155
MAE: 2.189096006853827
EVS: 0.4034198901469518
