Model: GRU
MSE: 6.320605573163511
MAE: 2.1261541103494577
EVS: 0.41700816119723116
