Model: GRU
MSE: 5.610493348976229
MAE: 1.950713322080415
EVS: 0.35789330820152365
