Model: GRU
MSE: 11.379664331337874
MAE: 3.0131393958782327
EVS: 0.2116522969457194
