Model: GRU
MSE: 6.8427831053846795
MAE: 2.2531201592807113
EVS: 0.3978952615742023
