Model: GRU
MSE: 9.984112380857589
MAE: 2.8113272765587114
EVS: 0.42303984219334223
