Model: GRU
MSE: 1031.7136840715548
MAE: 31.96058153284007
EVS: -0.42038962404511215
