Model: GRU
MSE: 8.530725683372989
MAE: 2.5936928781969795
EVS: 0.3391545534427086
