Model: GRU
MSE: 6.9855989021910885
MAE: 2.238326746841957
EVS: 0.38386740515986273
