Model: GRU
MSE: 5.742210267122134
MAE: 1.9493064222664669
EVS: 0.4078584557691748
