Model: GRU
MSE: 18.82908806545292
MAE: 4.0570551115891025
EVS: 0.3913732397352544
