Model: GRU
MSE: 13.202124653022722
MAE: 3.246550642210862
EVS: 0.2648185222292654
