Model: GRU
MSE: 3590.1963362311412
MAE: 59.84344022027378
EVS: -0.24331980513347018
