Model: GRU
MSE: 2126.88456179066
MAE: 46.023673616606615
EVS: -0.20821288312123243
