Model: GRU
MSE: 7.49659164868979
MAE: 2.3111223187939873
EVS: 0.3808844378890702
