Model: GRU
MSE: 6.274920015653842
MAE: 2.0726052974832467
EVS: 0.40108081313675026
