Model: GRU
MSE: 4.604142547976765
MAE: 1.3958594716828445
EVS: 0.36113954835930273
