Model: GRU
MSE: 544.964505036705
MAE: 23.171393723323426
EVS: -0.11731123770938279
