Model: GRU
MSE: 5.32635383612936
MAE: 1.484090229560589
EVS: 0.3210049371078717
