Model: GRU
MSE: 2879.946775131354
MAE: 53.578819274902344
EVS: -0.2846622278469857
