Model: GRU
MSE: 470.89629692110475
MAE: 21.534993551928423
EVS: 0.009070289302868906
