Model: GRU
MSE: 10.047880384091796
MAE: 2.8042935338513604
EVS: 0.38921236391991787
