Model: GRU
MSE: 7.076379054967643
MAE: 2.2687025234617035
EVS: 0.3342544797900533
