Model: GRU
MSE: 26.71134016692705
MAE: 4.78625540897764
EVS: 0.09337123913392942
