Model: GRU
MSE: 7.484695268997759
MAE: 2.2853328277324807
EVS: 0.3806451324551795
