Model: GRU
MSE: 13.841488785575997
MAE: 3.30758307320731
EVS: 0.308208956218581
