Model: GRU
MSE: 8.312480507951916
MAE: 2.593802780940615
EVS: 0.40453547446104443
