Model: GRU
MSE: 5.167649509828967
MAE: 1.8170757951407597
EVS: 0.38344505964567155
