Model: GRU
MSE: 647.4996298938134
MAE: 25.288398479593212
EVS: -0.10974977002854103
