Model: GRU
MSE: 6.149819163021534
MAE: 2.0664174803372086
EVS: 0.3704922595173351
