Model: GRU
MSE: 9.214227443598435
MAE: 2.6619616212515997
EVS: 0.36225788115992774
