Model: GRU
MSE: 6.422533677987554
MAE: 2.0706156697766533
EVS: 0.38671610340775553
