Model: GRU
MSE: 5.902065557334811
MAE: 2.030148045770053
EVS: 0.38621688380547947
