Model: GRU
MSE: 11.187259169279345
MAE: 2.845113890511649
EVS: 0.2758510243639507
