Model: GRU
MSE: 5.390928659861135
MAE: 1.4674767132463127
EVS: 0.2905334010461029
