Model: GRU
MSE: 1039.5473635156984
MAE: 32.10705936366114
EVS: -0.2051700051362737
