Model: GRU
MSE: 6.385986110903543
MAE: 2.109275620559166
EVS: 0.33632720383727954
