Model: GRU
MSE: 6.362750171223289
MAE: 2.1267136047626365
EVS: 0.4051474438589978
