Model: GRU
MSE: 13.38848801025553
MAE: 3.3247863835301894
EVS: 0.3736604185937571
