Model: GRU
MSE: 4.996818468494549
MAE: 1.6861067804796943
EVS: 0.36965960831833444
