Model: GRU
MSE: 11.134176318301797
MAE: 2.9797178794597756
EVS: 0.37812776697418493
