Model: GRU
MSE: 16.217875754388857
MAE: 3.723482378597917
EVS: 0.41947928096120757
