Model: GRU
MSE: 7.672769810931468
MAE: 2.279857947908599
EVS: 0.3553951059965297
