Model: GRU
MSE: 4.982636314388495
MAE: 1.799715699820683
EVS: 0.39792302445558037
