Model: GRU
MSE: 13.783327119557866
MAE: 3.3707311071198562
EVS: 0.38014446532764
