Model: GRU
MSE: 5.241481151325545
MAE: 1.451022246788288
EVS: 0.3285245560350921
