Model: GRU
MSE: 24.21016284210139
MAE: 4.668967411435884
EVS: 0.37364796149468604
