Model: GRU
MSE: 1822.2564495027923
MAE: 42.47523146662219
EVS: -1.5134466507383553
