Model: GRU
MSE: 5.246610635825776
MAE: 1.8431235839580666
EVS: 0.3391459387312372
