Model: GRU
MSE: 11.633044887694018
MAE: 3.099103598759092
EVS: 0.1949025055239887
