Model: GRU
MSE: 21.111916884473256
MAE: 4.37719333582911
EVS: 0.42889209522688676
