Model: GRU
MSE: 5.10622888712219
MAE: 1.7186441092655576
EVS: 0.3030419054600497
