Model: GRU
MSE: 11.596287368667852
MAE: 3.0497475163689973
EVS: 0.3715303048879892
