Model: GRU
MSE: 5.828607112400214
MAE: 1.9269477910008923
EVS: 0.40783508113791533
