Model: GRU
MSE: 8.659022351720413
MAE: 2.5846190123722472
EVS: 0.3528799458284354
