Model: GRU
MSE: 5.62248770046823
MAE: 1.954030415107464
EVS: 0.38212387373525414
