Model: GRU
MSE: 6.356841813637559
MAE: 2.120049969903354
EVS: 0.38030228300128366
