Model: GRU
MSE: 4.606946690002477
MAE: 1.5668402869125893
EVS: 0.3660013164567123
