Model: GRU
MSE: 1876.7588748634448
MAE: 43.19675090395171
EVS: -0.49875445523673534
