Model: GRU
MSE: 4.818097801014229
MAE: 1.376020908355713
EVS: 0.39574331561930576
