Model: GRU
MSE: 7.3773356351642425
MAE: 2.3425699595747322
EVS: 0.2907212327212847
