Model: GRU
MSE: 6.635193288658715
MAE: 2.1455287111216577
EVS: 0.3605610372086293
