Model: GRU
MSE: 563.0453818150146
MAE: 23.568379751567182
EVS: -0.0515078096508812
