Model: GRU
MSE: 514.6718498984814
MAE: 22.520531609140594
EVS: -0.04049546133532278
