Model: GRU
MSE: 5.336999560248324
MAE: 1.6059752332753148
EVS: 0.25949029332134543
