Model: GRU
MSE: 13.972654119654509
MAE: 3.3940720887019715
EVS: 0.3726500280514161
