Model: GRU
MSE: 10.610286085986413
MAE: 2.886905176886197
EVS: 0.33589435827869973
