Model: GRU
MSE: 7.542255149035319
MAE: 2.2971012016822554
EVS: 0.38651697671261254
