Model: GRU
MSE: 11.756699464813021
MAE: 3.0900355043082404
EVS: 0.39761277677227946
