Model: GRU
MSE: 8.787348037038853
MAE: 2.591962452592521
EVS: 0.3981342452837088
