Model: GRU
MSE: 5.107980751316377
MAE: 1.6776686372428105
EVS: 0.30413430211078485
