Model: GRU
MSE: 40.71553614784092
MAE: 6.029089072654987
EVS: 0.06726825237782752
