Model: GRU
MSE: 10.74659162487428
MAE: 2.9078028777550005
EVS: 0.36142063761702725
