Model: GRU
MSE: 5.59233548499143
MAE: 1.9042557683484307
EVS: 0.2973485160976538
