Model: GRU
MSE: 5.5967245853530745
MAE: 1.5541125001578495
EVS: 0.39022298860939464
