Model: GRU
MSE: 4.816299738653407
MAE: 1.737147068155223
EVS: 0.42386834068114987
