Model: GRU
MSE: 4.908131550113122
MAE: 1.469137981020171
EVS: 0.3306400374841775
