Model: GRU
MSE: 7.558373781036952
MAE: 2.319599907973717
EVS: 0.38054065589841957
