Model: GRU
MSE: 4.73801246008546
MAE: 1.4094302572053055
EVS: 0.3654201431777244
