Model: GRU
MSE: 538.9182859184745
MAE: 23.046429272355706
EVS: -0.07975292119612676
