Model: GRU
MSE: 5.67742636843145
MAE: 1.9005049343766838
EVS: 0.32351074132135405
