Model: GRU
MSE: 9.699779132000725
MAE: 2.7342551001187028
EVS: 0.391749783010755
