Model: GRU
MSE: 9.607888165144859
MAE: 2.7706356870717017
EVS: 0.4253313405834419
