Model: GRU
MSE: 4.922905666732653
MAE: 1.6302571625545108
EVS: 0.33276525955475844
