Model: GRU
MSE: 7.1428402383072225
MAE: 2.2061109049566863
EVS: 0.3595488032673829
