Model: GRU
MSE: 72.3273336052126
MAE: 8.17266738825831
EVS: 0.07309257209627973
