Model: GRU
MSE: 5.469675480751683
MAE: 1.6846030005093278
EVS: 0.2642153660584907
