Model: GRU
MSE: 4.775074752655075
MAE: 1.4739357520794045
EVS: 0.33975849160119753
