Model: GRU
MSE: 13.028843462874757
MAE: 3.2881146957134377
EVS: 0.24009897024176163
