Model: GRU
MSE: 501.3489063105007
MAE: 22.218270014072285
EVS: -0.0682342992417515
