Model: GRU
MSE: 570.9751376250233
MAE: 23.727404232682854
EVS: -0.1082084602754505
