Model: GRU
MSE: 7.748564936708668
MAE: 2.3509855599238954
EVS: 0.39266439557298194
