Model: GRU
MSE: 17.744900040349954
MAE: 3.920098765143033
EVS: 0.37023568074407487
