Model: GRU
MSE: 5084.765743230037
MAE: 71.25735565711712
EVS: 0.007036020541918209
