Model: GRU
MSE: 5.391929818416476
MAE: 1.7977644328413338
EVS: 0.2800060224452414
