Model: GRU
MSE: 15.25833374699044
MAE: 3.5786043693279397
EVS: 0.35571078954055146
