Model: GRU
MSE: 11.585231754283495
MAE: 3.0198399445106245
EVS: 0.347017147320146
