Model: GRU
MSE: 871.2717913035517
MAE: 29.37597450716742
EVS: -0.15518331379720585
