Model: GRU
MSE: 12.755863357615752
MAE: 3.2394619152463715
EVS: 0.37254067522051937
