Model: GRU
MSE: 9.927340103550659
MAE: 2.827562151284053
EVS: 0.44218291564948964
