Model: GRU
MSE: 619.0059627886402
MAE: 24.71333749540921
EVS: -0.14588506914280552
