Model: GRU
MSE: 5.631385402302715
MAE: 1.507255225346006
EVS: 0.41663776141259234
