Model: GRU
MSE: 9.664582966568952
MAE: 2.7285396806124984
EVS: 0.34707154596567624
