Model: GRU
MSE: 4.915080383907684
MAE: 1.4806593039940144
EVS: 0.3202377031106787
