Model: GRU
MSE: 6.137770303845408
MAE: 1.9984182324902764
EVS: 0.3583954272489217
