Model: GRU
MSE: 5.359030944342019
MAE: 1.854251138095198
EVS: 0.3312512402741059
