Model: GRU
MSE: 9.424749246728581
MAE: 2.6037392451845367
EVS: 0.31092765233904573
