Model: GRU
MSE: 42.08954794486212
MAE: 6.284068732426085
EVS: 0.4063931235285879
