Model: GRU
MSE: 2869.506479457268
MAE: 53.48138687528413
EVS: -0.28339061291341516
