Model: GRU
MSE: 5.44501144455919
MAE: 1.8260944465111042
EVS: 0.32177585481592874
