Model: GRU
MSE: 8.874069528569118
MAE: 2.6151729945478768
EVS: 0.36523616327073893
