Model: GRU
MSE: 10.26547617612141
MAE: 2.8940100176581023
EVS: 0.4424299485755382
