Model: GRU
MSE: 6.985462604294612
MAE: 2.2036177207683694
EVS: 0.3234428018740071
