Model: GRU
MSE: 623.2340893919999
MAE: 24.796078838151075
EVS: -0.1641554496318509
