Model: GRU
MSE: 7.742121006028763
MAE: 2.384548877847606
EVS: 0.4110235312379209
