Model: GRU
MSE: 506.67562781487925
MAE: 22.34481744108529
EVS: -0.024848892157997016
