Model: GRU
MSE: 528.6064488982521
MAE: 22.80652120195586
EVS: -0.17532380733903175
