Model: GRU
MSE: 8.668806437974785
MAE: 2.5329951582283807
EVS: 0.3631719146557296
