Model: GRU
MSE: 18.385042814145983
MAE: 3.955253337991649
EVS: 0.0007899834334729183
