Model: GRU
MSE: 16.928732663330877
MAE: 3.777802582444816
EVS: 0.3740092105216264
