Model: GRU
MSE: 28.37724805822767
MAE: 4.939025221199825
EVS: 0.05372810051572663
