Model: GRU
MSE: 13.47193430548452
MAE: 3.3502535326727507
EVS: 0.39123582222690834
