Model: GRU
MSE: 8.686759431321333
MAE: 2.570384042016391
EVS: 0.3662595345041304
