Model: GRU
MSE: 9.224653276565872
MAE: 2.7005607506324507
EVS: 0.31913857976623305
