Model: GRU
MSE: 7.661437933820707
MAE: 2.400321368513436
EVS: 0.4082440781565412
