Model: GRU
MSE: 68.58674948873413
MAE: 7.912599333401384
EVS: -2.220446049250313e-16
