Model: GRU
MSE: 13.465698072893325
MAE: 3.32965296712415
EVS: 0.3480430943688677
