Model: GRU
MSE: 7.010374412771492
MAE: 2.2345468422462202
EVS: 0.3800021295151397
