Model: GRU
MSE: 7.538630094840708
MAE: 2.3289187858844627
EVS: 0.28505237943269024
