Model: GRU
MSE: 9.642545061913614
MAE: 2.754314718575313
EVS: 0.33240621303734474
