Model: GRU
MSE: 595.7765529674939
MAE: 24.237917797318822
EVS: -0.15184995063726325
