Model: GRU
MSE: 20.253817324520195
MAE: 4.190213022560909
EVS: 0.33719298719317314
