Model: GRU
MSE: 6.398790730913678
MAE: 2.118592410252012
EVS: 0.35715494816908155
