Model: GRU
MSE: 2611.9484229693753
MAE: 51.00533639973607
EVS: -0.44386678643421673
