Model: GRU
MSE: 4.8116230605451005
MAE: 1.6062230406136349
EVS: 0.3446743357229535
