Model: GRU
MSE: 17.72753014787638
MAE: 3.857229841166529
EVS: 0.31237774454326706
