Model: GRU
MSE: 8.010714495284196
MAE: 2.4141551050646552
EVS: 0.3449528472258927
