Model: GRU
MSE: 10.758407789286954
MAE: 2.8964384999768487
EVS: 0.3713284676922355
