Model: GRU
MSE: 5.301552401443759
MAE: 1.86624525333273
EVS: 0.3705420843665379
