Model: GRU
MSE: 523.69176112186
MAE: 22.726329523941565
EVS: -2.220446049250313e-16
