Model: GRU
MSE: 6.645115320966115
MAE: 2.2031728481424264
EVS: 0.308203284568784
