Model: GRU
MSE: 5.548706822381535
MAE: 1.6721629109875908
EVS: 0.3241090163966578
