Model: GRU
MSE: 4.970508763997463
MAE: 1.6557348514425343
EVS: 0.3301010750498147
