Model: GRU
MSE: 6.952197781664428
MAE: 1.7741318735583076
EVS: 0.38296522202957284
