Model: GRU
MSE: 7.172191771871706
MAE: 2.269143515619738
EVS: 0.3857398022949786
