Model: GRU
MSE: 12.827119946049967
MAE: 3.2592754199587066
EVS: 0.3978702307220149
