Model: GRU
MSE: 4.125597692263596
MAE: 1.3922990601638268
EVS: 0.42753753528270766
