Model: GRU
MSE: 4.312469372343802
MAE: 1.43610798079392
EVS: 0.40184323108636977
