Model: GRU
MSE: 11.169748385223322
MAE: 2.677431038447789
EVS: 0.24688991599515675
