Model: GRU
MSE: 5.736970606915606
MAE: 1.9834959918055042
EVS: 0.31633832455594724
