Model: GRU
MSE: 14.318049409238107
MAE: 3.454035791857489
EVS: 0.32096598455589265
