Model: GRU
MSE: 8.800055206939321
MAE: 2.6070384979248047
EVS: 0.35721289433544967
