Model: GRU
MSE: 480.61840766864697
MAE: 21.75717125267818
EVS: -0.005301250327791163
