Model: GRU
MSE: 24.14630442959728
MAE: 4.663302158487254
EVS: 0.3463728972272666
