Model: GRU
MSE: 5.783715005739066
MAE: 2.0125930884788774
EVS: 0.3026449915963697
