Model: GRU
MSE: 7.153146504940353
MAE: 2.262435255379512
EVS: 0.3607912837093057
