Model: GRU
MSE: 10.567750894608928
MAE: 2.8748332549785744
EVS: 0.31060475531221554
