Model: GRU
MSE: 10.364043924167023
MAE: 2.8233986394158723
EVS: 0.3646994083724646
