Model: GRU
MSE: 14.495137553073462
MAE: 3.456694011030526
EVS: 0.3540006749814396
