Model: GRU
MSE: 6.073828698459332
MAE: 2.0093842374867408
EVS: 0.38809475168607876
