Model: GRU
MSE: 5.031208211581433
MAE: 1.6599402756526553
EVS: 0.3238561824425015
