Model: GRU
MSE: 9.475942788481325
MAE: 2.316630472455706
EVS: 0.2717255249665709
