Model: GRU
MSE: 7.097358411785002
MAE: 2.265672749486463
EVS: 0.4502072238682866
