Model: GRU
MSE: 14.229511473185022
MAE: 3.4267560695779733
EVS: 0.31425980191430314
