Model: GRU
MSE: 5.550903627780984
MAE: 1.8239754315080314
EVS: 0.27797601178709297
