Model: GRU
MSE: 11.84405453301025
MAE: 3.1196332964403877
EVS: 0.2676405193592811
