Model: GRU
MSE: 591.3051924356596
MAE: 24.159136377531908
EVS: -0.06045408267421082
