Model: GRU
MSE: 938.1927103343821
MAE: 30.494416911026526
EVS: -0.14953980592927918
