Model: GRU
MSE: 10.036200919038352
MAE: 2.8295802576788542
EVS: 0.30326268919459765
