Model: GRU
MSE: 5.239353928473645
MAE: 1.756822339419661
EVS: 0.31319167306963114
