Model: GRU
MSE: 7.573533942229899
MAE: 2.3263987672740014
EVS: 0.36886733996513266
