Model: GRU
MSE: 4.563488986784031
MAE: 1.3942851033704033
EVS: 0.373294011107666
