Model: GRU
MSE: 9.448728046750414
MAE: 2.713848294882939
EVS: 0.3635514426629909
