Model: GRU
MSE: 19.97280160568645
MAE: 4.195782891635237
EVS: 0.3834880619664801
