Model: GRU
MSE: 5.398018026241391
MAE: 1.8961867299573174
EVS: 0.35925446549903184
