Model: GRU
MSE: 6.009683852004839
MAE: 1.9898403595233787
EVS: 0.3855758144453384
