Model: GRU
MSE: 4.241823790481923
MAE: 1.4405266498697216
EVS: 0.4113532300542996
