Model: GRU
MSE: 9.288138066192051
MAE: 2.724314048372466
EVS: 0.3589826696144137
