Model: GRU
MSE: 519.8591684921346
MAE: 22.630730657741942
EVS: -0.06987390182222497
