Model: GRU
MSE: 9.642631180430412
MAE: 2.777787109901165
EVS: 0.34346517388661135
