Model: GRU
MSE: 9.4418893274554
MAE: 2.7533027221416604
EVS: 0.2654962547033318
