Model: GRU
MSE: 16.351310869524838
MAE: 3.7051462305003198
EVS: 0.22759349165948173
