Model: GRU
MSE: 4.588427542192723
MAE: 1.3103765948065396
EVS: 0.39169339451953633
