Model: GRU
MSE: 5.948270390457796
MAE: 1.9920173184625034
EVS: 0.38205012501343505
