Model: GRU
MSE: 10.004096633307027
MAE: 2.820383943360427
EVS: 0.4244494924095982
