Model: GRU
MSE: 5.086229630060988
MAE: 1.6879425870961156
EVS: 0.3754347457553593
