Model: GRU
MSE: 11.120648725627799
MAE: 2.974789931856353
EVS: 0.3409361107725888
