Model: GRU
MSE: 9.72037780438757
MAE: 2.7971766077238938
EVS: 0.3269845259458052
