Model: GRU
MSE: 633.6830889762882
MAE: 25.0157984371843
EVS: -0.09537023758237373
