Model: GRU
MSE: 9.168321151269883
MAE: 2.623115062713623
EVS: 0.33823830546569733
