Model: GRU
MSE: 7.034337026384774
MAE: 2.2574406656725654
EVS: 0.2602396276552126
