Model: GRU
MSE: 5.780746919783238
MAE: 1.902902866231984
EVS: 0.4124847247521475
