Model: GRU
MSE: 482.6592731208721
MAE: 21.804897744080115
EVS: -2.220446049250313e-16
