Model: GRU
MSE: 18.58961809003377
MAE: 3.969919500679805
EVS: 0.02273479023849334
