Model: GRU
MSE: 9.209372873189405
MAE: 2.659173011779785
EVS: 0.3689349607437471
