Model: GRU
MSE: 6.6116984417955385
MAE: 2.162487325997188
EVS: 0.3663923147356438
