Model: GRU
MSE: 6548.744927935772
MAE: 80.87881469726562
EVS: -0.021726334333384
