Model: GRU
MSE: 6.396400034986261
MAE: 2.091083395070043
EVS: 0.40864258687196875
