Model: GRU
MSE: 9.261404406467545
MAE: 2.7150202619618384
EVS: 0.44126882969878367
