Model: GRU
MSE: 6.443197523513501
MAE: 2.1953250293073983
EVS: 0.34332217603782866
