Model: GRU
MSE: 719.1411119592353
MAE: 26.66246590943172
EVS: -0.14548413155017426
