Model: GRU
MSE: 7.777552969574227
MAE: 2.3883449949067215
EVS: 0.3509151934811273
