Model: GRU
MSE: 512.981317374832
MAE: 22.487622778991174
EVS: -0.011439769606147898
