Model: GRU
MSE: 9.303219563677995
MAE: 2.6734133588856666
EVS: 0.36907159203597806
