Model: GRU
MSE: 6.646933215850556
MAE: 2.197135596439756
EVS: 0.39889999569090384
