Model: GRU
MSE: 6.8628200573981175
MAE: 2.204143261087352
EVS: 0.3671257029982795
