Model: GRU
MSE: 4.727033768257084
MAE: 1.4532973684113601
EVS: 0.39191503864255617
