Model: GRU
MSE: 17.441502108259087
MAE: 3.8673166406565698
EVS: 0.3591124747147014
