Model: GRU
MSE: 4.869455924165746
MAE: 1.5359607236138706
EVS: 0.3250349328766289
