Model: GRU
MSE: 9.823984562540396
MAE: 2.783250331878662
EVS: 0.3780799025216486
