Model: GRU
MSE: 11.57708370800354
MAE: 3.077479181618526
EVS: 0.41056609930507504
