Model: GRU
MSE: 711.1662355691826
MAE: 26.521736227232836
EVS: -0.0774435503906834
