Model: GRU
MSE: 12.342556622721798
MAE: 3.163470679316027
EVS: 0.3654941490785628
