Model: GRU
MSE: 7.338669812042193
MAE: 2.3008862199454474
EVS: 0.3636673943064558
