Model: GRU
MSE: 4.884011660995697
MAE: 1.659304059784988
EVS: 0.367743305152443
