Model: GRU
MSE: 4.566188883135745
MAE: 1.541924525951517
EVS: 0.37880685362091393
