Model: GRU
MSE: 11.671113624999618
MAE: 3.031881809234619
EVS: 0.2810018680930756
