Model: GRU
MSE: 11.599282173353036
MAE: 3.0788827600150275
EVS: 0.4134449318344954
