Model: GRU
MSE: 599.757664744011
MAE: 24.33351099080053
EVS: -0.05998024677711977
