Model: GRU
MSE: 4.629737226567927
MAE: 1.5731990255158523
EVS: 0.37406803481347095
