Model: GRU
MSE: 6.5226458089175985
MAE: 2.188990905367095
EVS: 0.37554827291858095
