Model: GRU
MSE: 4.853294828268817
MAE: 1.3688010182873955
EVS: 0.36280026161534784
