Model: GRU
MSE: 21.58110879048282
MAE: 4.3747807700058505
EVS: 0.360802138797511
