Model: GRU
MSE: 8.191642584949351
MAE: 2.486843733951963
EVS: 0.3273150284359677
