Model: GRU
MSE: 25.31712097201884
MAE: 4.665805553567821
EVS: 0.009023959970298367
