Model: GRU
MSE: 9.33901874842297
MAE: 2.6920943589046082
EVS: 0.3976182385376483
