Model: GRU
MSE: 11.179658990822018
MAE: 2.9669885306522765
EVS: 0.3556398432525929
