Model: GRU
MSE: 7.2854284705791885
MAE: 1.677868415569437
EVS: 0.1232992166477761
