Model: GRU
MSE: 4.953637322874705
MAE: 1.7549925672596898
EVS: 0.3869447019315294
