Model: GRU
MSE: 4.595519243229288
MAE: 1.5550789997495453
EVS: 0.3624105808904795
