Model: GRU
MSE: 489.0809643344278
MAE: 21.947462867046223
EVS: -0.025553430138637312
