Model: GRU
MSE: 3433.6732221500733
MAE: 58.51213738013958
EVS: -0.38820530393803754
