Model: GRU
MSE: 9.294952386270465
MAE: 2.6533834523168105
EVS: 0.3846174313853056
