Model: GRU
MSE: 3098.814898409436
MAE: 55.51597012111119
EVS: -0.45691273486968687
