Model: GRU
MSE: 11.439108959693966
MAE: 3.0392189354732118
EVS: 0.3656581740904252
