Model: GRU
MSE: 4.606921293252369
MAE: 1.569513255152209
EVS: 0.39517570006581926
