Model: GRU
MSE: 5.428897511199858
MAE: 1.8838825390256684
EVS: 0.41899682761115975
