Model: GRU
MSE: 6.602861369914347
MAE: 2.2203044233650995
EVS: 0.35155852769300533
