Model: GRU
MSE: 10.071392911856492
MAE: 2.8316012415392646
EVS: 0.38620558486115686
