Model: GRU
MSE: 70.89596669192505
MAE: 8.04906253156991
EVS: -2.220446049250313e-16
