Model: GRU
MSE: 15.607789933792839
MAE: 3.6205942712981125
EVS: 0.32327965540436876
