Model: GRU
MSE: 14.211810076378008
MAE: 3.4698357253239074
EVS: 0.3896988954024707
