Model: GRU
MSE: 4.637023350943403
MAE: 1.3832910800802296
EVS: 0.3760877137910623
