Model: GRU
MSE: 6.710078684242207
MAE: 2.2075136283348344
EVS: 0.384588558715264
