Model: GRU
MSE: 12.489645100447527
MAE: 3.2166825491806557
EVS: 0.41610429015606065
