Model: GRU
MSE: 4.468986912812899
MAE: 1.500348321322737
EVS: 0.385546016731273
