Model: GRU
MSE: 6.297572701783714
MAE: 2.0970877450087975
EVS: 0.3723851511737333
