Model: GRU
MSE: 5.426210534720745
MAE: 1.8021794187611546
EVS: 0.2862091798633113
