Model: GRU
MSE: 13.027268585286336
MAE: 3.27492172964688
EVS: 0.36240874396418565
