Model: GRU
MSE: 4.92095777845529
MAE: 1.7413412291428139
EVS: 0.3884451118933654
