Model: GRU
MSE: 9.005498571219206
MAE: 2.6249567393598885
EVS: 0.3623416782422606
