Model: GRU
MSE: 6.442006288891332
MAE: 2.1595884849285256
EVS: 0.31806471864021024
