Model: GRU
MSE: 5.1930003839885295
MAE: 1.8205400006524448
EVS: 0.4355101231404892
