Model: GRU
MSE: 34.02047791440257
MAE: 5.4477779947478195
EVS: 0.011112259329119523
