Model: GRU
MSE: 16.20660723535557
MAE: 3.6862936348750672
EVS: 0.32470239813127544
