Model: GRU
MSE: 8.703891163525974
MAE: 2.6219843831555596
EVS: 0.34725231335850704
