Model: GRU
MSE: 4.814697095261431
MAE: 1.6520444606912548
EVS: 0.3766280748789459
