Model: GRU
MSE: 4.806830822012452
MAE: 1.3526471236656452
EVS: 0.4259757808938902
