Model: GRU
MSE: 5.427210703415218
MAE: 1.8817973136901855
EVS: 0.411227550865775
