Model: GRU
MSE: 487.87635834079254
MAE: 21.916249395444474
EVS: -0.04838709964589505
