Model: GRU
MSE: 11.339560771743907
MAE: 2.9953966305173676
EVS: 0.382595810208025
