Model: GRU
MSE: 6.377728141536048
MAE: 2.1352920532226562
EVS: 0.39820603386801434
