Model: GRU
MSE: 11.640599949483034
MAE: 2.9461437225341798
EVS: 0.2952666329475744
