Model: GRU
MSE: 7.043869913634525
MAE: 2.2807267616535056
EVS: 0.29318079367042504
