Model: GRU
MSE: 8.28834833097818
MAE: 2.5186067449635474
EVS: 0.23668188172465443
