Model: GRU
MSE: 4.1682827676318865
MAE: 1.442512873945565
EVS: 0.4248899353876404
