Model: GRU
MSE: 7.263734071073784
MAE: 2.2634255475011367
EVS: 0.410170626483907
