Model: GRU
MSE: 14.69290130205373
MAE: 3.467238722176387
EVS: 0.31306789119129297
