Model: GRU
MSE: 16.265235251784315
MAE: 3.658255231791529
EVS: 0.2318166897032593
