Model: GRU
MSE: 9.960038547112491
MAE: 2.8014675830972604
EVS: 0.3661892307544433
