Model: GRU
MSE: 8.067194612805844
MAE: 2.417463993204051
EVS: 0.30612646995369674
