Model: GRU
MSE: 6.565242986859206
MAE: 2.069479564140583
EVS: 0.3909172565307344
