Model: GRU
MSE: 4047.6588381711986
MAE: 63.55782923205145
EVS: -0.11872172032532124
