Model: GRU
MSE: 518.0417901081171
MAE: 22.598947763442993
EVS: -0.01715898159382845
