Model: GRU
MSE: 6.451481245138015
MAE: 2.1542253823115907
EVS: 0.3713488461553893
