Model: GRU
MSE: 7.896298948106615
MAE: 2.438427892224542
EVS: 0.2509107092565256
