Model: GRU
MSE: 8.661817789242
MAE: 2.5639787213555696
EVS: 0.36200609662319694
