Model: GRU
MSE: 11.233736981681682
MAE: 2.977586187165359
EVS: 0.38912272427623373
