Model: GRU
MSE: 6.306909142704516
MAE: 2.1491115175444504
EVS: 0.34609555536284
