Model: GRU
MSE: 623.6919964343028
MAE: 24.8298506901182
EVS: 0.004884510006262999
