Model: GRU
MSE: 5.415430196869771
MAE: 1.44520588578849
EVS: 0.32746949849435725
