Model: GRU
MSE: 6.621704930968479
MAE: 1.6407230640279835
EVS: 0.23040737649595633
