Model: GRU
MSE: 1611.7370232660076
MAE: 40.04095271538044
EVS: -0.17394841813171058
