Model: GRU
MSE: 5.491188225188846
MAE: 1.8008279142708614
EVS: 0.3607723671469939
