Model: GRU
MSE: 11.543001160210256
MAE: 3.080710378186456
EVS: 0.4272812454898637
