Model: GRU
MSE: 12.772571571676618
MAE: 3.1983428494683626
EVS: 0.3100385556517329
