Model: GRU
MSE: 8.047683641296521
MAE: 2.5037811377952837
EVS: 0.33422338970998433
