Model: GRU
MSE: 6.430711651110853
MAE: 2.1346628419284164
EVS: 0.39393607188395086
