Model: GRU
MSE: 7.101887982580859
MAE: 2.2633511280191354
EVS: 0.3446928949829472
