Model: GRU
MSE: 4.3945477635318575
MAE: 1.4789042472839355
EVS: 0.39594943402888894
