Model: GRU
MSE: 49.96831956159741
MAE: 6.704447647620892
EVS: 0.002147311300596866
