Model: GRU
MSE: 63.9371182112011
MAE: 7.639755528548668
EVS: 0.07692624658078684
