Model: GRU
MSE: 15.921326884878233
MAE: 3.674026472815152
EVS: 0.41324674082042545
