Model: GRU
MSE: 12.839785930027967
MAE: 3.2422110623326796
EVS: 0.38899666415121337
