Model: GRU
MSE: 10.388345515865772
MAE: 2.826525671728726
EVS: 0.33482239364152744
