Model: GRU
MSE: 9.402515634777533
MAE: 2.698400250796614
EVS: 0.3956301725614966
