Model: GRU
MSE: 5.531909629499531
MAE: 1.625702923741834
EVS: 0.2330436820721571
