Model: GRU
MSE: 4862.207214391736
MAE: 69.63784184949151
EVS: -0.7733438323384005
