Model: GRU
MSE: 100.73461592630002
MAE: 9.693593748684588
EVS: 0.043703602790737706
