Model: GRU
MSE: 16.549829384719512
MAE: 3.633310345241002
EVS: 0.2434069147002137
