Model: GRU
MSE: 5.0072246309899695
MAE: 1.7152317967908135
EVS: 0.3491737003175086
