Model: GRU
MSE: 11.166754234876361
MAE: 3.035943787673424
EVS: 0.4371229836627124
