Model: GRU
MSE: 6.310032259806419
MAE: 2.101546419077906
EVS: 0.318731259067762
