Model: GRU
MSE: 10.564284697713102
MAE: 2.8615410903404497
EVS: 0.3837185288391073
