Model: GRU
MSE: 9.783909105827378
MAE: 2.7446059522957635
EVS: 0.357800164223362
