Model: GRU
MSE: 6.881129147099398
MAE: 2.2263177674392174
EVS: 0.34178005720210725
