Model: GRU
MSE: 2352.7976563094985
MAE: 48.42709702458875
EVS: -0.05665267289700404
