Model: GRU
MSE: 4.5862188701616855
MAE: 1.554125325433139
EVS: 0.3681803047846077
