Model: GRU
MSE: 7.230701799911536
MAE: 2.283808313567063
EVS: 0.35045654605699894
