Model: GRU
MSE: 8.828753250960244
MAE: 2.684770337466536
EVS: 0.17550724033977538
