Model: GRU
MSE: 6968.587460355185
MAE: 83.42389547413794
EVS: -0.25471708176930563
