Model: GRU
MSE: 10.007414621653174
MAE: 2.7848415539182465
EVS: 0.3470832639207778
