Model: GRU
MSE: 16.52787374171071
MAE: 3.7770051627323546
EVS: 0.10864905721353602
