Model: GRU
MSE: 8.376530816833581
MAE: 2.5213215268891433
EVS: 0.3541646191723611
