Model: GRU
MSE: 15.254416887578405
MAE: 3.6060992931497506
EVS: 0.38276387132484124
