Model: GRU
MSE: 6156.0236489103645
MAE: 78.41976303889834
EVS: 0.11675378978743134
