Model: GRU
MSE: 4.735060991592286
MAE: 1.6001052856445312
EVS: 0.37927702337164837
