Model: GRU
MSE: 9.417323977652186
MAE: 2.7056529933008653
EVS: 0.3992169252616007
