Model: GRU
MSE: 9.10706619981528
MAE: 2.5680858020124764
EVS: 0.3243841796332413
