Model: GRU
MSE: 6.032422542308221
MAE: 2.0811870673607133
EVS: 0.33903251113672583
