Model: GRU
MSE: 13.374390465766172
MAE: 3.368475552262931
EVS: 0.4186424103675803
