Model: GRU
MSE: 85.75974636846024
MAE: 8.901087004562903
EVS: 0.0
