Model: GRU
MSE: 12.39913852713521
MAE: 3.1485045202847184
EVS: 0.33172357773798145
