Model: GRU
MSE: 6.252610925883911
MAE: 2.1057373244186928
EVS: 0.31843909314677965
