Model: GRU
MSE: 4.96257312485107
MAE: 1.5633739438550225
EVS: 0.32469203932264346
