Model: GRU
MSE: 839.3786694193816
MAE: 28.808979009759838
EVS: -0.3074910196200402
