Model: GRU
MSE: 6.943591260784129
MAE: 2.190526238803206
EVS: 0.40018343912049403
