Model: GRU
MSE: 7.219325413387102
MAE: 2.2534384891904633
EVS: 0.3822112121571781
