Model: GRU
MSE: 7.934557644254177
MAE: 2.3983044131048796
EVS: 0.38555998741137965
