Model: GRU
MSE: 4.860783529064708
MAE: 1.6614882206094677
EVS: 0.3743601188170653
