Model: GRU
MSE: 6.008014941336239
MAE: 1.9781728284112339
EVS: 0.3983457740124353
