Model: GRU
MSE: 585.2443754752674
MAE: 24.044805008789588
EVS: 0.015818006305234
