Model: GRU
MSE: 526.8173830549548
MAE: 22.79022183911554
EVS: -0.030179422082178498
