Model: GRU
MSE: 8.710092303538815
MAE: 2.608642611010321
EVS: 0.3239417794077314
