Model: GRU
MSE: 4.7461189788733495
MAE: 1.4714929482032513
EVS: 0.3416300631761475
