Model: GRU
MSE: 4.545628929322604
MAE: 1.5144495799623687
EVS: 0.3776037900304545
