Model: GRU
MSE: 3951.702372460676
MAE: 62.77050629977522
EVS: -0.605104196204173
