Model: GRU
MSE: 5406.492238583083
MAE: 73.47552154804099
EVS: -0.08802249274646434
