Model: GRU
MSE: 4.959856479257002
MAE: 1.6809324724920864
EVS: 0.36604203386035084
