Model: GRU
MSE: 5.941848214083809
MAE: 1.8652842949176658
EVS: 0.3743449988447647
