Model: GRU
MSE: 32.51576145372519
MAE: 5.310457706451416
EVS: 0.023884057502794542
