Model: GRU
MSE: 5.7275419428410554
MAE: 1.9831821836274246
EVS: 0.3699040090982483
