Model: GRU
MSE: 12.87110094295294
MAE: 3.2805531107146164
EVS: 0.4164020818866987
