Model: GRU
MSE: 16.248768635434136
MAE: 3.607714435032436
EVS: 0.25848704544635104
