Model: GRU
MSE: 13.2970380053088
MAE: 3.319636739533523
EVS: 0.384674281370619
