Model: GRU
MSE: 8.708758375570063
MAE: 2.602821169228389
EVS: 0.3746632186684751
