Model: GRU
MSE: 9.131085870943856
MAE: 2.6417296672689505
EVS: 0.4007966684340425
