Model: GRU
MSE: 12.36815476639008
MAE: 3.187482948960929
EVS: 0.280494778570165
