Model: GRU
MSE: 6.2371011632267095
MAE: 2.118194037470324
EVS: 0.32397279441607774
