Model: GRU
MSE: 1764.136823865706
MAE: 41.91251771203403
EVS: -0.037744442637236864
