Model: GRU
MSE: 7.075748485988509
MAE: 2.30011745979046
EVS: 0.42470448975487796
