Model: GRU
MSE: 7.278939167311521
MAE: 2.309037109901165
EVS: 0.31834585385491354
