Model: GRU
MSE: 6.000760999894659
MAE: 2.0306866580042344
EVS: 0.38492390868745774
