Model: GRU
MSE: 5.4022484521972824
MAE: 1.4716808878142258
EVS: 0.30664156150609145
