Model: GRU
MSE: 12.942845059449406
MAE: 3.2689678751189133
EVS: 0.34286574490758914
