Model: GRU
MSE: 3560.337683486744
MAE: 59.48826243959624
EVS: -1.9815691840192886
