Model: GRU
MSE: 6.699786007810935
MAE: 2.201627731323242
EVS: 0.34765114879970693
