Model: GRU
MSE: 6.898202218659709
MAE: 1.7810978396185513
EVS: 0.09006773352908237
