Model: GRU
MSE: 30.716482851056472
MAE: 5.145719626854206
EVS: 0.08942836657907827
