Model: GRU
MSE: 5.994465310654019
MAE: 2.074371633858516
EVS: 0.35456117286108313
