Model: GRU
MSE: 5.014574138966619
MAE: 1.6298413769952182
EVS: 0.31331312473416073
