Model: GRU
MSE: 35.96249386873638
MAE: 5.603903277166959
EVS: -0.030653797671520655
