Model: GRU
MSE: 5.180405185723053
MAE: 1.5107524148349105
EVS: 0.3163278347497155
