Model: GRU
MSE: 32.60558459004604
MAE: 5.307464796921303
EVS: -0.15094204251625576
