Model: GRU
MSE: 7.262073617553675
MAE: 2.3173740978898674
EVS: 0.2859961752269903
