Model: GRU
MSE: 17.630727946274437
MAE: 3.788652263368879
EVS: 0.2610735632407972
