Model: GRU
MSE: 5.527154526426894
MAE: 1.9211478233337402
EVS: 0.30809003631152454
