Model: GRU
MSE: 5.195931159423802
MAE: 1.722617774174131
EVS: 0.2983453769577301
