Model: GRU
MSE: 6.869015424516984
MAE: 2.2600680877422463
EVS: 0.398780309430242
