Model: GRU
MSE: 9.79326570195163
MAE: 2.7980442540398958
EVS: 0.43825297960439624
