Model: GRU
MSE: 6.042181056125063
MAE: 2.0716500775567415
EVS: 0.33647250446422694
