Model: GRU
MSE: 6.442299682079168
MAE: 1.6573430916358685
EVS: 0.40917218249498666
