Model: GRU
MSE: 4.617150175951448
MAE: 1.429110231070683
EVS: 0.3629453320128182
