Model: GRU
MSE: 4648.9205570067015
MAE: 68.12818297024431
EVS: -0.03685060611494073
