Model: GRU
MSE: 7.746127917970625
MAE: 2.4164020275247506
EVS: 0.4047742855845895
