Model: GRU
MSE: 989.7293125075269
MAE: 31.339711863419105
EVS: -0.0480265587717712
