Model: GRU
MSE: 14.700057960021851
MAE: 3.5406355693422515
EVS: 0.4004554995309402
