Model: GRU
MSE: 6.070545324156353
MAE: 1.9897305718783675
EVS: 0.32289622862204825
