Model: GRU
MSE: 5.3401450866931715
MAE: 1.696423152397419
EVS: 0.2607040153969794
