Model: GRU
MSE: 5.884410738119563
MAE: 1.5648799764698949
EVS: 0.34571027893644524
