Model: GRU
MSE: 6.52423680486969
MAE: 2.1600309404833564
EVS: 0.3523402238708895
