Model: GRU
MSE: 5.095968998571513
MAE: 1.599425562496843
EVS: 0.2935838623086018
