Model: GRU
MSE: 5.214393882926476
MAE: 1.835621981785215
EVS: 0.4150690078064758
