Model: GRU
MSE: 6.464431248364753
MAE: 2.108447847695186
EVS: 0.4232696512576172
