Model: GRU
MSE: 536.3806336707183
MAE: 22.99618863237315
EVS: -0.04860515978225122
