Model: GRU
MSE: 7.08594431858957
MAE: 2.2345218987300477
EVS: 0.35548739193889134
