Model: GRU
MSE: 549.2541342211558
MAE: 23.28357206952983
EVS: 0.010589048613231511
