Model: GRU
MSE: 5.424131011776902
MAE: 1.8767251639530576
EVS: 0.4259616062025343
