Model: GRU
MSE: 22.630751147251054
MAE: 4.382345791520743
EVS: 0.05841021730578222
