Model: GRU
MSE: 6.521018006334888
MAE: 2.170439835252433
EVS: 0.37102522571922825
