Model: GRU
MSE: 15.122178276901618
MAE: 3.568037460590231
EVS: 0.3962612976811267
