Model: GRU
MSE: 588.393284912316
MAE: 24.092268549162767
EVS: -0.1041082471339505
