Model: GRU
MSE: 4.797321170532291
MAE: 1.6246135810325886
EVS: 0.40252853181048254
