Model: GRU
MSE: 5.337106838267604
MAE: 1.8875753797333816
EVS: 0.38540500723530036
