Model: GRU
MSE: 5.325464861985767
MAE: 1.4192841299648942
EVS: 0.3657415250415872
