Model: GRU
MSE: 4.510590141346225
MAE: 1.4244387067597488
EVS: 0.37461934389854634
