Model: GRU
MSE: 6.348629281149803
MAE: 2.1068864855273017
EVS: 0.3798592831889148
