Model: GRU
MSE: 5.016889534173123
MAE: 1.6769678839321793
EVS: 0.39092238898860787
