Model: GRU
MSE: 6.382953860893222
MAE: 2.1074492849152664
EVS: 0.3542822949362757
