Model: GRU
MSE: 4.794039481661896
MAE: 1.6091877180954506
EVS: 0.35724717806967465
