Model: GRU
MSE: 9.172858873463689
MAE: 2.750165051427381
EVS: 0.191417513716171
