Model: GRU
MSE: 5.343995726953428
MAE: 1.894810018868282
EVS: 0.41083413240941213
