Model: GRU
MSE: 16.35207791471549
MAE: 3.7198918934526115
EVS: 0.3361959961811125
