Model: GRU
MSE: 44.250126158666056
MAE: 6.284971566035829
EVS: -2.220446049250313e-16
