Model: GRU
MSE: 6.404217694636467
MAE: 1.9532656011910274
EVS: 0.31969223949392933
