Model: GRU
MSE: 5.555731851291512
MAE: 1.796174065820102
EVS: 0.25540681388814623
