Model: GRU
MSE: 7.340417236496721
MAE: 2.2890486552797515
EVS: 0.3528780110866536
