Model: GRU
MSE: 17.720602706615676
MAE: 3.900528710463951
EVS: 0.35363995070917964
