Model: GRU
MSE: 36.179629209015054
MAE: 5.764277047124402
EVS: 0.32753189593620546
