Model: GRU
MSE: 6.465309211072336
MAE: 2.1141547170178643
EVS: 0.37548607999343897
