Model: GRU
MSE: 5.916103513803733
MAE: 2.0659759784566947
EVS: 0.3821614057228305
