Model: GRU
MSE: 7.188678164814785
MAE: 2.272321816148429
EVS: 0.3485429022721305
