Model: GRU
MSE: 5.507155591345273
MAE: 1.8428358045117608
EVS: 0.303621965204257
