Model: GRU
MSE: 5.78909014763021
MAE: 1.8972336012741615
EVS: 0.38354917285739376
