Model: GRU
MSE: 5.477990549401511
MAE: 1.6763724951908505
EVS: 0.25455950599429145
