Model: GRU
MSE: 8.185528624179009
MAE: 2.551852423569252
EVS: 0.3265634947277778
