Model: GRU
MSE: 13.300641972844334
MAE: 3.3151467421959184
EVS: 0.350524572430555
