Model: GRU
MSE: 575.9927815405524
MAE: 23.8400695570584
EVS: -0.06080701508214048
