Model: GRU
MSE: 4.80052591368184
MAE: 1.6921046520101612
EVS: 0.44853131525936063
