Model: GRU
MSE: 5.790373385471349
MAE: 1.989393349351554
EVS: 0.41625126498270526
