Model: GRU
MSE: 7.296764028345776
MAE: 2.287655764612658
EVS: 0.36150679406246033
