Model: GRU
MSE: 7.370657976068052
MAE: 2.3095311954103668
EVS: 0.31603064217493126
