Model: GRU
MSE: 7.022471124149464
MAE: 2.32049272800314
EVS: 0.35442018025371946
