Model: GRU
MSE: 5.428512806719576
MAE: 1.8950657351263638
EVS: 0.3357621939205817
