Model: GRU
MSE: 6.251453391078344
MAE: 1.8941557325165848
EVS: 0.2863303017725396
