Model: GRU
MSE: 6041.248566461343
MAE: 77.63807704530913
EVS: -0.8842784257884087
