Model: GRU
MSE: 7.805765888146605
MAE: 2.4446905070337754
EVS: 0.26259462466394035
