Model: GRU
MSE: 14.173573876674208
MAE: 3.4494046178357354
EVS: 0.3934129261155478
