Model: GRU
MSE: 9.176018316588712
MAE: 2.6920768639137007
EVS: 0.34131405030707007
