Model: GRU
MSE: 10.303160392499414
MAE: 2.914210286633722
EVS: 0.42953852314890484
