Model: GRU
MSE: 44.308854491192534
MAE: 6.274092970223262
EVS: 0.08037913298373422
