Model: GRU
MSE: 4.987550901110839
MAE: 1.536511750056826
EVS: 0.31913266559316733
