Model: GRU
MSE: 19.899813816362393
MAE: 4.153758065453891
EVS: 0.34839196174953524
