Model: GRU
MSE: 7789.235686160521
MAE: 88.21581478776604
EVS: -2.220446049250313e-16
