Model: GRU
MSE: 8.829149799184977
MAE: 2.6022995751479576
EVS: 0.3830490540935805
