Model: GRU
MSE: 974.5111591638873
MAE: 31.07698078813224
EVS: -0.21187603975798597
