Model: GRU
MSE: 4.298335874469448
MAE: 1.4776213251311203
EVS: 0.4168283238850985
