Model: GRU
MSE: 5.812644064310289
MAE: 2.0019078747979524
EVS: 0.3520428740899738
