Model: GRU
MSE: 12.62949541964963
MAE: 3.1690289563146132
EVS: 0.3173160761746934
