Model: GRU
MSE: 7.168416835669773
MAE: 2.321572550411882
EVS: 0.36272857676802917
