Model: GRU
MSE: 17.150204059919314
MAE: 3.832189132427347
EVS: 0.39616450734239206
