Model: GRU
MSE: 12.838674212695283
MAE: 3.2381888422472724
EVS: 0.353093523430422
