Model: GRU
MSE: 7.195805082314392
MAE: 2.2389226781910865
EVS: 0.39988507758268144
