Model: GRU
MSE: 11.548317149330693
MAE: 3.0492236860867203
EVS: 0.39377676334550205
