Model: GRU
MSE: 495.5472517021555
MAE: 22.090320472059577
EVS: -0.04986125973384259
