Model: GRU
MSE: 18.798096254017043
MAE: 4.0247070707123855
EVS: 0.36165584561784303
