Model: GRU
MSE: 13.352702681629847
MAE: 3.306049544235756
EVS: 0.3839337030382992
