Model: GRU
MSE: 25.616110367165565
MAE: 4.827246024690825
EVS: 0.41860278826924346
