Model: GRU
MSE: 7.200248093227762
MAE: 2.266711037734459
EVS: 0.3537742452677174
