Model: GRU
MSE: 14.384653680263204
MAE: 3.511494357010414
EVS: 0.4014866882463326
