Model: GRU
MSE: 6.730589758757717
MAE: 2.1997685268007476
EVS: 0.37061055228366835
