Model: GRU
MSE: 4.671628481109596
MAE: 1.5325038350861648
EVS: 0.3516788484452529
