Model: GRU
MSE: 6.079922142969312
MAE: 1.6219443781622525
EVS: 0.37817883101749983
