Model: GRU
MSE: 21.861844373432255
MAE: 4.334097319635852
EVS: 0.19362497675627244
