Model: GRU
MSE: 6.87217065676347
MAE: 2.189848784742684
EVS: 0.374646029523542
