Model: GRU
MSE: 17.133940890755294
MAE: 3.8557001804483346
EVS: 0.4224130661484984
