Model: GRU
MSE: 6.444515777766794
MAE: 2.1396657680643014
EVS: 0.4103036397037241
