Model: GRU
MSE: 10.83037282507052
MAE: 2.920806884765625
EVS: 0.3482267594569719
