Model: GRU
MSE: 531.646306808007
MAE: 22.8846784049067
EVS: -0.10159913122035835
