Model: GRU
MSE: 15.37201722162738
MAE: 3.623892537478743
EVS: 0.3652740794277687
