Model: GRU
MSE: 16.11639043843316
MAE: 3.7233944268062196
EVS: 0.402831697586295
