Model: GRU
MSE: 11.82529679858599
MAE: 3.0391088189749884
EVS: 0.360989686511595
