Model: GRU
MSE: 5.694344114016373
MAE: 1.9266028239809234
EVS: 0.4348680381186715
