Model: GRU
MSE: 5.511835535294565
MAE: 1.841383194101268
EVS: 0.3088618337309218
