Model: GRU
MSE: 5.437460056992755
MAE: 1.867941478203083
EVS: 0.39665576159109606
