Model: GRU
MSE: 6.468301635812293
MAE: 2.1117778317681672
EVS: 0.4286354400119117
