Model: GRU
MSE: 9.489803542874142
MAE: 2.8062009482548156
EVS: 0.14604459078205512
