Model: GRU
MSE: 7.38154081795555
MAE: 2.320719209210626
EVS: 0.38800838707948637
