Model: GRU
MSE: 50.94742846293292
MAE: 6.782482739152579
EVS: 0.0020366429936958808
