Model: GRU
MSE: 14.732076604581458
MAE: 3.556050941861909
EVS: 0.3941936587742205
