Model: GRU
MSE: 15.578330460951607
MAE: 3.6915113514867324
EVS: 0.4171606648157046
