Model: GRU
MSE: 12.540286177926363
MAE: 3.188834880960399
EVS: 0.35550874670117305
