Model: GRU
MSE: 5.344959579758199
MAE: 1.8913822174072266
EVS: 0.4036732545314421
