Model: GRU
MSE: 11.652252865461158
MAE: 3.0240984620719122
EVS: 0.3613716097111366
