Model: GRU
MSE: 10.437535615179325
MAE: 2.8620222683610588
EVS: 0.4171377171564281
