Model: GRU
MSE: 6.584618603485665
MAE: 2.179602261247306
EVS: 0.2956989139367727
