Model: GRU
MSE: 7.656800088647852
MAE: 2.366173941513588
EVS: 0.33661946744856186
