Model: GRU
MSE: 506.3601270218438
MAE: 22.344856336199005
EVS: 0.01917718069764951
