Model: GRU
MSE: 10.094812693460018
MAE: 2.8158646452015845
EVS: 0.3585843591702089
