Model: GRU
MSE: 8.621835248706608
MAE: 2.5331622485456795
EVS: 0.3714520179110756
