Model: GRU
MSE: 585.749605569669
MAE: 24.047642494070118
EVS: -0.03535926989757199
