Model: GRU
MSE: 7.145808714589121
MAE: 2.2903296865265945
EVS: 0.4073193435856237
