Model: GRU
MSE: 9.779742955941495
MAE: 2.7238466328588027
EVS: 0.36069971527034783
