Model: GRU
MSE: 10.65169831168758
MAE: 2.9466531687769395
EVS: 0.1815066337434189
