Model: GRU
MSE: 5.497874464376121
MAE: 1.501978035630851
EVS: 0.2805486433398363
