Model: GRU
MSE: 4.741396800678527
MAE: 1.6136615687403186
EVS: 0.35236626825712436
