Model: GRU
MSE: 9.361553820795319
MAE: 2.706397829384639
EVS: 0.38765760296413754
