Model: GRU
MSE: 9.861263465755483
MAE: 2.7287467923657647
EVS: 0.37111779441505577
