Model: GRU
MSE: 33.67058236221628
MAE: 5.40561345527912
EVS: -0.0018610427305545407
