Model: GRU
MSE: 7.686431643420449
MAE: 2.398752508492305
EVS: 0.4439912557435364
