Model: GRU
MSE: 618.6841999336845
MAE: 24.715071743932263
EVS: -0.08933489677181039
