Model: GRU
MSE: 6.044258660681219
MAE: 2.0645024858672043
EVS: 0.3841428797745021
