Model: GRU
MSE: 9.077562664136233
MAE: 2.3686211041041783
EVS: 0.2693616573177736
