Model: GRU
MSE: 5.302989644515053
MAE: 1.550368489890263
EVS: 0.28952502213527076
