Model: GRU
MSE: 14.065626635072054
MAE: 3.364769327229467
EVS: 0.3119898055643726
