Model: GRU
MSE: 11.658292512934818
MAE: 2.944153485979353
EVS: 0.2714090687382098
