Model: GRU
MSE: 5.487299173888459
MAE: 1.5349196729988888
EVS: 0.2758760422066915
