Model: GRU
MSE: 5.802289523513035
MAE: 1.8279104232788086
EVS: 0.22068206154051861
