Model: GRU
MSE: 32.49722185554817
MAE: 5.3234000863700075
EVS: -0.044793039851688254
