Model: GRU
MSE: 9.674102347994575
MAE: 2.7762427165590484
EVS: 0.4024068614785684
