Model: GRU
MSE: 6.54767758714446
MAE: 2.1604829163386903
EVS: 0.3869060619558278
