Model: GRU
MSE: 9.628021487897529
MAE: 2.766856818363584
EVS: 0.41978236030620564
