Model: GRU
MSE: 4.587280108337429
MAE: 1.582298048611345
EVS: 0.3995279741695055
