Model: GRU
MSE: 5.4578302382186035
MAE: 1.8832951414174046
EVS: 0.43803515474372734
