Model: GRU
MSE: 15.586989725259079
MAE: 3.65251322450309
EVS: 0.40773360258299063
