Model: GRU
MSE: 4.56424531524328
MAE: 1.5152281235004295
EVS: 0.38817131641843194
