Model: GRU
MSE: 4.431905358098087
MAE: 1.4430407984503384
EVS: 0.3919465335732646
