Model: GRU
MSE: 6.135586928114412
MAE: 2.053501211363694
EVS: 0.37923379309427463
