Model: GRU
MSE: 4.656519288432719
MAE: 1.6193632257395778
EVS: 0.36004048819657497
