Model: GRU
MSE: 668.4060152538749
MAE: 25.70372700691223
EVS: -0.0719881729262215
