Model: GRU
MSE: 10.108886816001782
MAE: 2.8111651025969406
EVS: 0.37137860631274766
