Model: GRU
MSE: 6.6917705819545175
MAE: 2.1218729183591645
EVS: 0.336955168206307
