Model: GRU
MSE: 11.775343289402167
MAE: 3.0824424973849593
EVS: 0.41146561320368824
