Model: GRU
MSE: 4.569909276851079
MAE: 1.5046598500218884
EVS: 0.3662462759963323
