Model: GRU
MSE: 4.640900635397288
MAE: 1.504761630091174
EVS: 0.35623545442920046
