Model: GRU
MSE: 10.187787432766433
MAE: 2.814636526436641
EVS: 0.3977386544372389
