Model: GRU
MSE: 5.273287726213516
MAE: 1.754292504540805
EVS: 0.3618316320480942
