Model: GRU
MSE: 4943.503912306228
MAE: 70.2433704507762
EVS: -0.3007494451931756
