Model: GRU
MSE: 5.488918571925454
MAE: 1.891009577389421
EVS: 0.41005218215347616
