Model: GRU
MSE: 1337.0478371594904
MAE: 36.452410714379674
EVS: -0.14764445821638383
