Model: GRU
MSE: 7.727278186836429
MAE: 2.360797175045671
EVS: 0.4046729227552611
