Model: GRU
MSE: 7.91461855182772
MAE: 2.4819638318028945
EVS: 0.33669929651181096
