Model: GRU
MSE: 7.012894799305036
MAE: 2.298870119555243
EVS: 0.3192532400064151
