Model: GRU
MSE: 8.035272003715207
MAE: 2.41091067215492
EVS: 0.3246121737557325
