Model: GRU
MSE: 12.505432507612317
MAE: 3.18383762754243
EVS: 0.36946717001609863
