Model: GRU
MSE: 4.980188539645743
MAE: 1.5722246745537067
EVS: 0.7125373221311724
