Model: GRU
MSE: 7.389251686444102
MAE: 2.2688530436877548
EVS: 0.6987955243147717
