Model: GRU
MSE: 7.260861625181762
MAE: 2.1378738284111023
EVS: 0.6556663897641808
