Model: GRU
MSE: 6.036444647675776
MAE: 1.7340507219577659
EVS: 0.674091471114471
