Model: GRU
MSE: 8.857756308795901
MAE: 2.5028443583126725
EVS: 0.6503583174875263
