Model: GRU
MSE: 9.087402371810693
MAE: 2.5622089402428987
EVS: 0.6644937003352518
