Model: GRU
MSE: 209.19657451671617
MAE: 13.935978408517508
EVS: 0.1306255143407833
