Model: GRU
MSE: 129.96639037899945
MAE: 10.646249736177511
EVS: 0.03555604432648052
