Model: GRU
MSE: 185.5603597660695
MAE: 12.976196445267776
EVS: 0.0033613015530494783
