Model: GRU
MSE: 9.464157763532707
MAE: 2.6352655969817063
EVS: 0.6840415493438223
