Model: GRU
MSE: 6.012242921759727
MAE: 1.9037086963653564
EVS: 0.6870159439418136
