Model: GRU
MSE: 5.695102996324616
MAE: 1.7238145696705784
EVS: 0.6845360941832419
