Model: GRU
MSE: 5.180367851887915
MAE: 1.6267485248631444
EVS: 0.6994668362429977
