Model: GRU
MSE: 5.797755827848411
MAE: 1.7549152209840972
EVS: 0.6682149614129326
