Model: GRU
MSE: 5.555599738869841
MAE: 1.7638579853649796
EVS: 0.6786324024326964
