Model: GRU
MSE: 5.7006124465908785
MAE: 1.8605193619070381
EVS: 0.6835661407569376
