Model: GRU
MSE: 6.389144662898059
MAE: 1.7248398353313577
EVS: 0.6798617130346104
