Model: GRU
MSE: 10.87955897416536
MAE: 2.8255366292493096
EVS: 0.6710861903462673
