Model: GRU
MSE: 5.423938073609822
MAE: 1.7573066579884495
EVS: 0.6917936679070777
