Model: GRU
MSE: 6.633619884091265
MAE: 2.0809831701476
EVS: 0.696554564663465
