Model: GRU
MSE: 5.578199426188129
MAE: 1.6407591926640477
EVS: 0.679508762693217
