Model: GRU
MSE: 6.458816602663054
MAE: 2.0026492085950127
EVS: 0.6765593304210928
