Model: GRU
MSE: 6.215450187592735
MAE: 1.878167382602034
EVS: 0.6559824656186375
