Model: GRU
MSE: 5.139344170429607
MAE: 1.700790627249356
EVS: 0.7094327610473499
