Model: GRU
MSE: 7.356364766105787
MAE: 2.146764089321268
EVS: 0.6273073336635047
