Model: GRU
MSE: 9.198428823465575
MAE: 2.5329322814941406
EVS: 0.6774365821940267
