Model: GRU
MSE: 5.344376740381784
MAE: 1.6821631069841056
EVS: 0.6899470743177718
