Model: GRU
MSE: 14.904811375175353
MAE: 3.3631103943134177
EVS: 0.6808870377392575
