Model: GRU
MSE: 26.862774244636338
MAE: 4.451336301606277
EVS: -0.012655060014594932
