Model: GRU
MSE: 5.239757128483257
MAE: 1.6519764538468986
EVS: 0.6967932551136526
