Model: GRU
MSE: 187.41263195366997
MAE: 13.092035811522912
EVS: 0.07109239434467307
