Model: GRU
MSE: 923.6799420027393
MAE: 30.10148660067854
EVS: -0.01994725781152118
