Model: GRU
MSE: 5.463347872385658
MAE: 1.8105991749927914
EVS: 0.6972515500257263
