Model: GRU
MSE: 8.456515859942677
MAE: 2.3823246051525246
EVS: 0.6377175378890884
