Model: GRU
MSE: 6.114605433745914
MAE: 1.9367248683140195
EVS: 0.6678148967155362
