Model: GRU
MSE: 165.77378476528932
MAE: 12.00745326486127
EVS: -0.2528469626880059
