Model: GRU
MSE: 5.732253407593927
MAE: 1.7852104162347728
EVS: 0.6694172152687061
