Model: GRU
MSE: 16.595454212112912
MAE: 3.5679705718467973
EVS: 0.6796125997547258
