Model: GRU
MSE: 10.948580166831707
MAE: 2.8398045753610544
EVS: 0.6857563312200492
