Model: GRU
MSE: 5.981395589970957
MAE: 1.9008392136672447
EVS: 0.6975612096262285
