Model: GRU
MSE: 137.47681377546934
MAE: 10.950220247794842
EVS: -0.019311626828984352
