Model: GRU
MSE: 5.615267341607239
MAE: 1.8028294546850796
EVS: 0.6997517023543901
