Model: GRU
MSE: 6.991446653757836
MAE: 2.1871073985921927
EVS: 0.7078133000522744
