Model: GRU
MSE: 7.932738791331748
MAE: 2.302575744431594
EVS: 0.6750867300204841
