Model: GRU
MSE: 6.4128908441356085
MAE: 2.022913645053732
EVS: 0.7101878980704832
