Model: GRU
MSE: 15.592824144300847
MAE: 3.1941843361690125
EVS: 0.2593937068203742
