Model: GRU
MSE: 6.391452914602218
MAE: 1.9465501308441162
EVS: 0.6611793938546027
