Model: GRU
MSE: 5.867901689288797
MAE: 1.7732351155116641
EVS: 0.6610223511722642
