Model: GRU
MSE: 7.447723267653342
MAE: 2.260661815774852
EVS: 0.6877942793595513
