Model: GRU
MSE: 5.260400584392348
MAE: 1.7470749822156182
EVS: 0.6984412873898627
