Model: GRU
MSE: 5.578766246229645
MAE: 1.7014956823710738
EVS: 0.6957650271462799
