Model: GRU
MSE: 4.7864877123998255
MAE: 1.588260143995285
EVS: 0.7253631783662207
