Model: GRU
MSE: 4270.22635834264
MAE: 65.22726164192989
EVS: 0.09316941164172854
