Model: GRU
MSE: 65.44512685132631
MAE: 7.191409702958731
EVS: 0.00030255649828969666
