Model: GRU
MSE: 17.922032351183148
MAE: 3.571094216971562
EVS: 0.5271631685602312
