Model: GRU
MSE: 6.149743559696386
MAE: 1.771600632831968
EVS: 0.7155267293277972
