Model: GRU
MSE: 6.441050871283022
MAE: 2.002281982323219
EVS: 0.6949840363405093
