Model: GRU
MSE: 12.37729187881613
MAE: 3.0549294825257927
EVS: 0.6822303280484316
