Model: GRU
MSE: 5.255349777472512
MAE: 1.739468007252134
EVS: 0.7054238567519941
