Model: GRU
MSE: 19.88585601758119
MAE: 3.893653828522255
EVS: 0.6726231480575375
