Model: GRU
MSE: 19.424988045051922
MAE: 3.8242468011790307
EVS: 0.5827835200489009
