Model: GRU
MSE: 1667.5019871968254
MAE: 40.62227584575785
EVS: -0.005573553464034875
