Model: GRU
MSE: 5.295495625087229
MAE: 1.6143696698649177
EVS: 0.6939526758352226
