Model: GRU
MSE: 121.70707974737316
MAE: 10.271415496694631
EVS: 0.059844647184419064
