Model: GRU
MSE: 7.479403899826491
MAE: 2.2105617029913542
EVS: 0.6743568462411671
