Model: GRU
MSE: 14.720445104796132
MAE: 3.3425597486824823
EVS: 0.6400711506008604
