Model: GRU
MSE: 11.859839488795838
MAE: 2.887171819292266
EVS: 0.633026021835334
