Model: GRU
MSE: 6.319876621058027
MAE: 1.837908621492057
EVS: 0.6492385916439324
