Model: GRU
MSE: 5.5220093308052105
MAE: 1.8056821288733647
EVS: 0.692830047551812
