Model: GRU
MSE: 6.248239778172159
MAE: 1.9775671876710037
EVS: 0.6961686911984043
