Model: GRU
MSE: 5.219789008817598
MAE: 1.762863307163633
EVS: 0.7141541653601359
