Model: GRU
MSE: 6.033537143738801
MAE: 1.9534834171163624
EVS: 0.6921297002207792
