Model: GRU
MSE: 6.495516985560257
MAE: 1.974133351753498
EVS: 0.6588760493481827
