Model: GRU
MSE: 6.171061425909251
MAE: 1.9725598137954186
EVS: 0.6950075273058847
