Model: GRU
MSE: 5.9694651730555375
MAE: 1.9718482329927642
EVS: 0.7131867401237122
