Model: GRU
MSE: 5.076348719753894
MAE: 1.565186570430624
EVS: 0.707478893782594
