Model: GRU
MSE: 6.100964606508527
MAE: 1.9615243755537888
EVS: 0.6873044596750824
