Model: GRU
MSE: 5.292730003925707
MAE: 1.7372876775675807
EVS: 0.7043772525365938
