Model: GRU
MSE: 6.004483531896937
MAE: 1.764340404806466
EVS: 0.7147547506290534
