Model: GRU
MSE: 266.9951188767581
MAE: 15.914744015397696
EVS: 0.2042500583096668
