Model: GRU
MSE: 6.383657699048417
MAE: 1.977209444703727
EVS: 0.6905024693133259
