Model: GRU
MSE: 16.702560238830646
MAE: 3.1785902154856713
EVS: 0.15509963856141473
