Model: GRU
MSE: 8.251822309580747
MAE: 2.3874234495491815
EVS: 0.6801214500719582
