Model: GRU
MSE: 5.617644439375293
MAE: 1.810908736853764
EVS: 0.6925219874360456
