Model: GRU
MSE: 5.372641324126409
MAE: 1.6225783331640835
EVS: 0.7049352019833931
