Model: GRU
MSE: 137.24957419931945
MAE: 10.936075352389237
EVS: -0.024088652213080763
