Model: GRU
MSE: 5.988556031086354
MAE: 1.8459930008855359
EVS: 0.6587187463277757
