Model: GRU
MSE: 7.526968456393043
MAE: 2.1554413622823256
EVS: 0.6480442413952359
