Model: GRU
MSE: 5.084730803021743
MAE: 1.6330773789307167
EVS: 0.7070098224259418
