Model: GRU
MSE: 5.581171331083986
MAE: 1.8469898782927414
EVS: 0.7047541883178452
