Model: GRU
MSE: 7.334620616617546
MAE: 2.1880386697834937
EVS: 0.6877180987781264
