Model: GRU
MSE: 11.580303512978357
MAE: 2.863467315147663
EVS: 0.6470648536656112
