Model: GRU
MSE: 8.780650437571282
MAE: 2.4972196858504723
EVS: 0.7047150375053383
