Model: GRU
MSE: 8.57005176529351
MAE: 2.368297346707048
EVS: 0.6592873174236074
