Model: GRU
MSE: 7.155673095584038
MAE: 2.2250957653440278
EVS: 0.6991618413562237
