Model: GRU
MSE: 5.070929360783431
MAE: 1.599279025505329
EVS: 0.7080674145092158
