Model: GRU
MSE: 7.10799491056176
MAE: 2.1188613957372207
EVS: 0.672201110464778
