Model: GRU
MSE: 5.165205027434326
MAE: 1.65938296811334
EVS: 0.7047778195645629
