Model: GRU
MSE: 6.036453901358378
MAE: 1.8850447391641552
EVS: 0.6786332258386334
