Model: GRU
MSE: 223.11974566266062
MAE: 13.963437918958993
EVS: -0.6326949330724783
