Model: GRU
MSE: 5.573869362857883
MAE: 1.7711644665948276
EVS: 0.6861021922831698
