Model: GRU
MSE: 5.630804477446222
MAE: 1.6743005719678155
EVS: 0.6969038757187418
