Model: GRU
MSE: 2459.5680620898456
MAE: 49.433097181649046
EVS: 0.07540096126595774
