Model: GRU
MSE: 8.071923470332639
MAE: 2.35188011876468
EVS: 0.6636023211685953
