Model: GRU
MSE: 5.2958932151069185
MAE: 1.6128409155483903
EVS: 0.693008330484699
