Model: GRU
MSE: 6.4983356611014
MAE: 2.0282796210256118
EVS: 0.6778872231625193
