Model: GRU
MSE: 6.796171410061091
MAE: 2.181314809568997
EVS: 0.6958614686864153
