Model: GRU
MSE: 5.1649161283077465
MAE: 1.5903739353706097
EVS: 0.7008743534860562
