Model: GRU
MSE: 5.7137557483906445
MAE: 1.6804907075290023
EVS: 0.6871749637850562
