Model: GRU
MSE: 26.235395544876436
MAE: 4.152350754573427
EVS: 0.11444658768828209
