Model: GRU
MSE: 1580.169276801323
MAE: 39.538635944498
EVS: 0.021528498740351232
