Model: GRU
MSE: 951.3671484669572
MAE: 30.541857423453497
EVS: -0.07689850380828411
