Model: GRU
MSE: 5.3956922961391145
MAE: 1.6708230067943703
EVS: 0.6872886088005956
