Model: GRU
MSE: 5.457218565793328
MAE: 1.7571030649645576
EVS: 0.6887607790694925
