Model: GRU
MSE: 5.366568784221158
MAE: 1.7434139375028939
EVS: 0.6926831191100676
