Model: GRU
MSE: 5.3522290851567815
MAE: 1.6119502823928307
EVS: 0.7223110477529238
