Model: GRU
MSE: 5.704176391450519
MAE: 1.890667356293777
EVS: 0.7088946332395663
