Model: GRU
MSE: 177.4085713186239
MAE: 12.629121381660987
EVS: -0.03929083878308082
