Model: GRU
MSE: 5.063093366176772
MAE: 1.5336818284001843
EVS: 0.7158755483204597
