Model: GRU
MSE: 5.1722060474466405
MAE: 1.6562961463270516
EVS: 0.7023813501404814
