Model: GRU
MSE: 138.75425515699692
MAE: 10.993924436898068
EVS: -0.03778336176611696
