Model: GRU
MSE: 5.487554497515844
MAE: 1.7028680669850316
EVS: 0.6923923521507345
