Model: GRU
MSE: 5.865041372798232
MAE: 1.715983826538612
EVS: 0.706649797870749
