Model: GRU
MSE: 5.551214267521337
MAE: 1.782943922897865
EVS: 0.6940364492031581
