Model: GRU
MSE: 5.156618233451559
MAE: 1.6642730277160118
EVS: 0.7024505166201487
