Model: GRU
MSE: 7.616192586964142
MAE: 2.229432796609813
EVS: 0.6833070123057957
