Model: GRU
MSE: 6.66938698783462
MAE: 2.0213184932182573
EVS: 0.6875628689414053
