Model: GRU
MSE: 11.248983124973586
MAE: 2.8646310855602395
EVS: 0.6983858833613656
