Model: GRU
MSE: 10.415638145045776
MAE: 2.7688762237285744
EVS: 0.6641748314558699
