Model: GRU
MSE: 15.313184264517691
MAE: 3.419600478534041
EVS: 0.6720804003722403
