Model: GRU
MSE: 129.95861497307186
MAE: 10.560101562532886
EVS: -0.06998162514448447
