Model: GRU
MSE: 7.702128077617497
MAE: 2.1867413191959777
EVS: 0.6258964879707665
