Model: GRU
MSE: 1446.5940750159891
MAE: 37.852518213206324
EVS: 0.20048492789541694
