Model: GRU
MSE: 7.499323533965766
MAE: 2.1412948986579634
EVS: 0.6380794927973845
