Model: GRU
MSE: 814.25253372071
MAE: 28.084820385636956
EVS: -0.47914110130330667
