Model: GRU
MSE: 186.0677565185231
MAE: 12.977205502575842
EVS: -0.0245564802918552
