Model: GRU
MSE: 5.259248781656579
MAE: 1.5991227380160629
EVS: 0.6953288305645999
