Model: GRU
MSE: 6.790253779086489
MAE: 2.0779228457089127
EVS: 0.6756538147585868
