Model: GRU
MSE: 148.34177079854732
MAE: 11.498504133060061
EVS: 0.06442384699497039
