Model: GRU
MSE: 13.224275367729637
MAE: 3.144957114910257
EVS: 0.6697365324082827
