Model: GRU
MSE: 6.9381684459497786
MAE: 2.1737151392574967
EVS: 0.7079137784291933
