Model: GRU
MSE: 5.430626824562046
MAE: 1.6606040042022179
EVS: 0.68841161989034
