Model: GRU
MSE: 254.72523228290427
MAE: 15.196425742116467
EVS: -0.38042567002155203
