Model: GRU
MSE: 5.593880875841919
MAE: 1.8523916376048122
EVS: 0.7082727749958657
