Model: GRU
MSE: 7.4786999841592126
MAE: 2.2246972445783944
EVS: 0.6680025490653314
