Model: GRU
MSE: 7.497392352782817
MAE: 2.235719894540721
EVS: 0.6969359183460728
