Model: GRU
MSE: 5.3363444264200535
MAE: 1.7176688210717563
EVS: 0.6994024368618839
