Model: GRU
MSE: 119.61983118359481
MAE: 10.083899793953732
EVS: -0.040505211407882546
