Model: GRU
MSE: 5.4219326897728335
MAE: 1.7678699493408203
EVS: 0.6930355828104996
