Model: GRU
MSE: 5.403941382913672
MAE: 1.6671501521406502
EVS: 0.6880980315829957
