Model: GRU
MSE: 7.5357137022316865
MAE: 2.0306651715574593
EVS: 0.7083977241325266
