Model: GRU
MSE: 6.041965235543244
MAE: 1.93051553594655
EVS: 0.6907075855134306
