Model: GRU
MSE: 8.951611355730584
MAE: 2.4956583401252486
EVS: 0.6758705265113187
