Model: GRU
MSE: 6.423943529819557
MAE: 2.005193833647103
EVS: 0.7096479759753173
