Model: GRU
MSE: 6.369135397630097
MAE: 1.9851713509395206
EVS: 0.7049952374437701
