Model: GRU
MSE: 6.4304263236308605
MAE: 1.931940392085484
EVS: 0.685585198253992
