Model: GRU
MSE: 5.903063076704658
MAE: 1.747822038058577
EVS: 0.6679787683956125
