Model: GRU
MSE: 6.558395816576196
MAE: 1.9719076999302567
EVS: 0.627211088188212
