Model: GRU
MSE: 7.2660168773570115
MAE: 2.196437876800011
EVS: 0.6756343656742005
