Model: GRU
MSE: 5.891063440706091
MAE: 1.9298272215086838
EVS: 0.7066909266342618
