Model: GRU
MSE: 396.39421876055155
MAE: 19.367324080960504
EVS: -0.2357975584800447
