Model: GRU
MSE: 6.096207125678369
MAE: 1.836296071266306
EVS: 0.679389218580892
