Model: GRU
MSE: 5.349944716163616
MAE: 1.6954504621439968
EVS: 0.6935199167177069
