Model: GRU
MSE: 5.101277729158296
MAE: 1.6210876826582283
EVS: 0.7060139247206796
