Model: GRU
MSE: 13.83348077855916
MAE: 3.2177851035677154
EVS: 0.6485209234166076
