Model: GRU
MSE: 5.626317458465401
MAE: 1.7445923254407685
EVS: 0.6951494639090943
