Model: GRU
MSE: 179.65510423439142
MAE: 12.68464491707938
EVS: 0.03207207349787011
