Model: GRU
MSE: 139.72748812908753
MAE: 10.95143706325827
EVS: -0.1483406175763171
