Model: GRU
MSE: 7.151359258069467
MAE: 2.169273783420694
EVS: 0.6898379469153931
