Model: GRU
MSE: 5.195114138065084
MAE: 1.6005024498906628
EVS: 0.7036698444994359
