Model: GRU
MSE: 5.008331426229758
MAE: 1.6778623770023215
EVS: 0.722283215580364
