Model: GRU
MSE: 8.695134835177786
MAE: 2.0539485606653938
EVS: 0.5447998241744298
