Model: GRU
MSE: 5.464376156934494
MAE: 1.7398489754775475
EVS: 0.6857612084985277
