Model: GRU
MSE: 5.381381933066317
MAE: 1.6320218875490387
EVS: 0.6916605366186486
