Model: GRU
MSE: 143.90109789458236
MAE: 11.22422577183822
EVS: -0.039522280375337226
