Model: GRU
MSE: 10.040217708345189
MAE: 2.6890972976026863
EVS: 0.6840807334449536
