Model: GRU
MSE: 5.818898371167875
MAE: 1.9164085223756988
EVS: 0.705172114882297
