Model: GRU
MSE: 5.7371910780465525
MAE: 1.8346354468115444
EVS: 0.684668844726805
