Model: GRU
MSE: 17.598005272863205
MAE: 3.695962700350531
EVS: 0.6732092473685019
