Model: GRU
MSE: 5.297336447450582
MAE: 1.631557583808899
EVS: 0.7059163617445647
