Model: GRU
MSE: 348.449842476825
MAE: 18.21844082043089
EVS: 0.04051643502023872
