Model: GRU
MSE: 5.326664963747097
MAE: 1.602131021433863
EVS: 0.691314678114247
