Model: GRU
MSE: 6.120328281210995
MAE: 1.9416000843048096
EVS: 0.699970584433885
