Model: GRU
MSE: 5.460158188737445
MAE: 1.6982969580025509
EVS: 0.6907243654053417
