Model: GRU
MSE: 5.627556091192511
MAE: 1.6621974665543129
EVS: 0.6951018763335738
