Model: GRU
MSE: 6.8117590285876535
MAE: 2.112546970104349
EVS: 0.6933412822473379
