Model: GRU
MSE: 9.617987438755407
MAE: 2.4783837384191054
EVS: 0.7018785569751356
