Model: GRU
MSE: 5.902007215758988
MAE: 1.8549657032407563
EVS: 0.6859321468714379
