Model: GRU
MSE: 5.430333790054639
MAE: 1.7297292413382694
EVS: 0.6856188211956102
