Model: GRU
MSE: 5.783041213862616
MAE: 1.7208996559011525
EVS: 0.6834527343533766
