Model: GRU
MSE: 7.452982245547893
MAE: 1.9788158022124192
EVS: 0.6405831988817283
