Model: GRU
MSE: 121.08996672933368
MAE: 10.12746353396054
EVS: -0.07471452063393369
