Model: GRU
MSE: 624.9112421553268
MAE: 24.614078554613837
EVS: -0.10569100384026298
