Model: GRU
MSE: 5.953055586576205
MAE: 1.9028695040735706
EVS: 0.6902904615851252
