Model: GRU
MSE: 163.86907801777645
MAE: 12.121135982973822
EVS: 0.016794621928233
