Model: GRU
MSE: 13.632032607459207
MAE: 3.2226445263829726
EVS: 0.666076466518805
