Model: GRU
MSE: 5.49704011197098
MAE: 1.6642087697982788
EVS: 0.6929848682470465
