Model: GRU
MSE: 5.869921191165076
MAE: 1.9107924494250068
EVS: 0.700688716614748
