Model: GRU
MSE: 5.529667522596524
MAE: 1.6660461014714734
EVS: 0.6880849226514617
