Model: GRU
MSE: 5.5414095630181
MAE: 1.6931875985244225
EVS: 0.6785787403156769
