Model: GRU
MSE: 5.319838437308567
MAE: 1.7371700385521198
EVS: 0.7030783412081008
