Model: GRU
MSE: 5.647040132297018
MAE: 1.73543565026645
EVS: 0.6777599151872709
