Model: GRU
MSE: 5.743958823070175
MAE: 1.6708316474125302
EVS: 0.7064390271346452
