Model: GRU
MSE: 140.07452757011256
MAE: 11.094634138304611
EVS: 0.014678174460459714
