Model: GRU
MSE: 6.5179842068908265
MAE: 2.0427701719875992
EVS: 0.6767727818260996
