Model: GRU
MSE: 5.636682607091663
MAE: 1.6710928308552708
EVS: 0.6860982992589333
