Model: GRU
MSE: 6.277003553030391
MAE: 1.7635526739317795
EVS: 0.6969973482219651
