Model: GRU
MSE: 5.528163480851221
MAE: 1.7905770910197292
EVS: 0.6943037758811763
