Model: GRU
MSE: 4147.249870512946
MAE: 64.21080056552229
EVS: -0.40531942668935717
