Model: GRU
MSE: 5.819620937686672
MAE: 1.8340941626450111
EVS: 0.7093871774566362
