Model: GRU
MSE: 8.843083829142149
MAE: 2.5163531632258973
EVS: 0.694892082309819
