Model: GRU
MSE: 7.668970236463467
MAE: 2.2601077227756896
EVS: 0.6908166354463662
