Model: GRU
MSE: 7.89962501157967
MAE: 2.3492842049434266
EVS: 0.666893057365261
