Model: GRU
MSE: 6.426604895573777
MAE: 1.9940230764191726
EVS: 0.6785235465251895
