Model: GRU
MSE: 6.136755506076721
MAE: 1.7158984891299545
EVS: 0.6915855733705814
