Model: GRU
MSE: 6.3749113858398285
MAE: 1.735273806185558
EVS: 0.6821002844474391
