Model: GRU
MSE: 5.160987159658344
MAE: 1.5501360893249512
EVS: 0.7045482107734634
