Model: GRU
MSE: 5.957452957076841
MAE: 1.7108130372803787
EVS: 0.7044559338250213
