Model: GRU
MSE: 5.900961792275403
MAE: 1.774817392743867
EVS: 0.6679345570015385
