Model: GRU
MSE: 5.747924481809337
MAE: 1.8750612242468472
EVS: 0.6982427876489109
