Model: GRU
MSE: 5.062051104049671
MAE: 1.5451642480389824
EVS: 0.7066158239240392
