Model: GRU
MSE: 30.91688860226513
MAE: 4.795706913389009
EVS: 0.0
