Model: GRU
MSE: 5.855209674998283
MAE: 1.6907106370761478
EVS: 0.6670448687384765
