Model: GRU
MSE: 9.434848620870428
MAE: 2.4032846072624467
EVS: 0.6821052273603279
