Model: GRU
MSE: 25.351437813827722
MAE: 4.1919660568237305
EVS: 0.2295817668038419
