Model: GRU
MSE: 22.234169624248775
MAE: 4.018674307856067
EVS: 0.05030760560708547
