Model: GRU
MSE: 4183.193143158823
MAE: 64.54685763655037
EVS: 0.019743464872245986
