Model: GRU
MSE: 5.771459259149734
MAE: 1.8158826745789627
EVS: 0.6847488129097434
