Model: GRU
MSE: 6.000601566493346
MAE: 1.7111975324564968
EVS: 0.6930968124304038
