Model: GRU
MSE: 5.662164017905023
MAE: 1.778038370198217
EVS: 0.6929714078548248
