Model: GRU
MSE: 6.719008160634553
MAE: 1.8856464151825223
EVS: 0.6638895590725387
