Model: GRU
MSE: 5.659515762576112
MAE: 1.8366902614461964
EVS: 0.6938890661593953
