Model: GRU
MSE: 10.717697840556701
MAE: 2.7676862190509666
EVS: 0.6433193768890522
