Model: GRU
MSE: 9.831881555953451
MAE: 2.6124630549858354
EVS: 0.661742749326298
