Model: GRU
MSE: 5.8394786886470165
MAE: 1.8074083492673676
EVS: 0.6732137775243692
