Model: GRU
MSE: 6.635775366797686
MAE: 2.092865327308918
EVS: 0.6915824299453774
