Model: GRU
MSE: 8.155058826728224
MAE: 2.30365436652611
EVS: 0.658991414308703
