Model: GRU
MSE: 5.659267335830679
MAE: 1.800733891026727
EVS: 0.6902052494685149
