Model: GRU
MSE: 6.16286234058589
MAE: 1.8027429950648342
EVS: 0.6779187998008323
