Model: GRU
MSE: 5.362941234110367
MAE: 1.6790562251518513
EVS: 0.6906034225565543
