Model: GRU
MSE: 164.27347585244007
MAE: 12.164477377102292
EVS: 0.05439911690839083
