Model: GRU
MSE: 5.486704999827661
MAE: 1.7378600095880443
EVS: 0.6867310314022752
