Model: GRU
MSE: 5.224980311350118
MAE: 1.6152211592115204
EVS: 0.7146861289340851
