Model: GRU
MSE: 6.192422542681023
MAE: 1.9490164888316188
EVS: 0.7028858255937683
