Model: GRU
MSE: 653.7396462678843
MAE: 25.128406228690313
EVS: -0.2939220510946261
