Model: GRU
MSE: 8.333819577891678
MAE: 2.409583511023686
EVS: 0.6993416748213523
