Model: GRU
MSE: 6.719996128832906
MAE: 2.0235994684285132
EVS: 0.6528223462891434
