Model: GRU
MSE: 5.269294087188051
MAE: 1.8053759542004815
EVS: 0.7088275532775664
