Model: GRU
MSE: 5.360755772394937
MAE: 1.7269859560604752
EVS: 0.7067948049848929
