Model: GRU
MSE: 6.380656780646718
MAE: 1.9979590218642662
EVS: 0.7009794983824875
