Model: GRU
MSE: 137.41157434686804
MAE: 10.921272795775842
EVS: -0.05225802036723026
