Model: GRU
MSE: 5.537879275892569
MAE: 1.7382849084919896
EVS: 0.6787152112285755
