Model: GRU
MSE: 20.07696202661589
MAE: 3.6915256894867996
EVS: 0.030586841636585538
