Model: GRU
MSE: 1183.2956138311788
MAE: 33.91532292859308
EVS: -0.9172249895170881
