Model: GRU
MSE: 5.070923528865463
MAE: 1.612319529056549
EVS: 0.7074864001502925
