Model: GRU
MSE: 12.392998328265172
MAE: 2.8148400372472304
EVS: 0.28201775323726097
