Model: GRU
MSE: 122.4154676906084
MAE: 10.242704938197958
EVS: -0.015422984583568722
