Model: GRU
MSE: 5.4877336655063464
MAE: 1.711286269385239
EVS: 0.6966026946306565
