Model: GRU
MSE: 7.28841154259361
MAE: 2.2026368913979364
EVS: 0.6980417846905682
