Model: GRU
MSE: 5.852764326438136
MAE: 1.8923690113528022
EVS: 0.7019654583225488
