Model: GRU
MSE: 5.519847663424402
MAE: 1.656839839343367
EVS: 0.6895673122012291
