Model: GRU
MSE: 6.391135032879478
MAE: 2.058872962820119
EVS: 0.6904357407529731
