Model: GRU
MSE: 5.093622781920795
MAE: 1.7376700824704663
EVS: 0.722726124038338
