Model: GRU
MSE: 26.487015257592482
MAE: 4.385744045520651
EVS: 0.06773298578261233
