Model: GRU
MSE: 23.82306306401194
MAE: 4.120242085950128
EVS: 0.01181692663396694
