Model: GRU
MSE: 12.422480284360882
MAE: 3.0317209095790467
EVS: 0.6760256845955135
