Model: GRU
MSE: 5.036745237673166
MAE: 1.5977422368937526
EVS: 0.7095616430618831
