Model: GRU
MSE: 6.790945799853708
MAE: 2.0926911419835585
EVS: 0.6760667641196398
