Model: GRU
MSE: 5.869286150347604
MAE: 1.9151718040992474
EVS: 0.6957147793141301
