Model: GRU
MSE: 5.166848532879201
MAE: 1.5793937650220147
EVS: 0.7008300216307527
