Model: GRU
MSE: 250.70566471950374
MAE: 15.194872329974997
EVS: -0.14996536835106555
