Model: GRU
MSE: 5.7056977518377865
MAE: 1.7098923633838523
EVS: 0.6706863555756027
