Model: GRU
MSE: 7.857707827156478
MAE: 2.298604969320626
EVS: 0.6698981322605606
