Model: GRU
MSE: 129.23384374848442
MAE: 10.64707398620145
EVS: 0.07907371308059208
