Model: GRU
MSE: 8.144117732651635
MAE: 2.2863972187042236
EVS: 0.6523641814247204
