Model: GRU
MSE: 5.460403896214031
MAE: 1.768020934072034
EVS: 0.6908179357201851
