Model: GRU
MSE: 16.581769881294946
MAE: 3.115158804531755
EVS: 0.03818303103421372
