Model: GRU
MSE: 11.323134085856262
MAE: 2.870903286440619
EVS: 0.6648542495566125
