Model: GRU
MSE: 5.912094012376754
MAE: 1.8484254130001725
EVS: 0.6729730132592222
