Model: GRU
MSE: 6.3329768283013435
MAE: 1.9148608631101147
EVS: 0.6658611709917651
