Model: GRU
MSE: 5.010170432358458
MAE: 1.6154047949560757
EVS: 0.7093299986075363
