Model: GRU
MSE: 9.482146620480806
MAE: 2.6601196733014336
EVS: 0.682198901716538
