Model: GRU
MSE: 5.513136891757808
MAE: 1.7241370040794899
EVS: 0.6814036980903526
