Model: GRU
MSE: 5.342620133514481
MAE: 1.6856300666414459
EVS: 0.6924969440317803
