Model: GRU
MSE: 5.5477461079013155
MAE: 1.7506415638430366
EVS: 0.6923937587809672
