Model: GRU
MSE: 5.390802950575539
MAE: 1.702490362627753
EVS: 0.6875433023596501
