Model: GRU
MSE: 5.387604939299279
MAE: 1.7586936601277054
EVS: 0.7123472072160125
