Model: GRU
MSE: 6.028492440372619
MAE: 1.8612886543931633
EVS: 0.6565248691959708
