Model: GRU
MSE: 5.164517212687076
MAE: 1.6023869925531848
EVS: 0.7108882791375715
