Model: GRU
MSE: 148.25477140725405
MAE: 11.385566910793042
EVS: -0.08046903699630281
