Model: GRU
MSE: 24.553650967605446
MAE: 4.061885241804452
EVS: 0.13396915252248642
