Model: GRU
MSE: 7.431485990793186
MAE: 2.251152984027205
EVS: 0.7072294864309148
