Model: GRU
MSE: 5.6244305556793
MAE: 1.7490854263305664
EVS: 0.6747389996790767
