Model: GRU
MSE: 6.24489484201848
MAE: 1.819218791764358
EVS: 0.6719342558897174
