Model: GRU
MSE: 5.33907123371969
MAE: 1.5807726465422531
EVS: 0.7109441404612883
