Model: GRU
MSE: 5.958304052120086
MAE: 1.8293404168096081
EVS: 0.6554888101767735
