Model: GRU
MSE: 6.038881004737347
MAE: 1.883848995997988
EVS: 0.6906129385680332
