Model: GRU
MSE: 9.934616116501275
MAE: 2.6772136030525995
EVS: 0.6875490388701453
