Model: GRU
MSE: 6.038285260216071
MAE: 1.7331238450675175
EVS: 0.7031221361696371
