Model: GRU
MSE: 5.165557937702949
MAE: 1.6513954113269675
EVS: 0.7031598970110776
