Model: GRU
MSE: 5.151332919242522
MAE: 1.744793513725544
EVS: 0.7187932399622563
