Model: GRU
MSE: 5.966001927187028
MAE: 1.7548861606367703
EVS: 0.7187402163911025
