Model: GRU
MSE: 5.363530724514791
MAE: 1.6440466621826435
EVS: 0.6888370094202672
