Model: GRU
MSE: 130.3374223227904
MAE: 10.64806991815567
EVS: 0.016278926899685908
