Model: GRU
MSE: 5.713591335862632
MAE: 1.6949397284409096
EVS: 0.7069821132321014
