Model: GRU
MSE: 9.33685378866911
MAE: 2.5909023778191926
EVS: 0.6745867447491616
