Model: GRU
MSE: 5.782779943023115
MAE: 1.6472078520676185
EVS: 0.6999913451607139
