Model: GRU
MSE: 10.275703660952432
MAE: 2.7266030147157867
EVS: 0.703184031290842
