Model: GRU
MSE: 530.7030796488772
MAE: 22.608631397115772
EVS: -0.13437916007931716
