Model: GRU
MSE: 6.350160904287358
MAE: 1.8159714813890129
EVS: 0.6915023800208098
