Model: GRU
MSE: 7.305699342759528
MAE: 2.2098414240212274
EVS: 0.6883845188352025
