Model: GRU
MSE: 7.24718041943827
MAE: 2.145336159344377
EVS: 0.6814710444949508
