Model: GRU
MSE: 6.261872555349312
MAE: 1.9874724519663844
EVS: 0.690661209751644
