Model: GRU
MSE: 5.917181027271709
MAE: 1.8165168022287304
EVS: 0.6612593459353715
