Model: GRU
MSE: 6.9740691526776235
MAE: 1.9155990830783187
EVS: 0.6742287959419866
