Model: GRU
MSE: 5.383598743037802
MAE: 1.6785556180723782
EVS: 0.6887351808109224
