Model: GRU
MSE: 5.518578369091043
MAE: 1.7919683620847504
EVS: 0.6994074190633827
