Model: GRU
MSE: 5.999002844664131
MAE: 1.8583938911043365
EVS: 0.6733958872313682
