Model: GRU
MSE: 6.906959159406282
MAE: 2.145882450301072
EVS: 0.6917546602516373
