Model: GRU
MSE: 5.366832639027301
MAE: 1.71355284493545
EVS: 0.6917493431365709
