Model: GRU
MSE: 5.466592014967596
MAE: 1.7559840514742096
EVS: 0.6904781713092021
