Model: GRU
MSE: 4.918327016224053
MAE: 1.5174194122182911
EVS: 0.7190420949127814
