Model: GRU
MSE: 7.644043801194358
MAE: 2.2771492538781
EVS: 0.6893287741675364
