Model: GRU
MSE: 5.648485405194496
MAE: 1.816316160662421
EVS: 0.7006062122819149
