Model: GRU
MSE: 6.018802049338963
MAE: 1.7665002448805447
EVS: 0.7070702091389266
