Model: GRU
MSE: 6.343022249062709
MAE: 1.9736303543222362
EVS: 0.6805463106518468
