Model: GRU
MSE: 6.441390103518253
MAE: 2.0291806582746834
EVS: 0.7024164548460077
