Model: GRU
MSE: 10.337627775969278
MAE: 2.7543057902105925
EVS: 0.7068058806196004
