Model: GRU
MSE: 5.8025733538393345
MAE: 1.7548320786706333
EVS: 0.6729294976939222
