Model: GRU
MSE: 4487.975745578443
MAE: 66.8558973115066
EVS: -0.059647251083255304
