Model: GRU
MSE: 5.397844931972373
MAE: 1.7817428728629803
EVS: 0.7046622698214808
