Model: GRU
MSE: 5.41632450838942
MAE: 1.7140574825221095
EVS: 0.6857831145056347
