Model: GRU
MSE: 6.0584214114412
MAE: 1.90376511113397
EVS: 0.6702161476121598
