Model: GRU
MSE: 7.213956500655076
MAE: 2.1797634979774214
EVS: 0.6807755429369691
