Model: GRU
MSE: 6.6118589673647925
MAE: 1.8239537683026543
EVS: 0.684815756322853
