Model: GRU
MSE: 275.48274072287717
MAE: 16.016120450250035
EVS: -0.10036788362666926
