Model: GRU
MSE: 6.086525863580214
MAE: 1.8987529771081333
EVS: 0.6941888228378732
