Model: GRU
MSE: 8.042940869760436
MAE: 2.3696426235396286
EVS: 0.7071249532222048
