Model: GRU
MSE: 10.790484495413478
MAE: 2.8219175585385026
EVS: 0.6748697487515958
