Model: GRU
MSE: 5.424762927909187
MAE: 1.7868015026224071
EVS: 0.7003556598539551
