Model: GRU
MSE: 5.458716844733434
MAE: 1.822660725692223
EVS: 0.7153639701887946
