Model: GRU
MSE: 6.329516172723352
MAE: 2.0443125141078027
EVS: 0.6948205895596847
