Model: GRU
MSE: 6.270295796380212
MAE: 1.9591566447553963
EVS: 0.6774361278979745
