Model: GRU
MSE: 8.432166320495245
MAE: 2.434442902433461
EVS: 0.712148536823298
