Model: GRU
MSE: 5.77825420361244
MAE: 1.8151400664757038
EVS: 0.6736274067082944
