Model: GRU
MSE: 9.71351099293439
MAE: 2.638133772488298
EVS: 0.6912974901316976
