Model: GRU
MSE: 13.799955602896803
MAE: 3.1290634911635826
EVS: 0.5676946495842885
