Model: GRU
MSE: 7.654855375426231
MAE: 2.2883465701136094
EVS: 0.7044643478551602
