Model: GRU
MSE: 6.870351991160403
MAE: 2.102601355519788
EVS: 0.6840423529626151
