Model: GRU
MSE: 5.594497468579451
MAE: 1.6938562146548568
EVS: 0.6766343284165219
