Model: GRU
MSE: 7.911813998749847
MAE: 2.3561477167852996
EVS: 0.7030422140818295
