Model: GRU
MSE: 147.1441004706152
MAE: 11.470068734267663
EVS: 0.09601645052387342
