Model: GRU
MSE: 5.149253148831039
MAE: 1.6136955968264877
EVS: 0.7066339807246853
