Model: GRU
MSE: 5.538847668442029
MAE: 1.7510258822605527
EVS: 0.6836589029736774
