Model: GRU
MSE: 30.84552505520461
MAE: 4.790377386685075
EVS: 0.0
