Model: GRU
MSE: 9.142490195295812
MAE: 2.527814371832486
EVS: 0.6854102656772926
