Model: GRU
MSE: 5.657265774138633
MAE: 1.8749433714767982
EVS: 0.6922494904874031
