Model: GRU
MSE: 6.137998126521385
MAE: 1.9512835946576348
EVS: 0.6798350800738842
