Model: GRU
MSE: 5.337114471325947
MAE: 1.6612251462607548
EVS: 0.6903753494144107
