Model: GRU
MSE: 21.09001040729897
MAE: 3.8417443900272765
EVS: 0.0
