Model: GRU
MSE: 6.127072591614729
MAE: 1.953692156693031
EVS: 0.6926859298395984
