Model: GRU
MSE: 139.85110275433405
MAE: 11.122472039584455
EVS: 0.06352198922463537
