Model: GRU
MSE: 6.180993842730436
MAE: 1.983661569398025
EVS: 0.70111535183416
