Model: GRU
MSE: 16.971124044856797
MAE: 3.4696875358450003
EVS: 0.5667305906261677
