Model: GRU
MSE: 10.73261780504928
MAE: 2.8116944740558494
EVS: 0.6791295972225897
