Model: GRU
MSE: 24.726827785316203
MAE: 4.228471903965391
EVS: -0.014326456535680876
