Model: GRU
MSE: 6.529653013745493
MAE: 2.0299376043780097
EVS: 0.7000385950287711
