Model: GRU
MSE: 4538.567563571656
MAE: 67.24215474622002
EVS: 0.010236019551334241
