Model: GRU
MSE: 6.066859232508412
MAE: 1.9276161563807521
EVS: 0.6852184399707753
