Model: GRU
MSE: 146.1090892565934
MAE: 11.239774578604205
EVS: -0.14735679958842662
