Model: GRU
MSE: 7.6739474783346555
MAE: 2.3167944283320985
EVS: 0.7060006221802393
