Model: GRU
MSE: 150.88336397675386
MAE: 11.585488062480401
EVS: 0.03346320997044605
