Model: GRU
MSE: 243.09452301940968
MAE: 14.68632789726915
EVS: -0.5900037847053203
