Model: GRU
MSE: 7.801500740437288
MAE: 2.1322928214895316
EVS: 0.7179792098917389
