Model: GRU
MSE: 605.5408511855047
MAE: 23.821196991821814
EVS: -1.2099122845898491
