Model: GRU
MSE: 18.537919170434662
MAE: 3.7601300354661613
EVS: 0.6725277654621182
