Model: GRU
MSE: 10.364403344789661
MAE: 2.759240693059461
EVS: 0.6978204879943041
