Model: GRU
MSE: 11619.580875043866
MAE: 107.72208575544686
EVS: 0.09883070025138008
