Model: GRU
MSE: 12637.64011090005
MAE: 112.34434667126885
EVS: 0.04924057099964685
