Model: GRU
MSE: 10.687134070673116
MAE: 2.7661279645459405
EVS: 0.6757826604248249
