Model: GRU
MSE: 1726.1953908260234
MAE: 41.354605970711546
EVS: 0.07221061977567778
