Model: GRU
MSE: 5.650148804865688
MAE: 1.7581565133456527
EVS: 0.67604234778704
