Model: GRU
MSE: 5.003876798592784
MAE: 1.5926377814391564
EVS: 0.7097038343000059
