Model: GRU
MSE: 129.66537824442864
MAE: 10.603242672722915
EVS: 0.0
