Model: GRU
MSE: 11.72999433787534
MAE: 2.9194864856785743
EVS: 0.6679815594456074
