Model: GRU
MSE: 5.080741917101716
MAE: 1.631847585069722
EVS: 0.7054278081916574
