Model: GRU
MSE: 5.2629215016422695
MAE: 1.6098751446296429
EVS: 0.7218489664160096
