Model: GRU
MSE: 9.029630109242479
MAE: 2.4746087830642174
EVS: 0.6328557955520375
