Model: GRU
MSE: 8.700588869328989
MAE: 2.471630260862153
EVS: 0.67440179984039
