Model: GRU
MSE: 5.639961943713261
MAE: 1.6550273566410458
EVS: 0.6904742096686898
