Model: GRU
MSE: 5.177215077300187
MAE: 1.5785213174491093
EVS: 0.6997017466767841
