Model: GRU
MSE: 5.2695545093404155
MAE: 1.5799585046439335
EVS: 0.7212002583736421
