Model: GRU
MSE: 6.195589662082676
MAE: 2.000563078913195
EVS: 0.6905690602775749
