Model: GRU
MSE: 5646.374432383452
MAE: 75.03130485271585
EVS: 0.03242506280430135
