Model: GRU
MSE: 6.895546933449962
MAE: 2.1258631245843294
EVS: 0.6820742097391783
