Model: GRU
MSE: 6.47193566257851
MAE: 1.8250241402922005
EVS: 0.6760373918525331
