Model: GRU
MSE: 6.4195843297974235
MAE: 1.9566811980872318
EVS: 0.6860025272593384
