Model: GRU
MSE: 12.554885582764905
MAE: 3.0647638912858635
EVS: 0.669224287226958
