Model: GRU
MSE: 12.629518059299864
MAE: 2.888904703074488
EVS: 0.33415349229181257
