Model: GRU
MSE: 7.867083241424541
MAE: 2.0854582642686776
EVS: 0.6719042445350758
