Model: GRU
MSE: 5.100885400728783
MAE: 1.6148543398955773
EVS: 0.7040849365392773
