Model: GRU
MSE: 5.706245692531677
MAE: 1.8614425330326474
EVS: 0.7033531179721906
