Model: GRU
MSE: 143.47769461324393
MAE: 11.267978294142361
EVS: 0.04213489434329276
