Model: GRU
MSE: 6.056949861306212
MAE: 1.803949524616373
EVS: 0.6692695363500017
