Model: GRU
MSE: 5.5353158659576245
MAE: 1.7194253637872894
EVS: 0.6791367870622294
