Model: GRU
MSE: 7.382912158750816
MAE: 1.9799330563380801
EVS: 0.6704728556299331
