Model: GRU
MSE: 5.011843432009166
MAE: 1.5790949813250839
EVS: 0.709548643281178
