Model: GRU
MSE: 5.1489035368735925
MAE: 1.6346577693676125
EVS: 0.704602290118097
