Model: GRU
MSE: 273.5322720081847
MAE: 15.982182141008048
EVS: -0.05021302308743203
