Model: GRU
MSE: 5.634257677355785
MAE: 1.82836337747245
EVS: 0.6975875420906716
