Model: GRU
MSE: 11.859537158554742
MAE: 2.9390766908382546
EVS: 0.6728317073871428
