Model: GRU
MSE: 5.273401439847201
MAE: 1.7322639268020104
EVS: 0.6948676622714152
