Model: GRU
MSE: 5.5270191111867115
MAE: 1.7761124043629086
EVS: 0.7041449088473897
