Model: GRU
MSE: 8.523174267264883
MAE: 2.472297738338339
EVS: 0.6479672653941431
