Model: GRU
MSE: 8.946634349727105
MAE: 2.4599552894460746
EVS: 0.6880352983698468
