Model: GRU
MSE: 5.413391447232091
MAE: 1.8192976466540633
EVS: 0.7118083091920318
