Model: GRU
MSE: 5.7463900548231726
MAE: 1.6710806139584244
EVS: 0.683286277424792
