Model: GRU
MSE: 6.985708119961191
MAE: 2.0030431500796615
EVS: 0.651724714401057
