Model: GRU
MSE: 5.400848721939127
MAE: 1.602357122404822
EVS: 0.7269961403024823
