Model: GRU
MSE: 5.453607164217123
MAE: 1.700655328816381
EVS: 0.6853116177031771
