Model: GRU
MSE: 14.467336716819613
MAE: 3.277513150511117
EVS: 0.6615126312211905
