Model: GRU
MSE: 23.71087191535858
MAE: 4.078155501135464
EVS: -0.10515075441459087
