Model: GRU
MSE: 5.849556235836315
MAE: 1.8481772850299705
EVS: 0.6762040228700361
