Model: GRU
MSE: 4.9602027190843305
MAE: 1.5676865351611171
EVS: 0.7127062409554801
