Model: GRU
MSE: 8.14240985578305
MAE: 2.3702676131807525
EVS: 0.6667843509577166
