Model: GRU
MSE: 7.389903123551458
MAE: 2.1754290646520156
EVS: 0.6443357899060385
