Model: GRU
MSE: 6.736415866514562
MAE: 1.9425987868473447
EVS: 0.6953730585104193
