Model: GRU
MSE: 6.609039755948394
MAE: 2.0747590969348777
EVS: 0.6852146159287514
