Model: GRU
MSE: 6.283008913650565
MAE: 1.9695014049266946
EVS: 0.6842742507420593
