Model: GRU
MSE: 6.707206653170771
MAE: 1.835085733183499
EVS: 0.6990062218064598
