Model: GRU
MSE: 5.1936355725220915
MAE: 1.5969158411026
EVS: 0.7062994775400733
