Model: GRU
MSE: 5.597728454437694
MAE: 1.8056108047222268
EVS: 0.7012752797315018
