Model: GRU
MSE: 8.388629033027435
MAE: 2.4447828161305396
EVS: 0.7040781061127646
