Model: GRU
MSE: 6.956221229903302
MAE: 2.1409993993824927
EVS: 0.6933368532973938
