Model: GRU
MSE: 6.762995561583902
MAE: 1.9862277133124215
EVS: 0.6561989313539389
