Model: GRU
MSE: 162.91633436828874
MAE: 12.106391680651697
EVS: 0.05134464107965975
