Model: GRU
MSE: 9.664793037265706
MAE: 2.5193353439199515
EVS: 0.6029813356282148
