Model: GRU
MSE: 9.832647468755246
MAE: 2.648761239545099
EVS: 0.7009011411843546
