Model: GRU
MSE: 5.84393882048151
MAE: 1.8953214184991245
EVS: 0.691779338223085
