Model: GRU
MSE: 6.227683958995385
MAE: 1.9473303926402126
EVS: 0.6828573230612177
