Model: GRU
MSE: 5.444329965358869
MAE: 1.6992734793958992
EVS: 0.6917932713915909
