Model: GRU
MSE: 5.204601319572136
MAE: 1.5701377391815186
EVS: 0.70760738082661
