Model: GRU
MSE: 5.360331059396893
MAE: 1.672165221181409
EVS: 0.6916287579911653
