Model: GRU
MSE: 5.762784739010076
MAE: 1.8853628101020024
EVS: 0.69726509705617
