Model: GRU
MSE: 5.396045463248495
MAE: 1.5717074336676762
EVS: 0.7097284061651379
