Model: GRU
MSE: 5.487342367465986
MAE: 1.7229367617903084
EVS: 0.681778143008704
