Model: GRU
MSE: 5.777569407338407
MAE: 1.776788020956105
EVS: 0.6687175559732728
