Model: GRU
MSE: 6.505935379182675
MAE: 1.8387260765864932
EVS: 0.6875441829834679
