Model: GRU
MSE: 7.050058065052981
MAE: 2.1273515717736604
EVS: 0.6993164532527114
