Model: GRU
MSE: 7.983830835569643
MAE: 2.29216847748592
EVS: 0.6992983099440592
