Model: GRU
MSE: 6.185068630115697
MAE: 1.9481187195613467
EVS: 0.6927892129254378
