Model: GRU
MSE: 7.560124707426232
MAE: 2.272785215542234
EVS: 0.689528733346721
