Model: GRU
MSE: 4.940819958881831
MAE: 1.5697744180416238
EVS: 0.7320399153528039
