Model: GRU
MSE: 5.401017231292608
MAE: 1.6385462242981483
EVS: 0.7131202694613545
