Model: GRU
MSE: 5.786042178479028
MAE: 1.7370962438912227
EVS: 0.6778722856266488
