Model: GRU
MSE: 5.358427575127868
MAE: 1.5892913094882308
EVS: 0.7085184199925988
