Model: GRU
MSE: 5.254445003286119
MAE: 1.7011723271731674
EVS: 0.7028163570190464
