Model: GRU
MSE: 5.74472198891406
MAE: 1.8568646578953183
EVS: 0.7049381003204026
