Model: GRU
MSE: 131.05715745669343
MAE: 10.733824671342456
EVS: 0.08090086327929846
