Model: GRU
MSE: 5.525408254029853
MAE: 1.6965723695426151
EVS: 0.691127555076536
