Model: GRU
MSE: 5.061552906097259
MAE: 1.6828332687246388
EVS: 0.7063652747252525
