Model: GRU
MSE: 6.2425492018398385
MAE: 1.9460341889282753
EVS: 0.695953662616268
