Model: GRU
MSE: 6.123497527836626
MAE: 1.928529270764055
EVS: 0.692952741147393
