Model: GRU
MSE: 5.222720905164096
MAE: 1.542655739290961
EVS: 0.7035361941092801
