Model: GRU
MSE: 8.710536884658797
MAE: 2.4939587445094666
EVS: 0.6888129132229137
