Model: GRU
MSE: 17.889093434631267
MAE: 3.449635966070767
EVS: 0.08078048793938819
