Model: GRU
MSE: 7.290520820746133
MAE: 2.222028132142692
EVS: 0.69968413899017
