Model: GRU
MSE: 5.553631384346155
MAE: 1.7557375842127307
EVS: 0.6975946467340892
