Model: GRU
MSE: 5.806800703058935
MAE: 1.819703143218468
EVS: 0.6837372679017137
