Model: GRU
MSE: 10.731375528622454
MAE: 2.7969209079084725
EVS: 0.6868708982592422
