Model: GRU
MSE: 6.901574570569752
MAE: 2.139861961890911
EVS: 0.7015102901855502
