Model: GRU
MSE: 5.086771403405476
MAE: 1.644552781664092
EVS: 0.7088234191811869
