Model: GRU
MSE: 5.307079036809034
MAE: 1.765707755910939
EVS: 0.7018108392328523
