Model: GRU
MSE: 6.039106471137988
MAE: 1.7058168279713597
EVS: 0.6908612157631999
