Model: GRU
MSE: 1420.5960291260749
MAE: 37.306110872541154
EVS: -0.488936545643049
