Model: GRU
MSE: 5.838858242218333
MAE: 1.9341516659177582
EVS: 0.6947286872745972
