Model: GRU
MSE: 6.177830209065527
MAE: 1.8680234633643051
EVS: 0.6494038915919396
