Model: GRU
MSE: 5.193927668721408
MAE: 1.611430755976973
EVS: 0.7024573902609464
