Model: GRU
MSE: 7.209371876962858
MAE: 2.200666279628359
EVS: 0.6879609125678812
