Model: GRU
MSE: 5.4300870032272215
MAE: 1.7354400404568375
EVS: 0.6945222740619647
