Model: GRU
MSE: 7.901215264228019
MAE: 2.310443878173828
EVS: 0.6093303547260518
