Model: GRU
MSE: 443.7330787508712
MAE: 20.63082584841498
EVS: -0.05021172024611942
