Model: GRU
MSE: 5.615287523451741
MAE: 1.7078299275759994
EVS: 0.6929223741543313
