Model: GRU
MSE: 12.11011795313218
MAE: 2.9499583871200166
EVS: 0.6951522632613326
