Model: GRU
MSE: 5.3047021318626
MAE: 1.609805625060509
EVS: 0.7025787808000361
