Model: GRU
MSE: 6.659354237637993
MAE: 2.0386663634201576
EVS: 0.696189539671805
