Model: GRU
MSE: 273.5841278677918
MAE: 16.041541601049488
EVS: 0.05706176519139572
