Model: GRU
MSE: 5.377708812562597
MAE: 1.700945467784487
EVS: 0.6897616907170081
