Model: GRU
MSE: 3541.5392336283294
MAE: 59.369033024228855
EVS: 0.02201543016463481
