Model: GRU
MSE: 8.124832330393792
MAE: 2.1463403126289107
EVS: 0.6661911640214608
