Model: GRU
MSE: 985.3700996626102
MAE: 31.11207646337049
EVS: -0.009988890024736241
