Model: GRU
MSE: 6.469275728412497
MAE: 2.0376750765175653
EVS: 0.7010886100849398
