Model: GRU
MSE: 7.342393860269557
MAE: 2.0247540309511383
EVS: 0.6845223861297942
