Model: GRU
MSE: 4.7833364274728964
MAE: 1.5256732825575203
EVS: 0.7235219220960496
