Model: GRU
MSE: 8.58915830226137
MAE: 2.4455479835641794
EVS: 0.6817862600335769
