Model: GRU
MSE: 7.211149141689514
MAE: 2.2081532313905914
EVS: 0.7114138857001084
