Model: GRU
MSE: 8.471099916012548
MAE: 2.3818894352231705
EVS: 0.6689033990711056
