Model: GRU
MSE: 5.2011356199433685
MAE: 1.6301491096101959
EVS: 0.6983606308955741
