Model: GRU
MSE: 10.6998766953829
MAE: 2.809692678780391
EVS: 0.6848072651639782
