Model: GRU
MSE: 2863.3625374992926
MAE: 53.349094785492994
EVS: 0.0
