Model: GRU
MSE: 5.786370557179225
MAE: 1.8713299405985866
EVS: 0.689775914466469
