Model: GRU
MSE: 5.160601937275515
MAE: 1.6955950589015567
EVS: 0.7010064692074774
