Model: GRU
MSE: 19.138669215245688
MAE: 3.513071553460483
EVS: 0.016445435323845903
