Model: GRU
MSE: 5.209903050123746
MAE: 1.6644286451668575
EVS: 0.6983042526499401
