Model: GRU
MSE: 7.81440771673374
MAE: 2.338076427065093
EVS: 0.6369618129183253
