Model: GRU
MSE: 6.254427964493845
MAE: 1.987756087862212
EVS: 0.6919337630561446
