Model: GRU
MSE: 7.026104313773487
MAE: 2.197645170935269
EVS: 0.6982965618925815
