Model: GRU
MSE: 6.448084257642508
MAE: 2.0160224273287017
EVS: 0.6899247341497126
