Model: GRU
MSE: 6.266391019209041
MAE: 1.9826861702162644
EVS: 0.6775864595897292
