Model: GRU
MSE: 3342.187951004798
MAE: 57.67054972155341
EVS: 0.05459174024066482
