Model: GRU
MSE: 5.344912366239712
MAE: 1.5789661982963825
EVS: 0.6958913950607957
