Model: GRU
MSE: 6.366800129619664
MAE: 1.9824213159495387
EVS: 0.6971055386338386
