Model: GRU
MSE: 5.449156924826782
MAE: 1.7396120202952419
EVS: 0.6892932895654666
