Model: GRU
MSE: 5.464414746502876
MAE: 1.7714762399936546
EVS: 0.6853433987951986
