Model: GRU
MSE: 141.64948656272352
MAE: 11.05158057808876
EVS: -0.13201136974517147
