Model: GRU
MSE: 5.8329596598153595
MAE: 1.853802520653297
EVS: 0.6622586840693813
