Model: GRU
MSE: 160.154586176394
MAE: 11.97609884163429
EVS: 0.02952900657949198
