Model: GRU
MSE: 5.5250561925989
MAE: 1.772224972987997
EVS: 0.6920594526562054
