Model: GRU
MSE: 5.769489513884337
MAE: 1.8303853807778194
EVS: 0.6879074462666678
