Model: GRU
MSE: 8.057694949404668
MAE: 2.348198755034085
EVS: 0.7039640426413789
