Model: GRU
MSE: 253.55596023973126
MAE: 15.398312626213864
EVS: 0.04575690722951942
