Model: GRU
MSE: 6.503680897947981
MAE: 2.061090054183171
EVS: 0.7127118518460425
