Model: GRU
MSE: 5.208677256545743
MAE: 1.5592334352690598
EVS: 0.7106031124834777
