Model: GRU
MSE: 5.257977983374342
MAE: 1.5886612760609593
EVS: 0.6955220916912742
