Model: GRU
MSE: 154.44122207992757
MAE: 11.644722336325152
EVS: -0.09311804961621495
