Model: GRU
MSE: 10.551777343528341
MAE: 2.766825318336487
EVS: 0.6815292546506294
