Model: GRU
MSE: 19.244989206381387
MAE: 3.5867387672950484
EVS: -0.0014826159712197917
