Model: GRU
MSE: 6.258321618068656
MAE: 1.9454183085211392
EVS: 0.6810722159138048
