Model: GRU
MSE: 17.829822514368374
MAE: 3.3553020871918777
EVS: 0.04823087746514276
