Model: GRU
MSE: 6.786047605350175
MAE: 2.0456886538143815
EVS: 0.6749382667524315
