Model: GRU
MSE: 5.560408814740116
MAE: 1.6786099322910966
EVS: 0.6850135248799359
