Model: GRU
MSE: 8123.128496947339
MAE: 90.03272668246565
EVS: 0.0
