Model: GRU
MSE: 8.305094175165245
MAE: 2.4316115420440148
EVS: 0.6885272693185414
