Model: GRU
MSE: 9.040461021164074
MAE: 2.5371029705836854
EVS: 0.6740292206637327
