Model: GRU
MSE: 6.462204943728403
MAE: 1.8292367540556809
EVS: 0.6533225271835945
