Model: GRU
MSE: 8.690806033027288
MAE: 2.4769449645075303
EVS: 0.681423202308579
