Model: GRU
MSE: 1483.9882045126383
MAE: 38.250794673788135
EVS: -0.21049878820789103
