Model: GRU
MSE: 5.904590954329459
MAE: 1.7947805256679141
EVS: 0.6576148758354257
