Model: GRU
MSE: 4.8135392127652885
MAE: 1.6708079124319142
EVS: 0.7272483592772776
