Model: GRU
MSE: 6.356179819621424
MAE: 2.062267747418634
EVS: 0.7022057619319418
