Model: GRU
MSE: 6.585716281872764
MAE: 2.0278608100167634
EVS: 0.6903537029819148
