Model: GRU
MSE: 159.0525631850561
MAE: 11.903547895365747
EVS: -0.007048226299062987
