Model: GRU
MSE: 12.500086283146182
MAE: 3.060047988233895
EVS: 0.6899043477422473
