Model: GRU
MSE: 5.753641192553377
MAE: 1.6389185889013882
EVS: 0.6830942554640167
