Model: GRU
MSE: 7.786236251981736
MAE: 2.276205161522175
EVS: 0.6912068616062883
