Model: GRU
MSE: 5.509496899717976
MAE: 1.793602441919261
EVS: 0.6973133585078899
