Model: GRU
MSE: 6.806883562019042
MAE: 2.0803396372959533
EVS: 0.6856284440458551
