Model: GRU
MSE: 6.837431519407985
MAE: 2.108703013124137
EVS: 0.6736808370232725
