Model: GRU
MSE: 8.220626689587174
MAE: 2.3221327230848114
EVS: 0.6404731658401874
