Model: GRU
MSE: 5.54121562308524
MAE: 1.7084226526063064
EVS: 0.6947269822060833
