Model: GRU
MSE: 5.789562400260812
MAE: 1.8020723605978077
EVS: 0.66800317967932
