Model: GRU
MSE: 5.016062168025228
MAE: 1.6379925875828183
EVS: 0.7114297037577788
