Model: GRU
MSE: 5.25617627688034
MAE: 1.6926184440481251
EVS: 0.6951241158304882
