Model: GRU
MSE: 8.749166909477253
MAE: 2.459827209341115
EVS: 0.6654483319943565
