Model: GRU
MSE: 6.060465124547967
MAE: 1.83140570541908
EVS: 0.6691640558359213
