Model: GRU
MSE: 6.4559605761945935
MAE: 2.043359567379129
EVS: 0.6981394274790171
