Model: GRU
MSE: 5.0943541499579235
MAE: 1.609638131898025
EVS: 0.7212206829948097
