Model: GRU
MSE: 5.37558150643805
MAE: 1.696011551495256
EVS: 0.688752910004934
