Model: GRU
MSE: 8.751636809171881
MAE: 2.474564420765844
EVS: 0.6712126508884657
