Model: GRU
MSE: 9.896355591875444
MAE: 2.7043879854268043
EVS: 0.6912724655745879
