Model: GRU
MSE: 11.18211496416587
MAE: 2.8745090797029693
EVS: 0.531661910841858
