Model: GRU
MSE: 6.654101160868169
MAE: 1.8889059342187027
EVS: 0.6943257607705096
