Model: GRU
MSE: 2134.7114043542324
MAE: 46.00807781877189
EVS: -0.042441997217747884
