Model: GRU
MSE: 5.933821665531218
MAE: 1.7858595025950466
EVS: 0.668381887647779
