Model: GRU
MSE: 71.56048131098926
MAE: 7.516369457902579
EVS: -0.1590094399515336
