Model: GRU
MSE: 9.028186313333572
MAE: 2.560493280147684
EVS: 0.6932826953893017
