Model: GRU
MSE: 5.4093810870672
MAE: 1.7097077040836728
EVS: 0.6920284285168188
