Model: GRU
MSE: 6.40224941990836
MAE: 1.941103351527247
EVS: 0.6850848970150784
