Model: GRU
MSE: 8.224176788825392
MAE: 2.406757642482889
EVS: 0.7051527511163698
