Model: GRU
MSE: 5.482929330448993
MAE: 1.6533717903597602
EVS: 0.6996034634917199
