Model: GRU
MSE: 133.45430126916935
MAE: 10.79097238902388
EVS: 0.01319323967279662
