Model: GRU
MSE: 7.62288335568212
MAE: 2.2694918616064665
EVS: 0.661211980408543
