Model: GRU
MSE: 6.215346437060296
MAE: 1.9432246643921425
EVS: 0.6754585357075567
