Model: GRU
MSE: 1532.7512969712948
MAE: 38.946300605247764
EVS: 0.07540090223551721
