Model: GRU
MSE: 5.690030161250465
MAE: 1.8800525665283203
EVS: 0.6967348178613739
