Model: GRU
MSE: 6.010494295147019
MAE: 1.9280515950301598
EVS: 0.6869434073507107
