Model: GRU
MSE: 5.734011964629817
MAE: 1.8355351480944404
EVS: 0.69140699637651
