Model: GRU
MSE: 12.058529042096806
MAE: 2.946277511530909
EVS: 0.6461568455596559
