Model: GRU
MSE: 5.506088180231613
MAE: 1.7250440983936703
EVS: 0.6977374846609422
