Model: GRU
MSE: 5.231489598765409
MAE: 1.7179678493532642
EVS: 0.7035797803303928
