Model: GRU
MSE: 4.938653708259251
MAE: 1.5535110687387401
EVS: 0.7142938936839738
