Model: GRU
MSE: 5.612325009060341
MAE: 1.6080106250171005
EVS: 0.6854789687994525
