Model: GRU
MSE: 5.099584502708261
MAE: 1.6924485112058705
EVS: 0.7106616316888898
