Model: GRU
MSE: 7.935785138553981
MAE: 2.3567277151962807
EVS: 0.6924201958382629
