Model: GRU
MSE: 6.084091299552256
MAE: 1.8099302752264614
EVS: 0.6678730756626092
