Model: GRU
MSE: 5.355361626334513
MAE: 1.6356827555031612
EVS: 0.6893498679929065
