Model: GRU
MSE: 126.64942677877225
MAE: 10.315074195121896
EVS: -0.17474699355450563
