Model: GRU
MSE: 9.95843318254435
MAE: 2.6151199053073753
EVS: 0.6552834830358223
