Model: GRU
MSE: 5.44206932208399
MAE: 1.8030122806285989
EVS: 0.6953058614577062
