Model: GRU
MSE: 7.624296684326874
MAE: 2.2807291705032875
EVS: 0.6805019687660627
