Model: GRU
MSE: 5.916892356748357
MAE: 1.8756010450165848
EVS: 0.6954327051914113
