Model: GRU
MSE: 6.3339133673928325
MAE: 1.9909446814964558
EVS: 0.6905523958782391
