Model: GRU
MSE: 7.203305768206633
MAE: 2.1763350799165924
EVS: 0.6922528443905862
