Model: GRU
MSE: 11.035965987233272
MAE: 2.810659482561309
EVS: 0.6460561579531132
