Model: GRU
MSE: 5.34853837683029
MAE: 1.8121232164317165
EVS: 0.7193523101686234
