Model: GRU
MSE: 6.0607016040979795
MAE: 1.9162775976904507
EVS: 0.6925199462498094
