Model: GRU
MSE: 10.650729036079454
MAE: 2.7769349525714744
EVS: 0.6575576025440919
