Model: GRU
MSE: 125.98292076964191
MAE: 10.45882982221143
EVS: 0.03717802179660812
