Model: GRU
MSE: 5.257516588270778
MAE: 1.7926311821773135
EVS: 0.7166909096927934
