Model: GRU
MSE: 11.210970449230357
MAE: 2.8564921905254494
EVS: 0.6834245352987476
