Model: GRU
MSE: 5.594493410678897
MAE: 1.785960604404581
EVS: 0.7034810286325249
