Model: GRU
MSE: 13.307032848496942
MAE: 3.1435147564986656
EVS: 0.6597199995218594
