Model: GRU
MSE: 5.7966110608520225
MAE: 1.8363956500743996
EVS: 0.6928784864951127
