Model: GRU
MSE: 5.856511220980137
MAE: 1.8976974672284619
EVS: 0.6805362401045594
