Model: GRU
MSE: 6.28852348428374
MAE: 2.0036721805046342
EVS: 0.6918981114075015
