Model: GRU
MSE: 5.337347919544657
MAE: 1.6048756406225007
EVS: 0.6938264785550398
