Model: GRU
MSE: 5.281674075740172
MAE: 1.631414479222791
EVS: 0.7017410936964712
