Model: GRU
MSE: 5.788987990750079
MAE: 1.6849780370449197
EVS: 0.6898713210092174
