Model: GRU
MSE: 21.519022946290864
MAE: 4.1619343757629395
EVS: 0.6842838041885579
