Model: GRU
MSE: 6.4184743699205535
MAE: 1.972571562076437
EVS: 0.657984642494462
