Model: GRU
MSE: 218.56839551892097
MAE: 14.28259187320183
EVS: 0.15436075586525388
