Model: GRU
MSE: 12.429944385138151
MAE: 3.0151893763706603
EVS: 0.644626438835192
