Model: GRU
MSE: 5.719085708977158
MAE: 1.8388438882498905
EVS: 0.6731189733476914
