Model: GRU
MSE: 5.24001968886658
MAE: 1.6155392219280373
EVS: 0.7042133445535781
