Model: GRU
MSE: 27.333517144147034
MAE: 4.4502186939634125
EVS: 0.42214163118400216
