Model: GRU
MSE: 5.390181900482058
MAE: 1.645850924582317
EVS: 0.6923050045629238
