Model: GRU
MSE: 7.234285557708976
MAE: 2.1992692207467965
EVS: 0.6821310232685984
