Model: GRU
MSE: 5.48379663237503
MAE: 1.6233754034700065
EVS: 0.6929715682448447
