Model: GRU
MSE: 51.112406177820375
MAE: 6.356296555749301
EVS: 0.15906797146477802
