Model: GRU
MSE: 1776.0592076880525
MAE: 41.96669950156376
EVS: 0.13815249222035653
