Model: GRU
MSE: 5.80149853384197
MAE: 1.9218396236156594
EVS: 0.7002172665453867
