Model: GRU
MSE: 134.9822145106448
MAE: 10.849469733649286
EVS: -0.0020072343266084314
