Model: GRU
MSE: 7.554330623753123
MAE: 2.2670453827956627
EVS: 0.6867258462073494
