Model: GRU
MSE: 5.741134889178864
MAE: 1.845309750787143
EVS: 0.6817278453015283
