Model: GRU
MSE: 399.57485802132715
MAE: 19.51108820685025
EVS: -0.096055470468291
