Model: GRU
MSE: 942.0845201795621
MAE: 30.42337628068595
EVS: 0.042579523931864705
