Model: GRU
MSE: 6.410168552045301
MAE: 2.009919528303475
EVS: 0.6846315459462573
