Model: GRU
MSE: 696.5284350731231
MAE: 26.02804835089322
EVS: -0.1063149691042018
