Model: GRU
MSE: 8.272169438685664
MAE: 2.401519594521358
EVS: 0.6970815645238908
