Model: GRU
MSE: 13.945416142384556
MAE: 3.0602820001799484
EVS: 0.4458906751920533
