Model: GRU
MSE: 5.478462452870742
MAE: 1.6673902889777874
EVS: 0.6823371875966713
