Model: GRU
MSE: 12.057540967385993
MAE: 2.933090259288919
EVS: 0.6264999404762652
