Model: GRU
MSE: 5.69597845237671
MAE: 1.8486408118543953
EVS: 0.696906783338111
