Model: GRU
MSE: 5.856316273212598
MAE: 1.8859139845289032
EVS: 0.6971252959326499
