Model: GRU
MSE: 129.35559727320367
MAE: 10.632381235731058
EVS: 0.05387114012109573
