Model: GRU
MSE: 185.38564301201473
MAE: 12.904104804170542
EVS: -0.09474588733532396
