Model: GRU
MSE: 5.7612323981203915
MAE: 1.7697780851660103
EVS: 0.6907582797508729
