Model: GRU
MSE: 5.574064517053062
MAE: 1.6381564880239552
EVS: 0.6960087228050468
