Model: GRU
MSE: 4.797804091790977
MAE: 1.499122011250463
EVS: 0.7244442146281789
