Model: GRU
MSE: 5.1862939111673505
MAE: 1.7577700943782413
EVS: 0.705645330235084
