Model: GRU
MSE: 6.632054320807192
MAE: 1.9816649042326828
EVS: 0.6792831740665295
