Model: GRU
MSE: 5.599734800303173
MAE: 1.6836433451751183
EVS: 0.6751851858356188
