Model: GRU
MSE: 5.587007891452168
MAE: 1.70658095129605
EVS: 0.6807716899270223
