Model: GRU
MSE: 177.69799636493485
MAE: 12.714202552006162
EVS: 0.0690142861280919
