Model: GRU
MSE: 5.73644583891429
MAE: 1.8700185397575642
EVS: 0.7019533172081432
