Model: GRU
MSE: 5.472330707667608
MAE: 1.7201735480078335
EVS: 0.6886544010382225
