Model: GRU
MSE: 7.279538122782619
MAE: 1.985025825171635
EVS: 0.7127239290034648
