Model: GRU
MSE: 5.021817147417723
MAE: 1.5906773764511635
EVS: 0.7100741947151722
