Model: GRU
MSE: 5.5346010257402884
MAE: 1.7519086352710067
EVS: 0.6792389935909056
