Model: GRU
MSE: 6.966711062151118
MAE: 2.139328839450047
EVS: 0.677027105642332
