Model: GRU
MSE: 8.67534855009397
MAE: 2.4535663538965684
EVS: 0.6837340716007398
