Model: GRU
MSE: 172.12955439476633
MAE: 12.38246252618987
EVS: -0.09094316841121741
