Model: GRU
MSE: 5.749506243345305
MAE: 1.8657155160246224
EVS: 0.6852476706480004
