Model: GRU
MSE: 5.560877062747665
MAE: 1.6345004706547177
EVS: 0.6863229638309174
