Model: GRU
MSE: 178.75445408293677
MAE: 12.702025906793002
EVS: -0.010232217623266981
