Model: GRU
MSE: 6.582122946739964
MAE: 2.073843183188603
EVS: 0.6865653607406508
