Model: GRU
MSE: 5.532396694526557
MAE: 1.6638035486484397
EVS: 0.7187591089497974
