Model: GRU
MSE: 7.964788289725644
MAE: 2.3512912783129463
EVS: 0.7030049090416761
