Model: GRU
MSE: 6.674116959465107
MAE: 2.050668749315985
EVS: 0.6626623259575442
