Model: GRU
MSE: 6.154599128011275
MAE: 1.8888744074722816
EVS: 0.6700359144348522
