Model: GRU
MSE: 19.4987933586121
MAE: 3.5484130464751145
EVS: 0.08353969637853231
