Model: GRU
MSE: 8.866769072555284
MAE: 2.4638576343141754
EVS: 0.7004551954597945
