Model: GRU
MSE: 4.944126286917037
MAE: 1.546316175625242
EVS: 0.7185999676385713
