Model: GRU
MSE: 461.68683212627667
MAE: 21.0865179916908
EVS: 0.01108291076787149
