Model: GRU
MSE: 5.79178494616699
MAE: 1.8903806867270634
EVS: 0.6946165388254665
