Model: GRU
MSE: 6.837420165041298
MAE: 2.0970846784525903
EVS: 0.7023318878399167
