Model: GRU
MSE: 5.448401820059005
MAE: 1.7887700919447274
EVS: 0.7073467451873188
