Model: GRU
MSE: 5.823297109081779
MAE: 1.8117896770608837
EVS: 0.6816733154063097
