Model: GRU
MSE: 6.190027826936138
MAE: 1.9333263347888816
EVS: 0.6795108879427287
