Model: GRU
MSE: 901.4103002556163
MAE: 29.768263257783033
EVS: 0.11462919326287702
