Model: GRU
MSE: 12.461285750819242
MAE: 3.0708387802387107
EVS: 0.6683811715294006
