Model: GRU
MSE: 6.61068293181405
MAE: 2.0538551149697137
EVS: 0.6768125515895808
