Model: GRU
MSE: 5.658384590423895
MAE: 1.785614802919585
EVS: 0.6934134256133475
