Model: GRU
MSE: 8.252757135654598
MAE: 2.210160635668656
EVS: 0.694129917053077
