Model: GRU
MSE: 10.19505712150224
MAE: 2.7324802711092193
EVS: 0.6656136812485431
