Model: GRU
MSE: 5.678942156074805
MAE: 1.8687209836367904
EVS: 0.7075783734345018
