Model: GRU
MSE: 6.98137923434272
MAE: 2.1845643027075408
EVS: 0.7077208947501592
