Model: GRU
MSE: 6.480501785707345
MAE: 1.9387102209288498
EVS: 0.6273669209124211
