Model: GRU
MSE: 6.92240554743991
MAE: 2.1588121282643287
EVS: 0.701863744044333
