Model: GRU
MSE: 152.51203696750724
MAE: 11.659009604618467
EVS: 0.03812179788762071
