Model: GRU
MSE: 5.340440970834967
MAE: 1.7453251049436371
EVS: 0.6903261535903812
