Model: GRU
MSE: 5.412517678065335
MAE: 1.6391154609877487
EVS: 0.6928417445335526
