Model: GRU
MSE: 5.263951620731642
MAE: 1.6696580689528893
EVS: 0.6989597462809582
