Model: GRU
MSE: 7.520331785192161
MAE: 2.232920400027571
EVS: 0.6839495687152304
