Model: GRU
MSE: 11847.5506785899
MAE: 108.76703906881399
EVS: -0.0026262525459661568
