Model: GRU
MSE: 40.678729153679846
MAE: 5.469819331991261
EVS: 0.07583002529559746
