Model: GRU
MSE: 5.287245530724819
MAE: 1.6282150169898724
EVS: 0.6932665520343295
