Model: GRU
MSE: 8.548255110933642
MAE: 2.4487556671274118
EVS: 0.6811640892652576
