Model: GRU
MSE: 7.782919811708247
MAE: 2.297687662058863
EVS: 0.6704732138739077
