Model: GRU
MSE: 5.893895578947149
MAE: 1.7857765329295192
EVS: 0.6624046421425931
