Model: GRU
MSE: 6.079141610219583
MAE: 1.8449663910372505
EVS: 0.6547500708374885
