Model: GRU
MSE: 5.149281190033908
MAE: 1.6884797893721482
EVS: 0.7122508720896066
