Model: GRU
MSE: 8.65600998612642
MAE: 2.414038526600805
EVS: 0.6718516251511031
