Model: GRU
MSE: 5.063364600183504
MAE: 1.5959256928542565
EVS: 0.7063430050520174
