Model: GRU
MSE: 4.8869885734784
MAE: 1.5814487851899246
EVS: 0.7170347406052311
