Model: GRU
MSE: 7.081617541352361
MAE: 2.157072371449964
EVS: 0.6886369542506638
