Model: GRU
MSE: 5.279244167255711
MAE: 1.7067918859679123
EVS: 0.6952162036040115
