Model: GRU
MSE: 6.411650074290703
MAE: 2.0020856857299805
EVS: 0.6899063335284695
