Model: GRU
MSE: 5.185796935725362
MAE: 1.5505504032661175
EVS: 0.7029072218004109
