Model: GRU
MSE: 26.70514600891338
MAE: 4.41034695197796
EVS: 0.01996930770485894
