Model: GRU
MSE: 6.4059126159003
MAE: 1.9769170037631332
EVS: 0.6542200245802814
