Model: GRU
MSE: 183.1211931245062
MAE: 12.859074222630468
EVS: -0.03067771404707198
