Model: GRU
MSE: 8.60282033463365
MAE: 2.459055686819142
EVS: 0.6885342845576339
