Model: GRU
MSE: 21.933858177641767
MAE: 3.949888591108651
EVS: 0.0602715101306881
