Model: GRU
MSE: 6.324389179895013
MAE: 1.9762395168172902
EVS: 0.6897642959221353
