Model: GRU
MSE: 6.36846241674845
MAE: 1.7453417983548394
EVS: 0.666146915623574
