Model: GRU
MSE: 8.249681598766971
MAE: 2.324167046053656
EVS: 0.682569325160076
