Model: GRU
MSE: 7.475616846534058
MAE: 2.1922081010095003
EVS: 0.6568616074010869
