Model: GRU
MSE: 124.80107224389269
MAE: 10.286364621129529
EVS: -0.10182690950481055
