Model: GRU
MSE: 126.40877868526489
MAE: 10.488029290889871
EVS: 0.047956191060462006
