Model: GRU
MSE: 4.973235249907596
MAE: 1.6614016952185795
EVS: 0.7135719340245292
