Model: GRU
MSE: 7.192554904951966
MAE: 2.1281412654909593
EVS: 0.6633854166521375
