Model: GRU
MSE: 21.861069273070793
MAE: 3.9931814917202653
EVS: 0.06836912335410028
