Model: GRU
MSE: 5.1964842224097
MAE: 1.6568160385921085
EVS: 0.7050538864431355
