Model: GRU
MSE: 5.170462726261053
MAE: 1.6270078050679173
EVS: 0.7000615366633702
