Model: GRU
MSE: 140.7320273115918
MAE: 11.095414733064585
EVS: -0.0224624129440123
