Model: GRU
MSE: 6.243058439244681
MAE: 1.8261284273246239
EVS: 0.7158934984537388
