Model: GRU
MSE: 6.2336512887647215
MAE: 1.9733265926098
EVS: 0.6849125985826359
