Model: GRU
MSE: 4999.922886166847
MAE: 69.44285514436919
EVS: -9.304382411021605
