Model: GRU
MSE: 5.410789957220121
MAE: 1.677521639856799
EVS: 0.687596364983674
