Model: GRU
MSE: 5.8316621300605584
MAE: 1.9176282985457058
EVS: 0.6864712628101015
