Model: GRU
MSE: 268.2726408767949
MAE: 15.804631792265793
EVS: -0.07249863938000356
