Model: GRU
MSE: 8.835563718324131
MAE: 2.4730977601018447
EVS: 0.69033450765372
