Model: GRU
MSE: 6.163183582980415
MAE: 1.9374805236684864
EVS: 0.6879882162192725
