Model: GRU
MSE: 5.399159902784641
MAE: 1.7672628452037942
EVS: 0.703595690721269
