Model: GRU
MSE: 5.431294307899541
MAE: 1.6211567130582085
EVS: 0.70285709795233
