Model: GRU
MSE: 5.261311829296958
MAE: 1.6555135496731461
EVS: 0.6955347403326436
