Model: GRU
MSE: 5.290536854689502
MAE: 1.7225200431100254
EVS: 0.7008562638388165
