Model: GRU
MSE: 5.572264011151969
MAE: 1.6371799378559506
EVS: 0.7139512616488388
