Model: GRU
MSE: 7.127898658461979
MAE: 2.2093269372808524
EVS: 0.6948689005612292
