Model: GRU
MSE: 6.503155187365638
MAE: 2.101183796751088
EVS: 0.6971824906167752
