Model: GRU
MSE: 5.680144612622512
MAE: 1.8155536487184722
EVS: 0.6963078458631221
