Model: GRU
MSE: 29.94915375587996
MAE: 4.7202788056998415
EVS: 0.02312183029135062
