Model: GRU
MSE: 10.792493333083872
MAE: 2.814739153302949
EVS: 0.6962601147236354
