Model: GRU
MSE: 6.430641956275706
MAE: 1.8846511100900585
EVS: 0.6598500804000051
