Model: GRU
MSE: 7.403930986398167
MAE: 2.213654933304622
EVS: 0.6630809223298497
