Model: GRU
MSE: 158.12336432739048
MAE: 11.875491290256894
EVS: 0.008154272725039213
