Model: GRU
MSE: 6.24134018895713
MAE: 1.9349913843746842
EVS: 0.6807001061987108
