Model: GRU
MSE: 11.272767703697433
MAE: 2.936388574797532
EVS: 0.6743990013181017
