Model: GRU
MSE: 6.089370822314389
MAE: 1.9949487077778782
EVS: 0.6982875802827269
