Model: GRU
MSE: 6.21277573660336
MAE: 2.023682322995416
EVS: 0.7046750847264512
