Model: GRU
MSE: 150.64149689742715
MAE: 11.51267014700791
EVS: -0.050085211729059775
