Model: GRU
MSE: 6.668637417587745
MAE: 2.053610925016732
EVS: 0.6977730543936294
