Model: GRU
MSE: 7.590859938886066
MAE: 2.284786479226474
EVS: 0.7099083851649977
