Model: GRU
MSE: 5.2590950772068625
MAE: 1.6385853043917953
EVS: 0.704483443708716
