Model: GRU
MSE: 37.1115826211713
MAE: 5.209403186008848
EVS: -0.0006733448341562642
