Model: GRU
MSE: 7.171046442418022
MAE: 2.1946160834411095
EVS: 0.6768459824536492
