Model: GRU
MSE: 9.988725014218307
MAE: 2.6909376835000924
EVS: 0.6602181970300041
