Model: GRU
MSE: 6.899316165676337
MAE: 1.9289223466600691
EVS: 0.6490378623342051
