Model: GRU
MSE: 11.817063518314054
MAE: 2.955407109753839
EVS: 0.685195877124923
