Model: GRU
MSE: 8.599804290961794
MAE: 2.457253604099668
EVS: 0.6827019962001506
