Model: GRU
MSE: 6.645615900006541
MAE: 2.05219344435067
EVS: 0.6866314541126027
