Model: GRU
MSE: 6.8778853196356025
MAE: 2.129346925636818
EVS: 0.687030767357488
