Model: GRU
MSE: 5.327996254769958
MAE: 1.777243869058017
EVS: 0.7101425567345705
