Model: GRU
MSE: 5.812874654740748
MAE: 1.8942834591043407
EVS: 0.6934373722148126
