Model: GRU
MSE: 5.404515961527299
MAE: 1.5970927600202889
EVS: 0.7042224977584575
