Model: GRU
MSE: 4.892197818726758
MAE: 1.5698859403873313
EVS: 0.7161826083367226
