Model: GRU
MSE: 7.28379021448393
MAE: 2.198358548098597
EVS: 0.7044867585876001
