Model: GRU
MSE: 5.449834277657405
MAE: 1.7145083361658557
EVS: 0.6898448340799066
