Model: GRU
MSE: 6.238941106976364
MAE: 2.0209973146175515
EVS: 0.6946220870950827
