Model: GRU
MSE: 283.5150519358191
MAE: 16.352834668652765
EVS: 0.06595101765462763
