Model: GRU
MSE: 5.712606756980544
MAE: 1.6605416310244594
EVS: 0.6862210233751938
