Model: GRU
MSE: 5.7012103265278045
MAE: 1.858470135721667
EVS: 0.7008984564596659
