Model: GRU
MSE: 6.822731294234384
MAE: 2.0834426592136253
EVS: 0.6861454699419434
