Model: GRU
MSE: 4.999793911615979
MAE: 1.6299811992151985
EVS: 0.7103627134114561
