Model: GRU
MSE: 5.464720892873259
MAE: 1.720646438927486
EVS: 0.6830051429712163
