Model: GRU
MSE: 5.633469564818977
MAE: 1.7872297476077903
EVS: 0.6866640663283097
