Model: GRU
MSE: 10.090171427735573
MAE: 2.7519885835976434
EVS: 0.7088554251984166
