Model: GRU
MSE: 8.47673267038721
MAE: 2.4408953272063156
EVS: 0.6553159236886195
