Model: GRU
MSE: 6.252739819962707
MAE: 1.902533218778413
EVS: 0.6522067507212337
