Model: GRU
MSE: 6.386394695040935
MAE: 1.928215215946066
EVS: 0.6681809124721358
