Model: GRU
MSE: 5.941258991787655
MAE: 1.807625441715635
EVS: 0.6592762567954227
