Model: GRU
MSE: 1302.1581387216047
MAE: 35.71022342813426
EVS: -0.5628398514263495
