Model: GRU
MSE: 5.491634055992138
MAE: 1.7599554123549626
EVS: 0.6954467236007509
