Model: GRU
MSE: 8.149599045123033
MAE: 2.3693215189308954
EVS: 0.5281475208204663
