Model: GRU
MSE: 8.527779090432997
MAE: 2.406563610866152
EVS: 0.679248454501167
