Model: GRU
MSE: 8.290185733881055
MAE: 2.428514632685431
EVS: 0.6895742658339883
