Model: GRU
MSE: 5.826162707828522
MAE: 1.853447938787526
EVS: 0.6855973564129713
