Model: GRU
MSE: 5.619278547222111
MAE: 1.664477142794379
EVS: 0.6915606822260556
