Model: GRU
MSE: 8.976681294891854
MAE: 2.4565475398096543
EVS: 0.652949993247699
