Model: GRU
MSE: 5.99582087883515
MAE: 1.802131225322855
EVS: 0.6708570647712288
