Model: GRU
MSE: 5.371031920102101
MAE: 1.6552627703239178
EVS: 0.6885805814488115
