Model: GRU
MSE: 6.279180496675943
MAE: 1.9742428927585995
EVS: 0.6890781794714023
