Model: GRU
MSE: 7.08407856870527
MAE: 2.1604683275880485
EVS: 0.6965182780506713
