Model: GRU
MSE: 5.690452641149957
MAE: 1.7733932158042645
EVS: 0.6802683215692401
