Model: GRU
MSE: 13.849668069268228
MAE: 3.21835549946489
EVS: 0.680449522261906
