Model: GRU
MSE: 6.771550122789969
MAE: 2.065065992289576
EVS: 0.693560573688105
