Model: GRU
MSE: 11.165444696772436
MAE: 2.8092790061029893
EVS: 0.6686868700042441
