Model: GRU
MSE: 154.61948816410978
MAE: 11.730629526335617
EVS: 0.013042229148930495
