Model: GRU
MSE: 8.67124208294885
MAE: 2.387768408230373
EVS: 0.6682685125101422
