Model: GRU
MSE: 6.5743220682723065
MAE: 2.131840434567682
EVS: 0.7202932814081859
