Model: GRU
MSE: 6.353884655664768
MAE: 2.017145740574804
EVS: 0.7001263924061001
