Model: GRU
MSE: 5.072199394788839
MAE: 1.5796346068382263
EVS: 0.7091404791987602
