Model: GRU
MSE: 5.193451272688016
MAE: 1.6122965452999904
EVS: 0.7021934912235851
