Model: GRU
MSE: 10.073983333654626
MAE: 2.749104984875383
EVS: 0.6901020017501045
