Model: GRU
MSE: 12.453864563044853
MAE: 2.999328670830562
EVS: 0.6692797050414301
