Model: GRU
MSE: 5.696665164933983
MAE: 1.6515390461888806
EVS: 0.6845999803855545
