Model: GRU
MSE: 4.968912491110495
MAE: 1.5900048099715134
EVS: 0.7151902887837269
