Model: GRU
MSE: 5.510854522620579
MAE: 1.7109123961678867
EVS: 0.6803504403782313
