Model: GRU
MSE: 8.710585466273525
MAE: 2.491899979525599
EVS: 0.7085401168275669
