Model: GRU
MSE: 5.57636384252723
MAE: 1.622472647962899
EVS: 0.690572234416277
