Model: GRU
MSE: 5.0246534458284
MAE: 1.576462827879807
EVS: 0.7085552118706331
