Model: GRU
MSE: 5.209588695416707
MAE: 1.6394153833389282
EVS: 0.6982028757545626
