Model: GRU
MSE: 7.3369841992440845
MAE: 2.2020867117520035
EVS: 0.6841127185510444
