Model: GRU
MSE: 6.894508011267553
MAE: 1.9397516127290397
EVS: 0.7225220649987167
