Model: GRU
MSE: 5.115172801687103
MAE: 1.653761025132804
EVS: 0.7036423057894652
