Model: GRU
MSE: 148.47017488825924
MAE: 11.51377874407275
EVS: 0.07736719319874819
