Model: GRU
MSE: 6.18718596960799
MAE: 1.9667160963190014
EVS: 0.6896444842735978
