Model: GRU
MSE: 30.856257460587898
MAE: 4.791179788523707
EVS: 0.0
