Model: GRU
MSE: 21.687957401507273
MAE: 3.892429993070405
EVS: 0.024586988554488376
