Model: GRU
MSE: 944.1995969426721
MAE: 30.454815469939135
EVS: 0.030911590457894822
