Model: GRU
MSE: 5.4831773429294834
MAE: 1.7637308877089928
EVS: 0.6913496527735326
