Model: GRU
MSE: 6.3041773261848855
MAE: 1.9551224379703915
EVS: 0.664270634218582
