Model: GRU
MSE: 5.746022750056713
MAE: 1.744106095412682
EVS: 0.6764375882642301
