Model: GRU
MSE: 398.3842424491167
MAE: 19.608729905095593
EVS: 0.19462449787635372
