Model: GRU
MSE: 2096.5600110908754
MAE: 45.19160931685875
EVS: -2.149019284685363
