Model: GRU
MSE: 5.97313304807424
MAE: 1.7278038417470867
EVS: 0.6838459565079047
