Model: GRU
MSE: 186.2240851791049
MAE: 13.002837329075254
EVS: 0.005007738158748776
