Model: GRU
MSE: 5.435528649911154
MAE: 1.7877631516292178
EVS: 0.7013006001420551
