Model: GRU
MSE: 5.775946117440994
MAE: 1.736226517578651
EVS: 0.6927427703801269
