Model: GRU
MSE: 6.032962209477409
MAE: 1.9315200756336082
EVS: 0.6886423669306387
