Model: GRU
MSE: 6.278719316808418
MAE: 1.7693077757440765
EVS: 0.67834690675876
