Model: GRU
MSE: 5.630904690193262
MAE: 1.7441974796097854
EVS: 0.673523720660671
