Model: GRU
MSE: 147.38627141486276
MAE: 11.441535012475375
EVS: 0.04403850404042531
