Model: GRU
MSE: 9.900580083019545
MAE: 2.629095274826576
EVS: 0.6530456832014806
