Model: GRU
MSE: 6.310776194569418
MAE: 1.950081496403135
EVS: 0.6972386945324167
