Model: GRU
MSE: 9.22812542458062
MAE: 2.560148313127715
EVS: 0.662451385005884
