Model: GRU
MSE: 7.533105297002112
MAE: 2.2343394920743744
EVS: 0.6777917736510678
