Model: GRU
MSE: 15.454409841609383
MAE: 3.339489616196731
EVS: 0.5831544324099789
