Model: GRU
MSE: 5.605567493556391
MAE: 1.6515214751506675
EVS: 0.7245838071361219
