Model: GRU
MSE: 17.058921819150047
MAE: 3.5679369466058137
EVS: 0.6549467942864575
