Model: GRU
MSE: 5.403487835670466
MAE: 1.7280171780750668
EVS: 0.6941167610016914
