Model: GRU
MSE: 6.975169035550509
MAE: 2.127303329007379
EVS: 0.6643796002616957
