Model: GRU
MSE: 175.42215123353796
MAE: 12.541034534059722
EVS: -0.0526774286188576
