Model: GRU
MSE: 8.01233180913691
MAE: 2.331419689901944
EVS: 0.7030592394532477
