Model: GRU
MSE: 9.84258462309225
MAE: 2.706414724218434
EVS: 0.6684131544596932
