Model: GRU
MSE: 5.292278569346642
MAE: 1.6616395711898804
EVS: 0.6939910879225235
