Model: GRU
MSE: 5.222984503550768
MAE: 1.6915744954142078
EVS: 0.7033955359107419
