Model: GRU
MSE: 5.182955631959591
MAE: 1.6459511312945136
EVS: 0.6994033609412531
