Model: GRU
MSE: 7.416056388811629
MAE: 2.245345789810707
EVS: 0.6977981139486635
