Model: GRU
MSE: 136.71137673939853
MAE: 10.87800452832518
EVS: -0.06635703228303602
