Model: GRU
MSE: 7973.371424843097
MAE: 89.19491511377795
EVS: -0.023317770521843695
