Model: GRU
MSE: 6.357661666968633
MAE: 1.9875783303688312
EVS: 0.660438581470334
