Model: GRU
MSE: 5.5631382992232465
MAE: 1.635475921219793
EVS: 0.7034261217145972
