Model: GRU
MSE: 5.091523202862415
MAE: 1.6349604972477616
EVS: 0.7046490588408206
