Model: GRU
MSE: 5.704123805832559
MAE: 1.862701785975489
EVS: 0.716339472118882
