Model: GRU
MSE: 12.24535830555401
MAE: 3.0299575904320024
EVS: 0.7079313759796666
