Model: GRU
MSE: 5.675470320229281
MAE: 1.7489555950822502
EVS: 0.6718973615301217
