Model: GRU
MSE: 7.231906540936213
MAE: 2.1815311415442107
EVS: 0.6900335380812749
