Model: GRU
MSE: 6.237546538747321
MAE: 2.014875757283178
EVS: 0.7279696210763418
