Model: GRU
MSE: 162.3898610637777
MAE: 11.990586428806699
EVS: -0.08000842647049722
