Model: GRU
MSE: 7.943985712176041
MAE: 2.3159398868166168
EVS: 0.6825603639552891
