Model: GRU
MSE: 569.4620885140052
MAE: 23.447732908972377
EVS: -0.14093751810724386
