Model: GRU
MSE: 8.467302104760424
MAE: 2.420664573537892
EVS: 0.6849535758266105
