Model: GRU
MSE: 5.874368729074396
MAE: 1.8817042728950237
EVS: 0.6848815488574052
