Model: GRU
MSE: 5.1261243013283675
MAE: 1.6007973942263374
EVS: 0.7085690001859837
