Model: GRU
MSE: 6.093917049561743
MAE: 1.7421430883736446
EVS: 0.6657183505151344
