Model: GRU
MSE: 5.856805662456512
MAE: 1.7930311087904305
EVS: 0.6826821119738691
