Model: GRU
MSE: 6.1275798692223225
MAE: 1.7985695600509644
EVS: 0.7264302906376537
