Model: GRU
MSE: 6.18223528136804
MAE: 1.9512997166863804
EVS: 0.6998310951111966
