Model: GRU
MSE: 6.621769241206866
MAE: 2.017696816345741
EVS: 0.6713626165406371
