Model: GRU
MSE: 45.593833087437346
MAE: 5.829269244753081
EVS: -0.004786239878665999
