Model: GRU
MSE: 8.165044317881577
MAE: 2.3726487118622352
EVS: 0.6823012783649205
