Model: GRU
MSE: 143.68536017487224
MAE: 11.1663935451672
EVS: -0.10213092753853292
