Model: GRU
MSE: 6.23711018433228
MAE: 2.040894105516631
EVS: 0.6993848820604149
