Model: GRU
MSE: 6.315602481880543
MAE: 1.7876797585651791
EVS: 0.7044726225194321
