Model: GRU
MSE: 5.444976067741389
MAE: 1.6526537928087959
EVS: 0.6934967443848109
