Model: GRU
MSE: 7.3053428148696495
MAE: 2.1817183001288054
EVS: 0.6750191310748115
