Model: GRU
MSE: 5.275375901281599
MAE: 1.7757159594831795
EVS: 0.7135098431789613
