Model: GRU
MSE: 6.111455017705248
MAE: 1.9563579312686263
EVS: 0.6802447898274205
