Model: GRU
MSE: 5.8822980275655725
MAE: 1.7771470670042366
EVS: 0.6605571644097012
