Model: GRU
MSE: 6.273229008076453
MAE: 1.956356089690636
EVS: 0.6645191077263966
