Model: GRU
MSE: 5.666780268832581
MAE: 1.790780875189551
EVS: 0.703100350526803
