Model: GRU
MSE: 7.403024164544052
MAE: 2.132704800572889
EVS: 0.6902008228980758
