Model: GRU
MSE: 10.405647023374263
MAE: 2.708547674376389
EVS: 0.6475138890523555
