Model: GRU
MSE: 5.171365008807166
MAE: 1.6609510060014396
EVS: 0.7043650179717086
