Model: GRU
MSE: 5.890469793712196
MAE: 1.9009869509729846
EVS: 0.6932265693193937
