Model: GRU
MSE: 5.8230611227021205
MAE: 1.8612445839520158
EVS: 0.6895048680426672
