Model: GRU
MSE: 6.010017622085905
MAE: 1.9478731073182205
EVS: 0.7013375645497456
