Model: GRU
MSE: 5.393085803670848
MAE: 1.6337388383931126
EVS: 0.6914450684205333
