Model: GRU
MSE: 9.566007279036324
MAE: 2.5042400195680816
EVS: 0.6576040799390537
