Model: GRU
MSE: 5.499913175795768
MAE: 1.7099400142143513
EVS: 0.6829597491472936
