Model: GRU
MSE: 10.190606645617072
MAE: 2.663032079565114
EVS: 0.6686045984701352
