Model: GRU
MSE: 1073.146677739397
MAE: 32.493234469972805
EVS: -0.0057881610916039605
