Model: GRU
MSE: 5.566768257575508
MAE: 1.649364897917057
EVS: 0.6924401826346356
