Model: GRU
MSE: 7.843399648211434
MAE: 2.3123727749133933
EVS: 0.6963863893334986
