Model: GRU
MSE: 18.681870997405802
MAE: 3.4960882252660292
EVS: 0.037110070650576255
