Model: GRU
MSE: 5.565354885216415
MAE: 1.6658435032285492
EVS: 0.6888097285347217
