Model: GRU
MSE: 6.71627638101853
MAE: 2.1230760894972702
EVS: 0.7073542405177187
