Model: GRU
MSE: 5.329558194542846
MAE: 1.646352587075069
EVS: 0.6918045976677754
