Model: GRU
MSE: 7.846729044195333
MAE: 2.3136203289031982
EVS: 0.6950100522022842
