Model: GRU
MSE: 8.307555658375225
MAE: 2.187524779089566
EVS: 0.6709719152873774
