Model: GRU
MSE: 11.807327649544689
MAE: 2.9388657849410484
EVS: 0.7014202976791879
