Model: GRU
MSE: 8.571294985619458
MAE: 2.4408940940067687
EVS: 0.6702646174264523
