Model: GRU
MSE: 5.244547493060974
MAE: 1.7105672729426418
EVS: 0.7011641755661224
