Model: GRU
MSE: 12.861768501946397
MAE: 3.08543192929235
EVS: 0.6372556513509959
