Model: GRU
MSE: 7.156546416342207
MAE: 2.1641005524273575
EVS: 0.6974167023638138
