Model: GRU
MSE: 7.018851016861007
MAE: 2.1888410510687994
EVS: 0.7080762894465618
