Model: GRU
MSE: 2782.982897591783
MAE: 52.59036294345198
EVS: 0.0
