Model: GRU
MSE: 5.148668206814464
MAE: 1.5937183972062736
EVS: 0.7150081705569016
