Model: GRU
MSE: 6.8928576377344735
MAE: 1.8718715769904
EVS: 0.6536076690990773
