Model: GRU
MSE: 5.333688724304913
MAE: 1.655676475886641
EVS: 0.6936927721991433
