Model: GRU
MSE: 9.10726290318407
MAE: 2.549762429862187
EVS: 0.6790256789980016
