Model: GRU
MSE: 5.448912738384706
MAE: 1.648092255510133
EVS: 0.6902691171864039
