Model: GRU
MSE: 5.455313046161784
MAE: 1.8779498009846127
EVS: 0.7276198133467446
