Model: GRU
MSE: 5.38925779776723
MAE: 1.6772114244000664
EVS: 0.6887537595318698
