Model: GRU
MSE: 21.119615761667553
MAE: 3.845637354357489
EVS: 0.0
