Model: GRU
MSE: 7.490792316420535
MAE: 2.2669229754086198
EVS: 0.6854821376936644
