Model: GRU
MSE: 7.109093957398841
MAE: 2.0949213011511443
EVS: 0.6470325874383105
