Model: GRU
MSE: 6.033692530895509
MAE: 1.8915800472785687
EVS: 0.6761141452868598
