Model: GRU
MSE: 5.759483940588897
MAE: 1.7366042630425815
EVS: 0.6728596931601956
