Model: GRU
MSE: 9.243472084772884
MAE: 2.5447852282688537
EVS: 0.641930965098885
