Model: GRU
MSE: 27.606327923356684
MAE: 4.434725218805774
EVS: 0.1572847547448375
