Model: GRU
MSE: 6.296138477139764
MAE: 1.7830187452250514
EVS: 0.6986028148185557
