Model: GRU
MSE: 5.221870990737547
MAE: 1.7128271789386356
EVS: 0.7060662406708009
