Model: GRU
MSE: 16.749492753980736
MAE: 3.5394443396864266
EVS: 0.631349686445936
