Model: GRU
MSE: 7.579131682554122
MAE: 2.23799950912081
EVS: 0.6658458390871695
