Model: GRU
MSE: 211.7983141109318
MAE: 13.875027985408389
EVS: -0.11865952160391835
