Model: GRU
MSE: 5.973041811399573
MAE: 1.924888199773328
EVS: 0.7134680002274215
