Model: GRU
MSE: 170.6660058666289
MAE: 12.327216809136527
EVS: 0.0346089813454582
