Model: GRU
MSE: 3517.012389780971
MAE: 59.12970733642578
EVS: -0.2003569381455863
