Model: GRU
MSE: 19.142619784028376
MAE: 3.5477836543116075
EVS: 0.018136704053291042
