Model: GRU
MSE: 6.826668033086827
MAE: 2.063033782202622
EVS: 0.6923717146656065
