Model: GRU
MSE: 7.254308264371291
MAE: 2.1672836501022865
EVS: 0.6710801796499057
