Model: GRU
MSE: 5.620943046396201
MAE: 1.6678457260131836
EVS: 0.6915681044473103
