Model: GRU
MSE: 5.334108556126353
MAE: 1.7415714510555924
EVS: 0.7036713548774693
