Model: GRU
MSE: 5.68908478601058
MAE: 1.8331577449009335
EVS: 0.6843473059697804
