Model: GRU
MSE: 25.340895639387405
MAE: 4.325702009529903
EVS: 0.0
