Model: GRU
MSE: 5.584568647393633
MAE: 1.6316454328339676
EVS: 0.684427822056799
