Model: GRU
MSE: 162.4435786093118
MAE: 12.093017241050457
EVS: 0.05999495647970132
