Model: GRU
MSE: 7.365913890426014
MAE: 2.232157197491876
EVS: 0.6813477281179405
