Model: GRU
MSE: 5.754706898955479
MAE: 1.8326914844841793
EVS: 0.6820634763881415
