Model: GRU
MSE: 5.248733773483116
MAE: 1.6578751309164639
EVS: 0.6966808068107491
