Model: GRU
MSE: 9.797416566980674
MAE: 2.680237519329992
EVS: 0.6823918307089791
