Model: GRU
MSE: 9.578915970300427
MAE: 2.6691319695834457
EVS: 0.6854812868697702
