Model: GRU
MSE: 6.440038013044018
MAE: 1.96258964209721
EVS: 0.6545316835760016
