Model: GRU
MSE: 5.760736538193415
MAE: 1.8706029591889217
EVS: 0.6976715366189175
