Model: GRU
MSE: 5.715333881854453
MAE: 1.8353759451159115
EVS: 0.6786992851434903
