Model: GRU
MSE: 5.190861517105431
MAE: 1.6381737076002976
EVS: 0.7028633553669628
