Model: GRU
MSE: 5.203833138662017
MAE: 1.5885987446225922
EVS: 0.7019611769816574
