Model: GRU
MSE: 190.8678615074361
MAE: 13.207711486980832
EVS: 0.04713245050792991
