Model: GRU
MSE: 5.357604199858364
MAE: 1.7907974452807986
EVS: 0.7060253821989857
