Model: GRU
MSE: 6.056260605693347
MAE: 1.873684809125703
EVS: 0.6704707750189509
