Model: GRU
MSE: 20.930561896687042
MAE: 3.8055438666508117
EVS: 0.16482133426168055
