Model: GRU
MSE: 5.6148668107990405
MAE: 1.873078469572396
EVS: 0.7027288424838584
