Model: GRU
MSE: 5.5855325734677415
MAE: 1.6381194961482082
EVS: 0.7075933647468182
