Model: GRU
MSE: 5.538048938711724
MAE: 1.7610814653593918
EVS: 0.7013386652491288
