Model: GRU
MSE: 5.682129845287634
MAE: 1.8202812383914817
EVS: 0.6873251185330116
