Model: GRU
MSE: 1272.6046468194952
MAE: 35.41756728599812
EVS: -0.05592460250041409
