Model: GRU
MSE: 162.86011048696216
MAE: 12.107042012543515
EVS: 0.05552009059692309
