Model: GRU
MSE: 1901.467340740655
MAE: 43.38729667663574
EVS: -0.10287425556033458
