Model: GRU
MSE: 4.940272808240681
MAE: 1.594533856572776
EVS: 0.7139447353960808
