Model: GRU
MSE: 5.018561682721581
MAE: 1.5963882536723697
EVS: 0.7190455591818694
