Model: GRU
MSE: 7.060461623759192
MAE: 1.9658529326833527
EVS: 0.6876655375602416
