Model: GRU
MSE: 114.7816681589075
MAE: 9.810013728922812
EVS: -0.07592413689915545
