Model: GRU
MSE: 6.728195191868051
MAE: 2.0667366940399696
EVS: 0.7006620371652129
