Model: GRU
MSE: 8.831963733935979
MAE: 2.490774919246805
EVS: 0.7005361819289718
