Model: GRU
MSE: 6.585810704814243
MAE: 1.8965517405805916
EVS: 0.6189322717327502
