Model: GRU
MSE: 6.485205287474962
MAE: 1.9207978214536394
EVS: 0.6662992510108794
