Model: GRU
MSE: 8.467873563805025
MAE: 2.44391523558518
EVS: 0.6942949299109129
