Model: GRU
MSE: 5.04763216667162
MAE: 1.641428725472812
EVS: 0.7081628719455983
