Model: GRU
MSE: 5.3345884348744
MAE: 1.6567118578943714
EVS: 0.6905695149994464
