Model: GRU
MSE: 9.274580758781052
MAE: 2.534557548062555
EVS: 0.6852684819392301
