Model: GRU
MSE: 5.297392515021412
MAE: 1.62264058507722
EVS: 0.6998572798825242
