Model: GRU
MSE: 6.622127269275264
MAE: 1.998476554607523
EVS: 0.6523628779829287
