Model: GRU
MSE: 130.54110440811675
MAE: 10.618014154763058
EVS: -0.032619890066679424
