Model: GRU
MSE: 8.754737147783015
MAE: 2.4896064380119585
EVS: 0.6988217787570368
