Model: GRU
MSE: 8.693316678819928
MAE: 2.4681708155007196
EVS: 0.6748611834652894
