Model: GRU
MSE: 12.140968754817276
MAE: 3.0138047481405326
EVS: 0.679380533892298
