Model: GRU
MSE: 6.307692988266308
MAE: 1.875337859562465
EVS: 0.6770514911238565
