Model: GRU
MSE: 6.078414208529586
MAE: 1.9781645741955987
EVS: 0.691187564728428
