Model: GRU
MSE: 158.36134856453697
MAE: 11.818046598598874
EVS: -0.08461634766689019
