Model: GRU
MSE: 5.4936119726268124
MAE: 1.685997749197072
EVS: 0.6861250417116606
