Model: GRU
MSE: 5.947844573783733
MAE: 1.9438249962083225
EVS: 0.6907902378945244
