Model: GRU
MSE: 8.022036134181208
MAE: 2.3658898698872535
EVS: 0.6798724062099639
