Model: GRU
MSE: 143.75980729852813
MAE: 11.297178428748559
EVS: 0.06399491454286999
