Model: GRU
MSE: 7.466984668690543
MAE: 2.2659928963102143
EVS: 0.699589486442198
