Model: GRU
MSE: 747.6911167459685
MAE: 27.10551791355528
EVS: 0.24683533817176306
