Model: GRU
MSE: 5.1248453916833165
MAE: 1.772972164482906
EVS: 0.7154245323575801
