Model: GRU
MSE: 7.50960570992479
MAE: 2.207257739428816
EVS: 0.6797215373118242
