Model: GRU
MSE: 5.906555127973488
MAE: 1.661047900545186
EVS: 0.7210804391476393
