Model: GRU
MSE: 5.756341075742288
MAE: 1.8829553456142032
EVS: 0.6991543314237423
