Model: GRU
MSE: 5.388533761875351
MAE: 1.7118811525147537
EVS: 0.6904882592646951
