Model: GRU
MSE: 5.711347073483275
MAE: 1.8000592075545212
EVS: 0.6855522679070929
