Model: GRU
MSE: 5.727356789874844
MAE: 1.7128569504310345
EVS: 0.7021047956565717
