Model: GRU
MSE: 5.483910640972096
MAE: 1.6551498667947178
EVS: 0.6952552255856874
