Model: GRU
MSE: 23.234987857579796
MAE: 3.9633004583161453
EVS: 0.12711789103683546
