Model: GRU
MSE: 9.254954597387535
MAE: 2.475767974195809
EVS: 0.6668493703549032
