Model: GRU
MSE: 11.411177842757505
MAE: 2.925406941052141
EVS: 0.6908206642536334
