Model: GRU
MSE: 5.680462711640295
MAE: 1.7756488980918095
EVS: 0.7097962132276439
