Model: GRU
MSE: 18.56779887546256
MAE: 3.381044963310505
EVS: -0.01189949354127351
