Model: GRU
MSE: 143.3532521006848
MAE: 11.123636960983276
EVS: -0.13815523979328326
