Model: GRU
MSE: 7.263843528254256
MAE: 2.208667853782917
EVS: 0.6868123942901272
