Model: GRU
MSE: 2154.8225648963294
MAE: 45.2985859903796
EVS: -4.967565210659563
