Model: GRU
MSE: 124.43793358760706
MAE: 10.372478682419349
EVS: 0.02245239661455145
