Model: GRU
MSE: 20.183609502628002
MAE: 3.7312946977286505
EVS: 0.06488118921336983
