Model: GRU
MSE: 5.580641440043939
MAE: 1.6914521332444816
EVS: 0.6811353821807915
