Model: GRU
MSE: 6.375861430075448
MAE: 1.990949355322739
EVS: 0.6885365079485283
