Model: GRU
MSE: 15.76630279316101
MAE: 3.252020079514076
EVS: 0.12935213912418064
