Model: GRU
MSE: 7.149321225982174
MAE: 1.9711300442958701
EVS: 0.7006464841373791
