Model: GRU
MSE: 6.076968892707963
MAE: 1.9484562873840332
EVS: 0.6904318360181474
