Model: GRU
MSE: 5.655495379136932
MAE: 1.753293830772926
EVS: 0.6746089118509355
