Model: GRU
MSE: 177.2130250085657
MAE: 12.587153393646766
EVS: -0.08934298670572671
