Model: GRU
MSE: 6.133289241659558
MAE: 1.9291249965799266
EVS: 0.665597814299401
