Model: GRU
MSE: 6.627313683723907
MAE: 2.035287540534447
EVS: 0.6707536434965373
