Model: GRU
MSE: 5.770455581058011
MAE: 1.701913214963058
EVS: 0.6705142625516728
