Model: GRU
MSE: 5.443629727485088
MAE: 1.7001337224039539
EVS: 0.6855970811005305
