Model: GRU
MSE: 2180.43775400876
MAE: 46.58284667442585
EVS: 0.3922156518420621
