Model: GRU
MSE: 5.259639861826458
MAE: 1.6337215653781234
EVS: 0.695154479554309
