Model: GRU
MSE: 5.258894208789873
MAE: 1.6029222792592541
EVS: 0.7129014925200855
