Model: GRU
MSE: 5.746006179499216
MAE: 1.7363132115068107
EVS: 0.666667642969138
