Model: GRU
MSE: 5.244169729006863
MAE: 1.6768384966357002
EVS: 0.7023811313782432
