Model: GRU
MSE: 5.171133482646108
MAE: 1.5822957301961964
EVS: 0.7006284979323069
