Model: GRU
MSE: 12.695012661931788
MAE: 3.05893743449244
EVS: 0.6167862795130091
