Model: GRU
MSE: 6.2366549090780135
MAE: 1.8010117514380093
EVS: 0.692850172400888
