Model: GRU
MSE: 5.889789613020176
MAE: 1.8014068110235806
EVS: 0.6672281146977419
