Model: GRU
MSE: 16.260208263840077
MAE: 3.557696983732026
EVS: 0.6295548468945977
