Model: GRU
MSE: 5.663105990529061
MAE: 1.6842419011839505
EVS: 0.7021885852074146
