Model: GRU
MSE: 5.024194769570533
MAE: 1.5162220247860612
EVS: 0.7138104746727212
