Model: GRU
MSE: 1704.219557815267
MAE: 40.92673456257787
EVS: -0.6953411201635558
