Model: GRU
MSE: 5.611736438658823
MAE: 1.844838290378965
EVS: 0.7058232096123954
