Model: GRU
MSE: 6.900858710210126
MAE: 2.109588729924169
EVS: 0.7085996462345336
