Model: GRU
MSE: 47.69284751974609
MAE: 5.9614953665897765
EVS: 0.012553832286940514
