Model: GRU
MSE: 526.8240355936995
MAE: 22.55783492121203
EVS: -0.04243848637831982
