Model: GRU
MSE: 7.24598035641582
MAE: 1.9857485869835163
EVS: 0.7122844050759237
