Model: GRU
MSE: 5.813785743075386
MAE: 1.868351517052486
EVS: 0.6920956274503005
