Model: GRU
MSE: 174.05849980785274
MAE: 12.453707703228655
EVS: -0.10019602887576395
