Model: GRU
MSE: 129.42709029877503
MAE: 10.646884579083014
EVS: 0.06762832863105017
