Model: GRU
MSE: 4.965516128763003
MAE: 1.521754684119389
EVS: 0.712333939607936
