Model: GRU
MSE: 350.26061551063555
MAE: 18.198563625072612
EVS: -0.10653330526650429
