Model: GRU
MSE: 8.496022704324316
MAE: 2.4063651479523758
EVS: 0.6863068081031355
