Model: GRU
MSE: 5.649279949663645
MAE: 1.635226543607383
EVS: 0.6982812472756319
