Model: GRU
MSE: 6.257144661737644
MAE: 2.0128326950402093
EVS: 0.6954124137127558
