Model: GRU
MSE: 5.148149437076793
MAE: 1.6307750940322876
EVS: 0.7018927226515206
