Model: GRU
MSE: 5.816101972339839
MAE: 1.8616919599730393
EVS: 0.68824359444475
