Model: GRU
MSE: 5.348395151643841
MAE: 1.6364050980271965
EVS: 0.6897380025362987
