Model: GRU
MSE: 157.67824450988374
MAE: 11.846142933286469
EVS: -0.006411873475434149
