Model: GRU
MSE: 7.349718093396867
MAE: 2.2179667374183394
EVS: 0.677351313464789
