Model: GRU
MSE: 5.9841544116454335
MAE: 1.855294104280143
EVS: 0.6719926890486622
