Model: GRU
MSE: 5.339455256061751
MAE: 1.6524043576470737
EVS: 0.6903433652466844
