Model: GRU
MSE: 8.99719632239362
MAE: 2.4998219095427414
EVS: 0.662898012188983
