Model: GRU
MSE: 4513.462390911351
MAE: 67.05659754522915
EVS: 0.020973162657012212
