Model: GRU
MSE: 6.8917546950605635
MAE: 2.136941811134075
EVS: 0.6675182204683511
