Model: GRU
MSE: 5.47846827714191
MAE: 1.7151715714355995
EVS: 0.687631110758075
