Model: GRU
MSE: 5.74201880659909
MAE: 1.7275167498095283
EVS: 0.6974891784657179
