Model: GRU
MSE: 157.1588613454279
MAE: 11.831433386638247
EVS: 0.0035144763895165188
