Model: GRU
MSE: 7.335347374743675
MAE: 2.0427961493360587
EVS: 0.7140987645172081
