Model: GRU
MSE: 5.48601218852858
MAE: 1.693841732781509
EVS: 0.6819168080213975
