Model: GRU
MSE: 6.017955853730522
MAE: 1.7149285622711838
EVS: 0.6768061270394785
