Model: GRU
MSE: 6.087203693779869
MAE: 1.912023400438243
EVS: 0.6671286070910503
