Model: GRU
MSE: 2597.764965760965
MAE: 50.7989009988719
EVS: 0.0
