Model: GRU
MSE: 5.208933672597836
MAE: 1.6660156414426606
EVS: 0.6987594729677682
