Model: GRU
MSE: 5.7798036865805615
MAE: 1.8936743695160438
EVS: 0.7033615448197132
