Model: GRU
MSE: 10.89060339801324
MAE: 2.7743286675420302
EVS: 0.6833618919285301
