Model: GRU
MSE: 7.4356264663501115
MAE: 2.2159306509741423
EVS: 0.6916032963125106
