Model: GRU
MSE: 7.810337098589653
MAE: 2.2069339505557357
EVS: 0.5846252890997379
