Model: GRU
MSE: 5.224936969009613
MAE: 1.6719134367745498
EVS: 0.6971750555146916
