Model: GRU
MSE: 4.8552453897718895
MAE: 1.6817139531004017
EVS: 0.7248844833972474
