Model: GRU
MSE: 261.39680070809897
MAE: 15.599663816649338
EVS: -0.04703162821721407
