Model: GRU
MSE: 5.2281108693587806
MAE: 1.577978175261925
EVS: 0.697109735537984
