Model: GRU
MSE: 131.1989576898155
MAE: 10.71918811880309
EVS: 0.05445726233957582
