Model: GRU
MSE: 6.8172430915111475
MAE: 2.0483974423901787
EVS: 0.6892029798540491
