Model: GRU
MSE: 5.524381134785793
MAE: 1.6221249473506008
EVS: 0.7178563527590062
