Model: GRU
MSE: 12.410948248316478
MAE: 2.656131937586028
EVS: 0.5771157341752602
