Model: GRU
MSE: 8.993959118868442
MAE: 2.4976031122536493
EVS: 0.6890139689794954
