Model: GRU
MSE: 11.276633990879297
MAE: 2.871063339299169
EVS: 0.6965750750585182
