Model: GRU
MSE: 5.8147784762678425
MAE: 1.8469886163185383
EVS: 0.7041833207916802
