Model: GRU
MSE: 8.348626330146603
MAE: 2.0985439947673252
EVS: 0.6455461749789493
