Model: GRU
MSE: 9.16909399716066
MAE: 2.561924539763352
EVS: 0.6975495050592615
