Model: GRU
MSE: 21.67554980910706
MAE: 3.9106404863554856
EVS: 0.030908246599498534
