Model: GRU
MSE: 5.07992741218553
MAE: 1.5692116165983265
EVS: 0.7056988400018736
