Model: GRU
MSE: 11.579635367406974
MAE: 2.8713144598336053
EVS: 0.6825778493694081
