Model: GRU
MSE: 7.490121578428953
MAE: 2.089995762397503
EVS: 0.7297412377855779
