Model: GRU
MSE: 5.636765884351468
MAE: 1.810915001507463
EVS: 0.6827012947764785
