Model: GRU
MSE: 9.284539125712032
MAE: 2.5624619146873213
EVS: 0.704639546880216
