Model: GRU
MSE: 22.567159856901085
MAE: 4.0952959060668945
EVS: 0.04431367491141969
