Model: GRU
MSE: 5.476581453344079
MAE: 1.6460578688259782
EVS: 0.6869577675892686
