Model: GRU
MSE: 6.910834301131448
MAE: 2.032887812318473
EVS: 0.6658548746829577
