Model: GRU
MSE: 4.568487396903192
MAE: 1.4791809197129875
EVS: 0.7484447402335946
