Model: GRU
MSE: 15.220082727341993
MAE: 3.4096742745103508
EVS: 0.6528743598583608
