Model: GRU
MSE: 5.4127539680673245
MAE: 1.7244674583961224
EVS: 0.6924087450086014
