Model: GRU
MSE: 5.831444085016003
MAE: 1.7801146836116397
EVS: 0.6726521735774882
