Model: GRU
MSE: 485.07428034998964
MAE: 21.51663954504605
EVS: -0.2826470098938134
