Model: GRU
MSE: 5.134554871500721
MAE: 1.759437182853962
EVS: 0.712423036216467
