Model: GRU
MSE: 10.593095543531659
MAE: 2.76566272768481
EVS: 0.6718506014241814
