Model: GRU
MSE: 5.5708084098072925
MAE: 1.775976222136925
EVS: 0.6926884909344713
