Model: GRU
MSE: 5.4224838941031805
MAE: 1.744596945828405
EVS: 0.7042124262736755
