Model: GRU
MSE: 20.048760374940763
MAE: 3.6178719915192703
EVS: 0.01663427416651808
