Model: GRU
MSE: 5.471702899985335
MAE: 1.6662518299859146
EVS: 0.6843077588906545
