Model: GRU
MSE: 5.7365289124355625
MAE: 1.8288603979965736
EVS: 0.68401398142659
