Model: GRU
MSE: 5.130929828207428
MAE: 1.6695944399669254
EVS: 0.7037638680730156
