Model: GRU
MSE: 5.600656551359447
MAE: 1.6588176961602836
EVS: 0.6946428632880666
