Model: GRU
MSE: 12.401636770644673
MAE: 3.0297048749594855
EVS: 0.6728127982532777
