Model: GRU
MSE: 6.614116075703852
MAE: 2.00926451847471
EVS: 0.6794930754398569
