Model: GRU
MSE: 6.572094866456121
MAE: 2.084586110608331
EVS: 0.7129809804645781
