Model: GRU
MSE: 25.339512912419696
MAE: 4.302728981807314
EVS: -0.024727422543230126
