Model: GRU
MSE: 5.332695738295893
MAE: 1.6406642547969161
EVS: 0.6909870648471681
