Model: GRU
MSE: 10.153977187089929
MAE: 2.545060692162349
EVS: 0.5739362240207941
