Model: GRU
MSE: 5.884457304779666
MAE: 1.8446053472058526
EVS: 0.675362409046404
