Model: GRU
MSE: 11.31960294720554
MAE: 2.8666759770492027
EVS: 0.6876086660441825
