Model: GRU
MSE: 11.48667207940966
MAE: 2.8106960263745537
EVS: 0.5372068053805732
