Model: GRU
MSE: 6.189957303065174
MAE: 1.7430575798297752
EVS: 0.6830363089479192
