Model: GRU
MSE: 5.660015122674026
MAE: 1.8390523647439891
EVS: 0.6985902776126354
