Model: GRU
MSE: 8.025788261019219
MAE: 2.338820531450469
EVS: 0.6850729600888132
