Model: GRU
MSE: 5.213315046461433
MAE: 1.7010389854168069
EVS: 0.7045918747090314
