Model: GRU
MSE: 5.72592143297062
MAE: 1.6875883546368828
EVS: 0.6834801015948699
