Model: GRU
MSE: 5.938627427089222
MAE: 1.9381760071063865
EVS: 0.6888551209520833
