Model: GRU
MSE: 12.256704368337504
MAE: 2.998499237257859
EVS: 0.6716504137836137
