Model: GRU
MSE: 5.524391973469913
MAE: 1.7704473220068833
EVS: 0.6863426752768131
