Model: GRU
MSE: 5.0775260494521435
MAE: 1.6968489556476987
EVS: 0.7123272346697391
