Model: GRU
MSE: 5.526684922276853
MAE: 1.7312525880747829
EVS: 0.6801156644985249
