Model: GRU
MSE: 9.615188953481633
MAE: 2.584685699693088
EVS: 0.6533755009131339
