Model: GRU
MSE: 6.873359754236517
MAE: 2.0722863345310607
EVS: 0.6635351684601465
