Model: GRU
MSE: 6.464698199128579
MAE: 2.0336660681099725
EVS: 0.6904989081887112
