Model: GRU
MSE: 176.6410216236673
MAE: 12.541264418897958
EVS: -0.12305689593806313
