Model: GRU
MSE: 5.275326093807296
MAE: 1.6990350032674855
EVS: 0.7015612791580346
