Model: GRU
MSE: 5.696527772904658
MAE: 1.8366592259242618
EVS: 0.6870539665062023
