Model: GRU
MSE: 460.79689114981574
MAE: 20.977898564831964
EVS: -0.20236213740620745
