Model: GRU
MSE: 5.862787551013564
MAE: 1.835074445296978
EVS: 0.6777107179725188
