Model: GRU
MSE: 6.0115421805141915
MAE: 1.9372648863956845
EVS: 0.6910195324352065
