Model: GRU
MSE: 5.194323429406573
MAE: 1.679508899820262
EVS: 0.6996543649646288
