Model: GRU
MSE: 5.509977497852172
MAE: 1.755217876927606
EVS: 0.6807681451530294
