Model: GRU
MSE: 5.550192414136635
MAE: 1.6725285135466477
EVS: 0.6871894200279178
