Model: GRU
MSE: 5.747393709158618
MAE: 1.8439374956591377
EVS: 0.6862702198703988
