Model: GRU
MSE: 5.402433966579656
MAE: 1.8322909700459447
EVS: 0.721018726316061
