Model: GRU
MSE: 5.082184347588713
MAE: 1.5708494186401367
EVS: 0.70535857922046
