Model: GRU
MSE: 341.99466723072953
MAE: 17.94817223220036
EVS: -0.1520690958964772
