Model: GRU
MSE: 10214.696585913378
MAE: 100.97812613125505
EVS: -0.05093839219523111
