Model: GRU
MSE: 5.573391613360192
MAE: 1.7447597651646054
EVS: 0.6878891325257293
