Model: GRU
MSE: 177.75563751616184
MAE: 12.714570390767065
EVS: 0.06621284046749987
