Model: GRU
MSE: 6.337473789594014
MAE: 1.8879616342741867
EVS: 0.6335876805486631
