Model: GRU
MSE: 163.4457048673717
MAE: 12.006695874806109
EVS: -0.11883626865047114
