Model: GRU
MSE: 6.272415764287167
MAE: 2.0441274314091125
EVS: 0.7048362878691781
