Model: GRU
MSE: 1633.519292118783
MAE: 40.21517497095569
EVS: 0.05671812220583006
