Model: GRU
MSE: 6.645702040271356
MAE: 1.941074198689954
EVS: 0.6513241824033884
