Model: GRU
MSE: 5.456929267735768
MAE: 1.6703362711544694
EVS: 0.6840161463717385
