Model: GRU
MSE: 5.331209260324249
MAE: 1.7408057821208034
EVS: 0.6985489342522011
