Model: GRU
MSE: 9.301836021076237
MAE: 2.5985146226554083
EVS: 0.6659059266640992
