Model: GRU
MSE: 5.057822908084406
MAE: 1.6169172874812423
EVS: 0.7097780866173332
