Model: GRU
MSE: 6.721830736984901
MAE: 1.9103684050696237
EVS: 0.6536259849873938
