Model: GRU
MSE: 5.197957277509951
MAE: 1.7830064625575626
EVS: 0.7180451028651205
