Model: GRU
MSE: 21.226694186677722
MAE: 3.859595200111126
EVS: 0.0
