Model: GRU
MSE: 5.407366594553642
MAE: 1.7130787290375808
EVS: 0.6901753539713793
