Model: GRU
MSE: 6.335534068080282
MAE: 1.9959203868076718
EVS: 0.7073514018262337
