Model: GRU
MSE: 6.112740096979803
MAE: 1.8087724159503806
EVS: 0.6679335053269629
