Model: GRU
MSE: 160.14735025638376
MAE: 11.976637922484299
EVS: 0.030697935181450475
