Model: GRU
MSE: 1448.5140124506472
MAE: 37.75813826199236
EVS: -0.3249119244017973
