Model: GRU
MSE: 5.79573088784577
MAE: 1.8412508224618847
EVS: 0.6854058945978792
