Model: GRU
MSE: 8.05780258787973
MAE: 2.2993089539664133
EVS: 0.6635747030394733
