Model: GRU
MSE: 5.475192489241062
MAE: 1.6718485314270546
EVS: 0.6824554097810743
