Model: GRU
MSE: 6.650746192665361
MAE: 2.0761837794862945
EVS: 0.6906693474780294
