Model: GRU
MSE: 6.31144941377223
MAE: 1.971491550577098
EVS: 0.6874188258361318
