Model: GRU
MSE: 22.067137648012892
MAE: 4.129173032168684
EVS: 0.6526583301959081
