Model: GRU
MSE: 10.188191481710682
MAE: 2.6795695814593086
EVS: 0.6839169968552549
