Model: GRU
MSE: 5.380995549292134
MAE: 1.6290667632530476
EVS: 0.7220630421431229
