Model: GRU
MSE: 7.338501869858149
MAE: 2.138281338555472
EVS: 0.6596108836315357
