Model: GRU
MSE: 5.680369828962206
MAE: 1.701119981963059
EVS: 0.688440193393906
