Model: GRU
MSE: 5.563131487711598
MAE: 1.803744311990409
EVS: 0.7131014373100388
