Model: GRU
MSE: 5.8302707592059155
MAE: 1.7983695700250824
EVS: 0.6714144237379379
