Model: GRU
MSE: 5.069897370413951
MAE: 1.5480938533256794
EVS: 0.7108161442388425
