Model: GRU
MSE: 5.407062467140973
MAE: 1.7157975805216823
EVS: 0.6914643896935522
