Model: GRU
MSE: 4.833508509452901
MAE: 1.526791029963
EVS: 0.7201734705491719
