Model: GRU
MSE: 407.9948145452747
MAE: 19.527843771309687
EVS: -0.5465983147495448
