Model: GRU
MSE: 5.3239281894028405
MAE: 1.5773578923324059
EVS: 0.6946184665429657
