Model: GRU
MSE: 6.438778340909684
MAE: 1.9611065963218952
EVS: 0.6598914858358742
