Model: GRU
MSE: 5.443845624735808
MAE: 1.7340212114926041
EVS: 0.6871697026213737
