Model: GRU
MSE: 5.527792631422346
MAE: 1.7477523705054974
EVS: 0.6807543250551157
