Model: GRU
MSE: 5.346516853171644
MAE: 1.6354306401877567
EVS: 0.6900184399766236
