Model: GRU
MSE: 8.714485870970803
MAE: 2.322486269062963
EVS: 0.5923239317648714
