Model: GRU
MSE: 393.23060387749587
MAE: 18.769835998272075
EVS: -1.3742388700239156
