Model: GRU
MSE: 5.973467688096148
MAE: 1.8023132558526664
EVS: 0.6593073061877313
