Model: GRU
MSE: 6.044443427414233
MAE: 1.9082161064805656
EVS: 0.6947898821495992
