Model: GRU
MSE: 1732.4648951355944
MAE: 41.42742097788844
EVS: 0.058186386476592244
