Model: GRU
MSE: 6.458016403368731
MAE: 1.8554357733045306
EVS: 0.6670506886319887
