Model: GRU
MSE: 5.049269146435422
MAE: 1.6199939497585953
EVS: 0.7071823628534478
