Model: GRU
MSE: 1652.7832750621062
MAE: 40.364241632921946
EVS: -0.3640300869113402
