Model: GRU
MSE: 6.105994353683084
MAE: 1.8352593265730759
EVS: 0.6511412459540387
