Model: GRU
MSE: 289.1902128309115
MAE: 16.394106494969336
EVS: -0.18488899955682858
