Model: GRU
MSE: 26.985566000773062
MAE: 4.430919334806245
EVS: -0.02031271724639061
