Model: GRU
MSE: 5.294083239015993
MAE: 1.7027447346983284
EVS: 0.7006916532384337
