Model: GRU
MSE: 5.914501077278938
MAE: 1.8899856929121346
EVS: 0.6844315405677064
