Model: GRU
MSE: 6.458877277377916
MAE: 1.9838216345885704
EVS: 0.694305407250918
