Model: GRU
MSE: 5.362379482677102
MAE: 1.6979988196800495
EVS: 0.6923037814101038
