Model: GRU
MSE: 216.2088945414741
MAE: 14.121106756144556
EVS: 0.025143239660671668
