Model: GRU
MSE: 6.555690025595276
MAE: 2.032122418798249
EVS: 0.6884853826902331
