Model: GRU
MSE: 7.864339084231041
MAE: 2.071787279227684
EVS: 0.6891116130625716
