Model: GRU
MSE: 5.199930305918221
MAE: 1.6390108897768219
EVS: 0.6984262553350059
