Model: GRU
MSE: 5.144916247398485
MAE: 1.6539288635911613
EVS: 0.7022811310740158
