Model: GRU
MSE: 9.635412321300477
MAE: 2.453242316328246
EVS: 0.7086428359588357
