Model: GRU
MSE: 5.684449021773225
MAE: 1.8004257432345687
EVS: 0.6834358580812925
