Model: GRU
MSE: 5.4391314242937305
MAE: 1.6337301155616497
EVS: 0.6871305139451723
