Model: GRU
MSE: 7.479826617177149
MAE: 2.259778779128502
EVS: 0.720196557216096
