Model: GRU
MSE: 5.306377969488626
MAE: 1.6901601306323348
EVS: 0.6991690579665044
