Model: GRU
MSE: 5.697619364052676
MAE: 1.700169193333593
EVS: 0.7228148322482192
