Model: GRU
MSE: 5.571638913006144
MAE: 1.6515185524677407
EVS: 0.6877122062103838
