Model: GRU
MSE: 2046.5465862424878
MAE: 45.01652319771903
EVS: -0.03524398187765798
