Model: GRU
MSE: 5.484579155351039
MAE: 1.7156944850395466
EVS: 0.69666099779277
