Model: GRU
MSE: 5.080832614385558
MAE: 1.5645598296461434
EVS: 0.7057217951293743
