Model: GRU
MSE: 5.842453660466383
MAE: 1.8852073118604462
EVS: 0.6995369628474226
