Model: GRU
MSE: 5.688381290889138
MAE: 1.7285620261882912
EVS: 0.6727606198324187
