Model: GRU
MSE: 6.6004995789055325
MAE: 1.859427191060165
EVS: 0.8255182948041708
