Model: GRU
MSE: 4.3630641984340235
MAE: 1.5171425835839634
EVS: 0.869824576571902
