Model: GRU
MSE: 7.595591905524391
MAE: 2.387342933950753
EVS: 0.8097972756602477
