Model: GRU
MSE: 249.1720656560816
MAE: 14.4943889420608
EVS: -0.18562540870090838
