Model: GRU
MSE: 4.833140250615823
MAE: 1.779655333223014
EVS: 0.8665053557635969
