Model: GRU
MSE: 8.271511212649514
MAE: 2.4970052530025613
EVS: 0.8060290861228823
