Model: GRU
MSE: 5.355652902430048
MAE: 1.7941550776876252
EVS: 0.8395871540554406
