Model: GRU
MSE: 6.357444872644841
MAE: 1.854248753909407
EVS: 0.8487645265208745
