Model: GRU
MSE: 5.708751529679129
MAE: 1.8908045548817207
EVS: 0.8300696690579251
