Model: GRU
MSE: 5.764806741241645
MAE: 1.8274900286362088
EVS: 0.8303245983547174
