Model: GRU
MSE: 34.81396597234806
MAE: 5.04289225874276
EVS: 0.05857814230844338
