Model: GRU
MSE: 770.2727798313557
MAE: 26.90252527697333
EVS: -0.4113812688722147
