Model: GRU
MSE: 6.024687529359445
MAE: 1.7919899225234985
EVS: 0.8365780188850832
