Model: GRU
MSE: 10.117352431919127
MAE: 2.4683023742560684
EVS: 0.8485341462994794
