Model: GRU
MSE: 5.697939370988407
MAE: 1.648903922788028
EVS: 0.8369889786695079
