Model: GRU
MSE: 5.254679055175795
MAE: 1.7777083043394417
EVS: 0.8414878878977823
