Model: GRU
MSE: 192.28771224650097
MAE: 12.484461221201666
EVS: -0.10497099123595222
