Model: GRU
MSE: 6.148501954981551
MAE: 1.82846927437289
EVS: 0.8171636916611276
