Model: GRU
MSE: 5.486365905702361
MAE: 1.843041913262729
EVS: 0.8346291886847016
