Model: GRU
MSE: 6.6946302491442875
MAE: 2.1768968927449195
EVS: 0.8150602458657616
