Model: GRU
MSE: 9.660255185342768
MAE: 2.4457385868861756
EVS: 0.8408750918063023
