Model: GRU
MSE: 6.392038138372291
MAE: 1.8538070742426247
EVS: 0.8288342289401522
