Model: GRU
MSE: 15182.450550496505
MAE: 123.08324432373047
EVS: 0.0
