Model: GRU
MSE: 7.7605076249509075
MAE: 2.3143963402715224
EVS: 0.7808840162425751
