Model: GRU
MSE: 5.66770476962168
MAE: 1.9893654625991295
EVS: 0.8426437032856006
