Model: GRU
MSE: 7.849549417410271
MAE: 2.401847115878401
EVS: 0.7785039372390736
