Model: GRU
MSE: 6.15850721793687
MAE: 1.9547328866761307
EVS: 0.8131924887186383
