Model: GRU
MSE: 7.830515322850681
MAE: 2.171599798161408
EVS: 0.777299313913717
