Model: GRU
MSE: 8.654511852579267
MAE: 2.6330418298984397
EVS: 0.8332316630890844
