Model: GRU
MSE: 5.258995721573351
MAE: 1.780706524848938
EVS: 0.840985879663341
