Model: GRU
MSE: 5.673576953544934
MAE: 1.723897372854167
EVS: 0.8509966133742807
