Model: GRU
MSE: 10.865963115448299
MAE: 2.5611135219705514
EVS: 0.776449407347931
