Model: GRU
MSE: 5.568163661367295
MAE: 1.8588180346735592
EVS: 0.8313737883429159
