Model: GRU
MSE: 4.6628460068909625
MAE: 1.6547367141164582
EVS: 0.8630721068385192
