Model: GRU
MSE: 4.5494665127066
MAE: 1.5668489347244132
EVS: 0.8638962341259672
