Model: GRU
MSE: 199.2778253629397
MAE: 12.874458099233694
EVS: -0.017006764023486776
