Model: GRU
MSE: 1896.810048908768
MAE: 43.142705851587756
EVS: -0.07739795047297515
