Model: GRU
MSE: 33.02007392699256
MAE: 4.7570477189688845
EVS: 0.0004680069673107523
