Model: GRU
MSE: 29.707385408633257
MAE: 4.276698408455684
EVS: 0.11344153025473791
