Model: GRU
MSE: 4.942983049168312
MAE: 1.7205488825666493
EVS: 0.8517235347714062
