Model: GRU
MSE: 4.64062523957508
MAE: 1.6867765208770489
EVS: 0.8595829209914695
