Model: GRU
MSE: 6.2308763126352185
MAE: 1.8042507418270768
EVS: 0.8396336151398351
