Model: GRU
MSE: 31.146468785010537
MAE: 4.6886024146244445
EVS: 0.09431859877742554
