Model: GRU
MSE: 5.818098316570419
MAE: 1.897266028256252
EVS: 0.8248920883653936
