Model: GRU
MSE: 986.4357261545308
MAE: 30.871805454122608
EVS: -0.01218961355936421
