Model: GRU
MSE: 207.0348677420113
MAE: 13.120051745710702
EVS: -0.05865500839399718
