Model: GRU
MSE: 4.7672884392559585
MAE: 1.493270754814148
EVS: 0.8715559381012126
