Model: GRU
MSE: 849.14300400888
MAE: 28.319046842640844
EVS: -0.43102835571403353
