Model: GRU
MSE: 5.390870627649862
MAE: 1.7973355907818367
EVS: 0.8364920605375806
