Model: GRU
MSE: 6.553251614079533
MAE: 1.8188249407143429
EVS: 0.8505811429137552
