Model: GRU
MSE: 453.84107011252587
MAE: 20.19938464000307
EVS: -0.39011713185594044
