Model: GRU
MSE: 5.7689623755060175
MAE: 1.9233478513257256
EVS: 0.8268599807277646
