Model: GRU
MSE: 5.926059696004118
MAE: 1.9445818662643433
EVS: 0.8231137792699106
