Model: GRU
MSE: 6.77055007754612
MAE: 2.249584876257798
EVS: 0.8218778016275204
