Model: GRU
MSE: 5.219020047716409
MAE: 1.7046567448254288
EVS: 0.8420885756459516
