Model: GRU
MSE: 6.645027511443839
MAE: 2.1760577641684433
EVS: 0.8231489486293498
