Model: GRU
MSE: 6.373229334674063
MAE: 1.9842910108895138
EVS: 0.8076177403530698
