Model: GRU
MSE: 5.616754174344144
MAE: 2.0329816649700034
EVS: 0.8402247196907072
