Model: GRU
MSE: 4.719693328288802
MAE: 1.6946059917581493
EVS: 0.8568600117983014
