Model: GRU
MSE: 4.47834546724551
MAE: 1.7012863693566158
EVS: 0.8641811269227857
