Model: GRU
MSE: 9.135184869829219
MAE: 2.3075893089689057
EVS: 0.7950157054651852
