Model: GRU
MSE: 7.99532720608978
MAE: 2.134733956435631
EVS: 0.8281012980838592
