Model: GRU
MSE: 7.099532365502837
MAE: 1.9134985331831307
EVS: 0.8408387959157422
