Model: GRU
MSE: 5.855279671026212
MAE: 1.7204172189893394
EVS: 0.8276049092276928
