Model: GRU
MSE: 2890.3497132254456
MAE: 53.10064177677549
EVS: -1.1438024346028333
