Model: GRU
MSE: 6.0118479424934765
MAE: 2.1179931770110954
EVS: 0.8277844377743098
