Model: GRU
MSE: 9.089678691655415
MAE: 2.231964711485238
EVS: 0.7737888895068818
