Model: GRU
MSE: 5.923574918719432
MAE: 1.8366344098387093
EVS: 0.8359256496229961
