Model: GRU
MSE: 229.18691102551966
MAE: 13.87178531186334
EVS: -0.1151192628929627
