Model: GRU
MSE: 5.421984522767361
MAE: 1.8101775029609943
EVS: 0.8355941078265567
