Model: GRU
MSE: 33.57131756469858
MAE: 4.520977283346242
EVS: 0.0
