Model: GRU
MSE: 4.571299569000645
MAE: 1.6903346530322372
EVS: 0.8640077089712133
