Model: GRU
MSE: 35.87085767409258
MAE: 4.555638543490706
EVS: 0.0
