Model: GRU
MSE: 6.610009865101482
MAE: 1.9956078323824653
EVS: 0.7996458404476878
