Model: GRU
MSE: 7.290196680110632
MAE: 2.3418760217469314
EVS: 0.8344825483578612
