Model: GRU
MSE: 5.832149829755752
MAE: 1.7874310355761955
EVS: 0.8672135566737842
