Model: GRU
MSE: 263.0104353285441
MAE: 14.69730948168656
EVS: -0.42571793986824513
