Model: GRU
MSE: 5.371187940436422
MAE: 1.7820748542917186
EVS: 0.8373283536298162
