Model: GRU
MSE: 4.258969622932028
MAE: 1.6205602874015939
EVS: 0.8709021921539416
