Model: GRU
MSE: 5.899862448648103
MAE: 1.8111448637370406
EVS: 0.830179346874977
