Model: GRU
MSE: 8.847819581289036
MAE: 2.2317706510938446
EVS: 0.8185803534795922
