Model: GRU
MSE: 5.299516840037003
MAE: 1.671841629620256
EVS: 0.8558457180282988
