Model: GRU
MSE: 7.847409110629206
MAE: 2.1464435160160065
EVS: 0.8067567517116643
