Model: GRU
MSE: 5.647116305695764
MAE: 1.832005720714043
EVS: 0.8288348415496614
