Model: GRU
MSE: 6.044320863205438
MAE: 1.7816169344145676
EVS: 0.8471172834321202
