Model: GRU
MSE: 5.225750600515796
MAE: 1.6506959364332001
EVS: 0.8568719961863464
