Model: GRU
MSE: 5.617334531412465
MAE: 1.7719053235547295
EVS: 0.8349336254594418
