Model: GRU
MSE: 6.722168599120794
MAE: 2.2661708079535385
EVS: 0.8338505299632732
