Model: GRU
MSE: 6.935496621199177
MAE: 1.9686629196693157
EVS: 0.8375635040441554
