Model: GRU
MSE: 5.811034297157883
MAE: 1.9946844043402836
EVS: 0.8324456587897127
