Model: GRU
MSE: 5.969869693860564
MAE: 1.8417003812461064
EVS: 0.8231181043318617
