Model: GRU
MSE: 5.381898650356829
MAE: 1.7730292246259491
EVS: 0.8568420192824588
