Model: GRU
MSE: 192.72630837868908
MAE: 12.599782676532351
EVS: -0.0305248552327273
