Model: GRU
MSE: 4.834930429695509
MAE: 1.7316968276582916
EVS: 0.8545933724715388
