Model: GRU
MSE: 7.158387226460479
MAE: 1.9956587809940864
EVS: 0.8043739371453758
