Model: GRU
MSE: 5.744397897200338
MAE: 1.939307558125463
EVS: 0.8261058510848609
