Model: GRU
MSE: 5.656714206030659
MAE: 1.918800349893241
EVS: 0.8297370488016457
