Model: GRU
MSE: 10.882977243749043
MAE: 2.4979921743787568
EVS: 0.7705540929131836
