Model: GRU
MSE: 5.627398197318929
MAE: 1.802391494142598
EVS: 0.8303617381685103
