Model: GRU
MSE: 8.7562115984306
MAE: 2.177968987103166
EVS: 0.802760294203021
