Model: GRU
MSE: 229.1164897290569
MAE: 14.017254960948023
EVS: 0.010085209648314164
