Model: GRU
MSE: 5.550332947587981
MAE: 1.7282915896382824
EVS: 0.8409165221946966
