Model: GRU
MSE: 6.784999697088767
MAE: 1.8722316108900925
EVS: 0.8414147607033466
