Model: GRU
MSE: 5.101412434403065
MAE: 1.7130245576644767
EVS: 0.8463500278483018
