Model: GRU
MSE: 7.5170711663675505
MAE: 2.0826183763043633
EVS: 0.8716401905986223
