Model: GRU
MSE: 30.192667461177876
MAE: 4.604553337754874
EVS: 0.10026262301432354
