Model: GRU
MSE: 10.222898954258394
MAE: 2.4361996743185768
EVS: 0.8192237657026424
