Model: GRU
MSE: 5.711162737848817
MAE: 1.683047187739405
EVS: 0.8547121386016956
