Model: GRU
MSE: 6.6930801718396715
MAE: 1.9034770706604267
EVS: 0.8308813849353339
