Model: GRU
MSE: 5.937436009696612
MAE: 1.9966774089583035
EVS: 0.8202185420476015
