Model: GRU
MSE: 5.269860994879613
MAE: 1.6663206730937135
EVS: 0.84644266501059
