Model: GRU
MSE: 6.049210661298102
MAE: 1.885697340143138
EVS: 0.8244436840455975
