Model: GRU
MSE: 31.406669299426447
MAE: 4.493008120306607
EVS: 0.055221040761877616
