Model: GRU
MSE: 5.07576169887431
MAE: 1.672420574673291
EVS: 0.8533883487617708
