Model: GRU
MSE: 6.096082477474554
MAE: 2.0488524961060492
EVS: 0.8173466376217284
