Model: GRU
MSE: 4.574305976118125
MAE: 1.655677385371307
EVS: 0.862020701399986
