Model: GRU
MSE: 4.462080876403632
MAE: 1.675183337310265
EVS: 0.8652664948115043
