Model: GRU
MSE: 7.229108256604073
MAE: 1.864678950145327
EVS: 0.8482121150512018
