Model: GRU
MSE: 5.860485161341472
MAE: 1.7621745590505928
EVS: 0.8344237356810962
