Model: GRU
MSE: 7.807617986856134
MAE: 2.433083209498175
EVS: 0.8028403928256445
