Model: GRU
MSE: 6.6751797449259325
MAE: 1.9357712844322468
EVS: 0.8049149021547943
