Model: GRU
MSE: 232.2685800502022
MAE: 14.001766418588572
EVS: -0.09869707016227824
