Model: GRU
MSE: 216.5167606352343
MAE: 13.408873648479068
EVS: -0.11385687794600541
