Model: GRU
MSE: 60.10738082930189
MAE: 6.918777991985452
EVS: 0.11391936088077736
