Model: GRU
MSE: 5.231334807432927
MAE: 1.8178172337597813
EVS: 0.8505843992806107
