Model: GRU
MSE: 5.528277547854806
MAE: 1.7256946851467263
EVS: 0.850215539116664
