Model: GRU
MSE: 6.936538496611555
MAE: 1.978076576158918
EVS: 0.8387885279700904
