Model: GRU
MSE: 9.899879536213144
MAE: 2.553996546515103
EVS: 0.8795975405255875
