Model: GRU
MSE: 6.09624640716896
MAE: 1.850380301475525
EVS: 0.8150722327983188
