Model: GRU
MSE: 7.926681747639946
MAE: 2.496915609672152
EVS: 0.8265432758296357
