Model: GRU
MSE: 1339.5670227179858
MAE: 36.18827333121464
EVS: 0.09068934657399008
