Model: GRU
MSE: 174.14987745709973
MAE: 11.822330276513922
EVS: -0.04298027658319925
