Model: GRU
MSE: 5.9173597968911364
MAE: 1.930486812673766
EVS: 0.8222002943285966
