Model: GRU
MSE: 5.610448325817952
MAE: 1.9594898203323627
EVS: 0.8356845416485581
