Model: GRU
MSE: 2179.1038701816456
MAE: 46.28797291065084
EVS: -0.10804977628710755
