Model: GRU
MSE: 197.6333314471615
MAE: 12.874428855961767
EVS: 0.03285567016916868
