Model: GRU
MSE: 4.70893969405473
MAE: 1.5997705459594727
EVS: 0.8621918496058965
