Model: GRU
MSE: 6.93830314969208
MAE: 1.9219405815519135
EVS: 0.8188746790996624
