Model: GRU
MSE: 5.127329594481546
MAE: 1.664568407782193
EVS: 0.8629817425718604
