Model: GRU
MSE: 6.45072937142653
MAE: 2.1777313002224625
EVS: 0.8169135899339166
