Model: GRU
MSE: 5.796651005772378
MAE: 1.8425787481768379
EVS: 0.8469674193450366
