Model: GRU
MSE: 5.432267191905036
MAE: 1.7180523553798939
EVS: 0.8393854780673928
