Model: GRU
MSE: 9.59517850542652
MAE: 2.7233933035669655
EVS: 0.8188310472441298
