Model: GRU
MSE: 5.636552049963448
MAE: 1.855166143384473
EVS: 0.8290171865167577
