Model: GRU
MSE: 6.785468726500532
MAE: 1.9249993480485061
EVS: 0.8402302873339607
