Model: GRU
MSE: 32.971222462357
MAE: 4.673404496291588
EVS: 0.0
