Model: GRU
MSE: 5.496290383218307
MAE: 1.9538265507796715
EVS: 0.8433775988357864
