Model: GRU
MSE: 4.366550065217209
MAE: 1.6553150826487049
EVS: 0.8680932831611043
