Model: GRU
MSE: 5.92749719875139
MAE: 2.073826419896093
EVS: 0.8417671236408553
