Model: GRU
MSE: 31.960002090571503
MAE: 4.600630020273143
EVS: 0.03059789426350623
