Model: GRU
MSE: 2517.110249584835
MAE: 49.26206641361631
EVS: -1.7410175785705353
