Model: GRU
MSE: 8.556135617967353
MAE: 2.1368109409151406
EVS: 0.8336529761732133
