Model: GRU
MSE: 7.017117799309864
MAE: 1.933857095652613
EVS: 0.8358711478915565
