Model: GRU
MSE: 4.929761155759507
MAE: 1.8306269214071076
EVS: 0.8622809102246861
