Model: GRU
MSE: 4.369646437477271
MAE: 1.6827413994690468
EVS: 0.8714574195711343
