Model: GRU
MSE: 8.86816247133221
MAE: 2.5000413563744774
EVS: 0.7912049599708774
