Model: GRU
MSE: 7.427620988293156
MAE: 2.0072144156899943
EVS: 0.8532203879188464
