Model: GRU
MSE: 6.822805400869826
MAE: 2.2028125195667663
EVS: 0.8074990663712841
