Model: GRU
MSE: 200.17074028939786
MAE: 12.745443467436166
EVS: -0.14435975117762845
