Model: GRU
MSE: 5.364824704570734
MAE: 1.7998102286766315
EVS: 0.8391778437756034
