Model: GRU
MSE: 5.373223548910523
MAE: 1.9081012051680992
EVS: 0.837667019695309
