Model: GRU
MSE: 6.153530203692485
MAE: 1.910084736758265
EVS: 0.8175435869431135
