Model: GRU
MSE: 5.9884915997758705
MAE: 1.726742933536398
EVS: 0.85557219442717
