Model: GRU
MSE: 5.036398764470562
MAE: 1.5947480181167866
EVS: 0.8702903494192149
