Model: GRU
MSE: 5.5325855127125045
MAE: 1.9002238491485859
EVS: 0.8322562232926742
