Model: GRU
MSE: 4.993432471943272
MAE: 1.7178383017408436
EVS: 0.8496655767736457
