Model: GRU
MSE: 6.535510216195728
MAE: 1.8299339886369377
EVS: 0.8289722859984455
