Model: GRU
MSE: 5.245759148668165
MAE: 1.771583104955739
EVS: 0.8442590549519109
