Model: GRU
MSE: 33.243377837971096
MAE: 4.443909579309924
EVS: 0.06013565329970327
