Model: GRU
MSE: 12.14082849226065
MAE: 2.7647441008995317
EVS: 0.8056278385013244
