Model: GRU
MSE: 39.55835033302688
MAE: 4.835617801121303
EVS: -0.030469640877217152
