Model: GRU
MSE: 6.57668985547657
MAE: 2.0196276933982453
EVS: 0.8011944964173932
