Model: GRU
MSE: 6.366278069822142
MAE: 1.9634745778708622
EVS: 0.8093020652421905
