Model: GRU
MSE: 6.346597028472862
MAE: 1.9125344742988717
EVS: 0.8148509457469895
