Model: GRU
MSE: 1030.6586271960828
MAE: 31.63030933511668
EVS: 0.08443242859154121
