Model: GRU
MSE: 4.2822592521880205
MAE: 1.5248085301497887
EVS: 0.8733995225577137
