Model: GRU
MSE: 6.526945486788699
MAE: 1.8819977661658978
EVS: 0.8613444010338669
