Model: GRU
MSE: 6.885800751744049
MAE: 1.9189592455995494
EVS: 0.8142165283279529
