Model: GRU
MSE: 6.795407312963185
MAE: 1.8537620079928432
EVS: 0.8357429234074029
