Model: GRU
MSE: 6.477431885538377
MAE: 2.199591470175776
EVS: 0.8398575111227742
