Model: GRU
MSE: 5.173905153681297
MAE: 1.9302528644430226
EVS: 0.8621648398545658
