Model: GRU
MSE: 6.599933452460795
MAE: 1.8383909073369256
EVS: 0.8287425974809268
