Model: GRU
MSE: 6.008470802399196
MAE: 1.7958637568457374
EVS: 0.8231151070953278
