Model: GRU
MSE: 6.65148524942822
MAE: 2.0571424282830337
EVS: 0.7991650155312096
