Model: GRU
MSE: 6.198205035656548
MAE: 2.0283193300510276
EVS: 0.8135209685859806
