Model: GRU
MSE: 35.91134586585366
MAE: 4.561220136182062
EVS: 0.007034144980710089
