Model: GRU
MSE: 194.95937980683863
MAE: 12.586282373502337
EVS: -0.10857886905626168
