Model: GRU
MSE: 11.44378206006182
MAE: 2.6038419028808333
EVS: 0.8075525866318712
