Model: GRU
MSE: 522.3181233979797
MAE: 21.636979990992053
EVS: -0.6429052173161973
