Model: GRU
MSE: 5.212881002605179
MAE: 1.717093722573642
EVS: 0.844098609425944
