Model: GRU
MSE: 6.171142483739431
MAE: 1.7952637323017777
EVS: 0.8452041566136284
