Model: GRU
MSE: 6.230599532332654
MAE: 2.0192043452427306
EVS: 0.8120694340122063
