Model: GRU
MSE: 227.4569971866919
MAE: 13.669296293423093
EVS: -0.23181249461270514
