Model: GRU
MSE: 5.941373307197468
MAE: 1.7472289780090595
EVS: 0.8784319028997314
