Model: GRU
MSE: 5.29175998000725
MAE: 1.979643283219173
EVS: 0.8479142527291512
