Model: GRU
MSE: 7.352233878858515
MAE: 2.3206480494860946
EVS: 0.8130138052911434
