Model: GRU
MSE: 9.209587304992574
MAE: 2.60731970852819
EVS: 0.7430952983305326
