Model: GRU
MSE: 5.626429052158916
MAE: 1.7141200057391464
EVS: 0.8471422786483054
