Model: GRU
MSE: 6.147016663756946
MAE: 1.8685561171893417
EVS: 0.8723647263182142
