Model: GRU
MSE: 4152.303303268021
MAE: 63.69130270821707
EVS: -2.0983893957694506
