Model: GRU
MSE: 224.66508636451675
MAE: 13.727098904806992
EVS: -0.09908307389407978
