Model: GRU
MSE: 8.79546713616791
MAE: 2.1502272099256516
EVS: 0.7160308330195835
