Model: GRU
MSE: 6.644368329875873
MAE: 2.161329969249923
EVS: 0.805323651609079
