Model: GRU
MSE: 7.589978843632819
MAE: 2.4245340145867447
EVS: 0.8080469310524205
