Model: GRU
MSE: 9.730866026310128
MAE: 2.3651793486085433
EVS: 0.84756779809675
