Model: GRU
MSE: 212.87626398782666
MAE: 13.365363086092062
EVS: -0.038762210646314355
