Model: GRU
MSE: 6.238160479519252
MAE: 2.115788484441823
EVS: 0.8340564363713092
