Model: GRU
MSE: 5.162326087151118
MAE: 1.7257000803947449
EVS: 0.8438234639064632
