Model: GRU
MSE: 5.43455827673451
MAE: 1.6497420648048664
EVS: 0.8457734424540537
