Model: GRU
MSE: 7.322359067707043
MAE: 2.1456375594796806
EVS: 0.7788937173209616
