Model: GRU
MSE: 7.102202637047162
MAE: 1.9781471264773403
EVS: 0.8180204523733494
