Model: GRU
MSE: 2843.152365792117
MAE: 52.22190981897815
EVS: -2.519571672456396
