Model: GRU
MSE: 11.410344254530026
MAE: 2.695460625763597
EVS: 0.8523520437272121
