Model: GRU
MSE: 6.224540373123818
MAE: 2.164144049430716
EVS: 0.8323226579481414
