Model: GRU
MSE: 5.089535358310345
MAE: 1.7751194187279404
EVS: 0.84749849423583
