Model: GRU
MSE: 9.371212505555356
MAE: 2.3288004398345947
EVS: 0.855330494820893
