Model: GRU
MSE: 6.47212504523979
MAE: 2.1862003597719917
EVS: 0.819213997396859
