Model: GRU
MSE: 219.6458207398512
MAE: 13.510649089155526
EVS: -0.1256666066495935
