Model: GRU
MSE: 7.075537706843667
MAE: 1.917954547651883
EVS: 0.8533430801045956
