Model: GRU
MSE: 420.15968066922863
MAE: 19.71400153225866
EVS: 0.043915373007713865
