Model: GRU
MSE: 5.038815145876972
MAE: 1.7484841305634071
EVS: 0.847262944383556
