Model: GRU
MSE: 6.110780643385203
MAE: 1.796140300816503
EVS: 0.8543424125198607
