Model: GRU
MSE: 9.73455734560097
MAE: 2.416303327892508
EVS: 0.6901145023747877
