Model: GRU
MSE: 5.41413677549829
MAE: 1.8179067907662227
EVS: 0.8357701141731655
