Model: GRU
MSE: 6.564115973263088
MAE: 2.072465179295375
EVS: 0.8014020873383876
