Model: GRU
MSE: 6.057770214621402
MAE: 1.8553013143868282
EVS: 0.8348581134776613
