Model: GRU
MSE: 4.900940464613601
MAE: 1.606071792799851
EVS: 0.8590065986823672
