Model: GRU
MSE: 5.260619925976869
MAE: 1.7423044237597236
EVS: 0.8424928573115273
