Model: GRU
MSE: 33.56526983196341
MAE: 4.521648801606277
EVS: 0.0
