Model: GRU
MSE: 172.37348320782056
MAE: 11.720311547147817
EVS: -0.061951498873230815
