Model: GRU
MSE: 339.2394563821345
MAE: 17.396536580447492
EVS: -0.11025017806622928
