Model: GRU
MSE: 4.859495632847719
MAE: 1.8035740687929351
EVS: 0.8580091486115353
