Model: GRU
MSE: 4.587865664600299
MAE: 1.6642610451270794
EVS: 0.8616000670165653
