Model: GRU
MSE: 8.79031526464947
MAE: 2.246989028207187
EVS: 0.8223694270404247
