Model: GRU
MSE: 403.5881709149675
MAE: 19.13868785726613
EVS: -0.13144889382420843
