Model: GRU
MSE: 365.66357139451605
MAE: 17.991181538022797
EVS: -0.273480951414524
