Model: GRU
MSE: 6.322041075273307
MAE: 1.7642299800083554
EVS: 0.8343521228179231
