Model: GRU
MSE: 3473.7201230219575
MAE: 58.660489246763035
EVS: 0.009051667135623886
