Model: GRU
MSE: 221.78557694203192
MAE: 13.654836523121801
EVS: -0.07175677572874051
