Model: GRU
MSE: 5.761180508028961
MAE: 1.9346410210790306
EVS: 0.8256802193664848
