Model: GRU
MSE: 5.9496601058698895
MAE: 1.7307218796220318
EVS: 0.853749209459381
