Model: GRU
MSE: 215.01216485953367
MAE: 13.49523359126058
EVS: 0.0022654601166055555
