Model: GRU
MSE: 6.029245401260142
MAE: 2.039578573457126
EVS: 0.8205848272692534
