Model: GRU
MSE: 350.1603487579308
MAE: 17.517550542436798
EVS: -0.31336546106902774
