Model: GRU
MSE: 6.361538752583961
MAE: 2.078206806347288
EVS: 0.8084395174300107
