Model: GRU
MSE: 5.279401199138682
MAE: 1.8797766011336754
EVS: 0.8435710541776421
