Model: GRU
MSE: 217.28227830824633
MAE: 13.510941587645432
EVS: -0.05372943094237015
