Model: GRU
MSE: 4.356020062835045
MAE: 1.5460617758076767
EVS: 0.8744384485079153
