Model: GRU
MSE: 222.77051478525465
MAE: 13.453153108728342
EVS: -0.26748159030613095
