Model: GRU
MSE: 201.60393089243817
MAE: 12.91813337802887
EVS: -0.05339651326040129
