Model: GRU
MSE: 9.162779410706772
MAE: 2.297599529397899
EVS: 0.7871251384499904
