Model: GRU
MSE: 5.450873076824993
MAE: 1.6294774022595635
EVS: 0.8478092683440964
