Model: GRU
MSE: 201.2746699626781
MAE: 12.932182373671695
EVS: -0.03239177979751284
