Model: GRU
MSE: 9.737249640729845
MAE: 2.807521402835846
EVS: 0.7831127315660101
