Model: GRU
MSE: 233.7499159374765
MAE: 14.088935860272112
EVS: -0.06935383432618725
