Model: GRU
MSE: 208.38345057523645
MAE: 13.120135504623939
EVS: -0.09949723070161065
