Model: GRU
MSE: 34.114342592687706
MAE: 4.7460408210754395
EVS: -0.03223319867486896
