Model: GRU
MSE: 6.516821364408637
MAE: 1.9468321902998562
EVS: 0.8135102622078572
