Model: GRU
MSE: 32.93073965979315
MAE: 4.5106290784375425
EVS: 0.05310257961935172
