Model: GRU
MSE: 1069.2914825981306
MAE: 32.16520697495033
EVS: -0.0523403167838723
