Model: GRU
MSE: 8.573351127481285
MAE: 2.5382778305431892
EVS: 0.8017597386796282
