Model: GRU
MSE: 5.25013382768552
MAE: 1.7613815973544944
EVS: 0.8412767086276347
