Model: GRU
MSE: 219.4203735421959
MAE: 13.438479507791586
EVS: -0.17782596209726576
