Model: GRU
MSE: 8.958380594862279
MAE: 2.3127119479508234
EVS: 0.8139881705468587
