Model: GRU
MSE: 9.28676743075482
MAE: 2.260709261072093
EVS: 0.8107127509370581
