Model: GRU
MSE: 5.486104495165967
MAE: 1.8780123940829574
EVS: 0.8337338214678578
