Model: GRU
MSE: 6.836310291161169
MAE: 1.9859263691408882
EVS: 0.8184867830127411
