Model: GRU
MSE: 452.2818064775279
MAE: 20.13529526776281
EVS: -0.4212333031051878
