Model: GRU
MSE: 5.65662622525081
MAE: 1.9827869185085953
EVS: 0.8477960337478503
