Model: GRU
MSE: 35.91771835904804
MAE: 4.589591388044687
EVS: -0.0034484534514036547
