Model: GRU
MSE: 5.893619168464658
MAE: 1.807727375934864
EVS: 0.832858564277624
