Model: GRU
MSE: 6.121794175787376
MAE: 1.8170892000198364
EVS: 0.8385606872681322
