Model: GRU
MSE: 6.847739758612116
MAE: 1.998232243389919
EVS: 0.8068552503223252
