Model: GRU
MSE: 7.551669466041084
MAE: 2.4244305830577324
EVS: 0.8122088851440032
