Model: GRU
MSE: 5.928676623792202
MAE: 1.822346724312881
EVS: 0.8324867459228666
