Model: GRU
MSE: 9.057768365639147
MAE: 2.304873667914292
EVS: 0.8156740910677104
