Model: GRU
MSE: 5.381492352014217
MAE: 1.8191908885692727
EVS: 0.837206173042433
