Model: GRU
MSE: 258.865221728942
MAE: 14.771330434700538
EVS: -0.23380496717271693
