Model: GRU
MSE: 8.49243175887383
MAE: 2.15379772104066
EVS: 0.8540679156958927
