Model: GRU
MSE: 7.516150817260588
MAE: 2.105100286417994
EVS: 0.8078480093092973
