Model: GRU
MSE: 5.5172288419892945
MAE: 1.9043083519771182
EVS: 0.8332928377067069
