Model: GRU
MSE: 5.531698705215961
MAE: 1.7165754663533177
EVS: 0.8381718449759955
