Model: GRU
MSE: 4.6493320122952
MAE: 1.691029809672257
EVS: 0.8592187062943284
