Model: GRU
MSE: 4.995741221613032
MAE: 1.8157383573466335
EVS: 0.8484593675875252
