Model: GRU
MSE: 4.983796708219133
MAE: 1.6875461144693966
EVS: 0.8544228973858937
