Model: GRU
MSE: 6.564669220128559
MAE: 2.1849081721799126
EVS: 0.8017969547764707
