Model: GRU
MSE: 187.65217100801462
MAE: 12.297435185004925
EVS: -0.10495032163170226
