Model: GRU
MSE: 386.9794664108054
MAE: 18.488114702290503
EVS: -0.37019179268504354
