Model: GRU
MSE: 5.031474272095909
MAE: 1.6171833112322052
EVS: 0.8534588605219148
