Model: GRU
MSE: 4.903224721007156
MAE: 1.634004412026241
EVS: 0.869706398440711
