Model: GRU
MSE: 4.918937561769958
MAE: 1.6027071640409272
EVS: 0.8621079651902159
