Model: GRU
MSE: 7.508272181740932
MAE: 2.260508470494172
EVS: 0.7737026126342206
