Model: GRU
MSE: 5.256313167354504
MAE: 1.5639169380582612
EVS: 0.8587355134026511
