Model: GRU
MSE: 6.245586397572638
MAE: 2.1428716984288445
EVS: 0.8242695795267941
