Model: GRU
MSE: 5.901412310272716
MAE: 1.8334486957254081
EVS: 0.8220277758435379
