Model: GRU
MSE: 6.694753190408674
MAE: 1.9530269852999984
EVS: 0.8221180487755501
