Model: GRU
MSE: 5.712042411835159
MAE: 1.7605316865033116
EVS: 0.8407434606142121
