Model: GRU
MSE: 4019.1222503617023
MAE: 63.101937063809096
EVS: -0.13050824847966802
