Model: GRU
MSE: 424.9316731264144
MAE: 19.770506316217883
EVS: -0.03316301326076654
