Model: GRU
MSE: 7.25904929311554
MAE: 2.0288338332340636
EVS: 0.8463917160415078
