Model: GRU
MSE: 9.802706091464207
MAE: 2.4696873323670747
EVS: 0.7142942729653732
