Model: GRU
MSE: 5.462679237429437
MAE: 1.9200215812387138
EVS: 0.8410894481236663
