Model: GRU
MSE: 5.46201839979046
MAE: 1.8696306820573478
EVS: 0.8379825183504266
