Model: GRU
MSE: 5.898308858530241
MAE: 1.959139283361106
EVS: 0.8211155382296521
