Model: GRU
MSE: 6.3138837306958635
MAE: 2.0755926247300773
EVS: 0.8240069317224119
