Model: GRU
MSE: 6.670554823102053
MAE: 1.924905545752624
EVS: 0.8371858519014038
