Model: GRU
MSE: 5.472028195370476
MAE: 1.7670487227111027
EVS: 0.840869200135199
