Model: GRU
MSE: 6.228150533521661
MAE: 2.016520013069284
EVS: 0.8117241588518966
