Model: GRU
MSE: 5.7300508515377535
MAE: 1.782269103773709
EVS: 0.8416210353864441
