Model: GRU
MSE: 5.191550287939845
MAE: 1.8733764033893059
EVS: 0.8498031553621299
