Model: GRU
MSE: 200.73479797660528
MAE: 12.917988974472571
EVS: -0.02714477628483314
