Model: GRU
MSE: 658.9557480988201
MAE: 24.98415604953108
EVS: -0.05406186522331691
