Model: GRU
MSE: 5.621173857304488
MAE: 1.9427623481586063
EVS: 0.8442592706337113
