Model: GRU
MSE: 5.569957134217973
MAE: 1.6901082673977161
EVS: 0.847694391474918
