Model: GRU
MSE: 203.07857402982003
MAE: 12.9318835858641
EVS: -0.0873471418335583
