Model: GRU
MSE: 4.848086427306059
MAE: 1.8701864316545684
EVS: 0.8626967185912174
