Model: GRU
MSE: 4.869202266052561
MAE: 1.6857649622292354
EVS: 0.8524564543379055
