Model: GRU
MSE: 227.88826558350416
MAE: 13.7999516273367
EVS: -0.13602345118563797
