Model: GRU
MSE: 5.695463361482909
MAE: 1.7736623574947488
EVS: 0.8281302548582015
