Model: GRU
MSE: 6.874208196642322
MAE: 1.958881875564312
EVS: 0.8190437841536262
