Model: GRU
MSE: 3094.851637978955
MAE: 55.28595608678357
EVS: -0.16226592983954746
