Model: GRU
MSE: 6.080775811150422
MAE: 1.7951587335816745
EVS: 0.8324945036978979
