Model: GRU
MSE: 6108.039065817921
MAE: 77.94381740175444
EVS: 0.0050089486019083695
