Model: GRU
MSE: 244.58118003042082
MAE: 14.553680206167288
EVS: 0.005883261376544269
