Model: GRU
MSE: 1026.8458743228227
MAE: 31.040880334788355
EVS: -0.9204801763190364
