Model: GRU
MSE: 6.2533429541237755
MAE: 1.8796383635751133
EVS: 0.8380996151567663
