Model: GRU
MSE: 6.9725059852958715
MAE: 2.0633933020049127
EVS: 0.7907655390607564
