Model: GRU
MSE: 6.245127494178873
MAE: 2.0975274834139594
EVS: 0.8179814237215302
