Model: GRU
MSE: 5.789459142178764
MAE: 1.6846914106401905
EVS: 0.8558799444432821
