Model: GRU
MSE: 5.148722777850709
MAE: 1.8531745014519527
EVS: 0.8453335703403085
