Model: GRU
MSE: 2080.9891085312397
MAE: 44.84433782511744
EVS: -1.1226566246667833
