Model: GRU
MSE: 6.072171178131188
MAE: 1.9837152300209835
EVS: 0.8164921988080747
