Model: GRU
MSE: 12.249493483469486
MAE: 2.868264243520539
EVS: 0.8381140976464974
