Model: GRU
MSE: 5.968860155356681
MAE: 1.8745693975481494
EVS: 0.8338174700812101
