Model: GRU
MSE: 32.43869261622854
MAE: 4.439277385843211
EVS: 0.0572163928957109
