Model: GRU
MSE: 8.887650509839949
MAE: 2.2574925874841623
EVS: 0.8317308488012272
