Model: GRU
MSE: 5.849879481907784
MAE: 1.8453173133833656
EVS: 0.824145941329788
