Model: GRU
MSE: 203.27843800850948
MAE: 12.931983283881483
EVS: -0.0933317408615717
