Model: GRU
MSE: 6.618282034842611
MAE: 1.8989529075293705
EVS: 0.8205129546377834
