Model: GRU
MSE: 6.307923800634616
MAE: 1.8994013625999977
EVS: 0.8174978055263797
