Model: GRU
MSE: 5.237524264295515
MAE: 1.8204412912500316
EVS: 0.8451629263815863
