Model: GRU
MSE: 4.6927411625375655
MAE: 1.7615238931672326
EVS: 0.8588985130819865
