Model: GRU
MSE: 9.44290626155096
MAE: 2.542489331344078
EVS: 0.793861135219942
