Model: GRU
MSE: 9.91109843416973
MAE: 2.822722931360376
EVS: 0.787600292599619
