Model: GRU
MSE: 6.092218352754837
MAE: 2.1109024162950187
EVS: 0.8198267528547484
