Model: GRU
MSE: 4.6294000354905895
MAE: 1.6953850460463558
EVS: 0.8596121763336462
