Model: GRU
MSE: 212.98465733238365
MAE: 13.321937873445709
EVS: -0.07720526174127507
