Model: GRU
MSE: 7.287561114839244
MAE: 2.0521420075975616
EVS: 0.8236793765723945
