Model: GRU
MSE: 7.336742524084515
MAE: 2.3386286620436043
EVS: 0.8287026722258337
