Model: GRU
MSE: 5.820502653687668
MAE: 1.8558721871211612
EVS: 0.8271455221117358
