Model: GRU
MSE: 6.979267626186634
MAE: 2.005339807477491
EVS: 0.8302606108103188
