Model: GRU
MSE: 5.921020429851995
MAE: 1.7012489499716923
EVS: 0.852387431603982
