Model: GRU
MSE: 8.341006372573576
MAE: 2.1140122989128374
EVS: 0.836246712093033
