Model: GRU
MSE: 14.496458161764224
MAE: 3.3893002107225616
EVS: 0.680556577042051
