Model: GRU
MSE: 7.0536911979540955
MAE: 2.059527039527893
EVS: 0.7868102416806794
