Model: GRU
MSE: 742.7883943509613
MAE: 26.61618285343565
EVS: -0.042519806736136756
