Model: GRU
MSE: 6.1700563502259005
MAE: 1.8611987048181995
EVS: 0.8439107232784332
