Model: GRU
MSE: 5.371086038614737
MAE: 1.732724983116676
EVS: 0.8452375715085914
