Model: GRU
MSE: 5.06321674922077
MAE: 1.6742608341677436
EVS: 0.8484890280733526
