Model: GRU
MSE: 6.7195470802200505
MAE: 1.8766197593047702
EVS: 0.852834406686328
