Model: GRU
MSE: 33.577873162796784
MAE: 4.520253148572198
EVS: 0.0
