Model: GRU
MSE: 5.8237347525988215
MAE: 2.0295913466091813
EVS: 0.8258201406629354
