Model: GRU
MSE: 7.449270652295921
MAE: 2.3893538918988457
EVS: 0.8021087122732622
