Model: GRU
MSE: 15.90762804660318
MAE: 3.4644445468639504
EVS: 0.7385756291256508
