Model: GRU
MSE: 4.813943712629478
MAE: 1.5891445505207982
EVS: 0.8567334916913819
