Model: GRU
MSE: 5.235396659114651
MAE: 1.7307545974336822
EVS: 0.8477822248710805
