Model: GRU
MSE: 9.369271109775712
MAE: 2.087154341169766
EVS: 0.7220655953452075
