Model: GRU
MSE: 7.114352695063842
MAE: 1.9349221587181091
EVS: 0.8133221096704255
