Model: GRU
MSE: 5.655921991081512
MAE: 1.8757253350882694
EVS: 0.8305498151462876
