Model: GRU
MSE: 6.126595173050638
MAE: 2.210778406981764
EVS: 0.8296178715659603
