Model: GRU
MSE: 4318.684979681282
MAE: 65.42365107043037
EVS: -0.16578969516726083
