Model: GRU
MSE: 6.935995826217655
MAE: 1.9483057424939911
EVS: 0.8521152946973504
