Model: GRU
MSE: 5.111593124227495
MAE: 1.6480243452664078
EVS: 0.8468665583227847
