Model: GRU
MSE: 5.526674000765395
MAE: 1.8306746493125785
EVS: 0.8351774499436123
