Model: GRU
MSE: 4.970509678760085
MAE: 1.7874200652385581
EVS: 0.8513013874098618
