Model: GRU
MSE: 17.91103870451622
MAE: 3.5277105282092918
EVS: 0.7690418892600326
