Model: GRU
MSE: 9.297485330328158
MAE: 2.308473525302751
EVS: 0.7009437456428351
