Model: GRU
MSE: 9.434440141763597
MAE: 2.3557176507752517
EVS: 0.8580962576446549
