Model: GRU
MSE: 5.813760904812894
MAE: 1.91896744843187
EVS: 0.8245132867309302
