Model: GRU
MSE: 8.108929855959376
MAE: 2.3889576731057
EVS: 0.7769919140776061
