Model: GRU
MSE: 2136.7578894308867
MAE: 45.736847252681336
EVS: -0.36198963562520103
