Model: GRU
MSE: 241.89508285768895
MAE: 14.27690042503949
EVS: -0.1546974019086711
