Model: GRU
MSE: 5.855906351855876
MAE: 1.9183790344616463
EVS: 0.8236820529483563
