Model: GRU
MSE: 5.942343558703285
MAE: 1.8804490257953774
EVS: 0.8199696473258856
