Model: GRU
MSE: 5.314336149317058
MAE: 1.713927522815507
EVS: 0.8401770451285341
