Model: GRU
MSE: 240.33692171099423
MAE: 14.218276582915207
EVS: -0.15810507213269842
