Model: GRU
MSE: 8.765593480592358
MAE: 2.663614640975821
EVS: 0.7906898646360254
