Model: GRU
MSE: 7.412697836960876
MAE: 2.35464978937445
EVS: 0.8083248321882148
