Model: GRU
MSE: 6.815539813123722
MAE: 1.9880542590700347
EVS: 0.8251371648644814
