Model: GRU
MSE: 5.7617696828269045
MAE: 1.7497198550865567
EVS: 0.8445491053346066
