Model: GRU
MSE: 5.697156497073061
MAE: 1.870434436304816
EVS: 0.8308654345153837
