Model: GRU
MSE: 5.520212898059426
MAE: 1.779503666121384
EVS: 0.8454742533535102
