Model: GRU
MSE: 15.327328133070143
MAE: 3.0025734325935103
EVS: 0.6590807046049199
