Model: GRU
MSE: 6.182721988859177
MAE: 1.8471234029737011
EVS: 0.8504441480377594
