Model: GRU
MSE: 5.394912679024011
MAE: 1.9470301938468013
EVS: 0.8460172475960449
