Model: GRU
MSE: 6.500187239807086
MAE: 1.8316726807890267
EVS: 0.8467892425794162
