Model: GRU
MSE: 6.3068174218023465
MAE: 1.8519960867947545
EVS: 0.8322957423030479
