Model: GRU
MSE: 193.52983659962115
MAE: 12.54271125793457
EVS: -0.09842750637172948
