Model: GRU
MSE: 9.232787515749544
MAE: 2.359741948801896
EVS: 0.8399009372893093
