Model: GRU
MSE: 6.081669950214637
MAE: 1.9461188768518383
EVS: 0.8183651129239446
