Model: GRU
MSE: 6.923991376581931
MAE: 1.991539794823219
EVS: 0.8588819562435295
