Model: GRU
MSE: 5.332271247865845
MAE: 1.7303378664214035
EVS: 0.8390367474344819
