Model: GRU
MSE: 6.559966348372256
MAE: 1.929670075918066
EVS: 0.8162123072734578
