Model: GRU
MSE: 32.97053769234095
MAE: 4.672275378786284
EVS: 0.0
