Model: GRU
MSE: 5.61055585896287
MAE: 1.7086376445046787
EVS: 0.8469868437063937
