Model: GRU
MSE: 4.698099481691882
MAE: 1.6619176381620868
EVS: 0.8582866654307224
