Model: GRU
MSE: 6.825371809607869
MAE: 1.9183562048550309
EVS: 0.8111920209631165
