Model: GRU
MSE: 5.988210295678277
MAE: 1.975922206352497
EVS: 0.8200467174498514
