Model: GRU
MSE: 7.501677487902836
MAE: 2.303648860290133
EVS: 0.7791726251440134
