Model: GRU
MSE: 31.316497964855508
MAE: 4.585255853061018
EVS: 0.05077623577861201
