Model: GRU
MSE: 6.5679850349057105
MAE: 2.215950899083039
EVS: 0.8047823389952573
