Model: GRU
MSE: 5.620791793987402
MAE: 1.8348857369916192
EVS: 0.829583716819819
