Model: GRU
MSE: 5.384940526373135
MAE: 1.6765030458055692
EVS: 0.8928675532757768
