Model: GRU
MSE: 6.931383458544265
MAE: 1.9943052807758594
EVS: 0.8018516525242463
