Model: GRU
MSE: 4.996238184935657
MAE: 1.7779568988701393
EVS: 0.8484404827928856
