Model: GRU
MSE: 7.9676204953561705
MAE: 2.159897606948326
EVS: 0.8549244379734079
