Model: GRU
MSE: 705.9354062325808
MAE: 25.27205858559444
EVS: -1.040267124777229
