Model: GRU
MSE: 5.190053740118881
MAE: 1.6649083536246727
EVS: 0.8468850142059277
