Model: GRU
MSE: 6.603424171134316
MAE: 1.8256834498767196
EVS: 0.8203073150356007
