Model: GRU
MSE: 5.336164488338407
MAE: 1.8696386731904129
EVS: 0.8455085525525063
