Model: GRU
MSE: 6.164073671662546
MAE: 1.7781302045131553
EVS: 0.856046459167702
