Model: GRU
MSE: 7.4645298463861876
MAE: 2.1238005243498703
EVS: 0.8011416844846426
