Model: GRU
MSE: 9.26922513252931
MAE: 2.565716340624053
EVS: 0.8155229665261763
