Model: GRU
MSE: 10.145268095765559
MAE: 2.7923729604688186
EVS: 0.8076038218627376
