Model: GRU
MSE: 39.74440199791526
MAE: 4.876486120552852
EVS: 0.008386210269189509
