Model: GRU
MSE: 6.749594657527901
MAE: 2.2246175552236624
EVS: 0.8139636714405587
