Model: GRU
MSE: 3796.486646550317
MAE: 61.28594790867397
EVS: -0.31156198889899245
