Model: GRU
MSE: 224.9457732198866
MAE: 13.799871378931506
EVS: -0.046830932217757804
