Model: GRU
MSE: 9.411709132933632
MAE: 2.402915617515301
EVS: 0.8533088009356972
