Model: GRU
MSE: 438.39349708410805
MAE: 19.542474056112354
EVS: -0.7134633270483519
