Model: GRU
MSE: 5.523785701205391
MAE: 1.753620932842123
EVS: 0.8477862899709578
