Model: GRU
MSE: 6.429559924881798
MAE: 1.8459232315934937
EVS: 0.8208159082314463
