Model: GRU
MSE: 4.852538646674533
MAE: 1.621913293312336
EVS: 0.8656828015483258
