Model: GRU
MSE: 8.241716814229893
MAE: 2.4573384564498375
EVS: 0.8128935748679459
