Model: GRU
MSE: 9.532326763588598
MAE: 2.6779337689794342
EVS: 0.7899178200976644
