Model: GRU
MSE: 6.8282630461627765
MAE: 2.286496304232499
EVS: 0.8082820244447531
