Model: GRU
MSE: 4.697787318622587
MAE: 1.5886239275850098
EVS: 0.8629106342060532
