Model: GRU
MSE: 10.252775837121897
MAE: 2.759776263401426
EVS: 0.8057761151016816
