Model: GRU
MSE: 5.975650101044344
MAE: 1.9538186994092217
EVS: 0.8310462967518742
