Model: GRU
MSE: 7.101172081556023
MAE: 2.1290259094073853
EVS: 0.7849639603266507
