Model: GRU
MSE: 7.438852855481416
MAE: 2.133469515833361
EVS: 0.7883715734631476
