Model: GRU
MSE: 4.9298676871393345
MAE: 1.617535387647563
EVS: 0.8792039930128044
