Model: GRU
MSE: 746.8483903830086
MAE: 26.780316747468092
EVS: 0.10018019522973776
