Model: GRU
MSE: 5.7444622521711235
MAE: 1.8724912528333992
EVS: 0.8264207075034873
