Model: GRU
MSE: 6.879113999471546
MAE: 1.9730532744835163
EVS: 0.8463166967855864
