Model: GRU
MSE: 5.639893681840833
MAE: 1.8917310895590946
EVS: 0.8325836014683736
