Model: GRU
MSE: 10.284053292269531
MAE: 2.465096950531006
EVS: 0.8177417165327495
