Model: GRU
MSE: 5.558784172057517
MAE: 1.72946697473526
EVS: 0.8536298148281869
