Model: GRU
MSE: 6.165908579684791
MAE: 1.8094353531969005
EVS: 0.8443373073953078
