Model: GRU
MSE: 195.60787631987546
MAE: 12.672229043368635
EVS: -0.06239763010054156
