Model: GRU
MSE: 5.848671902683941
MAE: 2.04321132035091
EVS: 0.83489176913417
