Model: GRU
MSE: 5.547466756889958
MAE: 1.7634539933040225
EVS: 0.8335875496757102
