Model: GRU
MSE: 6.814841373983921
MAE: 1.9242240981809025
EVS: 0.8431554982184208
