Model: GRU
MSE: 7.581407884620959
MAE: 2.4077595390122513
EVS: 0.8110457778361861
