Model: GRU
MSE: 6.029703456207958
MAE: 1.979091156145622
EVS: 0.8172063083539001
