Model: GRU
MSE: 675.8123863656039
MAE: 25.355104873920308
EVS: 0.0010457607268952174
