Model: GRU
MSE: 6.246397364213883
MAE: 1.989422004798363
EVS: 0.8109985051580029
