Model: GRU
MSE: 5.3267704016098865
MAE: 1.9106790937226394
EVS: 0.8461608310561106
