Model: GRU
MSE: 5.939678071683352
MAE: 1.9086292324395016
EVS: 0.8202365571946575
