Model: GRU
MSE: 32.97002023377241
MAE: 4.671370013006802
EVS: 0.0
