Model: GRU
MSE: 5.83516437362771
MAE: 1.9433778606612107
EVS: 0.8230711991042559
