Model: GRU
MSE: 5.0103366513407215
MAE: 1.6831828921005643
EVS: 0.8502886855301459
