Model: GRU
MSE: 6.0640622598193294
MAE: 1.7560875169162093
EVS: 0.8436600210698542
