Model: GRU
MSE: 4.814054054003199
MAE: 1.5882447361946106
EVS: 0.8672367859889352
