Model: GRU
MSE: 4.311050961674902
MAE: 1.7049679550631294
EVS: 0.8692256022880906
