Model: GRU
MSE: 5.449292872773464
MAE: 1.8184929130406216
EVS: 0.8359068588500072
