Model: GRU
MSE: 32.53017492856309
MAE: 4.811611677038258
EVS: 0.14232149838682384
