Model: GRU
MSE: 10.295699474525652
MAE: 2.6136944549424306
EVS: 0.672477069016792
