Model: GRU
MSE: 6.4658049288065715
MAE: 1.8255701620003273
EVS: 0.857622460184336
