Model: GRU
MSE: 6.536723960520633
MAE: 2.1602299973882477
EVS: 0.8269079268175299
