Model: GRU
MSE: 195.04072980315192
MAE: 12.643221898325558
EVS: -0.06746906396729746
