Model: GRU
MSE: 2423.5907079836747
MAE: 48.3189886027369
EVS: -1.6957274093885215
