Model: GRU
MSE: 6.402427566832353
MAE: 2.063597432498274
EVS: 0.8058176775324228
