Model: GRU
MSE: 204.61965625566575
MAE: 12.903991622143778
EVS: -0.15595506032213202
