Model: GRU
MSE: 7.819498529442961
MAE: 2.412553509761547
EVS: 0.7800378628800274
