Model: GRU
MSE: 6.235915961395097
MAE: 1.824681619118
EVS: 0.8242154339586582
