Model: GRU
MSE: 5.186441174157428
MAE: 1.5701908263666877
EVS: 0.8732572572867813
