Model: GRU
MSE: 4.543083145731391
MAE: 1.639795642474602
EVS: 0.8622901754515454
