Model: GRU
MSE: 230.55321739131125
MAE: 13.741397010868994
EVS: -0.26578403959076025
