Model: GRU
MSE: 5.402408467490743
MAE: 1.8156238095513706
EVS: 0.8366625646022825
