Model: GRU
MSE: 9.970505222075598
MAE: 2.3543523457543603
EVS: 0.8414551480868686
