Model: GRU
MSE: 6.718629814899592
MAE: 2.2593259235908247
EVS: 0.8082097165136402
