Model: GRU
MSE: 7.432141375509335
MAE: 2.4560467343905876
EVS: 0.800706087915053
