Model: GRU
MSE: 5.642717423717523
MAE: 1.712669347894603
EVS: 0.8524353507932715
