Model: GRU
MSE: 33.321899734479054
MAE: 4.501777024104677
EVS: 0.04274493029626525
