Model: GRU
MSE: 9.422750937144045
MAE: 2.684994154963
EVS: 0.7965409513886088
