Model: GRU
MSE: 4.124289202843804
MAE: 1.5659330507804607
EVS: 0.8768706324054081
