Model: GRU
MSE: 6.25993608769733
MAE: 1.9591786645609757
EVS: 0.810112903035298
