Model: GRU
MSE: 3185.7844802374343
MAE: 56.05343095187483
EVS: -0.3285809665943671
