Model: GRU
MSE: 3787.434848159072
MAE: 61.28779075885641
EVS: 0.05229601498588954
