Model: GRU
MSE: 5.178814256854292
MAE: 1.708109221581755
EVS: 0.8436337893082839
