Model: GRU
MSE: 5.581586569905834
MAE: 1.733217833370998
EVS: 0.841684051212612
