Model: GRU
MSE: 1078.5665693696944
MAE: 31.839965458573968
EVS: -0.9651798117456352
