Model: GRU
MSE: 5.760588382878814
MAE: 1.838880327241174
EVS: 0.82688614278445
