Model: GRU
MSE: 975.0291045086768
MAE: 30.242704851873988
EVS: -0.8324574527011692
