Model: GRU
MSE: 200.68138804493438
MAE: 12.84581063944718
EVS: -0.08193470162301209
