Model: GRU
MSE: 249.24871724449864
MAE: 14.550849117081741
EVS: -0.13820471681609248
