Model: GRU
MSE: 5.664594958639439
MAE: 1.8943795530960477
EVS: 0.828418227214101
