Model: GRU
MSE: 5.864922424102074
MAE: 1.7460658889392326
EVS: 0.8629884746052954
