Model: GRU
MSE: 4.830190084047893
MAE: 1.7249535260529354
EVS: 0.8535290514108361
