Model: GRU
MSE: 1870.6349559473576
MAE: 42.7292109193473
EVS: -0.36049708636127864
