Model: GRU
MSE: 6.134295967888828
MAE: 2.076691698411415
EVS: 0.8350313389093864
