Model: GRU
MSE: 216.6349705717173
MAE: 13.23560201710668
EVS: -0.25749004673419185
