Model: GRU
MSE: 11.198917427061247
MAE: 2.5994796917356293
EVS: 0.8334830145048339
