Model: GRU
MSE: 5.682895118937194
MAE: 1.773044501913005
EVS: 0.8415378758156494
