Model: GRU
MSE: 5.772385290629523
MAE: 1.758972065202121
EVS: 0.8447499659340025
