Model: GRU
MSE: 5.768904136945325
MAE: 1.9065218238994992
EVS: 0.8250541129446058
