Model: GRU
MSE: 7.070850191322305
MAE: 2.3200381213221055
EVS: 0.8181784780987192
