Model: GRU
MSE: 5.862210975924392
MAE: 1.7658615852224415
EVS: 0.8418623569823578
