Model: GRU
MSE: 5.722224245304441
MAE: 1.8119430675588806
EVS: 0.8313500571053087
