Model: GRU
MSE: 5.530823115801325
MAE: 1.8443109578099743
EVS: 0.8322478087949334
