Model: GRU
MSE: 5.587962503866322
MAE: 1.6853152369630748
EVS: 0.847229730385697
