Model: GRU
MSE: 5.197169151748673
MAE: 1.7622739693214153
EVS: 0.8425992617437532
