Model: GRU
MSE: 1150.580477791923
MAE: 33.12681165234796
EVS: -0.6136506262675778
