Model: GRU
MSE: 4.787514016836493
MAE: 1.5295900383899952
EVS: 0.8607429477333246
