Model: GRU
MSE: 5.706531809182492
MAE: 1.7484722651284317
EVS: 0.8556289045477825
