Model: GRU
MSE: 6.443934986926754
MAE: 1.8379317707028882
EVS: 0.8289774265092934
