Model: GRU
MSE: 6.639627374309035
MAE: 1.9708244677247673
EVS: 0.8091107005830839
