Model: GRU
MSE: 5.898898584974886
MAE: 2.0925053008671464
EVS: 0.8599409323925146
