Model: GRU
MSE: 7.2114233576324
MAE: 2.3390862366248824
EVS: 0.7974409242652332
