Model: GRU
MSE: 7.590566890217084
MAE: 2.401166802850263
EVS: 0.7768624864674512
