Model: GRU
MSE: 8.327561984842742
MAE: 2.2073000196752877
EVS: 0.8217783974359492
