Model: GRU
MSE: 17.392745629154042
MAE: 3.587705842379866
EVS: 0.7331978339986271
