Model: GRU
MSE: 7.045913684656788
MAE: 2.044146143156907
EVS: 0.8069858924225434
