Model: GRU
MSE: 5.2347563919976325
MAE: 1.6702413230106747
EVS: 0.8490161944579413
