Model: GRU
MSE: 6.939166091481743
MAE: 2.076907211336596
EVS: 0.791340997736917
