Model: GRU
MSE: 8.82547963104668
MAE: 2.441855227125102
EVS: 0.7560769854489443
