Model: GRU
MSE: 1406.2744238768807
MAE: 37.07761886202056
EVS: 0.0437097295094947
