Model: GRU
MSE: 179.6395405844867
MAE: 12.037577300236142
EVS: -0.05371540422014753
