Model: GRU
MSE: 5.016282099463571
MAE: 1.8309585215716526
EVS: 0.851242887697367
