Model: GRU
MSE: 5.660312366666153
MAE: 2.0249279449725974
EVS: 0.8396380659867393
