Model: GRU
MSE: 4.870206079612129
MAE: 1.6166389646201298
EVS: 0.8550655597308068
