Model: GRU
MSE: 4.852401662275419
MAE: 1.5930013985469424
EVS: 0.8689067986174757
