Model: GRU
MSE: 4.55431953312196
MAE: 1.7010528239710578
EVS: 0.8618738696264017
