Model: GRU
MSE: 398.21672567125194
MAE: 19.14116382598877
EVS: 0.03436755368261868
