Model: GRU
MSE: 9.942792305417735
MAE: 2.8178189047451676
EVS: 0.7626986344826762
