Model: GRU
MSE: 5.952288887383816
MAE: 1.8106216315565438
EVS: 0.8600698748583222
