Model: GRU
MSE: 5.082235139260321
MAE: 1.7253182838703025
EVS: 0.8463675616604207
