Model: GRU
MSE: 6.845408072965366
MAE: 1.9817757483186393
EVS: 0.8511691321630553
