Model: GRU
MSE: 33.57051023864438
MAE: 4.521066731420056
EVS: 0.0
