Model: GRU
MSE: 6.554573734130318
MAE: 1.8247274109001816
EVS: 0.830543982096013
