Model: GRU
MSE: 10.005205077733574
MAE: 2.115443253517151
EVS: 0.7182054221304609
