Model: GRU
MSE: 9.8356466969038
MAE: 2.194110533169338
EVS: 0.6900313696201281
