Model: GRU
MSE: 5.587930327556525
MAE: 1.737407137607706
EVS: 0.8540029262299722
