Model: GRU
MSE: 5631.081591011052
MAE: 74.72354691604087
EVS: -0.4400844054617097
