Model: GRU
MSE: 7.625023623015703
MAE: 2.165695206872348
EVS: 0.7743999435744378
