Model: GRU
MSE: 6.171774919118151
MAE: 1.9930364499832023
EVS: 0.8130862263240969
