Model: GRU
MSE: 5.727723803219726
MAE: 1.8126310572541993
EVS: 0.8289513741347503
