Model: GRU
MSE: 7.546168633729693
MAE: 2.3708241808003394
EVS: 0.79722466250626
