Model: GRU
MSE: 6.716099714458737
MAE: 1.9964945830147842
EVS: 0.8084153911035481
