Model: GRU
MSE: 8.357353152143109
MAE: 2.475127228375139
EVS: 0.7778868194278123
