Model: GRU
MSE: 6.026392091734736
MAE: 1.9673933345696022
EVS: 0.8172480299502464
