Model: GRU
MSE: 6.244783930232641
MAE: 1.7613803199652969
EVS: 0.8486864402612846
