Model: GRU
MSE: 6.579010918469525
MAE: 1.981735714550676
EVS: 0.8372517742672416
