Model: GRU
MSE: 4.928916812516939
MAE: 1.8664743735872467
EVS: 0.855400925015401
