Model: GRU
MSE: 5.4928950522723765
MAE: 1.8483731931653515
EVS: 0.8335259332740144
