Model: GRU
MSE: 5.586242948312735
MAE: 1.7187982715409378
EVS: 0.8376214494254927
