Model: GRU
MSE: 11.096571495653574
MAE: 2.5750879994754134
EVS: 0.7510681944381334
