Model: GRU
MSE: 206.73441542455586
MAE: 13.177978534122992
EVS: -0.0033301445436553223
