Model: GRU
MSE: 5.829756753488021
MAE: 1.87035949476834
EVS: 0.8240837848971329
