Model: GRU
MSE: 8.409015486973818
MAE: 2.221230358913027
EVS: 0.8641277147862763
