Model: GRU
MSE: 5.337329522179607
MAE: 1.903915758790641
EVS: 0.8547206068133523
