Model: GRU
MSE: 1170.2386759641172
MAE: 33.71365501140726
EVS: -0.02010053383054955
