Model: GRU
MSE: 6.630350889326096
MAE: 1.889596018297919
EVS: 0.8406972141204765
