Model: GRU
MSE: 6.458630215453007
MAE: 1.9497679759716164
EVS: 0.8410664034640971
