Model: GRU
MSE: 187.28054767364938
MAE: 12.253702849149704
EVS: -0.12624697760805836
