Model: GRU
MSE: 13.130995878493877
MAE: 2.9547579781762483
EVS: 0.8370704304848691
