Model: GRU
MSE: 1027.9669754362005
MAE: 31.546191182629816
EVS: 0.004875395554483797
