Model: GRU
MSE: 6.426853610462321
MAE: 1.9908766787627648
EVS: 0.813891438521527
