Model: GRU
MSE: 6.4727584584361555
MAE: 1.792597316462418
EVS: 0.829712685707112
