Model: GRU
MSE: 7.341755982730961
MAE: 1.9856511148913154
EVS: 0.843531273546286
