Model: GRU
MSE: 9.529049523738571
MAE: 2.374242535952864
EVS: 0.8156490455202368
