Model: GRU
MSE: 5.9607614082163405
MAE: 2.0731598714302324
EVS: 0.8510894834767289
