Model: GRU
MSE: 6.5144534268561625
MAE: 1.852590692454371
EVS: 0.8327334190390445
