Model: GRU
MSE: 9.094955380826104
MAE: 2.633547047088886
EVS: 0.7810950402541428
