Model: GRU
MSE: 5.2138440432256905
MAE: 1.8446068825392887
EVS: 0.8467777700105861
