Model: GRU
MSE: 50.48778342910451
MAE: 6.154035872426526
EVS: 0.18263658246300407
