Model: GRU
MSE: 5.497892792853551
MAE: 1.6735353798701846
EVS: 0.8546280021003898
