Model: GRU
MSE: 5.411080113562843
MAE: 1.7457673457162133
EVS: 0.8482928530684916
