Model: GRU
MSE: 19.578726583676
MAE: 3.4425046032872695
EVS: 0.5264625784473946
