Model: GRU
MSE: 351.01163755946317
MAE: 17.556468396351256
EVS: -0.2977820033620304
