Model: GRU
MSE: 4.960953305011301
MAE: 1.6189603846648644
EVS: 0.861919185740234
