Model: GRU
MSE: 4.8236763018987405
MAE: 1.6583696706541653
EVS: 0.8541429211242466
