Model: GRU
MSE: 5.232479528870824
MAE: 1.7172765762641513
EVS: 0.8506099366686535
