Model: GRU
MSE: 7.124886851388924
MAE: 2.227596137030371
EVS: 0.7892376332088149
