Model: GRU
MSE: 7.0956412865134135
MAE: 2.2684548003920195
EVS: 0.789797173930549
