Model: GRU
MSE: 6.084278545891037
MAE: 1.8531468695607678
EVS: 0.8317043986373174
