Model: GRU
MSE: 11.707665615510537
MAE: 2.8805589264836806
EVS: 0.7503407936646852
