Model: GRU
MSE: 4.971109961236107
MAE: 1.7443720708633292
EVS: 0.8498430325102846
