Model: GRU
MSE: 887.0118474542088
MAE: 27.7528982820182
EVS: -2.5427469117810055
