Model: GRU
MSE: 196.6468402653826
MAE: 12.788293152019895
EVS: -0.0042735953746093625
