Model: GRU
MSE: 9.642244877314244
MAE: 2.418655481831781
EVS: 0.7939676738648518
