Model: GRU
MSE: 14.359657883566745
MAE: 3.214590311050415
EVS: 0.5905767986993302
