Model: GRU
MSE: 6.049254658515455
MAE: 1.7790481581770141
EVS: 0.8371567686777398
