Model: GRU
MSE: 8.619740440963552
MAE: 1.9691876137895243
EVS: 0.7405291409943702
