Model: GRU
MSE: 5.008087564475642
MAE: 1.7750911178260014
EVS: 0.8483021860260025
