Model: GRU
MSE: 5.485059541627442
MAE: 1.82265409929999
EVS: 0.8340957840877704
