Model: GRU
MSE: 210.3321809127668
MAE: 13.221881650645157
EVS: -0.0773083361337763
