Model: GRU
MSE: 5.30494204120261
MAE: 1.8909063832513218
EVS: 0.8441579311267147
