Model: GRU
MSE: 5.756555234430592
MAE: 1.894892526083979
EVS: 0.8253819294081209
