Model: GRU
MSE: 8.623134498951613
MAE: 2.3176725280695947
EVS: 0.8128460859420553
