Model: GRU
MSE: 5.806311305547942
MAE: 1.8005350704850822
EVS: 0.8331194013843997
