Model: GRU
MSE: 4.368527927305447
MAE: 1.6693587282608295
EVS: 0.8680641958680986
