Model: GRU
MSE: 6.574947563308832
MAE: 1.8575917194629539
EVS: 0.8383209958219332
