Model: GRU
MSE: 6.6009581603385525
MAE: 1.9909680506278729
EVS: 0.8101312740027775
