Model: GRU
MSE: 5.29214557128011
MAE: 1.8714590267888431
EVS: 0.8407929264023924
