Model: GRU
MSE: 391.7395909401693
MAE: 18.942806506979053
EVS: 0.0016940326356512658
