Model: GRU
MSE: 5.363305540064025
MAE: 1.8361923715163921
EVS: 0.8374776359242415
