Model: GRU
MSE: 7.966431342347173
MAE: 2.2808034276140146
EVS: 0.7586307057453003
