Model: GRU
MSE: 5.3026870939128194
MAE: 1.6982756801720322
EVS: 0.859280744053555
