Model: GRU
MSE: 1617.7187377075234
MAE: 39.216852747160814
EVS: -1.4194129195981446
