Model: GRU
MSE: 32.67549437978722
MAE: 4.7891396489636655
EVS: 0.021786897532969474
