Model: GRU
MSE: 5.449920713013275
MAE: 1.9542771536728432
EVS: 0.8520707950641832
