Model: GRU
MSE: 32.07935754257465
MAE: 4.439357034091292
EVS: 0.04015231180220857
