Model: GRU
MSE: 244.72167893872162
MAE: 14.247128766158532
EVS: -0.2662019089093832
