Model: GRU
MSE: 11.537574115290946
MAE: 2.777721164907728
EVS: 0.7258522154299961
