Model: GRU
MSE: 11.454853613929394
MAE: 2.8670329842074165
EVS: 0.784918833597108
