Model: GRU
MSE: 9.688303399528206
MAE: 2.1500741609505245
EVS: 0.6993936367277435
