Model: GRU
MSE: 11.423485088242591
MAE: 2.951900381466438
EVS: 0.7137105906761358
