Model: GRU
MSE: 6.313599068147271
MAE: 1.8697542856479514
EVS: 0.8395775532634416
