Model: GRU
MSE: 6.792409152028513
MAE: 1.9805556494614174
EVS: 0.8223878968582455
