Model: GRU
MSE: 9.905305781560243
MAE: 2.451618119560439
EVS: 0.819129518414806
