Model: GRU
MSE: 9.504404901997889
MAE: 2.331044920559587
EVS: 0.8148586259842379
