Model: GRU
MSE: 4.972065809698665
MAE: 1.6528910645123185
EVS: 0.8491801545628694
