Model: GRU
MSE: 5.53105726899228
MAE: 1.8706721848454968
EVS: 0.8324534637656584
