Model: GRU
MSE: 32.08574365934267
MAE: 4.823202544245227
EVS: 0.09645357446347402
