Model: GRU
MSE: 5.519087392233818
MAE: 1.8242565105701316
EVS: 0.8327366596047159
