Model: GRU
MSE: 6.060316283975864
MAE: 1.9611025843127021
EVS: 0.8175763485088304
