Model: GRU
MSE: 5.379083173815329
MAE: 1.768682091400541
EVS: 0.8370532712173815
