Model: GRU
MSE: 5.272144371900568
MAE: 1.740891427829348
EVS: 0.8417511528423289
