Model: GRU
MSE: 4.042389581016388
MAE: 1.4534854960852657
EVS: 0.8781053889222887
