Model: GRU
MSE: 8.979611195383788
MAE: 2.246315615958181
EVS: 0.858698705628893
