Model: GRU
MSE: 6.852479684147761
MAE: 1.9805545734948125
EVS: 0.8403215199093397
