Model: GRU
MSE: 6.232555069575549
MAE: 2.0469154294194847
EVS: 0.8160761531704908
