Model: GRU
MSE: 197.43510201376014
MAE: 12.672244339153684
EVS: -0.11781426490991587
