Model: GRU
MSE: 264.34957732357304
MAE: 14.870560715938437
EVS: -0.3109456466502982
