Model: GRU
MSE: 8.734294014931384
MAE: 2.2171762698683244
EVS: 0.8398144126520711
