Model: GRU
MSE: 8.381066719651866
MAE: 2.2456087315904685
EVS: 0.8429440594961909
