Model: GRU
MSE: 10.536286877056419
MAE: 2.8021124529427497
EVS: 0.8021734871954752
