Model: GRU
MSE: 5.769963016681163
MAE: 1.9923780539940144
EVS: 0.8308488691665821
