Model: GRU
MSE: 5.121782424162089
MAE: 1.7662204791759621
EVS: 0.8450387966968887
