Model: GRU
MSE: 192.48427112208972
MAE: 12.556944419597757
EVS: -0.055873557522439166
