Model: GRU
MSE: 8.338235724923168
MAE: 2.521225731948326
EVS: 0.7824926174113831
