Model: GRU
MSE: 5.276893403781668
MAE: 1.8727048059989666
EVS: 0.8418428046517792
