Model: GRU
MSE: 5185.258190276178
MAE: 71.74478333571861
EVS: -0.15102863726165716
