Model: GRU
MSE: 5.973039296295703
MAE: 2.003219716507813
EVS: 0.8208903757217819
