Model: GRU
MSE: 7443.723338423759
MAE: 86.0972119035392
EVS: 0.059822400665295206
