Model: GRU
MSE: 5.819335506974939
MAE: 1.7581550674191837
EVS: 0.8316773834615272
