Model: GRU
MSE: 5.392095852697805
MAE: 1.7291761924480569
EVS: 0.8365095010541892
