Model: GRU
MSE: 5.169151897810241
MAE: 1.6774704733799244
EVS: 0.8464861207529236
