Model: GRU
MSE: 6.036036810172912
MAE: 1.9174616932868958
EVS: 0.8243355486770034
