Model: GRU
MSE: 6.178128801372715
MAE: 2.1011712304477035
EVS: 0.8220979742130898
