Model: GRU
MSE: 421.52940866007543
MAE: 19.359337683381707
EVS: -0.41801060722312045
