Model: GRU
MSE: 4.880256332135438
MAE: 1.8062307629091987
EVS: 0.8551053799202626
