Model: GRU
MSE: 5.386595493774944
MAE: 1.61425774878469
EVS: 0.8583863918947381
