Model: GRU
MSE: 5.880497671757704
MAE: 1.9155284032739441
EVS: 0.8218614958939872
