Model: GRU
MSE: 6.8927876175506135
MAE: 1.9089731944018398
EVS: 0.8404400749847596
