Model: GRU
MSE: 943.2891587486306
MAE: 30.199729985204236
EVS: 0.0515705444432879
