Model: GRU
MSE: 6.101650843993811
MAE: 2.133847976553029
EVS: 0.8389745528472295
