Model: GRU
MSE: 8.503057147005997
MAE: 2.177535579122346
EVS: 0.8600745658096919
