Model: GRU
MSE: 5.005023226673835
MAE: 1.7078237040289517
EVS: 0.8487177902803296
