Model: GRU
MSE: 5.227248282668099
MAE: 1.6825617222950375
EVS: 0.8597854772454034
