Model: GRU
MSE: 7.96683108015629
MAE: 2.4479040873461755
EVS: 0.7881828696507982
