Model: GRU
MSE: 5.4683595550233335
MAE: 1.7800390494280849
EVS: 0.8387458170017015
