Model: GRU
MSE: 5.4912396369409775
MAE: 1.9483046819423806
EVS: 0.8431761492011383
