Model: GRU
MSE: 4.479267198210853
MAE: 1.6212278275654233
EVS: 0.8641231013800366
