Model: GRU
MSE: 33.809884835598275
MAE: 4.87697459911478
EVS: 0.0
