Model: GRU
MSE: 5.9360464979184275
MAE: 1.7841553873029248
EVS: 0.8647508105366317
