Model: GRU
MSE: 5.209688982253933
MAE: 1.645599130926461
EVS: 0.8480421485213946
