Model: GRU
MSE: 5.108787543147878
MAE: 1.6216703098395775
EVS: 0.8483547208469377
