Model: GRU
MSE: 5.3730525823276505
MAE: 1.7652346019087166
EVS: 0.8405888003029067
