Model: GRU
MSE: 279.38571672745167
MAE: 15.580224489343577
EVS: -0.11153485992071088
