Model: GRU
MSE: 8.002352247880996
MAE: 2.158302274243585
EVS: 0.799703547730207
