Model: GRU
MSE: 5.8167655782935235
MAE: 1.7830083442145381
EVS: 0.8263500659556593
