Model: GRU
MSE: 5.346913949621372
MAE: 1.9370427285802776
EVS: 0.8436129617214528
