Model: GRU
MSE: 6.813834234492925
MAE: 1.8624152695310527
EVS: 0.8269612602318003
