Model: GRU
MSE: 7.629803214680835
MAE: 2.102313074572333
EVS: 0.8378216557739192
