Model: GRU
MSE: 6.186281924437559
MAE: 1.7430730441520954
EVS: 0.831037579443887
