Model: GRU
MSE: 5.74043715665839
MAE: 1.7530565354330787
EVS: 0.8381123008365807
