Model: GRU
MSE: 203.8860393159817
MAE: 12.919240793277478
EVS: -0.1217556930937318
