Model: GRU
MSE: 31.33318083936925
MAE: 4.630469355089911
EVS: 0.05463742857252718
