Model: GRU
MSE: 7.29339106848171
MAE: 1.9446982679695919
EVS: 0.8304972783217504
