Model: GRU
MSE: 6.009997515794607
MAE: 1.8016667972350944
EVS: 0.8509156294071076
