Model: GRU
MSE: 6.123608451599715
MAE: 1.9434890253790493
EVS: 0.816507785923406
