Model: GRU
MSE: 3317.798085832556
MAE: 57.290836926164296
EVS: -0.07864499355018029
