Model: GRU
MSE: 31.218483883213796
MAE: 4.372979377878123
EVS: 0.10446076191789977
