Model: GRU
MSE: 30.61436876453407
MAE: 4.377765655517578
EVS: 0.08311155241755952
