Model: GRU
MSE: 7.393354901922117
MAE: 2.063699171460908
EVS: 0.8406078419543714
