Model: GRU
MSE: 4.878402209558261
MAE: 1.7353786856963718
EVS: 0.8533919835843199
