Model: GRU
MSE: 7.004973319115054
MAE: 2.278360760417478
EVS: 0.8023800479717864
