Model: GRU
MSE: 5.272104862053074
MAE: 1.9327871573382411
EVS: 0.8445102495796131
