Model: GRU
MSE: 5.518421891107459
MAE: 2.0286819071605287
EVS: 0.8432826650130965
