Model: GRU
MSE: 5.987151941368686
MAE: 1.8082567617811005
EVS: 0.8230107500640678
