Model: GRU
MSE: 8.173795593213642
MAE: 2.3567530245616517
EVS: 0.78639438293049
