Model: GRU
MSE: 12.40106797334096
MAE: 3.108341064946405
EVS: 0.7837915025428808
