Model: GRU
MSE: 8.639249039825197
MAE: 2.1133428433111736
EVS: 0.7275503367758747
