Model: GRU
MSE: 5.794231377307985
MAE: 2.057901314620314
EVS: 0.8530776049197957
