Model: GRU
MSE: 4.9739761083064025
MAE: 1.7350681609120862
EVS: 0.849300738873155
