Model: GRU
MSE: 6.613257033236709
MAE: 1.8321859528278481
EVS: 0.852214497950569
