Model: GRU
MSE: 275.2790054952343
MAE: 15.261296831328293
EVS: -0.28533777313637687
