Model: GRU
MSE: 5.802938120540789
MAE: 1.9384351413825462
EVS: 0.8242968814634176
