Model: GRU
MSE: 5.188894425867012
MAE: 1.6552652367230118
EVS: 0.8622435575458022
