Model: GRU
MSE: 2801.6114739886866
MAE: 52.60062579450936
EVS: -0.05521292931570798
