Model: GRU
MSE: 5.706118034743502
MAE: 1.7353298201643188
EVS: 0.8891491003103427
