Model: GRU
MSE: 35.30673659047598
MAE: 5.060998045164963
EVS: 0.00330681445754899
