Model: GRU
MSE: 6.643572563320435
MAE: 1.9864990690658832
EVS: 0.8420537907011469
