Model: GRU
MSE: 5.84218787413176
MAE: 1.8196928973855644
EVS: 0.8267028980197297
