Model: GRU
MSE: 6.217167961295555
MAE: 2.0237135887145996
EVS: 0.8122328765273171
