Model: GRU
MSE: 2093.9780389247017
MAE: 45.08162577398892
EVS: -0.8693793289360556
