Model: GRU
MSE: 6.939821415950939
MAE: 2.206695411739678
EVS: 0.8176566951256103
