Model: GRU
MSE: 5.766875298458864
MAE: 1.9978477143008133
EVS: 0.8388076047426483
