Model: GRU
MSE: 6.066598899044926
MAE: 2.063077316201966
EVS: 0.8185312272086104
