Model: GRU
MSE: 5.061047498459014
MAE: 1.6588394713812862
EVS: 0.8576396935843724
