Model: GRU
MSE: 5.665959268708754
MAE: 2.080890221842404
EVS: 0.8491280247340018
