Model: GRU
MSE: 214.78979855176118
MAE: 13.381406183900504
EVS: -0.08379209801640819
