Model: GRU
MSE: 6.25002869049484
MAE: 2.1572955805679848
EVS: 0.8253285256881752
