Model: GRU
MSE: 30.768554894557397
MAE: 4.445226159589044
EVS: 0.0715989050331638
