Model: GRU
MSE: 6.0767553069977565
MAE: 2.0117272261915535
EVS: 0.8207684669632741
