Model: GRU
MSE: 4.4683732646550425
MAE: 1.5762916022333606
EVS: 0.8648375602287164
