Model: GRU
MSE: 4.72759652664002
MAE: 1.761840849087156
EVS: 0.8584526401213535
