Model: GRU
MSE: 6.664894642833333
MAE: 2.211110595999093
EVS: 0.817326078146791
