Model: GRU
MSE: 7.476290795192804
MAE: 2.2231740663791526
EVS: 0.7739570331764456
