Model: GRU
MSE: 5.510880190864878
MAE: 1.6864893734455109
EVS: 0.8481013828169903
