Model: GRU
MSE: 6.9343588191846175
MAE: 1.946845214942406
EVS: 0.8586454847540362
