Model: GRU
MSE: 5.728623380206411
MAE: 1.779211682492289
EVS: 0.8345134154723134
