Model: GRU
MSE: 213.15133083694724
MAE: 13.351425246945743
EVS: -0.05840216177075774
