Model: GRU
MSE: 8.354542088976654
MAE: 2.533545699612848
EVS: 0.7951448867417518
