Model: GRU
MSE: 6.302168373248666
MAE: 1.8924783725163032
EVS: 0.8223244615377328
