Model: GRU
MSE: 6.854196582510811
MAE: 1.948894305475827
EVS: 0.8384511284052062
