Model: GRU
MSE: 5.2460081031982995
MAE: 1.9071260197409268
EVS: 0.8460038362848707
