Model: GRU
MSE: 5.7237404640140905
MAE: 1.9169076146750614
EVS: 0.8266142174461832
