Model: GRU
MSE: 4.834491233164961
MAE: 1.782934005918174
EVS: 0.8577466619643059
