Model: GRU
MSE: 6.67356519690811
MAE: 1.9158750196983074
EVS: 0.8227745214043801
