Model: GRU
MSE: 5.020359371352738
MAE: 1.7274663078373875
EVS: 0.8499412488281735
