Model: GRU
MSE: 5.456281172518543
MAE: 1.781569743978566
EVS: 0.8353205022455246
