Model: GRU
MSE: 6.690995379300063
MAE: 1.9148929088280118
EVS: 0.8167601697823471
