Model: GRU
MSE: 351.2083317222843
MAE: 17.65479539180624
EVS: -0.19872323271600578
