Model: GRU
MSE: 5.272245967336842
MAE: 1.6638962975863754
EVS: 0.8513083906477625
