Model: GRU
MSE: 5.191083760923114
MAE: 1.9411804244436066
EVS: 0.8635430987584762
