Model: GRU
MSE: 574.613012840719
MAE: 23.163391935414282
EVS: -0.15485179887657097
