Model: GRU
MSE: 7.839478922840817
MAE: 2.116860256112855
EVS: 0.827525725048791
