Model: GRU
MSE: 216.06833562733817
MAE: 13.350835430211035
EVS: -0.14736646374480955
