Model: GRU
MSE: 7.075589067217054
MAE: 2.3932921228737665
EVS: 0.8214314032079972
