Model: GRU
MSE: 5.006384560818278
MAE: 1.559127503427966
EVS: 0.8676026269810322
