Model: GRU
MSE: 5.464041334918718
MAE: 1.6414791633342873
EVS: 0.8570277430813585
