Model: GRU
MSE: 9.111655260812501
MAE: 2.704167974406275
EVS: 0.7993718911042924
