Model: GRU
MSE: 6.149025138709413
MAE: 1.9452960573393723
EVS: 0.8137343193211204
