Model: GRU
MSE: 4.497894344918746
MAE: 1.5285497883270527
EVS: 0.8643414452018494
