Model: GRU
MSE: 220.08703032048265
MAE: 13.453076460238162
EVS: -0.1861413788583559
