Model: GRU
MSE: 5.951749367753982
MAE: 2.0338205530725677
EVS: 0.824304415714028
