Model: GRU
MSE: 6.4344909927637834
MAE: 2.170383461590471
EVS: 0.809507628037196
