Model: GRU
MSE: 5.899166783821952
MAE: 1.9624380715962113
EVS: 0.824557050605466
