Model: GRU
MSE: 209.17586739848028
MAE: 13.177595459181687
EVS: -0.0776971904460253
