Model: GRU
MSE: 5.4377948546917585
MAE: 1.8573135826094398
EVS: 0.8397936482696342
