Model: GRU
MSE: 6.30371529023459
MAE: 1.9207335833845467
EVS: 0.8096872635699518
