Model: GRU
MSE: 5.515353850443285
MAE: 1.680174356904523
EVS: 0.8588500205279782
