Model: GRU
MSE: 7.323237089149882
MAE: 2.028111726045608
EVS: 0.8610654177916682
