Model: GRU
MSE: 5.542763955804785
MAE: 2.007584682826338
EVS: 0.849965412882937
