Model: GRU
MSE: 8.035073980004592
MAE: 2.3931498095907013
EVS: 0.8269037894578746
