Model: GRU
MSE: 7.6115720162013485
MAE: 1.9561092175286392
EVS: 0.8184763674158564
