Model: GRU
MSE: 5.774420471288113
MAE: 1.897394246068494
EVS: 0.8250246377136501
