Model: GRU
MSE: 5.508912287770762
MAE: 1.7722345261738217
EVS: 0.8363282873564994
