Model: GRU
MSE: 6.998922948229948
MAE: 1.9578124274467597
EVS: 0.8765681566880158
