Model: GRU
MSE: 8.009577448477707
MAE: 2.1890993488245996
EVS: 0.8654115348463252
