Model: GRU
MSE: 6.196962329057632
MAE: 1.8321795751308572
EVS: 0.8396385085209591
