Model: GRU
MSE: 6.02037390144964
MAE: 1.8545286655426025
EVS: 0.8275572994910446
