Model: GRU
MSE: 4.974726047950967
MAE: 1.6823003230423763
EVS: 0.8518914874563639
