Model: GRU
MSE: 906.9489023467643
MAE: 29.16700785735558
EVS: -0.7058599318786098
