Model: GRU
MSE: 33.78762135786372
MAE: 4.53704102285977
EVS: -0.003447468671414322
