Model: GRU
MSE: 5.4834432482203646
MAE: 1.6029103388046395
EVS: 0.8722425855432037
