Model: GRU
MSE: 7.3210666126541355
MAE: 1.9928949249201808
EVS: 0.8306191647446313
