Model: GRU
MSE: 5.208021836754803
MAE: 1.855038018062197
EVS: 0.8430873377795227
