Model: GRU
MSE: 5.5773534152915545
MAE: 1.9354964371385246
EVS: 0.8345766547074948
