Model: GRU
MSE: 36.027022639834065
MAE: 5.103369877256196
EVS: 0.0
