Model: GRU
MSE: 10860.580437463672
MAE: 104.05320884441507
EVS: -0.016521791508583128
