Model: GRU
MSE: 6.406717477254767
MAE: 2.1328007003356673
EVS: 0.8487374312997428
