Model: GRU
MSE: 29.179246432817354
MAE: 4.432180552647032
EVS: 0.12309527695024669
