Model: GRU
MSE: 1347.1010177051155
MAE: 35.83696996754613
EVS: -0.9054031760031838
