Model: GRU
MSE: 6.713217590355418
MAE: 2.27450538400946
EVS: 0.8101481200981915
