Model: GRU
MSE: 6.6659920696293335
MAE: 2.161739344226903
EVS: 0.8071052220722539
