Model: GRU
MSE: 10.422724250159048
MAE: 2.4575865967520354
EVS: 0.770498140282501
