Model: GRU
MSE: 17.472717219811265
MAE: 3.226845116450869
EVS: 0.7170836702043557
