Model: GRU
MSE: 221.5203148369884
MAE: 13.423706222197104
EVS: -0.25356522679594073
