Model: GRU
MSE: 6.036394120061651
MAE: 2.05989909480358
EVS: 0.8257129670781626
