Model: GRU
MSE: 263.10343043830414
MAE: 15.029587211280033
EVS: -0.12890504415075466
