Model: GRU
MSE: 8.02267175977988
MAE: 2.196139426066958
EVS: 0.8730613240184208
