Model: GRU
MSE: 245.07515180062
MAE: 14.33578029994307
EVS: -0.2000586765472201
