Model: GRU
MSE: 5.589580392350326
MAE: 1.754996384012288
EVS: 0.8359371787791444
