Model: GRU
MSE: 37.45060761813967
MAE: 5.232962912526624
EVS: 0.17947587951469546
