Model: GRU
MSE: 9.339448851717101
MAE: 2.308030473774877
EVS: 0.7845060970826119
