Model: GRU
MSE: 6.070440896241911
MAE: 1.763062600431771
EVS: 0.845980732646791
