Model: GRU
MSE: 5.494931766868662
MAE: 1.735771006551282
EVS: 0.8705905247635469
