Model: GRU
MSE: 5.26922832515181
MAE: 1.6798024917470997
EVS: 0.8410805492931488
