Model: GRU
MSE: 5.5490332599688745
MAE: 1.7030842304229736
EVS: 0.869742560400586
