Model: GRU
MSE: 7.639627241020829
MAE: 2.0699359301863045
EVS: 0.8782716097389892
