Model: GRU
MSE: 5.233818365137554
MAE: 1.6682259214335475
EVS: 0.8540646534290864
