Model: GRU
MSE: 192.85016460107533
MAE: 12.484466698662988
EVS: -0.12202868167411629
