Model: GRU
MSE: 5.57794289634929
MAE: 1.690522210351352
EVS: 0.8596977420492415
