Model: GRU
MSE: 6.342400891695823
MAE: 1.8171226073955666
EVS: 0.8561326337634845
