Model: GRU
MSE: 5.866391061367535
MAE: 1.8028477327577
EVS: 0.825424838931272
