Model: GRU
MSE: 6.830715680082003
MAE: 2.2090682901185135
EVS: 0.7930747993221668
