Model: GRU
MSE: 5.7796792539844954
MAE: 1.8947390009616982
EVS: 0.8246807595790107
