Model: GRU
MSE: 7.6620768150146885
MAE: 2.1393357803081643
EVS: 0.829025204390454
