Model: GRU
MSE: 1059.0371458617474
MAE: 31.998991900476916
EVS: -0.06479940714837795
