Model: GRU
MSE: 6.721739393697432
MAE: 2.031004601511462
EVS: 0.81020865831582
