Model: GRU
MSE: 6.073181692432406
MAE: 1.9802761406734073
EVS: 0.8186989679494838
