Model: GRU
MSE: 9.031100370956414
MAE: 2.3146911674532396
EVS: 0.8304058174768174
