Model: GRU
MSE: 6.764478373627909
MAE: 1.967798564968438
EVS: 0.8061115090868247
