Model: GRU
MSE: 6.20496649554687
MAE: 1.8907952236718144
EVS: 0.8258126020675397
