Model: GRU
MSE: 5.83606970402759
MAE: 1.9402303449038802
EVS: 0.8229726350849189
