Model: GRU
MSE: 6.157218545166168
MAE: 1.8973660602651794
EVS: 0.8144053963184659
