Model: GRU
MSE: 4.750189428042641
MAE: 1.7055207264834438
EVS: 0.8568568686915373
