Model: GRU
MSE: 5.731695149974387
MAE: 1.8376719787203033
EVS: 0.8327159407165732
