Model: GRU
MSE: 5.728351468050909
MAE: 1.8424094812623386
EVS: 0.8268624558399005
