Model: GRU
MSE: 6.121866023003122
MAE: 1.7538145698350052
EVS: 0.8402808761303407
