Model: GRU
MSE: 5.651833038074983
MAE: 1.7927200712006668
EVS: 0.8346677966413245
