Model: GRU
MSE: 6.962571218427586
MAE: 2.025706118550794
EVS: 0.7961145316280083
