Model: GRU
MSE: 8.26279496227855
MAE: 2.1315563136133653
EVS: 0.8585294298547187
