Model: GRU
MSE: 5.748962781899159
MAE: 1.7151737141198125
EVS: 0.8342440662977245
