Model: GRU
MSE: 6.756366571075367
MAE: 1.8817258538870976
EVS: 0.8214198176864299
