Model: GRU
MSE: 6.3503681798464235
MAE: 1.8106459564176098
EVS: 0.8351462250292518
