Model: GRU
MSE: 206.71931213365778
MAE: 13.033264743870703
EVS: -0.11793550757866988
