Model: GRU
MSE: 10.394673757001403
MAE: 2.5861490615482987
EVS: 0.8458098248697682
