Model: GRU
MSE: 5.878731093226131
MAE: 2.0585959080992073
EVS: 0.8370173706238856
