Model: GRU
MSE: 215.50662343063138
MAE: 13.467049076639373
EVS: -0.035785737805985596
