Model: GRU
MSE: 5.564617011700891
MAE: 1.9217702273664803
EVS: 0.834689886192163
