Model: GRU
MSE: 2427.0110587996664
MAE: 48.88634306808998
EVS: -0.12652624124650758
