Model: GRU
MSE: 7.116783120938643
MAE: 2.3001447217217805
EVS: 0.7994751048461687
