Model: GRU
MSE: 6.2192285066307536
MAE: 1.8317974476978696
EVS: 0.8382807872050275
