Model: GRU
MSE: 6.8860639767325
MAE: 1.8702181721555775
EVS: 0.8281697943961475
