Model: GRU
MSE: 1109.4484643140245
MAE: 32.3320914301379
EVS: -0.9439806631272067
