Model: GRU
MSE: 7.041664837763168
MAE: 1.9325359843928238
EVS: 0.8244366036563482
