Model: GRU
MSE: 33.55968313623794
MAE: 4.522272142870673
EVS: 0.0
