Model: GRU
MSE: 5.223877945478128
MAE: 1.8692819537787602
EVS: 0.8480520319292647
