Model: GRU
MSE: 8.957552006565747
MAE: 2.2898524794085273
EVS: 0.7788981771646993
