Model: GRU
MSE: 426.0187928703267
MAE: 19.1001785294763
EVS: -0.8565452064448982
