Model: GRU
MSE: 5.13232115908097
MAE: 1.680666826922318
EVS: 0.85319025887123
