Model: GRU
MSE: 7.754797816984988
MAE: 2.415833386881598
EVS: 0.854462359019111
