Model: GRU
MSE: 5.934847594542922
MAE: 1.9172096170228103
EVS: 0.8199838739276448
