Model: GRU
MSE: 7.762395595695015
MAE: 2.4158951496255807
EVS: 0.7845230438034761
