Model: GRU
MSE: 5.755133102098839
MAE: 1.7755895215889503
EVS: 0.8388154037138282
