Model: GRU
MSE: 5.695179483836698
MAE: 1.8106425692295205
EVS: 0.8288857261089199
