Model: GRU
MSE: 8.058853270689955
MAE: 2.240602061666291
EVS: 0.759393648328093
