Model: GRU
MSE: 5.239565497966625
MAE: 1.6868465892199813
EVS: 0.8525126593666017
