Model: GRU
MSE: 4.447495399019366
MAE: 1.6861565113067627
EVS: 0.8700988629430164
