Model: GRU
MSE: 5.510928348865702
MAE: 1.7437180362898728
EVS: 0.8565326125514944
