Model: GRU
MSE: 5.235017186105459
MAE: 1.845864865286597
EVS: 0.8411979034993436
