Model: GRU
MSE: 5.360383595522722
MAE: 1.728836463443164
EVS: 0.8665730416125599
