Model: GRU
MSE: 6.553680841997199
MAE: 1.8753747487890309
EVS: 0.8306462782697868
