Model: GRU
MSE: 7.827527721031478
MAE: 2.379735516063098
EVS: 0.7767911635467803
