Model: GRU
MSE: 231.69209820212632
MAE: 13.886403990202936
EVS: -0.1788039647145041
