Model: GRU
MSE: 6.177909070599094
MAE: 1.8328065666659126
EVS: 0.8238549108706266
