Model: GRU
MSE: 2161.4162899551698
MAE: 46.005334262190196
EVS: -0.3628031087868697
