Model: GRU
MSE: 210.28972824073873
MAE: 13.191867199437372
EVS: -0.10006974159128212
