Model: GRU
MSE: 653.651175598691
MAE: 24.717879624202332
EVS: -0.29461346441619707
