Model: GRU
MSE: 7.215099082652242
MAE: 2.2504410928693312
EVS: 0.7899260969999373
