Model: GRU
MSE: 7.842014464380241
MAE: 2.1053805639003884
EVS: 0.8104781120109327
