Model: GRU
MSE: 4.789259671504923
MAE: 1.775548059364845
EVS: 0.859797367904616
