Model: GRU
MSE: 4.848675196853074
MAE: 1.6505578674119095
EVS: 0.8531148618940996
