Model: GRU
MSE: 4.928648880156392
MAE: 1.702418242035241
EVS: 0.870115855828093
