Model: GRU
MSE: 9.310481203414623
MAE: 2.416071579374116
EVS: 0.8301899080219723
