Model: GRU
MSE: 6.697773779846406
MAE: 1.9347971472246894
EVS: 0.8417423019664445
