Model: GRU
MSE: 12.63048546501603
MAE: 3.083181693636138
EVS: 0.6517477351607401
