Model: GRU
MSE: 7.238249357863934
MAE: 2.2663830888682397
EVS: 0.8113817588548407
