Model: GRU
MSE: 1359.7383887516012
MAE: 36.06899544288372
EVS: -0.7826493078370311
