Model: GRU
MSE: 4.773655253609561
MAE: 1.6744232095521072
EVS: 0.8552153243436873
