Model: GRU
MSE: 5.891915075402199
MAE: 1.8549082782761803
EVS: 0.821555192150633
