Model: GRU
MSE: 6.895924384990043
MAE: 1.9058617723399194
EVS: 0.8586294287786771
