Model: GRU
MSE: 5.5003964918112
MAE: 1.680050485093018
EVS: 0.8547353479420087
