Model: GRU
MSE: 5.435314399631621
MAE: 1.578854686227338
EVS: 0.8675790097401724
