Model: GRU
MSE: 5.561791140850004
MAE: 1.8362562748892555
EVS: 0.8314742075444951
