Model: GRU
MSE: 6.68532334200842
MAE: 2.1784853483068534
EVS: 0.808198041666305
