Model: GRU
MSE: 5.645006834148689
MAE: 1.95023097149257
EVS: 0.8436679488380039
