Model: GRU
MSE: 5.6390191507286564
MAE: 1.8381248712539673
EVS: 0.8289420365761907
