Model: GRU
MSE: 7.639169440547713
MAE: 2.091363943856338
EVS: 0.8529966962423063
