Model: GRU
MSE: 41.57591367448787
MAE: 4.950087580187567
EVS: 0.0587045495263504
