Model: GRU
MSE: 5.027515788499818
MAE: 1.7824805872193699
EVS: 0.8477298223837462
