Model: GRU
MSE: 6.431350059876544
MAE: 2.1550601741363264
EVS: 0.8131938874541692
