Model: GRU
MSE: 10.085713742714951
MAE: 2.463329372734859
EVS: 0.8578895490478866
