Model: GRU
MSE: 5.017108555672484
MAE: 1.5492499748180653
EVS: 0.8664315511945531
