Model: GRU
MSE: 4.970133668457473
MAE: 1.6299755367739448
EVS: 0.8631009807822477
