Model: GRU
MSE: 5.28375305565791
MAE: 1.8000269974100178
EVS: 0.8404163533326535
