Model: GRU
MSE: 241.30791967098364
MAE: 14.29044982482647
EVS: -0.12514428951665413
