Model: GRU
MSE: 226.77502662850415
MAE: 13.713797238366357
EVS: -0.17416000635031748
