Model: GRU
MSE: 7.880404696517065
MAE: 2.4329932671168755
EVS: 0.7925479524113108
