Model: GRU
MSE: 6.082482808283449
MAE: 1.7984882654814884
EVS: 0.8324718306269671
