Model: GRU
MSE: 6.555742294677177
MAE: 2.0987124648587456
EVS: 0.8012489412858461
