Model: GRU
MSE: 10.074233385364902
MAE: 2.4512561456910493
EVS: 0.8090204400971212
