Model: GRU
MSE: 7.441457154274993
MAE: 2.037077151495835
EVS: 0.8342111120825841
