Model: GRU
MSE: 9.59880971071508
MAE: 2.3667304598051926
EVS: 0.7480896155248664
