Model: GRU
MSE: 5.5103828650571804
MAE: 1.8998564461181904
EVS: 0.8365617291024433
