Model: GRU
MSE: 4.539948182912494
MAE: 1.6585313595574478
EVS: 0.8624082337831693
