Model: GRU
MSE: 213.33734092344153
MAE: 13.366223951865887
EVS: -0.05205078197514479
