Model: GRU
MSE: 7.321332539673696
MAE: 2.3312276396258125
EVS: 0.7972699800919698
