Model: GRU
MSE: 5.811564489365964
MAE: 1.9650805027320468
EVS: 0.8244587163265003
