Model: GRU
MSE: 7.541102755222984
MAE: 1.994713281763011
EVS: 0.8701608826181599
