Model: GRU
MSE: 2338.9490868825505
MAE: 48.0345401763916
EVS: 0.04045076273014725
