Model: GRU
MSE: 850.0792291435141
MAE: 28.56907084892536
EVS: -0.027965668624816864
