Model: GRU
MSE: 284.11125397039837
MAE: 15.918360479946795
EVS: 0.06820653302811153
