Model: GRU
MSE: 769.8699104893877
MAE: 26.946396334417933
EVS: -0.3274972983868265
