Model: GRU
MSE: 7.12249107967242
MAE: 1.9770132364897892
EVS: 0.8515385092164551
