Model: GRU
MSE: 234.10675321513403
MAE: 14.031074316337191
EVS: -0.12953503723028126
