Model: GRU
MSE: 7.784287902041636
MAE: 2.117075644690415
EVS: 0.81518724275776
