Model: GRU
MSE: 5.829614108386675
MAE: 1.7959008412114505
EVS: 0.8269200197552102
