Model: GRU
MSE: 5.466366336497627
MAE: 1.7992359625882115
EVS: 0.8372958465242144
