Model: GRU
MSE: 9.117445549139193
MAE: 2.299016934016655
EVS: 0.8635313792443928
