Model: GRU
MSE: 406.5768077674925
MAE: 18.887864417043225
EVS: -0.5114395192423231
