Model: GRU
MSE: 1378.0448981371126
MAE: 36.54130297693713
EVS: -0.2976612674258863
