Model: GRU
MSE: 5.959186708850915
MAE: 1.861862501193737
EVS: 0.8282573673277832
