Model: GRU
MSE: 8.763687667252432
MAE: 2.525541297320662
EVS: 0.7934604320555134
