Model: GRU
MSE: 6.280192173043073
MAE: 2.1225057079874237
EVS: 0.8274818052782561
