Model: GRU
MSE: 5.276467818257319
MAE: 1.6226516304344967
EVS: 0.8557366707369548
