Model: GRU
MSE: 6.881324378128962
MAE: 1.9357410011620357
EVS: 0.8380879499072639
