Model: GRU
MSE: 6.069741091509245
MAE: 1.9617183619532093
EVS: 0.8160154652192219
