Model: GRU
MSE: 207.66055379484922
MAE: 13.091246663496412
EVS: -0.10053830870288194
