Model: GRU
MSE: 6.2753478727502845
MAE: 2.0617997461351854
EVS: 0.8127648277000963
