Model: GRU
MSE: 207.48538693318287
MAE: 13.047831860081903
EVS: -0.12964921531613016
