Model: GRU
MSE: 5.002248316121609
MAE: 1.655934029612048
EVS: 0.8502932782950572
