Model: GRU
MSE: 8.560360869812735
MAE: 2.6296462385818877
EVS: 0.7617166255036826
