Model: GRU
MSE: 5.8785804354378
MAE: 1.848027278637064
EVS: 0.8282541659824859
