Model: GRU
MSE: 7.183684361339593
MAE: 1.9769994904255044
EVS: 0.8527030876452346
