Model: GRU
MSE: 6.796321356164075
MAE: 2.1102444139020196
EVS: 0.7999939716763873
