Model: GRU
MSE: 5.796700318113212
MAE: 1.7103047720317184
EVS: 0.8574760698014184
