Model: GRU
MSE: 6.059332820557274
MAE: 1.6979596440134377
EVS: 0.8314469648554172
