Model: GRU
MSE: 3766.340979758557
MAE: 61.061087904305296
EVS: -0.1492167231553463
