Model: GRU
MSE: 9.393478645779991
MAE: 2.340122515785283
EVS: 0.8420589692144853
