Model: GRU
MSE: 738.3355229400157
MAE: 26.2400557583776
EVS: -0.5105176834521528
