Model: GRU
MSE: 6.237785036623894
MAE: 1.8607680479000355
EVS: 0.863925859910416
