Model: GRU
MSE: 5.123578298741014
MAE: 1.622416373984567
EVS: 0.8558945352740461
