Model: GRU
MSE: 5.815101972578559
MAE: 1.8928095965549863
EVS: 0.8238093938808966
