Model: GRU
MSE: 5.399189850769476
MAE: 1.7851541648650993
EVS: 0.8423309330621298
