Model: GRU
MSE: 4.870186958260123
MAE: 1.600884209419119
EVS: 0.8651054358968033
