Model: GRU
MSE: 9.49645850798237
MAE: 2.5798075158020546
EVS: 0.7415093871646128
