Model: GRU
MSE: 5.657852712746876
MAE: 1.9834275553966392
EVS: 0.8328117571926617
