Model: GRU
MSE: 6.177909612040568
MAE: 2.062435970224183
EVS: 0.8181526022724439
