Model: GRU
MSE: 11.611705660257188
MAE: 2.748436853803437
EVS: 0.8300653722880684
