Model: GRU
MSE: 7.035147888361477
MAE: 2.357257554243351
EVS: 0.8327021677904048
