Model: GRU
MSE: 7.796838163954855
MAE: 2.1326299391943833
EVS: 0.7863219442901954
