Model: GRU
MSE: 5.014849948795041
MAE: 1.689397476870438
EVS: 0.856510366996406
