Model: GRU
MSE: 226.13746783490495
MAE: 13.857156687769397
EVS: -0.03492009895384096
