Model: GRU
MSE: 236.71505380153368
MAE: 14.044630437061704
EVS: -0.1971118001557699
