Model: GRU
MSE: 4.433393503893689
MAE: 1.6150125306228111
EVS: 0.8661283495023684
