Model: GRU
MSE: 6.9380446181487985
MAE: 2.2674899532877166
EVS: 0.7950886302339342
