Model: GRU
MSE: 325.73716326987744
MAE: 17.052426469737085
EVS: -0.06025682861771586
