Model: GRU
MSE: 1763.9033590933057
MAE: 41.10930952532538
EVS: -1.242586667243342
