Model: GRU
MSE: 4.5847410065890255
MAE: 1.708025659980445
EVS: 0.8629163827878226
