Model: GRU
MSE: 5.210845246463109
MAE: 1.7078903122194882
EVS: 0.8697061131506056
