Model: GRU
MSE: 2251.9573916349186
MAE: 46.96626209390575
EVS: -0.3992687032245321
