Model: GRU
MSE: 6.439580306968357
MAE: 1.799025268390261
EVS: 0.8383217179446544
