Model: GRU
MSE: 5.328309885122839
MAE: 1.8356064743009106
EVS: 0.8385647830314117
