Model: GRU
MSE: 6.700816367641377
MAE: 2.0526837809332488
EVS: 0.7967440694907447
