Model: GRU
MSE: 5.638217570150585
MAE: 1.9024940256414742
EVS: 0.8289667769026962
