Model: GRU
MSE: 5.655598677297494
MAE: 1.8244495073269154
EVS: 0.8289490996043423
