Model: GRU
MSE: 7.532634407315398
MAE: 1.9957095096851218
EVS: 0.8021361843695942
