Model: GRU
MSE: 6.811580982956051
MAE: 2.0126376295911856
EVS: 0.8104726024895742
