Model: GRU
MSE: 5.922653699030473
MAE: 1.986420740341318
EVS: 0.8204038716377786
