Model: GRU
MSE: 16.148423858337257
MAE: 3.3820778912511367
EVS: 0.5252202062587434
