Model: GRU
MSE: 9.24381919295129
MAE: 2.3826950788497925
EVS: 0.8491523743606456
