Model: GRU
MSE: 5.593762280242184
MAE: 1.7750882968820374
EVS: 0.8572493610196444
