Model: GRU
MSE: 194.15898701371356
MAE: 12.6866454194332
EVS: -0.007356104020248999
