Model: GRU
MSE: 5.279295502940628
MAE: 1.6951604691045037
EVS: 0.8426883500458171
