Model: GRU
MSE: 6.370945831951196
MAE: 2.002055994395552
EVS: 0.806775378526298
