Model: GRU
MSE: 6.879662991990715
MAE: 2.002130508422851
EVS: 0.8614661063704101
