Model: GRU
MSE: 5.462452321805424
MAE: 1.780035674571991
EVS: 0.8420449271015829
