Model: GRU
MSE: 6.068221588143634
MAE: 1.9605113596751773
EVS: 0.8176509973428212
