Model: GRU
MSE: 9.13883789080474
MAE: 2.670277042635556
EVS: 0.7949525547682391
