Model: GRU
MSE: 2121.449844886025
MAE: 45.50732119330044
EVS: -0.532921880939939
