Model: GRU
MSE: 6.271432652695181
MAE: 1.792890137639539
EVS: 0.8560489939321325
