Model: GRU
MSE: 203.98105518751197
MAE: 12.974991428441015
EVS: -0.08084615686446783
