Model: GRU
MSE: 5.675034725322473
MAE: 1.7496421583767594
EVS: 0.8281557530123536
