Model: GRU
MSE: 9.236769384598121
MAE: 2.6249759854941535
EVS: 0.7759593693402782
