Model: GRU
MSE: 34.72329009726209
MAE: 4.636492696301691
EVS: -0.019915994278419058
