Model: GRU
MSE: 9.183421707319534
MAE: 2.3929601599430215
EVS: 0.8092890731118929
