Model: GRU
MSE: 7.944049946492385
MAE: 2.522160589694977
EVS: 0.8044801117138278
