Model: GRU
MSE: 5.999597383990053
MAE: 2.101802924583698
EVS: 0.8339032580511068
