Model: GRU
MSE: 5.267347060611512
MAE: 1.9498303388727123
EVS: 0.8500652255431279
