Model: GRU
MSE: 5.982844781588132
MAE: 1.8010488008630687
EVS: 0.855513770458842
