Model: GRU
MSE: 5.9298128435389135
MAE: 1.9493742030242394
EVS: 0.8425308677978508
