Model: GRU
MSE: 2617.18310027666
MAE: 50.81240436948579
EVS: -0.07028997027940953
