Model: GRU
MSE: 221.17186768028415
MAE: 13.495517765653544
EVS: -0.18435477991547877
