Model: GRU
MSE: 4.667037061218293
MAE: 1.632813114544441
EVS: 0.8608891939868454
