Model: GRU
MSE: 8.327205513741976
MAE: 2.5775946871987703
EVS: 0.7807388441605772
