Model: GRU
MSE: 5.921275368699789
MAE: 1.8173751471371486
EVS: 0.8260972079783302
