Model: GRU
MSE: 4.796238248157224
MAE: 1.6729980368038704
EVS: 0.8545162586141689
