Model: GRU
MSE: 5.5841453676293344
MAE: 1.6651063253139626
EVS: 0.8734981333560294
