Model: GRU
MSE: 6.28822536654696
MAE: 1.9684555982721264
EVS: 0.8094270162119686
