Model: GRU
MSE: 6.604168291707965
MAE: 1.914018661811434
EVS: 0.8353737010556781
