Model: GRU
MSE: 7.570005089293909
MAE: 2.1245685980237763
EVS: 0.8206192524115622
