Model: GRU
MSE: 5.673564143073906
MAE: 1.8353888361618436
EVS: 0.8288120214005857
