Model: GRU
MSE: 8.926863537387726
MAE: 2.3506464094951234
EVS: 0.7858789231479844
