Model: GRU
MSE: 292.053476714157
MAE: 16.06853827936896
EVS: -0.026999031464154166
