Model: GRU
MSE: 6.5782887690655505
MAE: 2.0231770318129967
EVS: 0.8004755894897592
