Model: GRU
MSE: 4.542472245522918
MAE: 1.6383561759159482
EVS: 0.8623956229302112
