Model: GRU
MSE: 5.7992924499904674
MAE: 1.7959654084567367
EVS: 0.8282704687717037
