Model: GRU
MSE: 15540.501169729409
MAE: 124.52859418145542
EVS: -0.005001701542001857
