Model: GRU
MSE: 1991.4260644075914
MAE: 44.199295964734304
EVS: -0.1481179061223603
