Model: GRU
MSE: 6.301521492085845
MAE: 1.7648192150839443
EVS: 0.8380916890722058
