Model: GRU
MSE: 6.770198955590149
MAE: 1.9958865416461025
EVS: 0.8151469620339054
