Model: GRU
MSE: 6.685650795233217
MAE: 2.0880670588592003
EVS: 0.7972132697662152
