Model: GRU
MSE: 5.31838725278958
MAE: 1.829653497399955
EVS: 0.8386710671498442
