Model: GRU
MSE: 5.153387325013264
MAE: 1.6801530081650307
EVS: 0.8505375432597797
