Model: GRU
MSE: 5.47516204239855
MAE: 1.8196285880845169
EVS: 0.8376043724528531
