Model: GRU
MSE: 33.77747467558107
MAE: 4.872676125888167
EVS: 0.0
