Model: GRU
MSE: 5.2342864070326005
MAE: 1.6226651668548584
EVS: 0.8545519688052865
