Model: GRU
MSE: 5.688832426761149
MAE: 1.7470919530967186
EVS: 0.8358290757388127
