Model: GRU
MSE: 5.828222294073839
MAE: 1.8260576478366195
EVS: 0.8454575869323842
