Model: GRU
MSE: 231.460122533804
MAE: 13.973399649406302
EVS: -0.09824531211453946
