Model: GRU
MSE: 10.20738520195642
MAE: 2.2865523304258075
EVS: 0.6897960705669011
