Model: GRU
MSE: 8.949042815238876
MAE: 2.571665200693854
EVS: 0.7604262208363468
