Model: GRU
MSE: 6.36790371960947
MAE: 1.928674023726891
EVS: 0.8111488727068019
