Model: GRU
MSE: 5.501464701613515
MAE: 1.8110714287593448
EVS: 0.8632838693767737
