Model: GRU
MSE: 258.4940066250081
MAE: 14.798088484796985
EVS: -0.19854281465761914
