Model: GRU
MSE: 6.488759559281229
MAE: 2.114882337635961
EVS: 0.8263660766812678
