Model: GRU
MSE: 201.90675491885767
MAE: 12.831963584340851
EVS: -0.12989173554522027
