Model: GRU
MSE: 7.232902068004186
MAE: 2.110697419478975
EVS: 0.7937617047442773
