Model: GRU
MSE: 6.299778162091069
MAE: 2.1352454876077585
EVS: 0.8143766943534865
