Model: GRU
MSE: 3775.7645094028576
MAE: 61.223961797253835
EVS: 0.16910112313121117
