Model: GRU
MSE: 6.070783580986134
MAE: 1.8350211998512005
EVS: 0.8396166715603275
