Model: GRU
MSE: 4.9437061526654915
MAE: 1.566257201392075
EVS: 0.8624928896079193
