Model: GRU
MSE: 8.049118759474284
MAE: 2.1457194870915908
EVS: 0.8464790462214928
