Model: GRU
MSE: 6.704951313271803
MAE: 2.08868964581654
EVS: 0.7968397446455687
