Model: GRU
MSE: 5.109816567022755
MAE: 1.6239768266677856
EVS: 0.854201545667036
