Model: GRU
MSE: 7.950060538530499
MAE: 2.1474919771325998
EVS: 0.8518885485026777
