Model: GRU
MSE: 5.608130817294858
MAE: 1.6970065040835018
EVS: 0.8709753622022087
