Model: GRU
MSE: 7.363089506153241
MAE: 2.3356436388245942
EVS: 0.8219162316455279
