Model: GRU
MSE: 11.170579706179273
MAE: 2.4106593762125286
EVS: 0.6760746826557149
