Model: GRU
MSE: 6.436001221013885
MAE: 2.004413878095561
EVS: 0.8048786984787277
