Model: GRU
MSE: 4.918869171959806
MAE: 1.5615731231097518
EVS: 0.85652139703623
