Model: GRU
MSE: 2187.426465842293
MAE: 46.41014039927516
EVS: -0.016981887964409026
