Model: GRU
MSE: 4.5207542229297255
MAE: 1.592732761440606
EVS: 0.8682334426230651
