Model: GRU
MSE: 6.365782096021881
MAE: 1.9009877504973576
EVS: 0.8554834812436525
