Model: GRU
MSE: 5.996990095494843
MAE: 1.9606525240273311
EVS: 0.8182544394586501
