Model: GRU
MSE: 14.028370472986651
MAE: 3.0405462692523826
EVS: 0.6516872054506915
