Model: GRU
MSE: 5.5345278410873044
MAE: 1.698020606205381
EVS: 0.8575736266213811
