Model: GRU
MSE: 30.61497708388154
MAE: 4.772128688878026
EVS: 0.3152466045044142
