Model: GRU
MSE: 4.172604104596248
MAE: 1.6014854979926143
EVS: 0.8740662203363918
