Model: GRU
MSE: 9.88574536455085
MAE: 2.252458812509264
EVS: 0.7049599212616393
