Model: GRU
MSE: 5.657348194220475
MAE: 1.7438323323068947
EVS: 0.8406289746054756
