Model: GRU
MSE: 7.289734642604007
MAE: 2.020538813081281
EVS: 0.8394405712353052
