Model: GRU
MSE: 5.864582246502396
MAE: 1.902576545189167
EVS: 0.8221230714438882
