Model: GRU
MSE: 6.533006453772356
MAE: 2.123111761849502
EVS: 0.813009233141301
