Model: GRU
MSE: 1877.7976785930591
MAE: 42.615801942759546
EVS: -0.8713828427698487
