Model: GRU
MSE: 5.429778696335336
MAE: 1.777907552390263
EVS: 0.8354445070640636
