Model: GRU
MSE: 5.409132407985618
MAE: 1.6896551086984832
EVS: 0.848838265087733
