Model: GRU
MSE: 5.956797858895478
MAE: 1.7567029821461644
EVS: 0.8636336731648988
