Model: GRU
MSE: 6.369863224067434
MAE: 1.8215287923812866
EVS: 0.8426078120737674
