Model: GRU
MSE: 6.668188607550304
MAE: 1.8868318528964603
EVS: 0.8670608578791696
