Model: GRU
MSE: 674.8900873880191
MAE: 24.526540698676275
EVS: -1.2247152443322893
