Model: GRU
MSE: 6.211918574763249
MAE: 1.8106720262560352
EVS: 0.8707893184169944
