Model: GRU
MSE: 200.13570664370647
MAE: 12.845545275457974
EVS: -0.06558841357333467
