Model: GRU
MSE: 7.8806156462047445
MAE: 2.446912442815715
EVS: 0.8073902251017859
