Model: GRU
MSE: 293.55106065720696
MAE: 15.913470144929557
EVS: -0.22286959153309205
