Model: GRU
MSE: 8.173338583787377
MAE: 2.144668733251506
EVS: 0.8392487480816175
