Model: GRU
MSE: 6.219502881423078
MAE: 1.8317647720205372
EVS: 0.8727369057362898
