Model: GRU
MSE: 6.249579380496073
MAE: 1.8196923116157795
EVS: 0.8319115056129005
