Model: GRU
MSE: 7.128632400942922
MAE: 2.349877707917115
EVS: 0.8117088004507858
