Model: GRU
MSE: 281.94490759582
MAE: 15.637671240444842
EVS: -0.13476592821751487
