Model: GRU
MSE: 9.57383129599756
MAE: 2.398322606908864
EVS: 0.8292082553386291
