Model: GRU
MSE: 6.1761619601479465
MAE: 1.953760198478041
EVS: 0.8130844869138991
