Model: GRU
MSE: 5.029157028625023
MAE: 1.787416696548462
EVS: 0.8487466662249712
