Model: GRU
MSE: 5.984473367141971
MAE: 1.8778092059595832
EVS: 0.8229797215170809
