Model: GRU
MSE: 5.8771188209289935
MAE: 1.8117959376039177
EVS: 0.8333373678285205
