Model: GRU
MSE: 5.97604018803089
MAE: 1.996041178703308
EVS: 0.8221565817899942
