Model: GRU
MSE: 4.4172029905383186
MAE: 1.5296815181600636
EVS: 0.868000257956903
