Model: GRU
MSE: 4.904302299511408
MAE: 1.7387483366604508
EVS: 0.8535729452622649
