Model: GRU
MSE: 5.319590020650406
MAE: 1.650067872014539
EVS: 0.8511632289283529
