Model: GRU
MSE: 1197.894477055569
MAE: 33.012649930756666
EVS: -2.277953165838438
