Model: GRU
MSE: 6.231702048649964
MAE: 2.1001636447577643
EVS: 0.8542151129120076
