Model: GRU
MSE: 5.206085441139094
MAE: 1.8276332339336132
EVS: 0.8433039444735453
