Model: GRU
MSE: 5.887575717689078
MAE: 1.8159888736132914
EVS: 0.8781685235537228
