Model: GRU
MSE: 5.639547775356378
MAE: 2.067377406975319
EVS: 0.8478582762425069
