Model: GRU
MSE: 10.60337420431654
MAE: 2.5378241847301353
EVS: 0.8440754064146003
