Model: GRU
MSE: 6.627279509231354
MAE: 2.2346847530069023
EVS: 0.8278637572638932
