Model: GRU
MSE: 5.50039450567275
MAE: 1.8371731453928455
EVS: 0.833545755925132
