Model: GRU
MSE: 5.935771383922762
MAE: 1.787673255492901
EVS: 0.826806451347994
