Model: GRU
MSE: 6.428548834328202
MAE: 2.126330926500518
EVS: 0.8174001754609626
