Model: GRU
MSE: 7.880965896532309
MAE: 2.389524338574245
EVS: 0.7925280876108182
