Model: GRU
MSE: 8.711422844470079
MAE: 2.500641806372281
EVS: 0.7948518988033074
