Model: GRU
MSE: 5.680466945125977
MAE: 1.865147824945121
EVS: 0.8277486991966365
