Model: GRU
MSE: 5.754792686719988
MAE: 1.815977156162262
EVS: 0.8286809387110555
