Model: GRU
MSE: 5.933248034032416
MAE: 2.1320996078951606
EVS: 0.8367318011556919
