Model: GRU
MSE: 17.372352783029264
MAE: 3.513276145376008
EVS: 0.4971163115735636
