Model: GRU
MSE: 6.792460385648185
MAE: 1.9538885560528985
EVS: 0.8376428419911612
