Model: GRU
MSE: 8.807204162871422
MAE: 2.1586867067320594
EVS: 0.8280077968352825
