Model: GRU
MSE: 32.101844763292135
MAE: 4.616489969450852
EVS: 0.026325100673525448
