Model: GRU
MSE: 6.943772475135744
MAE: 2.2016915247358124
EVS: 0.7897129738096873
