Model: GRU
MSE: 6.786687910316147
MAE: 2.003958221139579
EVS: 0.7945237893413788
