Model: GRU
MSE: 5.402857042173952
MAE: 1.901696744663962
EVS: 0.8387537299826305
