Model: GRU
MSE: 4.5758303983643245
MAE: 1.648511290550232
EVS: 0.861571055312113
