Model: GRU
MSE: 7.395090206942541
MAE: 2.0126630519998483
EVS: 0.8539743099418132
