Model: GRU
MSE: 6.407077087623698
MAE: 2.0008576204036843
EVS: 0.8088038488028158
