Model: GRU
MSE: 6.254548691746038
MAE: 1.8492825935626853
EVS: 0.8235338017672228
