Model: GRU
MSE: 9.552837298905944
MAE: 2.389718935407441
EVS: 0.7997064584041975
