Model: GRU
MSE: 5.714153070110778
MAE: 1.8738744464413872
EVS: 0.8266716776211058
