Model: GRU
MSE: 8.11553605982802
MAE: 2.5006024405874054
EVS: 0.8731244874440844
