Model: GRU
MSE: 7.811495555395667
MAE: 2.117060437284667
EVS: 0.8082354560328996
