Model: GRU
MSE: 8.08910758270166
MAE: 2.13929323492379
EVS: 0.7934883349622162
