Model: GRU
MSE: 8.10356273094275
MAE: 2.2008354191122383
EVS: 0.8111104138720263
