Model: GRU
MSE: 6.982161918542272
MAE: 1.97542962329141
EVS: 0.8703345927846612
