Model: GRU
MSE: 6.287909325576914
MAE: 2.08947694918205
EVS: 0.8117914726700973
