Model: GRU
MSE: 6.100457356301016
MAE: 1.77554632158115
EVS: 0.8459569142421339
