Model: GRU
MSE: 213.9654942520747
MAE: 13.335935798184625
EVS: -0.09563913025565207
