Model: GRU
MSE: 5.884523997817821
MAE: 1.865958536493367
EVS: 0.8267768469551461
