Model: GRU
MSE: 8.332445654168456
MAE: 2.5381476180306795
EVS: 0.7979532752082267
