Model: GRU
MSE: 4.951393378191981
MAE: 1.6751330145474137
EVS: 0.8619267751477941
