Model: GRU
MSE: 3051.354019028769
MAE: 54.898790556809
EVS: -0.1368489732460827
