Model: GRU
MSE: 6.087405718080875
MAE: 1.82218121043567
EVS: 0.8357033391624504
