Model: GRU
MSE: 5.946163846302102
MAE: 1.9542718488594581
EVS: 0.8197446867893067
