Model: GRU
MSE: 4.9125820318439795
MAE: 1.7833752529374485
EVS: 0.8560214200875891
