Model: GRU
MSE: 7.558581321504271
MAE: 2.0661926105104644
EVS: 0.8266967771798246
