Model: GRU
MSE: 607.6534805472003
MAE: 23.704543113708496
EVS: -0.38775666653611585
