Model: GRU
MSE: 6.038733007618531
MAE: 1.826223838945915
EVS: 0.8508103575229502
