Model: GRU
MSE: 28.666454125519884
MAE: 4.394081461018529
EVS: 0.14267587012098248
