Model: GRU
MSE: 6.635459870996323
MAE: 2.2516763754959763
EVS: 0.826765071774976
