Model: GRU
MSE: 2957.461423992923
MAE: 53.909792867200125
EVS: -0.5530063318478475
