Model: GRU
MSE: 32.97089703723646
MAE: 4.6728768841973665
EVS: 0.0
