Model: GRU
MSE: 6.0894857416999795
MAE: 1.8118945894570186
EVS: 0.8260508236253699
