Model: GRU
MSE: 6.131245712654095
MAE: 2.097770994079524
EVS: 0.8204930156576837
