Model: GRU
MSE: 5.131696652195305
MAE: 1.9225114789502373
EVS: 0.8540706347415883
