Model: GRU
MSE: 3018.886464378907
MAE: 54.656269533880824
EVS: 0.042069784998281956
