Model: GRU
MSE: 236.89423133508555
MAE: 14.14650325939573
EVS: -0.11542848236689807
