Model: GRU
MSE: 5.318441910386324
MAE: 1.7622223712246994
EVS: 0.8458092287085572
