Model: GRU
MSE: 8.855567148274751
MAE: 2.2565855322213006
EVS: 0.8324859806472438
