Model: GRU
MSE: 223.1860927244391
MAE: 13.75639468637006
EVS: -0.029794184895617803
