Model: GRU
MSE: 6.648747520526597
MAE: 1.898284205074968
EVS: 0.8156236432044852
