Model: GRU
MSE: 728.8265352292727
MAE: 26.521451950073242
EVS: 0.22831116214682068
