Model: GRU
MSE: 7.880763784551989
MAE: 2.437565057442106
EVS: 0.7753707218387274
