Model: GRU
MSE: 6.243982080274236
MAE: 1.8546142629508315
EVS: 0.8132620379670952
