Model: GRU
MSE: 7.221589109574654
MAE: 2.2552234879855453
EVS: 0.7856888142186139
