Model: GRU
MSE: 5.668559671600852
MAE: 1.7973587574629948
EVS: 0.8354567198842073
