Model: GRU
MSE: 8.686320078314797
MAE: 2.175363201754434
EVS: 0.7192248142717699
