Model: GRU
MSE: 6.828475867380556
MAE: 2.090856543902693
EVS: 0.7938376664174654
