Model: GRU
MSE: 5.942042572585335
MAE: 1.7406079954114453
EVS: 0.8430241295128799
