Model: GRU
MSE: 4.473236239258878
MAE: 1.5350213133055588
EVS: 0.8734285052111885
