Model: GRU
MSE: 5.988103523243281
MAE: 1.7837055798234611
EVS: 0.8429248819826274
