Model: GRU
MSE: 7.198407890950888
MAE: 2.0418323823090256
EVS: 0.8069256917455887
