Model: GRU
MSE: 8.980496696494388
MAE: 2.286311069556645
EVS: 0.7114287736956971
