Model: GRU
MSE: 6.3078350792804585
MAE: 1.891906450534689
EVS: 0.8346090527978546
