Model: GRU
MSE: 5.628904537247955
MAE: 1.9112060398891055
EVS: 0.8303972810797858
