Model: GRU
MSE: 9.090208835915533
MAE: 2.6698139052966545
EVS: 0.792656146773098
