Model: GRU
MSE: 5.937578465362746
MAE: 1.892373200120597
EVS: 0.81991024393652
