Model: GRU
MSE: 207.37049242434824
MAE: 13.091358538331656
EVS: -0.09165052019955389
