Model: GRU
MSE: 27.784486632309335
MAE: 4.114782547128612
EVS: 0.23844754343489105
