Model: GRU
MSE: 5.403908957124941
MAE: 1.7789451315485199
EVS: 0.8369541631157582
