Model: GRU
MSE: 216.0029023476516
MAE: 13.279185537634225
EVS: -0.2032613811060593
