Model: GRU
MSE: 8.311730561888476
MAE: 2.175402513865767
EVS: 0.8448721618314288
