Model: GRU
MSE: 6.126289064061007
MAE: 1.7720936742322198
EVS: 0.842448248720273
