Model: GRU
MSE: 219.71597590107964
MAE: 13.467374419343882
EVS: -0.16320947945415165
