Model: GRU
MSE: 5.48619224018744
MAE: 1.9289037955218349
EVS: 0.8336755807402989
