Model: GRU
MSE: 213.77321095228493
MAE: 13.39497486887307
EVS: -0.041932967805199395
