Model: GRU
MSE: 6.163193835583729
MAE: 1.7743629597384354
EVS: 0.847900022310925
