Model: GRU
MSE: 5.598048348410522
MAE: 2.0467878559540056
EVS: 0.8527151359080869
