Model: GRU
MSE: 6.679581315459097
MAE: 1.969752467911819
EVS: 0.836820214515608
