Model: GRU
MSE: 6.490763276890691
MAE: 1.9383136979464828
EVS: 0.8272223746770124
