Model: GRU
MSE: 8.227328701969483
MAE: 2.0364179611206055
EVS: 0.8264747254409752
