Model: GRU
MSE: 6.122065750446713
MAE: 2.0591510092389993
EVS: 0.8250670154799177
