Model: GRU
MSE: 5.531408226575818
MAE: 1.956030985404705
EVS: 0.8445177212219469
