Model: GRU
MSE: 6.566923798574503
MAE: 1.9657137455611393
EVS: 0.8008417393977918
