Model: GRU
MSE: 9.759808660378422
MAE: 2.430116303008178
EVS: 0.839887137040111
