Model: GRU
MSE: 5.055222598200183
MAE: 1.7103691162734196
EVS: 0.8480256741139841
