Model: GRU
MSE: 415.33324219191104
MAE: 19.634766858199548
EVS: 0.09574685578898345
