Model: GRU
MSE: 29.866217264472745
MAE: 4.397481457940463
EVS: 0.12940415100919367
