Model: GRU
MSE: 5.6846811718282
MAE: 1.9705439292151352
EVS: 0.8344631126598262
