Model: GRU
MSE: 6.330442743437594
MAE: 2.228169770076357
EVS: 0.825325950162219
