Model: GRU
MSE: 5.7575470795071135
MAE: 1.8134224250398834
EVS: 0.8594309102443398
