Model: GRU
MSE: 5.131800093256845
MAE: 1.7454375932956565
EVS: 0.8481937505018629
