Model: GRU
MSE: 44.25243474610402
MAE: 5.404004508051379
EVS: 0.25293144581930493
