Model: GRU
MSE: 5.186973708749081
MAE: 1.6873302295290191
EVS: 0.8491116491254325
