Model: GRU
MSE: 6.7213876154911025
MAE: 2.088174087220225
EVS: 0.7970154204048602
