Model: GRU
MSE: 790.8832331751378
MAE: 27.30243893327384
EVS: -0.37901860107712104
