Model: GRU
MSE: 5.243132898962139
MAE: 1.879005637662164
EVS: 0.848002837969622
