Model: GRU
MSE: 7.431495373484332
MAE: 2.023323235840633
EVS: 0.8207657978406044
