Model: GRU
MSE: 5.328905700878412
MAE: 1.777975896309162
EVS: 0.8383602189720927
