Model: GRU
MSE: 26.694524476673077
MAE: 4.554515193248617
EVS: 0.5992009122583621
