Model: GRU
MSE: 34.939293105307996
MAE: 4.7372779517338195
EVS: -0.05706779949081664
