Model: GRU
MSE: 5.567646358410677
MAE: 1.7402191758155823
EVS: 0.8327097451397198
