Model: GRU
MSE: 6.8237008257069265
MAE: 2.258898821370355
EVS: 0.8061237454852521
