Model: GRU
MSE: 7.412648998643449
MAE: 1.9981326234751735
EVS: 0.820877407003432
