Model: GRU
MSE: 981.2489407097084
MAE: 30.471550711270037
EVS: -0.5996575322656952
