Model: GRU
MSE: 5.01219858630653
MAE: 1.6448801940885083
EVS: 0.8664046429563715
