Model: GRU
MSE: 2812.2780186920686
MAE: 52.481533247849036
EVS: -0.7584036744378342
