Model: GRU
MSE: 7.490390491572106
MAE: 2.1260210070116767
EVS: 0.7780380215699394
