Model: GRU
MSE: 6.5934756210346945
MAE: 2.2358398036710145
EVS: 0.8334995809598301
