Model: GRU
MSE: 5.480220261180655
MAE: 1.6664627286894569
EVS: 0.8483664299284304
