Model: GRU
MSE: 256.7004354657431
MAE: 14.609568908296783
EVS: -0.3123086000048756
