Model: GRU
MSE: 5.0352976085241
MAE: 1.7644798899519032
EVS: 0.8480878743056124
