Model: GRU
MSE: 209.76989673836303
MAE: 13.062329168977408
EVS: -0.18746668323190985
