Model: GRU
MSE: 6.723648841923446
MAE: 2.2017841174684722
EVS: 0.7989738162619955
