Model: GRU
MSE: 9.253508421134335
MAE: 2.7060288889654753
EVS: 0.7762783673048723
