Model: GRU
MSE: 6.705663575022168
MAE: 2.022364353311473
EVS: 0.7986468836802634
