Model: GRU
MSE: 8.180835660097197
MAE: 2.171830167030466
EVS: 0.844084156119613
