Model: GRU
MSE: 5.687024276688209
MAE: 1.8822190227179691
EVS: 0.8275359971687202
