Model: GRU
MSE: 3024.8584821263935
MAE: 54.71616646339153
EVS: 0.059635271309815385
