Model: GRU
MSE: 7.055050209833786
MAE: 1.9400939633106362
EVS: 0.8040150071662632
