Model: GRU
MSE: 4.99988714247256
MAE: 1.6536771264569512
EVS: 0.848416961624761
