Model: GRU
MSE: 5.705793739957224
MAE: 1.787202437376154
EVS: 0.8319861404685961
