Model: GRU
MSE: 5.476589299445433
MAE: 1.9343235492706299
EVS: 0.8385390487831212
