Model: GRU
MSE: 7.360039752021006
MAE: 2.044804367525824
EVS: 0.8521248461292662
