Model: GRU
MSE: 5.576696154411527
MAE: 1.809506921932615
EVS: 0.8333299271405806
