Model: GRU
MSE: 30.550154184765123
MAE: 4.542973436158279
EVS: 0.07494149146247908
