Model: GRU
MSE: 11.096672447426409
MAE: 2.43481811161699
EVS: 0.3476423123646165
