Model: GRU
MSE: 8.825858043243164
MAE: 2.46315756337396
EVS: 0.6654677710460982
