Model: GRU
MSE: 11.78868914888184
MAE: 2.893922238514341
EVS: 0.6162945010700593
