Model: GRU
MSE: 15.74413830932619
MAE: 3.3667072674323775
EVS: 0.5882778108129376
