Model: GRU
MSE: 13.092618204441552
MAE: 2.9859544902012267
EVS: 0.5506636728853171
