Model: GRU
MSE: 6.30277008567708
MAE: 1.9364563925512905
EVS: 0.6289923418808325
