Model: GRU
MSE: 7.311540184755492
MAE: 2.1840989671904465
EVS: 0.6678028625078934
