Model: GRU
MSE: 10.3997340558178
MAE: 2.6347882007730417
EVS: 0.6345971734037446
