Model: GRU
MSE: 6.935831514055097
MAE: 1.9391483849492566
EVS: 0.5437778716944325
