Model: GRU
MSE: 10.949840751766935
MAE: 2.6722838960844895
EVS: 0.5981048415971395
