Model: GRU
MSE: 34.09955250547717
MAE: 4.788893436563426
EVS: 0.10354566935461917
