Model: GRU
MSE: 8.824324013092765
MAE: 2.3035159028809646
EVS: 0.5927872075443765
