Model: GRU
MSE: 5.702131248800932
MAE: 1.8082253850739578
EVS: 0.6591866770677186
