Model: GRU
MSE: 6.0414040395059425
MAE: 1.8580915116030594
EVS: 0.5851937465840276
