Model: GRU
MSE: 7.0320364751349125
MAE: 2.0651933406961374
EVS: 0.537943235142504
