Model: GRU
MSE: 19.82377364135277
MAE: 3.8910422242920975
EVS: 0.5706800220076396
