Model: GRU
MSE: 12.775129479407243
MAE: 3.0620702299578437
EVS: 0.6238859830937331
