Model: GRU
MSE: 28.40977384816895
MAE: 4.568862816383099
EVS: 0.3992108304652252
