Model: GRU
MSE: 7.753613568370552
MAE: 2.0289015030038766
EVS: 0.4908133264394562
