Model: GRU
MSE: 7.764339297301721
MAE: 2.2449727880543677
EVS: 0.648877099087963
