Model: GRU
MSE: 15.147380340136774
MAE: 3.237913592108365
EVS: 0.5399907866582218
