Model: GRU
MSE: 6.818485051999127
MAE: 2.0332921702286293
EVS: 0.6442087250739243
