Model: GRU
MSE: 11.770628386327322
MAE: 2.717423570567164
EVS: 0.5460623391208131
