Model: GRU
MSE: 12.711314442201488
MAE: 3.0703173176995637
EVS: 0.6767103303408801
