Model: GRU
MSE: 11.409248079566032
MAE: 2.838902202145807
EVS: 0.641095419366138
