Model: GRU
MSE: 8.726343315626258
MAE: 2.2928948977897905
EVS: 0.5289002348457412
