Model: GRU
MSE: 142.74642862060233
MAE: 11.35539609399335
EVS: 0.0521041837294951
