Model: GRU
MSE: 9.148857862541181
MAE: 2.202777393933
EVS: 0.5220767937180194
