Model: GRU
MSE: 11.617269368714464
MAE: 2.6556680038057525
EVS: 0.5022925407131451
