Model: GRU
MSE: 5.064586364320901
MAE: 1.7233098375386204
EVS: 0.664344926349932
