Model: GRU
MSE: 10.178682511244032
MAE: 2.667153835296631
EVS: 0.5295280444872108
