Model: GRU
MSE: 1477.258735982189
MAE: 38.16872695396687
EVS: -0.40157637591620987
