Model: GRU
MSE: 5.751649795617987
MAE: 1.8208735400232776
EVS: 0.6894046959137151
