Model: GRU
MSE: 9.637603857179133
MAE: 2.4908483603904985
EVS: 0.5866352119735683
