Model: GRU
MSE: 8.740244974504286
MAE: 2.429926847589427
EVS: 0.6440322301250335
