Model: GRU
MSE: 7.013778022503406
MAE: 2.0004854134150913
EVS: 0.6350304224881735
