Model: GRU
MSE: 9.425328429598244
MAE: 2.4784823121695685
EVS: 0.6142087307234353
