Model: GRU
MSE: 965.8145267737331
MAE: 30.75489359888537
EVS: -0.37025970618799264
