Model: GRU
MSE: 12.259188017545194
MAE: 2.7196854147417793
EVS: 0.4702335941973743
