Model: GRU
MSE: 39.28493825089277
MAE: 5.132222800419249
EVS: 0.0
