Model: GRU
MSE: 14.961085813172401
MAE: 3.253642172648989
EVS: 0.45578559299133503
