Model: GRU
MSE: 152.16927313789841
MAE: 11.788980870411313
EVS: 0.09415109267835353
