Model: GRU
MSE: 7.296145743589007
MAE: 2.0661759859529036
EVS: 0.5000367810283939
