Model: GRU
MSE: 11.650402544144683
MAE: 2.8894599059532426
EVS: 0.623718124181375
