Model: GRU
MSE: 8.147060600984881
MAE: 2.1134007223721207
EVS: 0.5182542834168078
