Model: GRU
MSE: 5.974310245767281
MAE: 1.9172654234129807
EVS: 0.6470083711903712
