Model: GRU
MSE: 6.3817557312956374
MAE: 2.0245688495964838
EVS: 0.6605893016049899
