Model: GRU
MSE: 10.219712851083402
MAE: 2.22982250410935
EVS: 0.37745796930955844
