Model: GRU
MSE: 11.002655372016404
MAE: 2.707770421587188
EVS: 0.586562085016519
