Model: GRU
MSE: 17.799017058191755
MAE: 3.7823977634824555
EVS: 0.6601715042478176
