Model: GRU
MSE: 10.288812248485776
MAE: 2.6455544274428795
EVS: 0.6601277301981407
