Model: GRU
MSE: 2208.3415022929794
MAE: 46.859792380497375
EVS: 0.14139289064403215
