Model: GRU
MSE: 15.274280532256183
MAE: 3.4500319464453337
EVS: 0.6793727201566198
