Model: GRU
MSE: 10.82445124922892
MAE: 2.8032102584838867
EVS: 0.6365406913834513
