Model: GRU
MSE: 14.329468903227436
MAE: 2.976483969852842
EVS: 0.4388657737113968
