Model: GRU
MSE: 2402.6523867741766
MAE: 48.83147187068545
EVS: -0.24585731185697068
