Model: GRU
MSE: 9.186961737223477
MAE: 2.1039089334422143
EVS: 0.4086026430258336
