Model: GRU
MSE: 2324.597248448804
MAE: 48.05713982417666
EVS: -0.037672459760911714
