Model: GRU
MSE: 8.02717643021221
MAE: 2.297232479884707
EVS: 0.6377737672976143
