Model: GRU
MSE: 658.7177456084527
MAE: 25.335295775841022
EVS: -0.15662627384297179
