Model: GRU
MSE: 7.636639099164607
MAE: 2.217464566230774
EVS: 0.6335378428646075
