Model: GRU
MSE: 6.742183261358503
MAE: 2.0029474620161385
EVS: 0.5859446681519729
