Model: GRU
MSE: 7.889345793357581
MAE: 1.9790803070726066
EVS: 0.48029433492772977
