Model: GRU
MSE: 11.227658759104088
MAE: 2.8702539904364226
EVS: 0.6555614293046774
