Model: GRU
MSE: 8.860455033684632
MAE: 2.1724427239648225
EVS: 0.5069548235363337
