Model: GRU
MSE: 8.957606106113975
MAE: 2.516977178639379
EVS: 0.6383036972781495
