Model: GRU
MSE: 376.9931789214528
MAE: 18.973073679825355
EVS: -0.16865374157722535
