Model: GRU
MSE: 10.314105573029957
MAE: 2.6948399543762207
EVS: 0.632350995959772
