Model: GRU
MSE: 125.61435341661085
MAE: 10.502171874046326
EVS: -0.05210778185459941
