Model: GRU
MSE: 136.9371703585391
MAE: 11.080418220881757
EVS: 0.0273725172823992
