Model: GRU
MSE: 11.272684886393485
MAE: 2.273788024639261
EVS: 0.2990304124212865
