Model: GRU
MSE: 31.702381859784886
MAE: 4.477196134369949
EVS: 0.0
