Model: GRU
MSE: 9.465502246074081
MAE: 2.2075320030080863
EVS: 0.47543706714454703
