Model: GRU
MSE: 11.633271645779281
MAE: 2.606629420971048
EVS: 0.4346244141556005
