Model: GRU
MSE: 13.579102590056758
MAE: 3.1317510769285004
EVS: 0.5955806088362687
