Model: GRU
MSE: 13.70828836887711
MAE: 3.199319231099096
EVS: 0.6262424376495448
