Model: GRU
MSE: 5.561958238558332
MAE: 1.8190790538130135
EVS: 0.6651919235212833
