Model: GRU
MSE: 10.384278658440225
MAE: 2.6828834435035445
EVS: 0.6618913356723901
