Model: GRU
MSE: 8.614355952326566
MAE: 2.4663303967179924
EVS: 0.6118773321326736
