Model: GRU
MSE: 6.423201862044824
MAE: 1.926500809603724
EVS: 0.6502125055994559
