Model: GRU
MSE: 8.71764869876397
MAE: 2.369403049863618
EVS: 0.6233889193088251
