Model: GRU
MSE: 137.21582508915583
MAE: 10.950478284523404
EVS: -0.18837870241507293
