Model: GRU
MSE: 47.8269545749757
MAE: 6.0550336837768555
EVS: 0.18023688426828743
