Model: GRU
MSE: 6.767803519541907
MAE: 1.9436866168318123
EVS: 0.6287795528617429
