Model: GRU
MSE: 6.519015285138797
MAE: 2.020449231410849
EVS: 0.7000925792243466
