Model: GRU
MSE: 5.959486854015381
MAE: 1.9382556964611184
EVS: 0.6890082022672782
