Model: GRU
MSE: 11.16388292215453
MAE: 2.830250649616636
EVS: 0.6765780715005706
