Model: GRU
MSE: 18.09143763171706
MAE: 3.265509342325145
EVS: 0.09179240100007424
