Model: GRU
MSE: 5.106621955328627
MAE: 1.6845270271958976
EVS: 0.6601287129720392
