Model: GRU
MSE: 134.73696491550302
MAE: 10.906877813668087
EVS: -0.08358033897723383
