Model: GRU
MSE: 13.31543369164115
MAE: 3.1059916183866303
EVS: 0.6349485257510646
