Model: GRU
MSE: 13.360871494094297
MAE: 2.572609938424209
EVS: 0.29906318155342115
