Model: GRU
MSE: 9.997783330643818
MAE: 2.644263505935669
EVS: 0.6132907848252971
