Model: GRU
MSE: 10.744015268510271
MAE: 2.7346234568234147
EVS: 0.6444765200115768
