Model: GRU
MSE: 11.837665538862074
MAE: 2.9367614203485948
EVS: 0.645369411898776
