Model: GRU
MSE: 1106.191430754822
MAE: 32.99160424594221
EVS: -0.21877898804016627
