Model: GRU
MSE: 9.78029075985004
MAE: 2.5641649178096224
EVS: 0.6529518033190789
