Model: GRU
MSE: 12.659311238078972
MAE: 2.6768337522234233
EVS: 0.4957073412474662
