Model: GRU
MSE: 12.413550164642531
MAE: 2.5650988529468406
EVS: 0.43865793406412956
