Model: GRU
MSE: 8.842181757509605
MAE: 2.2225476626692147
EVS: 0.5156312269466241
