Model: GRU
MSE: 9.596278896169029
MAE: 2.4234480200142694
EVS: 0.5678075605950759
