Model: GRU
MSE: 6.071566291294615
MAE: 1.9054569992525825
EVS: 0.6259061924236864
