Model: GRU
MSE: 34.3990503145996
MAE: 4.78312531832991
EVS: 0.02091455640706963
