Model: GRU
MSE: 8.546769974903759
MAE: 2.3531330042871934
EVS: 0.6474250465440039
