Model: GRU
MSE: 21.858879792445016
MAE: 4.1834613948032775
EVS: 0.6292923701611023
