Model: GRU
MSE: 147.10569843230775
MAE: 11.514696774811581
EVS: 0.0029251927778075615
