Model: GRU
MSE: 120.67991541246575
MAE: 10.27058218265402
EVS: -0.04361314595074672
