Model: GRU
MSE: 5618.503190457827
MAE: 74.85731006490774
EVS: -0.02240876894570265
