Model: GRU
MSE: 9.734382911497505
MAE: 2.6653319720564217
EVS: 0.6717994629363899
