Model: GRU
MSE: 10.316723620464586
MAE: 2.6776711776338775
EVS: 0.63100485741667
