Model: GRU
MSE: 664.8839133774771
MAE: 25.56824641392149
EVS: 0.23429586018393556
