Model: GRU
MSE: 11.962997421840909
MAE: 2.3810151692094474
EVS: 0.30094113834115377
