Model: GRU
MSE: 12.623027311702673
MAE: 2.392995258857464
EVS: 0.22635595555914545
