Model: GRU
MSE: 9.284140705901999
MAE: 2.218370528056704
EVS: 0.4776341031134489
