Model: GRU
MSE: 176.2757670411996
MAE: 12.70211464783241
EVS: -0.025549569841741393
