Model: GRU
MSE: 16.34107979341131
MAE: 3.118656816153691
EVS: 0.040277305295825516
