Model: GRU
MSE: 7.782979582038847
MAE: 2.127948728101007
EVS: 0.6098721403025301
