Model: GRU
MSE: 2657.807047706308
MAE: 51.38427287134631
EVS: -0.19941566910804975
