Model: GRU
MSE: 7.37130382582656
MAE: 2.1088676123783507
EVS: 0.6355416149430113
