Model: GRU
MSE: 8.631856719771356
MAE: 2.0320727249671675
EVS: 0.4579736208379911
