Model: GRU
MSE: 9.543403059784081
MAE: 2.3508262305424132
EVS: 0.5199237841691043
