Model: GRU
MSE: 7.076793390818879
MAE: 2.062712681704554
EVS: 0.6170095689339958
