Model: GRU
MSE: 10.949467921932358
MAE: 2.7943426905007196
EVS: 0.6574957208234354
