Model: GRU
MSE: 137.25027619646397
MAE: 11.006736052447351
EVS: -0.10590556790303718
