Model: GRU
MSE: 10.613056113089081
MAE: 2.4251088109509698
EVS: 0.4915768021888489
