Model: GRU
MSE: 8.947075371119247
MAE: 2.296042927380266
EVS: 0.5343706593177968
