Model: GRU
MSE: 7.457442832529429
MAE: 2.0290965705082336
EVS: 0.5631580776655007
