Model: GRU
MSE: 8.10027407490204
MAE: 2.167376814217403
EVS: 0.5756202563677166
