Model: GRU
MSE: 145.52921878640447
MAE: 11.412518123100543
EVS: -0.049697730091746495
