Model: GRU
MSE: 6.647041845707541
MAE: 2.0566465608004867
EVS: 0.6433256127264619
