Model: GRU
MSE: 7.751728590060668
MAE: 2.0695064807760306
EVS: 0.5633387770906877
