Model: GRU
MSE: 9.527235313726633
MAE: 2.5549230904414735
EVS: 0.6169683288252165
