Model: GRU
MSE: 31.710256125848115
MAE: 4.477819081010489
EVS: 0.0
