Model: GRU
MSE: 6.905416096505496
MAE: 2.013621009629348
EVS: 0.6331154925122104
