Model: GRU
MSE: 7.671718459751854
MAE: 2.0435790193491967
EVS: 0.49602345824873795
