Model: GRU
MSE: 8.874411500027811
MAE: 2.3686596360699883
EVS: 0.569649005274065
