Model: GRU
MSE: 8.709600473229592
MAE: 2.3868878709858863
EVS: 0.6592089139336055
