Model: GRU
MSE: 8.31897316841556
MAE: 2.093607384583046
EVS: 0.5024378081146201
