Model: GRU
MSE: 6.742717280848391
MAE: 2.017513760204973
EVS: 0.6632785473633226
