Model: GRU
MSE: 7.36375535149105
MAE: 1.962301254272461
EVS: 0.5337633833490303
