Model: GRU
MSE: 7.517474945170389
MAE: 2.036313739316217
EVS: 0.5963426888903243
