Model: GRU
MSE: 8.65841433318527
MAE: 2.241112774816053
EVS: 0.5873446932042445
