Model: GRU
MSE: 9.74339058600518
MAE: 2.411783484050206
EVS: 0.5847801790289838
