Model: GRU
MSE: 5.433701855215794
MAE: 1.8457191812581029
EVS: 0.6313794467421101
