Model: GRU
MSE: 13.485845727757175
MAE: 3.1347621802625985
EVS: 0.6549677632869948
