Model: GRU
MSE: 58.86305693136367
MAE: 6.720229576373923
EVS: 0.0
