Model: GRU
MSE: 255.55839373453585
MAE: 15.557164619708884
EVS: 0.07053718940191189
