Model: GRU
MSE: 27.556183228454504
MAE: 4.1195937847268995
EVS: 0.07599034049489162
