Model: GRU
MSE: 7.8577755720992934
MAE: 2.1905617796141525
EVS: 0.6399616024291788
