Model: GRU
MSE: 8.949221974422153
MAE: 2.4748182707819444
EVS: 0.6470237317790297
