Model: GRU
MSE: 9.597048403762564
MAE: 2.1932559876606383
EVS: 0.3850845275675857
