Model: GRU
MSE: 7.527799802440027
MAE: 2.165366920931586
EVS: 0.6612532417210124
