Model: GRU
MSE: 5.557315515392302
MAE: 1.8736619291634395
EVS: 0.6196113621974151
