Model: GRU
MSE: 135.28312336549527
MAE: 11.008251461489447
EVS: 0.0314919600605047
