Model: GRU
MSE: 10.616762295649993
MAE: 2.537527931147608
EVS: 0.44493494974651226
