Model: GRU
MSE: 9.315280924837001
MAE: 2.3945918987537254
EVS: 0.6215264373329197
