Model: GRU
MSE: 9.46901396614023
MAE: 2.4320073538813096
EVS: 0.5792887258151004
