Model: GRU
MSE: 9.37715292247801
MAE: 2.5104525746970343
EVS: 0.6673040387505931
