Model: GRU
MSE: 6.996901172573996
MAE: 2.102495012612178
EVS: 0.6312035722149356
