Model: GRU
MSE: 6.402632591622835
MAE: 1.904615015819155
EVS: 0.58258154333787
