Model: GRU
MSE: 11.72656443778476
MAE: 2.939013719558716
EVS: 0.676516216751887
