Model: GRU
MSE: 14.892042084594303
MAE: 3.2646605310768915
EVS: 0.5498190795848645
