Model: GRU
MSE: 11.572226964142773
MAE: 2.8988317292312096
EVS: 0.628322130450902
