Model: GRU
MSE: 5.525975418173901
MAE: 1.8623568518408413
EVS: 0.6799942067148281
