Model: GRU
MSE: 7.081843474199806
MAE: 2.091898531749331
EVS: 0.6066698212332491
