Model: GRU
MSE: 10.965924401090547
MAE: 2.643813338773004
EVS: 0.5727015407290397
