Model: GRU
MSE: 7.06848890013313
MAE: 2.1259087529675713
EVS: 0.6719666854835407
