Model: GRU
MSE: 5.656387850572844
MAE: 1.8371590828073436
EVS: 0.6191812581125523
