Model: GRU
MSE: 10.410247686293697
MAE: 2.27280016603141
EVS: 0.4152353703455778
