Model: GRU
MSE: 7.141351044138779
MAE: 1.9309325958120411
EVS: 0.5826708721951471
