Model: GRU
MSE: 2096.384461162438
MAE: 45.6117413619469
EVS: -0.0957046002013835
