Model: GRU
MSE: 9.186572817218707
MAE: 2.525782940716579
EVS: 0.648913451682682
