Model: GRU
MSE: 14.608505341418764
MAE: 3.021147538875711
EVS: 0.4385129731290821
