Model: GRU
MSE: 1001.0099388929816
MAE: 31.36961088509395
EVS: -0.16465634731426704
