Model: GRU
MSE: 12.046215574907134
MAE: 2.549752786241729
EVS: 0.40963443269274735
