Model: GRU
MSE: 6.153420457140708
MAE: 1.9338306805183147
EVS: 0.6071736947566508
