Model: GRU
MSE: 6.914896002906469
MAE: 1.9507609729109139
EVS: 0.5689901517726221
