Model: GRU
MSE: 8.11976886271753
MAE: 2.324986145414155
EVS: 0.6277407638600829
