Model: GRU
MSE: 8.486058935731087
MAE: 2.126614307535106
EVS: 0.48429723052702445
