Model: GRU
MSE: 6.418787524780814
MAE: 2.0778547484299232
EVS: 0.6221903124148112
