Model: GRU
MSE: 6.063697001216402
MAE: 1.8770216744521568
EVS: 0.6396520218329413
