Model: GRU
MSE: 5.942841786364801
MAE: 1.8623545498683536
EVS: 0.5924246229708221
