Model: GRU
MSE: 6.423039069357526
MAE: 1.9339041381046689
EVS: 0.5737819007166175
