Model: GRU
MSE: 9.805456972612307
MAE: 2.6223541210437644
EVS: 0.6748918615708399
