Model: GRU
MSE: 11.334097873763433
MAE: 2.7546349311697074
EVS: 0.6034611501420828
