Model: GRU
MSE: 11.178247585040202
MAE: 2.6978628964259705
EVS: 0.5688853094206425
