Model: GRU
MSE: 8.868509524098808
MAE: 2.0562471767951704
EVS: 0.48151634306897817
