Model: GRU
MSE: 15.518312427651738
MAE: 3.4428342539688637
EVS: 0.6315388363293921
