Model: GRU
MSE: 10.317047373105009
MAE: 2.673951477840029
EVS: 0.6565358697209579
