Model: GRU
MSE: 11.456926739123963
MAE: 2.829990238978945
EVS: 0.647805393477153
