Model: GRU
MSE: 6.903793727185247
MAE: 1.9476778753872575
EVS: 0.5469275615383978
