Model: GRU
MSE: 10.558007625224858
MAE: 2.557326497702763
EVS: 0.564090708981545
