Model: GRU
MSE: 5.952071481009347
MAE: 1.860122951967963
EVS: 0.5912747151497376
