Model: GRU
MSE: 5.6909360027331415
MAE: 1.8261807293727481
EVS: 0.6221010141609904
