Model: GRU
MSE: 7.275968604037769
MAE: 2.0513869482895424
EVS: 0.6440111006567981
