Model: GRU
MSE: 5.835381445153036
MAE: 1.8598911597810943
EVS: 0.6431681886965257
