Model: GRU
MSE: 8.932705289165801
MAE: 2.1792884695118873
EVS: 0.5163034616346425
