Model: GRU
MSE: 11.70088114024998
MAE: 2.4796282422953637
EVS: 0.4524351246386519
