Model: GRU
MSE: 7.024921137066219
MAE: 1.8937218271452805
EVS: 0.5573104706462535
