Model: GRU
MSE: 7.368688157522914
MAE: 2.000545049535817
EVS: 0.6101007228171724
