Model: GRU
MSE: 6.30789173357513
MAE: 1.9308179658034752
EVS: 0.5676895950517766
