Model: GRU
MSE: 6.7073165779725095
MAE: 1.9581806001992061
EVS: 0.5677169396535415
