Model: GRU
MSE: 9.2904042588233
MAE: 2.240174441502012
EVS: 0.4542608031376484
