Model: GRU
MSE: 7.347981608173368
MAE: 2.2383472508397597
EVS: 0.6736928874299983
