Model: GRU
MSE: 6.009513662170532
MAE: 1.824729245284508
EVS: 0.6071941965789021
