Model: GRU
MSE: 8.366783373422283
MAE: 2.0782980918884277
EVS: 0.46799515861787655
