Model: GRU
MSE: 6.171477002463156
MAE: 1.8651009448643388
EVS: 0.5959937824558698
