Model: GRU
MSE: 12.039422450703482
MAE: 2.870778018030627
EVS: 0.569741527355122
