Model: GRU
MSE: 16.562283664935233
MAE: 3.5560757538367964
EVS: 0.6510316316894109
