Model: GRU
MSE: 9.219514457081683
MAE: 2.217943758800112
EVS: 0.46133062959948334
