Model: GRU
MSE: 6.13706042819047
MAE: 1.8019653682051033
EVS: 0.5997588988287401
