Model: GRU
MSE: 6.087301692906031
MAE: 1.8625454327155804
EVS: 0.5919142040343592
