Model: GRU
MSE: 11.866217144002489
MAE: 2.826566696166992
EVS: 0.6057210016206283
