Model: GRU
MSE: 7.825970801868818
MAE: 2.1900526901771284
EVS: 0.6419528902785687
