Model: GRU
MSE: 42.784359793408306
MAE: 5.491452644611227
EVS: 0.041632066875841756
