Model: GRU
MSE: 6.806548898408653
MAE: 1.9273948093940472
EVS: 0.610451005909453
