Model: GRU
MSE: 9.635992483720852
MAE: 2.3447822373488854
EVS: 0.5236070558389723
