Model: GRU
MSE: 8.821125324458142
MAE: 2.337095260620117
EVS: 0.6157045358223009
