Model: GRU
MSE: 10.946756533053586
MAE: 2.2510217962593866
EVS: 0.2875622296657835
