Model: GRU
MSE: 7.442994719130556
MAE: 2.1914620317261795
EVS: 0.6246228608508622
