Model: GRU
MSE: 11.51535830709753
MAE: 2.8014079126818427
EVS: 0.5715127914279319
