Model: GRU
MSE: 8.379602780006861
MAE: 2.300214405717521
EVS: 0.6406807783531301
