Model: GRU
MSE: 9.138978446330263
MAE: 2.3752709832684746
EVS: 0.5881754417274606
