Model: GRU
MSE: 8.326073685945286
MAE: 2.2364532248727205
EVS: 0.6008889748656259
