Model: GRU
MSE: 122.60959092695782
MAE: 10.371897966697299
EVS: -0.03250510899249637
