Model: GRU
MSE: 135.38748206043567
MAE: 10.964395428525991
EVS: -0.04185888695179396
