Model: GRU
MSE: 8.987583795522495
MAE: 2.1642228817117624
EVS: 0.45662646454804123
