Model: GRU
MSE: 5.676037187631833
MAE: 1.8201478349751439
EVS: 0.6276083410359088
