Model: GRU
MSE: 8.126880081789828
MAE: 2.274702548980713
EVS: 0.6374687586972302
