Model: GRU
MSE: 7.354149884940249
MAE: 2.064303660392761
EVS: 0.6319468982558922
