Model: GRU
MSE: 9.123033330108495
MAE: 2.131800996846166
EVS: 0.4292609555819691
