Model: GRU
MSE: 112.20992635619737
MAE: 9.837465393132177
EVS: -0.06003781436499844
