Model: GRU
MSE: 7.939818529896472
MAE: 2.068086262406974
EVS: 0.5217303902258597
