Model: GRU
MSE: 58.90757821478988
MAE: 6.723457862590921
EVS: 0.0
