Model: GRU
MSE: 5.753767109265703
MAE: 1.778709000554578
EVS: 0.6378802447488
