Model: GRU
MSE: 15.969143012129445
MAE: 3.526547810126995
EVS: 0.6514732312955862
