Model: GRU
MSE: 9.636593894614277
MAE: 2.251685561804936
EVS: 0.41270619218437876
