Model: GRU
MSE: 574.246404584912
MAE: 23.70850472614683
EVS: 0.16530435885740846
