Model: GRU
MSE: 5.520694498403137
MAE: 1.771542943757156
EVS: 0.6407557530171113
