Model: GRU
MSE: 7.8509809266734125
MAE: 2.1074462348017198
EVS: 0.5179848173045694
