Model: GRU
MSE: 9.019284094420371
MAE: 2.295093092425116
EVS: 0.579577944268797
