Model: GRU
MSE: 7.445593243438483
MAE: 2.185730210665999
EVS: 0.6306411374607817
