Model: GRU
MSE: 7.301708977911439
MAE: 2.0266180942798484
EVS: 0.5577600452889411
