Model: GRU
MSE: 7.267756025753568
MAE: 1.9775152206420898
EVS: 0.5698703278749175
