Model: GRU
MSE: 9.16449420288033
MAE: 2.2583367331274626
EVS: 0.4863465549096261
