Model: GRU
MSE: 9.603026011174412
MAE: 2.599123872559646
EVS: 0.6452215857727734
