Model: GRU
MSE: 7.974957698790757
MAE: 2.1183943172981
EVS: 0.5459958096453129
