Model: GRU
MSE: 8.096040717802826
MAE: 2.2588260173797607
EVS: 0.6376087469196068
