Model: GRU
MSE: 12.756943120880068
MAE: 2.7641799532133957
EVS: 0.46338070008467214
