Model: GRU
MSE: 5.7404886581273935
MAE: 1.7518941287336678
EVS: 0.6059776114412927
