Model: GRU
MSE: 7.483207375727454
MAE: 2.0404108433887878
EVS: 0.602047937348917
