Model: GRU
MSE: 14.133253392147457
MAE: 2.7220852375030518
EVS: 0.3911097895457327
