Model: GRU
MSE: 6.266188093568354
MAE: 1.8308273841594827
EVS: 0.6033272793364871
