Model: GRU
MSE: 17.32806839662972
MAE: 3.2675530334998824
EVS: 0.035403619050592416
