Model: GRU
MSE: 9.40830742905782
MAE: 2.247606951614906
EVS: 0.3609395586956651
