Model: GRU
MSE: 593.8181976499941
MAE: 24.069036279405868
EVS: 0.2443981949172246
