Model: GRU
MSE: 8.32515917196483
MAE: 2.216690490985739
EVS: 0.6021673330236816
