Model: GRU
MSE: 7.083018497633804
MAE: 2.088802091006575
EVS: 0.5149125659964078
