Model: GRU
MSE: 10.252941650717425
MAE: 2.7233440793793777
EVS: 0.6088544928822374
