Model: GRU
MSE: 5.558207559615841
MAE: 1.7549222502215156
EVS: 0.6290685715298351
