Model: GRU
MSE: 8.629981911076246
MAE: 2.172563043133966
EVS: 0.4956004482973737
