Model: GRU
MSE: 7.823825013970432
MAE: 2.1687282529370537
EVS: 0.5878081831704125
