Model: GRU
MSE: 5.219305515181473
MAE: 1.6615637170857396
EVS: 0.6425265182995843
