Model: GRU
MSE: 8.82044896503798
MAE: 2.333735597544703
EVS: 0.5776729745804121
