Model: GRU
MSE: 14.157205879384904
MAE: 3.2490266191548316
EVS: 0.6796612073741491
