Model: GRU
MSE: 10.7896480102075
MAE: 2.6784747386800833
EVS: 0.5914404242995553
