Model: GRU
MSE: 11.427948236686928
MAE: 2.8111363690474938
EVS: 0.6113114864205478
