Model: GRU
MSE: 6.5657694501347965
MAE: 1.9484908251926816
EVS: 0.6429916661951411
