Model: GRU
MSE: 5.469192682499566
MAE: 1.729697599493224
EVS: 0.6365759497731045
