Model: GRU
MSE: 10.413448524548413
MAE: 2.5947827470713647
EVS: 0.6014161616114544
