Model: GRU
MSE: 8.65345353139935
MAE: 2.2033204785708724
EVS: 0.5512727388181557
