Model: GRU
MSE: 5.418798573777089
MAE: 1.7458717740815262
EVS: 0.6329584499684424
