Model: GRU
MSE: 1429.5052623352049
MAE: 37.55767822265625
EVS: -0.29986312046527575
