Model: GRU
MSE: 8.97587746003749
MAE: 2.392758739405665
EVS: 0.5752070631016006
