Model: GRU
MSE: 7.989364659152376
MAE: 2.100627463439415
EVS: 0.5381077274015886
