Model: GRU
MSE: 6.280211154973935
MAE: 1.8378820665951432
EVS: 0.5931120929243311
