Model: GRU
MSE: 6.402653755938602
MAE: 2.0245105973605453
EVS: 0.6272334439737499
