Model: GRU
MSE: 5.117220174631521
MAE: 1.8130334903453957
EVS: 0.690894293807863
