Model: GRU
MSE: 9.308100849214998
MAE: 2.1003817854256464
EVS: 0.45534665656060647
