Model: GRU
MSE: 6476.01820654562
MAE: 80.38535848157159
EVS: 0.023880363445819897
