Model: GRU
MSE: 17.921110912490555
MAE: 3.7377306428448906
EVS: 0.6440353359660855
