Model: GRU
MSE: 6.77647740638606
MAE: 1.96237405415239
EVS: 0.5681608689130873
