Model: GRU
MSE: 5.38894930242527
MAE: 1.7340329762162834
EVS: 0.6623504317883859
