Model: GRU
MSE: 8.748259771165742
MAE: 2.3996214208931756
EVS: 0.6475114361642442
