Model: GRU
MSE: 11.862046090196921
MAE: 2.47875688815939
EVS: 0.39782596788680247
