Model: GRU
MSE: 11.366334956725206
MAE: 2.812523134823503
EVS: 0.6428290999696301
