Model: GRU
MSE: 146.22088500890854
MAE: 11.383607545803333
EVS: -0.14246634021755078
