Model: GRU
MSE: 9.054074884187642
MAE: 2.2222319718064933
EVS: 0.5012251967099273
