Model: GRU
MSE: 6.373423565791521
MAE: 2.0210388775529533
EVS: 0.6375053631048511
