Model: GRU
MSE: 130.7089470922795
MAE: 10.747439857186942
EVS: -0.044054529578505974
