Model: GRU
MSE: 7.089868770789582
MAE: 2.1270332747492295
EVS: 0.6532787707213762
