Model: GRU
MSE: 10.056042800097092
MAE: 2.6395113385956863
EVS: 0.6768561350976556
