Model: GRU
MSE: 9.612952484425367
MAE: 2.4586211072987525
EVS: 0.5802387164440443
