Model: GRU
MSE: 7.915975643402781
MAE: 2.2280786530724885
EVS: 0.49577588860210087
