Model: GRU
MSE: 7.2533827007466
MAE: 2.059359649132038
EVS: 0.5832305976192522
