Model: GRU
MSE: 13.967234779045384
MAE: 2.5216503801016974
EVS: 0.21325747994330202
