Model: GRU
MSE: 12.483038582623301
MAE: 2.9092416763305664
EVS: 0.542735839805859
