Model: GRU
MSE: 9.189805821262556
MAE: 2.4175822077126337
EVS: 0.6425757238299146
