Model: GRU
MSE: 11.2174192969526
MAE: 2.420169139730519
EVS: 0.38148495551935224
