Model: GRU
MSE: 11.958345726883804
MAE: 2.845008578793756
EVS: 0.5865596241145283
