Model: GRU
MSE: 6.564352736480216
MAE: 1.8896107920284928
EVS: 0.5725956902295634
