Model: GRU
MSE: 118.39524433853616
MAE: 10.184747130706393
EVS: -0.007288620399306778
