Model: GRU
MSE: 7.535093687402537
MAE: 2.20558487546855
EVS: 0.6751755424138162
