Model: GRU
MSE: 6.8041881187451185
MAE: 1.9920730673033615
EVS: 0.6289083361714239
