Model: GRU
MSE: 7.93790797404686
MAE: 2.2177366717108367
EVS: 0.6368140520824195
