Model: GRU
MSE: 5.541186548008038
MAE: 1.7990245942411751
EVS: 0.6204499740479937
