Model: GRU
MSE: 7.242488263236341
MAE: 2.0542580468314036
EVS: 0.6474285554571786
