Model: GRU
MSE: 6.635537408072493
MAE: 2.065862672082309
EVS: 0.6868899268120159
