Model: GRU
MSE: 9.08548443505181
MAE: 2.2924672488508553
EVS: 0.4688270309138568
