Model: GRU
MSE: 29.85223262794164
MAE: 4.217301861993198
EVS: -0.03754525314683854
