Model: GRU
MSE: 8.01504300196346
MAE: 2.2650411211211106
EVS: 0.6708774884058497
