Model: GRU
MSE: 117.980843027591
MAE: 10.213248214844999
EVS: 0.06110169826402967
