Model: GRU
MSE: 10.482296735354401
MAE: 2.2381926405018775
EVS: 0.4193871247396532
