Model: GRU
MSE: 7.154270800088481
MAE: 1.9862287003418495
EVS: 0.597363959306902
