Model: GRU
MSE: 10.208170623372757
MAE: 2.57536610241594
EVS: 0.6199906917315963
