Model: GRU
MSE: 8.225820709860269
MAE: 2.357633352279663
EVS: 0.6764166048970116
