Model: GRU
MSE: 5.410660047032158
MAE: 1.7828847622049266
EVS: 0.6336338337693919
