Model: GRU
MSE: 9.219473382175309
MAE: 2.30966225985823
EVS: 0.5529131048772603
