Model: GRU
MSE: 11.036940970916346
MAE: 2.632958847900917
EVS: 0.5500865341185752
