Model: GRU
MSE: 143.58292745591183
MAE: 11.369030561940423
EVS: 0.0159323672436279
