Model: GRU
MSE: 7.30315729099303
MAE: 2.152542471885681
EVS: 0.6518694216425074
