Model: GRU
MSE: 7.300856418412312
MAE: 1.9957400683698983
EVS: 0.582087257027702
