Model: GRU
MSE: 6.162277055986775
MAE: 1.9237977060778388
EVS: 0.5923990938988684
