Model: GRU
MSE: 7.698098980790468
MAE: 2.146099016584199
EVS: 0.6538372253825493
