Model: GRU
MSE: 7.1001546215348705
MAE: 2.049854854057575
EVS: 0.6100429349028657
