Model: GRU
MSE: 6.9432588812919365
MAE: 1.9293995232417667
EVS: 0.5512220431790698
