Model: GRU
MSE: 116.38049004736932
MAE: 10.054397455577192
EVS: -0.050105213399795456
