Model: GRU
MSE: 1810.0377415662597
MAE: 42.24020902041731
EVS: -0.7721428015319616
