Model: GRU
MSE: 9.397569458980355
MAE: 2.511584471011984
EVS: 0.6307270779912519
