Model: GRU
MSE: 2845.087365836983
MAE: 53.2479630174308
EVS: 0.3309224925579747
