Model: GRU
MSE: 43.33933198760989
MAE: 5.4369603189928775
EVS: -0.02889667564644771
