Model: GRU
MSE: 9.228809326519197
MAE: 2.552337342295153
EVS: 0.6910652509714366
