Model: GRU
MSE: 8.700520754076921
MAE: 2.3148299332322746
EVS: 0.6303787135976887
