Model: GRU
MSE: 11.97570105338685
MAE: 2.802752815443894
EVS: 0.5120434979700461
