Model: GRU
MSE: 1855.3979504572835
MAE: 42.67231033588278
EVS: -1.3675665142987001
