Model: GRU
MSE: 5.971388249212459
MAE: 1.8309593200683594
EVS: 0.6297660198640742
