Model: GRU
MSE: 16.86125863425966
MAE: 3.3645321254072518
EVS: 0.4839523785786092
