Model: GRU
MSE: 7.2849686081697405
MAE: 2.1148833529702546
EVS: 0.6339420903937752
