Model: GRU
MSE: 29.023749674367725
MAE: 4.924598397879765
EVS: 0.5630426787609145
