Model: GRU
MSE: 9.254523148179224
MAE: 2.118888600119229
EVS: 0.4223707985007269
