Model: GRU
MSE: 8.33829727942314
MAE: 2.155215440477644
EVS: 0.5986012495774087
