Model: GRU
MSE: 9.19368137513309
MAE: 2.5537344916113494
EVS: 0.6692832139720244
