Model: GRU
MSE: 12.942550885794425
MAE: 3.0756180779687288
EVS: 0.6005323383999086
