Model: GRU
MSE: 7.032280558138676
MAE: 2.018542561037787
EVS: 0.5171681631460312
