Model: GRU
MSE: 8.138357581012832
MAE: 2.1313199832521637
EVS: 0.5718671892177076
