Model: GRU
MSE: 8.17294370440847
MAE: 2.236953225629083
EVS: 0.5923866124438766
