Model: GRU
MSE: 9.40838131939783
MAE: 2.337779497278148
EVS: 0.4986521427789269
