Model: GRU
MSE: 7.400145582947516
MAE: 2.0122350988716913
EVS: 0.5425113264106279
