Model: GRU
MSE: 15.743757330072558
MAE: 3.4787356031352075
EVS: 0.6600070288001739
