Model: GRU
MSE: 6.984645967087819
MAE: 1.9686662246441018
EVS: 0.5371652716454951
