Model: GRU
MSE: 7.210034161501218
MAE: 1.944246925156692
EVS: 0.5517935438013546
