Model: GRU
MSE: 117.68011303692514
MAE: 10.154805043648029
EVS: 0.0
