Model: GRU
MSE: 8.227555152131654
MAE: 2.18484388760158
EVS: 0.5955219683876058
