Model: GRU
MSE: 8.566560115291528
MAE: 2.058319634404676
EVS: 0.5045658853062622
