Model: GRU
MSE: 5.904704713700375
MAE: 1.873718968753157
EVS: 0.6637503958910331
