Model: GRU
MSE: 6.401358795294837
MAE: 1.8583027658791378
EVS: 0.6142050162982048
