Model: GRU
MSE: 13.081188019193096
MAE: 2.9117433860384185
EVS: 0.5289432268397511
