Model: GRU
MSE: 7.903030188766859
MAE: 2.044015070487713
EVS: 0.4751768569805094
