Model: GRU
MSE: 144.72421445592792
MAE: 11.35457747147001
EVS: -0.08500915485208216
