Model: GRU
MSE: 27.88019303679821
MAE: 4.309568832660544
EVS: 0.16324251144439994
