Model: GRU
MSE: 8.7604647219065
MAE: 2.375556468963623
EVS: 0.6587118686576326
