Model: GRU
MSE: 11.384201453132619
MAE: 2.8402579899491935
EVS: 0.666110023607779
