Model: GRU
MSE: 116.56351824319731
MAE: 10.1261261331624
EVS: 0.03674162338064335
