Model: GRU
MSE: 6.99849310061764
MAE: 2.033812901069378
EVS: 0.6417723659660448
