Model: GRU
MSE: 14.023989758257725
MAE: 3.093787538594213
EVS: 0.5554317288593221
