Model: GRU
MSE: 7.024468645870135
MAE: 1.9416868768889328
EVS: 0.5914621488415657
