Model: GRU
MSE: 8.802026751667297
MAE: 2.4438792014944144
EVS: 0.6786534431191806
