Model: GRU
MSE: 7.543148950854441
MAE: 2.1100086754766005
EVS: 0.6166686411168398
