Model: GRU
MSE: 21.224573994281325
MAE: 4.050239291684381
EVS: 0.5284442146935342
