Model: GRU
MSE: 10.8620067631493
MAE: 2.6859813229791047
EVS: 0.6188399176850863
