Model: GRU
MSE: 15.152243525675626
MAE: 3.0821715058951544
EVS: 0.4057715424644609
