Model: GRU
MSE: 7.4846227577993
MAE: 2.228492284643239
EVS: 0.6893611652484344
