Model: GRU
MSE: 143.1870152831688
MAE: 11.310691060691044
EVS: -0.047749531542805146
