Model: GRU
MSE: 12.805819041286272
MAE: 3.0342201282238137
EVS: 0.6190685195875096
