Model: GRU
MSE: 8.625422506960838
MAE: 2.437067623796134
EVS: 0.6788886444925258
