Model: GRU
MSE: 6.61814475049045
MAE: 1.8738227630483693
EVS: 0.5724286614903127
