Model: GRU
MSE: 5.980161048315106
MAE: 1.8485792023794991
EVS: 0.6921814921431448
