Model: GRU
MSE: 8.018722776043722
MAE: 2.1408320086342947
EVS: 0.6108098065804963
