Model: GRU
MSE: 13.224555135532936
MAE: 2.986773022289934
EVS: 0.4632418349907864
