Model: GRU
MSE: 6.528199235977523
MAE: 1.936698214761142
EVS: 0.609353892776908
