Model: GRU
MSE: 17.16286797966458
MAE: 3.7278383107020936
EVS: 0.6906068820501898
