Model: GRU
MSE: 787.378384443587
MAE: 27.78244636798727
EVS: -0.06552249825984258
