Model: GRU
MSE: 5.7971578549960245
MAE: 1.7791600391782563
EVS: 0.629142731985614
