Model: GRU
MSE: 6.906256124852744
MAE: 1.968859393021156
EVS: 0.5261601837366343
