Model: GRU
MSE: 223.270757369849
MAE: 14.48811175905425
EVS: 0.08205141709191444
