Model: GRU
MSE: 11.551265380068129
MAE: 2.608133817541188
EVS: 0.5250037231488738
