Model: GRU
MSE: 10.49247947589066
MAE: 2.63568534522221
EVS: 0.564950840004951
