Model: GRU
MSE: 6.907531704957207
MAE: 1.9925631983526821
EVS: 0.5978619956469273
