Model: GRU
MSE: 52.20350516694741
MAE: 6.330116271972656
EVS: 0.0854396504310837
