Model: GRU
MSE: 28.33121021451419
MAE: 4.183524378414812
EVS: 0.052362603826865195
