Model: GRU
MSE: 12.037080280375433
MAE: 2.760208919130523
EVS: 0.5259986582046197
