Model: GRU
MSE: 8.321731957340827
MAE: 2.271717959436877
EVS: 0.6211944648239018
