Model: GRU
MSE: 5.020292248923066
MAE: 1.6627605454675083
EVS: 0.6570216311687826
