Model: GRU
MSE: 1074.4623882743222
MAE: 32.53938135607489
EVS: -0.07493118900501372
