Model: GRU
MSE: 219.57860433619072
MAE: 14.340551121481534
EVS: 0.043464809530801674
