Model: GRU
MSE: 12.059603266962908
MAE: 2.3008888014431657
EVS: 0.2513726916320529
