Model: GRU
MSE: 133.23120522980244
MAE: 10.848773580172967
EVS: -0.06698257470220303
