Model: GRU
MSE: 16.742909446654867
MAE: 3.5889833795613257
EVS: 0.6120033465390595
