Model: GRU
MSE: 7.577306932478646
MAE: 1.9965118046464592
EVS: 0.5132048989983359
