Model: GRU
MSE: 105.9846895912141
MAE: 9.607261123328373
EVS: 0.060083887726159135
