Model: GRU
MSE: 12.562097937643252
MAE: 2.96548239938144
EVS: 0.6231646021867254
