Model: GRU
MSE: 20.554819484578132
MAE: 3.5279934324067215
EVS: 1.1102230246251565e-16
