Model: GRU
MSE: 9.941431787803399
MAE: 2.4883259740369073
EVS: 0.5724077752968739
