Model: GRU
MSE: 8.599201248110713
MAE: 2.320640596850165
EVS: 0.6161945646016456
