Model: GRU
MSE: 21.153709907339447
MAE: 3.237772250997609
EVS: 0.03356950652332236
