Model: GRU
MSE: 104.15344595662543
MAE: 9.462893855982813
EVS: -0.0032306394880103895
