Model: GRU
MSE: 10.821536801897423
MAE: 2.3939904755559462
EVS: 0.29798365849780584
