Model: GRU
MSE: 7.644026410512098
MAE: 2.2044427477080246
EVS: 0.6379482188501497
