Model: GRU
MSE: 13.189773340190868
MAE: 2.921777231939908
EVS: 0.10195279934511736
