Model: GRU
MSE: 6.242284370809039
MAE: 1.9092799548445076
EVS: 0.5908373859213863
