Model: GRU
MSE: 18.504097786192883
MAE: 3.83170589907416
EVS: 0.6658253902645527
