Model: GRU
MSE: 9.969540626183191
MAE: 2.389881964387565
EVS: 0.44970822290103596
