Model: GRU
MSE: 7.1538508950903115
MAE: 1.9876701749604324
EVS: 0.5859826477261265
