Model: GRU
MSE: 6.198317141686598
MAE: 1.8926850228474057
EVS: 0.6247437285187675
