Model: GRU
MSE: 9.331192598120243
MAE: 2.5992408949753334
EVS: 0.6984897937157293
