Model: GRU
MSE: 11.009619741831326
MAE: 2.314422812955133
EVS: 0.2848352948355791
