Model: GRU
MSE: 10.775572314682547
MAE: 2.688912531425213
EVS: 0.6093918991949695
