Model: GRU
MSE: 7.498970920219332
MAE: 2.1948936478845003
EVS: 0.6798007830047879
