Model: GRU
MSE: 10.255839933557652
MAE: 2.6007264564777244
EVS: 0.6409062285125167
