Model: GRU
MSE: 117.43638799436066
MAE: 10.141498560535497
EVS: -0.001809566794233275
