Model: GRU
MSE: 5.397792463788085
MAE: 1.7296346426010132
EVS: 0.6316004970064331
