Model: GRU
MSE: 611.0771018884184
MAE: 24.487844664475013
EVS: 0.21548569618422775
