Model: GRU
MSE: 6.476275090147718
MAE: 1.8330073767694934
EVS: 0.5810541043632175
