Model: GRU
MSE: 6.3436465138343365
MAE: 1.8924257426426327
EVS: 0.6022312732179613
