Model: GRU
MSE: 129.35252051731084
MAE: 10.718813215864115
EVS: 0.006901337462482449
