Model: GRU
MSE: 20.18608603104068
MAE: 3.509978146388613
EVS: 0.20575911289697757
