Model: GRU
MSE: 8.680994795992548
MAE: 2.195942159356742
EVS: 0.5357548671771203
