Model: GRU
MSE: 5.792117159939765
MAE: 1.8365647957242768
EVS: 0.6027142883543037
