Model: GRU
MSE: 9.882070374235328
MAE: 2.569912310304313
EVS: 0.6474214289992628
