Model: GRU
MSE: 11.472482900562175
MAE: 2.466239411255409
EVS: 0.4049865234525465
