Model: GRU
MSE: 6.904531617591476
MAE: 1.9693525412987019
EVS: 0.5989833899117674
