Model: GRU
MSE: 7.098107353793227
MAE: 1.988954338534125
EVS: 0.5343764257138603
