Model: GRU
MSE: 6.1489170488322875
MAE: 1.945572618780465
EVS: 0.5781620368514127
