Model: GRU
MSE: 10.727816636080206
MAE: 2.679081916809082
EVS: 0.6078797973819621
