Model: GRU
MSE: 496.8372731773853
MAE: 21.990208609350795
EVS: 0.08873934389751159
