Model: GRU
MSE: 32.875981969432736
MAE: 4.633855129110402
EVS: 0.052563581594600506
