Model: GRU
MSE: 11.47232664695316
MAE: 2.6589395917695144
EVS: 0.5297746475135978
