Model: GRU
MSE: 9.000589508127531
MAE: 2.206165675459237
EVS: 0.44711687831366986
