Model: GRU
MSE: 15.013693082175177
MAE: 2.9429371768030625
EVS: 0.3937960163613885
