Model: GRU
MSE: 10.877841806443206
MAE: 2.7809984355137267
EVS: 0.652480196487266
