Model: GRU
MSE: 6.0693433784018955
MAE: 1.909679988334919
EVS: 0.6309252366421685
