Model: GRU
MSE: 7.873373978901982
MAE: 2.0470288128688416
EVS: 0.4944512807643261
