Model: GRU
MSE: 12.509083724466077
MAE: 2.3587855141738365
EVS: 0.18859712177243415
