Model: GRU
MSE: 52.76884542797626
MAE: 6.283887961815143
EVS: 0.03264948128766543
