Model: GRU
MSE: 39.32312658867977
MAE: 5.135664249288625
EVS: 0.0
