Model: GRU
MSE: 10.562921679821235
MAE: 2.5648459401623955
EVS: 0.5829857450594615
