Model: GRU
MSE: 8.648976444745875
MAE: 2.410598195832351
EVS: 0.6588744239614566
