Model: GRU
MSE: 11.331253219285568
MAE: 2.8903708129093566
EVS: 0.5863167549568652
