Model: GRU
MSE: 8.59285432559964
MAE: 2.333966271630649
EVS: 0.6315637575848105
