Model: GRU
MSE: 6.887656050750515
MAE: 2.01618191291546
EVS: 0.6083824990140995
