Model: GRU
MSE: 7.0639544485707315
MAE: 2.034219371861425
EVS: 0.5716883692552887
