Model: GRU
MSE: 5.284466810531885
MAE: 1.73944864190858
EVS: 0.6429023235838885
