Model: GRU
MSE: 122.79155626121172
MAE: 10.372319309875882
EVS: -0.044402384675605644
