Model: GRU
MSE: 9.14737749196085
MAE: 2.313029955173361
EVS: 0.5173190668232193
