Model: GRU
MSE: 8.805512497789975
MAE: 2.3926361100427034
EVS: 0.644907710713915
