Model: GRU
MSE: 7.3539360457249
MAE: 2.0430256416057717
EVS: 0.5981526299695232
