Model: GRU
MSE: 269.28419099425116
MAE: 15.943002281517819
EVS: -0.037418949423565495
