Model: GRU
MSE: 7.730384468055086
MAE: 2.0512081425765465
EVS: 0.54444076104961
