Model: GRU
MSE: 8.273027382269357
MAE: 2.343750304189222
EVS: 0.6704070275235219
