Model: GRU
MSE: 7.572545497544591
MAE: 2.0041662824564965
EVS: 0.5070403836317365
