Model: GRU
MSE: 11.382221880674788
MAE: 2.641219196648433
EVS: 0.5093943945681212
