Model: GRU
MSE: 5.5576946630267505
MAE: 1.748081116840757
EVS: 0.6618302368398647
