Model: GRU
MSE: 1895.371223510195
MAE: 43.4352847789896
EVS: 0.39922863295834987
