Model: GRU
MSE: 129.319581556283
MAE: 10.732923746109009
EVS: 0.029953071517348606
