Model: GRU
MSE: 9.964699344998731
MAE: 2.2987526120810675
EVS: 0.49683892009116215
