Model: GRU
MSE: 6.8425556448163
MAE: 1.9889137498263656
EVS: 0.6620791700765246
