Model: GRU
MSE: 11.188245121037465
MAE: 2.744398774771855
EVS: 0.5958376159459535
