Model: GRU
MSE: 21.325001682807024
MAE: 3.9832612481610528
EVS: 0.46945612035188333
