Model: GRU
MSE: 9.498648048564895
MAE: 2.5122439737977653
EVS: 0.5478417598549437
