Model: GRU
MSE: 9.420299563848536
MAE: 2.2515051775965196
EVS: 0.5292803777435864
