Model: GRU
MSE: 1242.7124370826846
MAE: 34.98361853895516
EVS: -0.29524789824350206
