Model: GRU
MSE: 143.0574553862195
MAE: 11.398468839711157
EVS: 0.09805490400709593
