Model: GRU
MSE: 15.070094808156517
MAE: 2.51106176705196
EVS: 0.17752168227748688
