Model: GRU
MSE: 10.587671201101625
MAE: 2.760568067945283
EVS: 0.6523918883621309
