Model: GRU
MSE: 8.33372226184569
MAE: 2.0214322517658103
EVS: 0.48268574005616627
