Model: GRU
MSE: 6.115754604237387
MAE: 1.945116955658485
EVS: 0.6578477183045925
