Model: GRU
MSE: 10.743793758943713
MAE: 2.7677522774400383
EVS: 0.668740465856148
