Model: GRU
MSE: 131.59315517661898
MAE: 10.819817880104328
EVS: 0.0024279690214221716
