Model: GRU
MSE: 11.620332893660224
MAE: 2.870267103458273
EVS: 0.6425343910758912
