Model: GRU
MSE: 12.006331007111067
MAE: 2.4125430748380463
EVS: 0.309717026280229
