Model: GRU
MSE: 139.18727983902045
MAE: 11.095709971312818
EVS: -0.10387689343867001
