Model: GRU
MSE: 8.382029020052293
MAE: 2.2900574700585725
EVS: 0.5873876650798953
