Model: GRU
MSE: 960.0428328098055
MAE: 30.825892744393183
EVS: 0.32643287881270766
