Model: GRU
MSE: 16.600484211881188
MAE: 3.564139522355178
EVS: 0.6382574176579976
