Model: GRU
MSE: 7.9171502871063675
MAE: 2.208885694372243
EVS: 0.6333310500368193
