Model: GRU
MSE: 11.546155610563064
MAE: 2.852210883436532
EVS: 0.6613661093297243
