Model: GRU
MSE: 20.718483000338715
MAE: 3.8945155883657523
EVS: 0.4453183492019742
