Model: GRU
MSE: 8.718035164172981
MAE: 2.2949205267018287
EVS: 0.57102023626288
