Model: GRU
MSE: 10.686923590748071
MAE: 2.6899472105092017
EVS: 0.632517833536971
