Model: GRU
MSE: 8.571367145534246
MAE: 2.2517892081162025
EVS: 0.5869289553514752
