Model: GRU
MSE: 7.246327988438605
MAE: 2.0987175990795266
EVS: 0.6229604404767872
