Model: GRU
MSE: 11.569674498174809
MAE: 2.614362626240171
EVS: 0.5107448604212739
