Model: GRU
MSE: 9.05812582752322
MAE: 2.518761758146615
EVS: 0.6660553334247603
