Model: GRU
MSE: 4.899107443466534
MAE: 1.6939645512350674
EVS: 0.6767404920058133
