Model: GRU
MSE: 7.126582348460241
MAE: 1.9595624413983574
EVS: 0.5930834563831464
