Model: GRU
MSE: 7.455062631040109
MAE: 2.214414465016332
EVS: 0.6599910808039458
