Model: GRU
MSE: 6.001161488326485
MAE: 1.8630149528898041
EVS: 0.6552504385690405
