Model: GRU
MSE: 13.026735430729904
MAE: 3.188851734687542
EVS: 0.7080866134454227
