Model: GRU
MSE: 66.18298228105076
MAE: 7.265111988988416
EVS: 0.042270043587645856
