Model: GRU
MSE: 6.526817931361879
MAE: 2.0495807549049117
EVS: 0.6649830541663406
