Model: GRU
MSE: 7.92669129347349
MAE: 2.2407578188797523
EVS: 0.6186095536493459
