Model: GRU
MSE: 9.47238056613616
MAE: 2.14579962861949
EVS: 0.4067806437204393
