Model: GRU
MSE: 6.0534238681864645
MAE: 1.8275880854705284
EVS: 0.6298438137904196
