Model: GRU
MSE: 6.897576033473714
MAE: 1.8516562313869083
EVS: 0.5280891593364685
