Model: GRU
MSE: 10.448979641988887
MAE: 2.715536175103023
EVS: 0.6443491486979863
