Model: GRU
MSE: 6.648697950150426
MAE: 2.0347352274532975
EVS: 0.611321975579366
