Model: GRU
MSE: 6.745709510371143
MAE: 2.0078534340036325
EVS: 0.5403878177407526
