Model: GRU
MSE: 7.210664183694478
MAE: 2.0585658632475754
EVS: 0.5887334122676656
