Model: GRU
MSE: 8.39964199312919
MAE: 2.3271117539241395
EVS: 0.6500343260108594
