Model: GRU
MSE: 10.198231063515157
MAE: 2.6460828287848113
EVS: 0.6320903687841237
