Model: GRU
MSE: 9.878355328472935
MAE: 2.635866165161133
EVS: 0.6662914561993816
