Model: GRU
MSE: 9.582928349173153
MAE: 2.422711495695443
EVS: 0.39958220929190125
