Model: GRU
MSE: 33.09932887223644
MAE: 4.607020854949951
EVS: -0.004106593807317704
