Model: GRU
MSE: 6.728916815860516
MAE: 2.0707667120571793
EVS: 0.6956631159917197
