Model: GRU
MSE: 13.242001698994061
MAE: 3.156779042605696
EVS: 0.6651141683076114
