Model: GRU
MSE: 141.06982867841387
MAE: 11.197221484677545
EVS: -0.0777478324991947
