Model: GRU
MSE: 16.86839417031134
MAE: 3.4957549243137755
EVS: 0.5387846335443377
