Model: GRU
MSE: 14.051004398389727
MAE: 3.2890506448416876
EVS: 0.6522838420133338
