Model: GRU
MSE: 11.527314142699401
MAE: 2.734719687494738
EVS: 0.5527389964202714
