Model: GRU
MSE: 110.18651037908197
MAE: 9.866995617233474
EVS: 0.11889656860158448
