Model: GRU
MSE: 6.032248870173766
MAE: 1.9447193392391862
EVS: 0.588939088705177
