Model: GRU
MSE: 9.216230395667178
MAE: 2.5319915269983224
EVS: 0.6852924749368421
