Model: GRU
MSE: 7.836498141383282
MAE: 2.1987553629381904
EVS: 0.5686192613190584
