Model: GRU
MSE: 7.73935294903441
MAE: 2.0799095712859055
EVS: 0.5714985881746741
