Model: GRU
MSE: 13.021607907230665
MAE: 3.076716447698659
EVS: 0.6104361034917825
