Model: GRU
MSE: 6.354867083399332
MAE: 1.9839426320174645
EVS: 0.6428920747814285
