Model: GRU
MSE: 9.333408190160291
MAE: 2.48083260963703
EVS: 0.5842525229058924
