Model: GRU
MSE: 8.262553878028555
MAE: 2.2031649392226647
EVS: 0.6107581679458459
