Model: GRU
MSE: 58.39511490759861
MAE: 6.686199977480132
EVS: 0.0
