Model: GRU
MSE: 9.00091412615213
MAE: 2.474014158906608
EVS: 0.6782496760103689
