Model: GRU
MSE: 5.725540494092911
MAE: 1.8456197771532783
EVS: 0.6915522148835284
