Model: GRU
MSE: 140.86727221350765
MAE: 11.239058038284039
EVS: 0.0006319304106424672
