Model: GRU
MSE: 7.544842323369812
MAE: 2.161208177434987
EVS: 0.6542354454392465
