Model: GRU
MSE: 5.6802651743936785
MAE: 1.843064415043798
EVS: 0.6435955764791983
