Model: GRU
MSE: 8.234757192826848
MAE: 2.2645000589304956
EVS: 0.6222806854205349
