Model: GRU
MSE: 21.78752800376837
MAE: 4.074147619050125
EVS: 0.5379459812062278
