Model: GRU
MSE: 7.4483776854638934
MAE: 1.9240593334724163
EVS: 0.5016239917331653
