Model: GRU
MSE: 16.6631032966052
MAE: 3.5565345205109695
EVS: 0.6445655679716242
