Model: GRU
MSE: 38.23189213294094
MAE: 5.087433913658405
EVS: -0.004060564953731971
