Model: GRU
MSE: 6.231607091806602
MAE: 2.012751788928591
EVS: 0.5943210613330007
