Model: GRU
MSE: 8.999632230237372
MAE: 2.399894895224736
EVS: 0.6334550430330693
