Model: GRU
MSE: 7.445841338591372
MAE: 1.9518181866612927
EVS: 0.4900605558700982
