Model: GRU
MSE: 6.3331800224977215
MAE: 1.8865920264145424
EVS: 0.6317521777727908
