Model: GRU
MSE: 12.426975424379494
MAE: 2.9435930252075195
EVS: 0.6004408388214401
