Model: GRU
MSE: 11.194638039569723
MAE: 2.8209007279626253
EVS: 0.6324389605937406
