Model: GRU
MSE: 6.771888105408811
MAE: 2.038714047135978
EVS: 0.6376963693846474
