Model: GRU
MSE: 6.803762950708135
MAE: 1.879198279874078
EVS: 0.5770681342802155
