Model: GRU
MSE: 15.00742317732799
MAE: 3.2748879523112855
EVS: 0.49927591437880836
