Model: GRU
MSE: 5.861087853321297
MAE: 1.8177323711329494
EVS: 0.5976941499556065
