Model: GRU
MSE: 14.028806597492748
MAE: 3.1340089173152528
EVS: 0.5769344158951973
