Model: GRU
MSE: 12.844004367863821
MAE: 2.9899937777683654
EVS: 0.5765142060409623
