Model: GRU
MSE: 5.590707907921689
MAE: 1.7948802832899422
EVS: 0.6508171441872941
