Model: GRU
MSE: 8.364592232594646
MAE: 2.162176781687243
EVS: 0.5747678021229902
