Model: GRU
MSE: 11.294777391006038
MAE: 2.615550929102404
EVS: 0.4594049778639002
