Model: GRU
MSE: 7.399949704561538
MAE: 2.114568521236551
EVS: 0.5921839461198791
