Model: GRU
MSE: 6.194775334046579
MAE: 1.912098711934583
EVS: 0.5752415257557362
