Model: GRU
MSE: 120.25846982972126
MAE: 10.2568220516731
EVS: -0.03406744830202735
