Model: GRU
MSE: 17009.581539601422
MAE: 130.34425746372767
EVS: -0.03994321508676002
