Model: GRU
MSE: 15.539255897875679
MAE: 3.356960888566642
EVS: 0.5453696796240413
