Model: GRU
MSE: 6.604022369565436
MAE: 1.9273599756175075
EVS: 0.6405440114098822
