Model: GRU
MSE: 151.88053566873322
MAE: 11.658543989576142
EVS: -0.09607387224719388
