Model: GRU
MSE: 6.593605633260204
MAE: 2.062389044926084
EVS: 0.6920623709727635
