Model: GRU
MSE: 12.973666174328407
MAE: 3.087568463950322
EVS: 0.6847143858074204
