Model: GRU
MSE: 7.483731884348905
MAE: 2.123714537456118
EVS: 0.578814034213468
