Model: GRU
MSE: 6.155772017006021
MAE: 1.8644372841407513
EVS: 0.6192307792573555
