Model: GRU
MSE: 7.894904292546
MAE: 2.106026238408582
EVS: 0.5309014863696276
