Model: GRU
MSE: 11.272212690097604
MAE: 2.8320520170803727
EVS: 0.6391529126133766
