Model: GRU
MSE: 12.054310382048003
MAE: 2.913614379948583
EVS: 0.6331880775788974
