Model: GRU
MSE: 12.39053269280838
MAE: 2.48065867095158
EVS: 0.34524413497433204
