Model: GRU
MSE: 20.608865182574217
MAE: 3.531790700452081
EVS: 1.1102230246251565e-16
