Model: GRU
MSE: 8.912761803215208
MAE: 2.06181393820664
EVS: 0.4202145003518306
