Model: GRU
MSE: 16.76775197493294
MAE: 3.5419207688035637
EVS: 0.55649580141908
