Model: GRU
MSE: 7.794859680280673
MAE: 2.122354063494452
EVS: 0.5989556167564181
