Model: GRU
MSE: 30.87290618869951
MAE: 4.389432989317795
EVS: -0.020275562668188307
