Model: GRU
MSE: 6.457150872206355
MAE: 1.9796292535189925
EVS: 0.6248284233509651
