Model: GRU
MSE: 6.9314977464606855
MAE: 1.9769527172220165
EVS: 0.563772089533006
