Model: GRU
MSE: 7.361994234619327
MAE: 2.0179076605829698
EVS: 0.49701390019900726
