Model: GRU
MSE: 8.939882082439233
MAE: 2.242455531810892
EVS: 0.5399069157222578
