Model: GRU
MSE: 30.853566540680042
MAE: 4.411134818504596
EVS: 0.018647601993092455
