Model: GRU
MSE: 154.4060449552034
MAE: 11.788783702357062
EVS: -0.059792126920307886
