Model: GRU
MSE: 5.532390601210293
MAE: 1.8332867745695443
EVS: 0.6409960095212872
