Model: GRU
MSE: 155.72514507649979
MAE: 11.876740903689944
EVS: -0.007426007382786093
