Model: GRU
MSE: 6.967992435200883
MAE: 1.931385171824488
EVS: 0.6036415542397355
