Model: GRU
MSE: 6.400146864013009
MAE: 1.903660248065817
EVS: 0.614635699139819
