Model: GRU
MSE: 7.433755041917811
MAE: 2.0545510834661025
EVS: 0.6146468316614919
