Model: GRU
MSE: 7.334374505538751
MAE: 1.9665141598931675
EVS: 0.5555404363307321
