Model: GRU
MSE: 5.674065432334256
MAE: 1.9017427378687366
EVS: 0.6103951282561426
