Model: GRU
MSE: 364.6955663812131
MAE: 18.698457397263624
EVS: -0.034560998468385895
