Model: GRU
MSE: 14.93562641232965
MAE: 3.3962299248267867
EVS: 0.6772780759644923
