Model: GRU
MSE: 5.8544865625737055
MAE: 1.8535868299418483
EVS: 0.6415845109415987
