Model: GRU
MSE: 25.415721243655344
MAE: 3.953907012939453
EVS: 1.1102230246251565e-16
