Model: GRU
MSE: 5.4450815472142615
MAE: 1.7606050515996998
EVS: 0.6308934078996886
