Model: GRU
MSE: 9.63198572149658
MAE: 2.224119172014039
EVS: 0.3475450672135022
