Model: GRU
MSE: 8.351950938757328
MAE: 2.1202129495554956
EVS: 0.5044110026942692
