Model: GRU
MSE: 176.68211233405182
MAE: 12.802068866532425
EVS: 0.1216275210791693
