Model: GRU
MSE: 2788.812023038947
MAE: 52.58254860187399
EVS: -0.6406268913676114
