Model: GRU
MSE: 6.460296903555888
MAE: 1.940376405058236
EVS: 0.5988432452219906
