Model: GRU
MSE: 116.67963874827234
MAE: 10.097822634310559
EVS: -0.010547302898128219
