Model: GRU
MSE: 7.715011163371628
MAE: 2.1774843314598344
EVS: 0.6626275722469099
