Model: GRU
MSE: 6.925726968924398
MAE: 2.014272064998232
EVS: 0.5271140321065537
