Model: GRU
MSE: 153.9156944061788
MAE: 11.746644546245706
EVS: -0.09422968860690517
