Model: GRU
MSE: 10.225301026943193
MAE: 2.36748690440737
EVS: 0.46303369241935066
