Model: GRU
MSE: 117.68467200767134
MAE: 10.155029514740253
EVS: 0.0
