Model: GRU
MSE: 536.6357565852012
MAE: 22.879414262442754
EVS: 0.09559638893524725
