Model: GRU
MSE: 20.44072648122334
MAE: 3.597019984804351
EVS: 0.3539431144854256
