Model: GRU
MSE: 6.842468093170968
MAE: 2.0521415266497383
EVS: 0.6168576432789846
