Model: GRU
MSE: 5.390112835360804
MAE: 1.8132099468132545
EVS: 0.6859974978821656
