Model: GRU
MSE: 9.302828031166447
MAE: 2.512818328265486
EVS: 0.6504435123609136
