Model: GRU
MSE: 8.602628594211586
MAE: 2.2025157089891105
EVS: 0.5666979150402314
