Model: GRU
MSE: 6.682427830913278
MAE: 2.0098558294362037
EVS: 0.6666975841460019
