Model: GRU
MSE: 7.19523374695114
MAE: 2.0983148196647905
EVS: 0.5880126295131185
