Model: GRU
MSE: 8.126195985774451
MAE: 2.297706751987852
EVS: 0.6838765240735372
