Model: GRU
MSE: 119.61198771096025
MAE: 10.241951301180084
EVS: -0.010602554155699773
