Model: GRU
MSE: 53.45363002699052
MAE: 6.3596987888730805
EVS: 0.051806655325256634
