Model: GRU
MSE: 7.551784099023884
MAE: 2.045952533853465
EVS: 0.5724195183860276
