Model: GRU
MSE: 9.056576102041838
MAE: 2.428987239969188
EVS: 0.6394433616121181
