Model: GRU
MSE: 7.7110413813080205
MAE: 2.0844173431396484
EVS: 0.4708066981637229
