Model: GRU
MSE: 10.113700728768572
MAE: 2.59533141399252
EVS: 0.6566148744406148
