Model: GRU
MSE: 39.30440350514819
MAE: 5.133977298078866
EVS: 0.0
