Model: GRU
MSE: 5.23876425367731
MAE: 1.7427448157606453
EVS: 0.6402738941267788
