Model: GRU
MSE: 7.864867323011364
MAE: 2.0896191350344955
EVS: 0.510500049824993
