Model: GRU
MSE: 11.426881077114585
MAE: 2.882673436197741
EVS: 0.6541373077009605
