Model: GRU
MSE: 5.5130159882428105
MAE: 1.8154806597479458
EVS: 0.6510433734867991
