Model: GRU
MSE: 13.225640407615483
MAE: 3.177294920230734
EVS: 0.6865407920917388
