Model: GRU
MSE: 25.446422983512534
MAE: 3.956315205014985
EVS: 1.1102230246251565e-16
