Model: GRU
MSE: 8.811494794228487
MAE: 2.127623278519203
EVS: 0.5229776995194295
