Model: GRU
MSE: 7.9927948304285845
MAE: 2.290493837718306
EVS: 0.6463659473979038
