Model: GRU
MSE: 121.92066118008981
MAE: 10.372056134815875
EVS: 0.01503668481636411
