Model: GRU
MSE: 31.550873029949987
MAE: 4.508386513282513
EVS: 0.05059011078697628
