Model: GRU
MSE: 728.0538708980675
MAE: 26.441828990804737
EVS: -0.9837538576208908
