Model: GRU
MSE: 31.28891251581272
MAE: 4.444282433082318
EVS: 0.0
