Model: GRU
MSE: 17.476156301932672
MAE: 2.5507673230664483
EVS: -0.027511682040184615
