Model: GRU
MSE: 39.38849930288955
MAE: 5.1415493406098465
EVS: 0.0
