Model: GRU
MSE: 7.7579214659149685
MAE: 2.248550735670945
EVS: 0.663175244050852
