Model: GRU
MSE: 6.716078135615703
MAE: 1.9794292861017688
EVS: 0.636747824809949
