Model: GRU
MSE: 124.13163292451803
MAE: 10.515913650907319
EVS: 0.06956395897087375
