Model: GRU
MSE: 7.660182723703452
MAE: 2.079038324027226
EVS: 0.5459940894705863
