Model: GRU
MSE: 6.182661363498886
MAE: 1.9099584406819836
EVS: 0.5911728825346246
