Model: GRU
MSE: 10.105570081888985
MAE: 2.189345795532753
EVS: 0.4254776717214137
