Model: GRU
MSE: 6.722340790712988
MAE: 1.934086380333736
EVS: 0.5672379183143992
