Model: GRU
MSE: 6.815511733681844
MAE: 2.106318843775782
EVS: 0.6798567677271616
