Model: GRU
MSE: 11.57951664726661
MAE: 2.2809948181283883
EVS: 0.2591302449172538
