Model: GRU
MSE: 6.969542367278007
MAE: 2.0126909551949335
EVS: 0.574751060410212
