Model: GRU
MSE: 5.635639832038433
MAE: 1.7674913981865192
EVS: 0.6320092066245456
