Model: GRU
MSE: 7.383630189650705
MAE: 2.147242151457688
EVS: 0.6284591454779449
