Model: GRU
MSE: 10.21937440505067
MAE: 2.6494141775986244
EVS: 0.6303441018119451
