Model: GRU
MSE: 5.370683673001666
MAE: 1.8038929824171395
EVS: 0.6846582808437507
