Model: GRU
MSE: 8.728580341083056
MAE: 2.2109814923385094
EVS: 0.5580606392181169
