Model: GRU
MSE: 22.808740287770103
MAE: 4.294892311096191
EVS: 0.5893056772370906
