Model: GRU
MSE: 7.92654160052258
MAE: 2.2954500543660132
EVS: 0.6576415077572302
