Model: GRU
MSE: 11.497911992590174
MAE: 2.92197218434564
EVS: 0.6532545134029385
