Model: GRU
MSE: 9.771094080558614
MAE: 2.4089435544507256
EVS: 0.5558763078212373
