Model: GRU
MSE: 14.540040896339457
MAE: 3.267917855032559
EVS: 0.6433514629596317
