Model: GRU
MSE: 10.13670243100989
MAE: 2.1112074523136535
EVS: 0.3689565487617422
