Model: GRU
MSE: 7.368054061965487
MAE: 2.146358950384732
EVS: 0.565048908958615
