Model: GRU
MSE: 7.553927371217901
MAE: 2.057987985939815
EVS: 0.5723723316808162
