Model: GRU
MSE: 12.201905934384897
MAE: 2.9939582923362993
EVS: 0.6476456562638397
