Model: GRU
MSE: 7.0910347434646885
MAE: 2.0364791031541496
EVS: 0.6105552262587566
