Model: GRU
MSE: 5.893399300012946
MAE: 1.824405127558215
EVS: 0.6245841143369897
