Model: GRU
MSE: 1121.1168462304763
MAE: 33.28223849987162
EVS: 0.07902452854995534
