Model: GRU
MSE: 10.966610590012696
MAE: 2.516123393486286
EVS: 0.44192255322612894
