Model: GRU
MSE: 11.724849044808947
MAE: 2.7372587055995545
EVS: 0.5408489295793073
