Model: GRU
MSE: 71.48785039153643
MAE: 7.764582929940059
EVS: 0.2242607931187942
