Model: GRU
MSE: 1248.5020602356772
MAE: 35.13359997190278
EVS: 0.029384128767517503
