Model: GRU
MSE: 6.484952750333934
MAE: 1.9255811099348397
EVS: 0.6197769294326299
