Model: GRU
MSE: 5.948627137385558
MAE: 1.8615721505263756
EVS: 0.5915811205636006
