Model: GRU
MSE: 10.371313840377713
MAE: 2.607343854575322
EVS: 0.6200536171026579
