Model: GRU
MSE: 5.5281289889240455
MAE: 1.7891820751387497
EVS: 0.660333722767552
