Model: GRU
MSE: 133.9811158804436
MAE: 10.8495683546724
EVS: -0.11730283352348048
