Model: GRU
MSE: 14.055018713821118
MAE: 2.4923450289101434
EVS: 0.19869332329887068
