Model: GRU
MSE: 12.195846709877596
MAE: 2.7917558489174676
EVS: 0.5063649503933147
