Model: GRU
MSE: 7.482179775006965
MAE: 2.1267189404060103
EVS: 0.6291840873897875
