Model: GRU
MSE: 13.306926602783122
MAE: 3.197377056911074
EVS: 0.5987337743230943
