Model: GRU
MSE: 15.727995456401173
MAE: 2.8561517370158227
EVS: 0.30098409333661
