Model: GRU
MSE: 104.16466192711455
MAE: 9.433914893660052
EVS: -0.04161141241264965
