Model: GRU
MSE: 7.88830003271687
MAE: 2.107115679773791
EVS: 0.575650862744935
