Model: GRU
MSE: 11.343451848885653
MAE: 2.822034737159466
EVS: 0.6532488588903911
