Model: GRU
MSE: 8.782706076365457
MAE: 2.2218978881835936
EVS: 0.5993828848679805
