Model: GRU
MSE: 6817.921718219317
MAE: 82.47154735696726
EVS: -0.12400695785199156
