Model: GRU
MSE: 10.354448108058438
MAE: 2.735239653751768
EVS: 0.641689135334948
