Model: GRU
MSE: 8.180585084550392
MAE: 2.1842539392668625
EVS: 0.5986273606876944
