Model: GRU
MSE: 2500.053690422909
MAE: 49.81957823654701
EVS: -0.24060822452911812
