Model: GRU
MSE: 9.966186168786846
MAE: 2.5239639282226562
EVS: 0.630705151206828
