Model: GRU
MSE: 6.974446853907699
MAE: 2.0769365532644866
EVS: 0.6163517176086195
