Model: GRU
MSE: 8.75681104483126
MAE: 2.4730339995745956
EVS: 0.6433654313642865
