Model: GRU
MSE: 6.0430435446867685
MAE: 1.798029299440055
EVS: 0.6429426128087066
