Model: GRU
MSE: 5.298421289950562
MAE: 1.7669636052230309
EVS: 0.6994173590022771
