Model: GRU
MSE: 5.8984405845010475
MAE: 1.8269935065302356
EVS: 0.5948887046005358
