Model: GRU
MSE: 5.988973984913694
MAE: 1.9046274793559108
EVS: 0.6483349112393549
