Model: GRU
MSE: 5.718721160308554
MAE: 1.829330296351992
EVS: 0.6294616732714075
