Model: GRU
MSE: 7.668758588912091
MAE: 2.156796537596604
EVS: 0.6090819129373527
