Model: GRU
MSE: 141.36308114680173
MAE: 11.296745287960974
EVS: 0.0558666112322016
