Model: GRU
MSE: 9.369181680624953
MAE: 2.3998949692167084
EVS: 0.5835749930540366
