Model: GRU
MSE: 11.504938630444595
MAE: 2.6587220060414283
EVS: 0.515440814592788
