Model: GRU
MSE: 10.384920918696245
MAE: 2.282418399021543
EVS: 0.30573023253083786
