Model: GRU
MSE: 7.6664595852107436
MAE: 2.1078070607678643
EVS: 0.6086364517370317
