Model: GRU
MSE: 31.782567323878602
MAE: 4.48353307000522
EVS: 0.0
