Model: GRU
MSE: 7.678089762444627
MAE: 2.227543259489125
EVS: 0.5980636716133653
