Model: GRU
MSE: 7.527810321624864
MAE: 2.2669788311267722
EVS: 0.6816652389513167
