Model: GRU
MSE: 9.159976476991135
MAE: 2.4954537769843794
EVS: 0.6756637229373869
