Model: GRU
MSE: 10.660527392653398
MAE: 2.2789333277735215
EVS: 0.36380950808887214
