Model: GRU
MSE: 6.288496485046393
MAE: 1.9080959969553455
EVS: 0.6550790011469417
