Model: GRU
MSE: 127.90570543604798
MAE: 10.574252644489551
EVS: -0.10513968979597288
