Model: GRU
MSE: 31.672094256843845
MAE: 4.474798695794467
EVS: 0.0
