Model: GRU
MSE: 5.800483662015506
MAE: 1.9263734899718186
EVS: 0.6085291774383288
