Model: GRU
MSE: 8.030967372108833
MAE: 2.2814220066728264
EVS: 0.5663268102767625
