Model: GRU
MSE: 6.539759528287238
MAE: 2.040432025646341
EVS: 0.6591025513559268
