Model: GRU
MSE: 48.89892331779642
MAE: 5.946119999063426
EVS: -0.0037037890560354114
