Model: GRU
MSE: 6.703423706754038
MAE: 2.034310423094651
EVS: 0.6746036155432152
