Model: GRU
MSE: 30.67217144675058
MAE: 4.280088687765187
EVS: -0.04325886072914198
