Model: GRU
MSE: 134.4821523792783
MAE: 10.848576093542166
EVS: -0.15319328799681653
