Model: GRU
MSE: 8.029528255436272
MAE: 2.187074875009471
EVS: 0.6089103382793769
