Model: GRU
MSE: 15.134438172150139
MAE: 3.3397212932849754
EVS: 0.6373779925312668
