Model: GRU
MSE: 26.34233192658414
MAE: 4.082591895399423
EVS: 0.1494871888606245
