Model: GRU
MSE: 5.7381816782006405
MAE: 1.8448575200705692
EVS: 0.6713002725977069
