Model: GRU
MSE: 6.831941754931183
MAE: 1.9146644164775979
EVS: 0.562611456169265
