Model: GRU
MSE: 7.45290373873212
MAE: 1.9708385960809116
EVS: 0.5101498476886783
