Model: GRU
MSE: 5.222946847234492
MAE: 1.7402793703408077
EVS: 0.6421735049061004
