Model: GRU
MSE: 5.725909504809873
MAE: 1.7985181561831771
EVS: 0.6219238979000214
