Model: GRU
MSE: 6.847700186213623
MAE: 2.0341554181329133
EVS: 0.6698191870462433
