Model: GRU
MSE: 11.681893140871509
MAE: 2.861421190459153
EVS: 0.6466574647865928
