Model: GRU
MSE: 392.5868642112047
MAE: 19.374905010749554
EVS: -0.18130933033649188
