Model: GRU
MSE: 11.307994183019378
MAE: 2.810075077517279
EVS: 0.6262017590291056
