Model: GRU
MSE: 7.052954661785532
MAE: 2.0221339916360788
EVS: 0.6017106007706212
