Model: GRU
MSE: 5.134549120243517
MAE: 1.7445006699397647
EVS: 0.6739548030068931
