Model: GRU
MSE: 6.594071122976053
MAE: 1.9205986138047844
EVS: 0.5995942536317531
