Model: GRU
MSE: 6.596471088460519
MAE: 1.9730604517048802
EVS: 0.5764922302757114
