Model: GRU
MSE: 13.657821914188416
MAE: 3.1638079922774742
EVS: 0.6423600026050924
