Model: GRU
MSE: 10.935010822427742
MAE: 2.6826710783202072
EVS: 0.6063403673388561
