Model: GRU
MSE: 11.26434762960378
MAE: 2.854764297090728
EVS: 0.621617643446834
