Model: GRU
MSE: 7.293435392793624
MAE: 1.9914043771809544
EVS: 0.5705958146855319
