Model: GRU
MSE: 11.250654475911844
MAE: 2.6396083174080682
EVS: 0.4305381248483996
