Model: GRU
MSE: 29.356860822988452
MAE: 4.30862676686254
EVS: 0.06032440182782395
