Model: GRU
MSE: 6934.659761554264
MAE: 83.18737372036638
EVS: 0.0027082672563415455
