Model: GRU
MSE: 6.977845028662724
MAE: 2.044799442948966
EVS: 0.520757335629005
