Model: GRU
MSE: 5.882541998772545
MAE: 1.8941611750372525
EVS: 0.6673287574583544
