Model: GRU
MSE: 154.01282231212815
MAE: 11.849338350624874
EVS: 0.06552482701697915
