Model: GRU
MSE: 7.0437123706569995
MAE: 1.9959437764924148
EVS: 0.5601911286998453
