Model: GRU
MSE: 11.510013700946702
MAE: 2.8799852584970407
EVS: 0.633130215927127
