Model: GRU
MSE: 7.146355683501963
MAE: 2.0255609956280938
EVS: 0.5543808386644297
