Model: GRU
MSE: 24.177148874451287
MAE: 3.7917515984896957
EVS: 0.05322762967389938
