Model: GRU
MSE: 10.366577941202555
MAE: 2.707105209087503
EVS: 0.6829458132337612
