Model: GRU
MSE: 5.742132382733185
MAE: 1.906764712826959
EVS: 0.6056447983400395
