Model: GRU
MSE: 7.794114283424576
MAE: 2.099441413221688
EVS: 0.5620337279066574
