Model: GRU
MSE: 5.466121193097949
MAE: 1.7558708684197788
EVS: 0.6469215478254149
