Model: GRU
MSE: 14.778578621487899
MAE: 2.8766798397590376
EVS: 0.2678020060605081
