Model: GRU
MSE: 13.762324828854812
MAE: 3.1983535371977707
EVS: 0.6124750595701614
