Model: GRU
MSE: 15.106480624981149
MAE: 3.362344560952022
EVS: 0.6272846656815061
