Model: GRU
MSE: 8.790851131447253
MAE: 2.403962990333294
EVS: 0.5872309688774506
