Model: GRU
MSE: 23.206172929219942
MAE: 3.6843668181320717
EVS: -0.001825668053065499
