Model: GRU
MSE: 7.555752236619547
MAE: 2.1541593074798584
EVS: 0.6505086072994609
