Model: GRU
MSE: 6.735902726539183
MAE: 1.9583746359266083
EVS: 0.6211319617196399
