Model: GRU
MSE: 11.190179643790225
MAE: 2.453795704348334
EVS: 0.23160597815922102
