Model: GRU
MSE: 12.300408652425192
MAE: 3.0294785170719543
EVS: 0.6532107477778275
