Model: GRU
MSE: 7.4826804510735085
MAE: 2.0873709793748527
EVS: 0.5864727367949945
