Model: GRU
MSE: 21.38534184749162
MAE: 3.5727681455941034
EVS: 0.07964810710455827
