Model: GRU
MSE: 6.236747312143818
MAE: 1.9429975008142406
EVS: 0.5865294081747805
