Model: GRU
MSE: 11.036386949853123
MAE: 2.749941250373577
EVS: 0.636690423100924
