Model: GRU
MSE: 8.47913562874555
MAE: 2.195035383619111
EVS: 0.510716866657621
