Model: GRU
MSE: 35.737560869687655
MAE: 5.23123548770773
EVS: 0.3587808071990165
