Model: GRU
MSE: 825.1067862014521
MAE: 28.38557424216435
EVS: -0.33007540401205127
