Model: GRU
MSE: 8.13478625978634
MAE: 2.405164159577468
EVS: 0.521876996689003
