Model: GRU
MSE: 9.09568883944269
MAE: 2.457948849118989
EVS: 0.658188534523653
