Model: GRU
MSE: 7.218121503557979
MAE: 2.19063663482666
EVS: 0.6768098246620508
