Model: GRU
MSE: 31.616498686820986
MAE: 4.4703924573701
EVS: 0.0
