Model: GRU
MSE: 9.256860259348848
MAE: 2.457239997797999
EVS: 0.6324297398841641
