Model: GRU
MSE: 113.49512114788918
MAE: 9.88136840483238
EVS: -0.08884806370978326
