Model: GRU
MSE: 6.463764487312887
MAE: 1.960371395637249
EVS: 0.6174081465134453
