Model: GRU
MSE: 10.505657474239523
MAE: 2.2859180549095415
EVS: 0.378525814539165
