Model: GRU
MSE: 10.64872707227244
MAE: 2.729989972607843
EVS: 0.6375025496822315
