Model: GRU
MSE: 11.050804588919132
MAE: 2.823043872570169
EVS: 0.6851307796241453
