Model: GRU
MSE: 146.98381097617911
MAE: 11.485606538838354
EVS: -0.0346568818943489
