Model: GRU
MSE: 8.18181546042073
MAE: 2.2213009390337715
EVS: 0.4432361246056956
