Model: GRU
MSE: 8.620939299628828
MAE: 2.3155785429066627
EVS: 0.6202991754766578
