Model: GRU
MSE: 2352.981543455228
MAE: 48.32242827579893
EVS: -0.23107214510427343
