Model: GRU
MSE: 19.007585365029204
MAE: 3.1615270910591913
EVS: 0.15999796177564163
