Model: GRU
MSE: 8.928177413024518
MAE: 2.16302412131737
EVS: 0.4462818104236569
