Model: GRU
MSE: 8.438582913768018
MAE: 2.3360748866508745
EVS: 0.682342080722844
