Model: GRU
MSE: 6.385427337357151
MAE: 1.8982890556598533
EVS: 0.630505113776341
