Model: GRU
MSE: 7.927030366341452
MAE: 2.063965863194959
EVS: 0.5048356045761317
