Model: GRU
MSE: 14.130847964103266
MAE: 3.1751651681702713
EVS: 0.5939367370770079
