Model: GRU
MSE: 6.518625352596403
MAE: 1.895478708990689
EVS: 0.5928934288584699
