Model: GRU
MSE: 8.487202872355562
MAE: 2.1424986165145348
EVS: 0.5084500668898913
