Model: GRU
MSE: 1364.9438046851449
MAE: 36.7269186480292
EVS: -0.1042032134345452
