Model: GRU
MSE: 6.941320829260254
MAE: 1.9268574714660645
EVS: 0.5296665810388186
