Model: GRU
MSE: 10.226461227557154
MAE: 2.6066948422070206
EVS: 0.6013804500917543
