Model: GRU
MSE: 31.679519621549467
MAE: 4.475386652453192
EVS: 0.0
