Model: GRU
MSE: 11.115810079636283
MAE: 2.451847586138495
EVS: 0.4085702641833082
