Model: GRU
MSE: 9.457422867956952
MAE: 2.1690945543091873
EVS: 0.3913731997244597
