Model: GRU
MSE: 32.14434804607158
MAE: 4.738147505398454
EVS: 0.2355903626827376
