Model: GRU
MSE: 12.744677026469303
MAE: 2.9883605036242256
EVS: 0.5817676669575034
