Model: GRU
MSE: 7.644955249504878
MAE: 1.999810317466999
EVS: 0.5071691928376592
