Model: GRU
MSE: 13.208893524206253
MAE: 3.0987812486188164
EVS: 0.634585427190568
