Model: GRU
MSE: 7.919663170972399
MAE: 2.32879900110179
EVS: 0.6834913202317117
