Model: GRU
MSE: 11.260056199054553
MAE: 2.409342724701454
EVS: 0.28502830302525595
