Model: GRU
MSE: 1203.6434055638076
MAE: 34.47636107740731
EVS: -0.031860119936235165
