Model: GRU
MSE: 8.883626723838269
MAE: 2.288988976643003
EVS: 0.5825865668271937
