Model: GRU
MSE: 7.764692349311131
MAE: 2.0374962954685607
EVS: 0.5298093160364591
