Model: GRU
MSE: 213.1457266776464
MAE: 14.118251101724033
EVS: 0.05077834072596665
