Model: GRU
MSE: 7.011565833527006
MAE: 2.048353441830339
EVS: 0.6125839713598382
