Model: GRU
MSE: 8.343228464246875
MAE: 2.241976737976074
EVS: 0.5344287640982317
