Model: GRU
MSE: 5.97489334673178
MAE: 1.9083584917002712
EVS: 0.5990167110781429
