Model: GRU
MSE: 12.4907256527731
MAE: 2.8295102283872406
EVS: 0.5018256594831246
