Model: GRU
MSE: 12.752798508660726
MAE: 2.7843443854101775
EVS: 0.47178133330822436
