Model: GRU
MSE: 14.545274512945726
MAE: 2.5837321856926225
EVS: 0.14153626738458613
