Model: GRU
MSE: 9.446393163144034
MAE: 2.4750651408886086
EVS: 0.6516351037165748
