Model: GRU
MSE: 8.753074478067834
MAE: 2.4315940676064325
EVS: 0.663611388517702
