Model: GRU
MSE: 21.340398296621153
MAE: 4.093822446362726
EVS: 0.5631285398527928
