Model: GRU
MSE: 8.327106233364377
MAE: 2.241417958818633
EVS: 0.5986199987477144
