Model: GRU
MSE: 14.573233406309688
MAE: 2.6005357051717826
EVS: 0.07049654950757955
