Model: GRU
MSE: 7.7588571695606285
MAE: 2.1518744435803643
EVS: 0.59213196294634
