Model: GRU
MSE: 10.899813777167706
MAE: 2.7920620605863373
EVS: 0.6036919992959469
