Model: GRU
MSE: 13.618379674851521
MAE: 3.1255280478247283
EVS: 0.6083140208683813
