Model: GRU
MSE: 8.600951690727737
MAE: 2.1325369210078797
EVS: 0.509165572907659
