Model: GRU
MSE: 5.915640498382023
MAE: 1.793342919185244
EVS: 0.6246781194875528
