Model: GRU
MSE: 14.277409021034726
MAE: 2.9582791986136603
EVS: 0.3419931450182139
