Model: GRU
MSE: 15.072254367038289
MAE: 2.752213371211085
EVS: 0.266219817752821
