Model: GRU
MSE: 10.37832801755552
MAE: 2.684746207862065
EVS: 0.570945695647449
