Model: GRU
MSE: 7.964170381683406
MAE: 2.079038537781814
EVS: 0.5455165454668105
