Model: GRU
MSE: 130.81827520587916
MAE: 10.835421179902964
EVS: 0.07885444724776725
