Model: GRU
MSE: 7.670227422608358
MAE: 2.1519716608113257
EVS: 0.6302398189118092
