Model: GRU
MSE: 24.902550180231174
MAE: 3.8272492474523085
EVS: 0.06895310102383434
