Model: GRU
MSE: 8.000277636214888
MAE: 2.1082077026367188
EVS: 0.5795520761964036
