Model: GRU
MSE: 8.13558820286736
MAE: 2.0475911765263
EVS: 0.48658111468722665
