Model: GRU
MSE: 9.132545672018013
MAE: 2.1065845325075347
EVS: 0.4457918544510886
