Model: GRU
MSE: 2161.710925175068
MAE: 46.34255442126044
EVS: 0.0330680701954188
