Model: GRU
MSE: 13.496293663978745
MAE: 3.1028029918670654
EVS: 0.6019801038642043
