Model: GRU
MSE: 7.854823050410063
MAE: 2.1269370029712547
EVS: 0.46331019700475085
