Model: GRU
MSE: 17.574594210793073
MAE: 3.2645130157470703
EVS: 0.14812335669048515
