Model: GRU
MSE: 7.536847333282994
MAE: 1.9330253601074219
EVS: 0.4968489363876498
