Model: GRU
MSE: 124.59343894778334
MAE: 10.503013890365075
EVS: 0.019224483618198063
