Model: GRU
MSE: 8.682564037134872
MAE: 2.297699476110524
EVS: 0.593127236878777
