Model: GRU
MSE: 138.8395964837493
MAE: 11.09459294943974
EVS: -0.08170002209576888
