Model: GRU
MSE: 10.99650251945891
MAE: 2.8050304363513816
EVS: 0.6838169046669385
