Model: GRU
MSE: 7.982095958007272
MAE: 2.2268050867935707
EVS: 0.6300315552166236
