Model: GRU
MSE: 7.531575051850825
MAE: 2.167449112596183
EVS: 0.6276271860132462
