Model: GRU
MSE: 7.988324372696983
MAE: 2.1753891665360023
EVS: 0.45408847288091914
