Model: GRU
MSE: 6.303375035718146
MAE: 1.9950689282910576
EVS: 0.66524693864839
