Model: GRU
MSE: 6.571747101055303
MAE: 1.962767453029238
EVS: 0.6304680572025075
