Model: GRU
MSE: 21.863905312346766
MAE: 4.100750125687698
EVS: 0.5322004221987148
