Model: GRU
MSE: 12.384429346077734
MAE: 2.890491452710382
EVS: 0.572076049044133
