Model: GRU
MSE: 11.143433239478824
MAE: 2.829155469762868
EVS: 0.6227725390693961
