Model: GRU
MSE: 12.91329556258097
MAE: 2.8703704044736664
EVS: 0.5097991297135374
