Model: GRU
MSE: 31.63456599434621
MAE: 4.471825172161234
EVS: 0.0
