Model: GRU
MSE: 13.986582613566263
MAE: 3.2882676453425965
EVS: 0.666700994753972
