Model: GRU
MSE: 9.481197093941212
MAE: 2.498977443267559
EVS: 0.6201985790087448
