Model: GRU
MSE: 7.245744550263021
MAE: 2.051709191552524
EVS: 0.608425141071776
