Model: GRU
MSE: 129.06395943666968
MAE: 10.76193601920687
EVS: 0.09034002132332819
