Model: GRU
MSE: 10.380429811185449
MAE: 2.518226352231256
EVS: 0.5287900576318598
