Model: GRU
MSE: 10.624635982099523
MAE: 2.7533506853827117
EVS: 0.6009042951635539
