Model: GRU
MSE: 5.140365214157123
MAE: 1.6891789107487118
EVS: 0.6476542400962706
