Model: GRU
MSE: 7.021317424465247
MAE: 2.0279946656062684
EVS: 0.6238799020561261
