Model: GRU
MSE: 7.815613211033428
MAE: 2.252381308325406
EVS: 0.6664959967210238
