Model: GRU
MSE: 8.886254164586168
MAE: 2.4189425994609963
EVS: 0.6552636862549795
