Model: GRU
MSE: 8.29001453613566
MAE: 2.2404998828624856
EVS: 0.5729175705764775
