Model: GRU
MSE: 7.144484373563109
MAE: 2.0578021838747222
EVS: 0.6277310450843592
