Model: GRU
MSE: 13.517201443383396
MAE: 3.039856721614969
EVS: 0.5445020741472668
