Model: GRU
MSE: 18.27396603270143
MAE: 3.627135285015764
EVS: 0.5173564834690154
