Model: GRU
MSE: 6.95564061487903
MAE: 2.050979762241758
EVS: 0.654085679439186
