Model: GRU
MSE: 111.84574390635781
MAE: 9.85203766822815
EVS: -0.015319326862735183
