Model: GRU
MSE: 5.692257642963572
MAE: 1.8285759646317055
EVS: 0.6389780239943184
