Model: GRU
MSE: 9.166795962216552
MAE: 2.3710544438197694
EVS: 0.5628810274043732
