Model: GRU
MSE: 18.561067629487233
MAE: 3.8026324633894295
EVS: 0.6587867352212124
