Model: GRU
MSE: 9.50634832451039
MAE: 2.517317969223549
EVS: 0.6171930263031232
