Model: GRU
MSE: 8.270578082462059
MAE: 2.2648400520456247
EVS: 0.6353278593197915
