Model: GRU
MSE: 6.668206882556003
MAE: 1.956588601243907
EVS: 0.6242626094879682
