Model: GRU
MSE: 9.526968558292015
MAE: 2.452564445035211
EVS: 0.5948762395649903
