Model: GRU
MSE: 9.842777806404147
MAE: 2.4312640305223137
EVS: 0.5238217759700494
