Model: GRU
MSE: 7.957006896465067
MAE: 2.095159991034146
EVS: 0.5098745067082101
