Model: GRU
MSE: 8.04364573617133
MAE: 2.2334798697767586
EVS: 0.6375306288320348
