Model: GRU
MSE: 350.98223380275107
MAE: 18.347126697671825
EVS: 0.013384009857199675
