Model: GRU
MSE: 9.443149443841623
MAE: 2.4531420428177406
EVS: 0.6154468638769925
