Model: GRU
MSE: 14.137111336280249
MAE: 3.2850197841381203
EVS: 0.6479066627708048
