Model: GRU
MSE: 8.587770738606949
MAE: 2.302046134554107
EVS: 0.6379180916764424
