Model: GRU
MSE: 9.418775753565647
MAE: 2.203101503437963
EVS: 0.47304734429676965
