Model: GRU
MSE: 14.71877050375425
MAE: 3.2994778156280518
EVS: 0.6294416950831848
