Model: GRU
MSE: 9.871985708900622
MAE: 2.232451011394632
EVS: 0.4081999335131308
