Model: GRU
MSE: 8.311061385023098
MAE: 2.1809590356103303
EVS: 0.4293587118872161
