Model: GRU
MSE: 9.502638747495055
MAE: 2.2824341675330855
EVS: 0.492630450742218
