Model: GRU
MSE: 12.127647629742455
MAE: 2.826806504150917
EVS: 0.5757910996751481
