Model: GRU
MSE: 12.106377556418128
MAE: 2.581272914491851
EVS: 0.36607442375884736
