Model: GRU
MSE: 9.334565537466194
MAE: 2.431057403827536
EVS: 0.5774165026162574
