Model: GRU
MSE: 7.45685637819786
MAE: 1.9809033541843808
EVS: 0.5881563032926382
