Model: GRU
MSE: 7.737022041745008
MAE: 2.1650518055619865
EVS: 0.47985008202300017
