Model: GRU
MSE: 6.467172065839949
MAE: 1.8528083357317695
EVS: 0.6014260163331657
