Model: GRU
MSE: 64.45515833514898
MAE: 7.176371755271123
EVS: 0.07589278473056005
