Model: GRU
MSE: 7.394125335543118
MAE: 1.9746351406492035
EVS: 0.5046456665766692
