Model: GRU
MSE: 8.565829652969615
MAE: 2.2605641299280625
EVS: 0.6083774661285781
