Model: GRU
MSE: 9.36666408655134
MAE: 2.306993969555559
EVS: 0.4974154431334997
