Model: GRU
MSE: 8.707068901702929
MAE: 2.3095787064782503
EVS: 0.6295895050187805
