Model: GRU
MSE: 5.551751187084298
MAE: 1.7595614400403252
EVS: 0.6447245206948712
