Model: GRU
MSE: 10.36156537176836
MAE: 2.399292600565943
EVS: 0.4200183250196352
