Model: GRU
MSE: 22.31494198245745
MAE: 4.279622834304283
EVS: 0.6646737599845856
