Model: GRU
MSE: 10.150637952568998
MAE: 2.3124816499907395
EVS: 0.30623895891634134
