Model: GRU
MSE: 8.04406479996936
MAE: 2.382807657636445
EVS: 0.6592117848434601
