Model: GRU
MSE: 7.39891043714166
MAE: 2.055067847514975
EVS: 0.5735570869413108
