Model: GRU
MSE: 7.4549885124409405
MAE: 2.100745151782858
EVS: 0.5934467155266606
