Model: GRU
MSE: 7.959400849051508
MAE: 2.1698183540640206
EVS: 0.45386144266293704
