Model: GRU
MSE: 11.038745166875271
MAE: 2.6423024144665948
EVS: 0.5687247304179918
