Model: GRU
MSE: 11.570316191317907
MAE: 2.667023338120559
EVS: 0.5414403180951769
