Model: GRU
MSE: 127.17159433637934
MAE: 10.503174134369555
EVS: -0.15761486129937352
