Model: GRU
MSE: 114.04926063443787
MAE: 9.982926574246637
EVS: 0.011648994555842562
