Model: GRU
MSE: 6.94784570847526
MAE: 1.9770296853164147
EVS: 0.620634736332004
