Model: GRU
MSE: 9.175494951255496
MAE: 2.387186288833618
EVS: 0.5835855885348686
