Model: GRU
MSE: 813.5473247426605
MAE: 28.247151440587537
EVS: -0.07456793448601862
