Model: GRU
MSE: 6.955927919044382
MAE: 2.020375917697775
EVS: 0.5242354120374197
