Model: GRU
MSE: 11.653245491774685
MAE: 2.7623542423906
EVS: 0.5856340350559868
