Model: GRU
MSE: 7.29271986580693
MAE: 2.0632682175471864
EVS: 0.5689105162166637
