Model: GRU
MSE: 14.780602454015126
MAE: 3.3392347467356713
EVS: 0.6453901276049387
