Model: GRU
MSE: 7.862231778990776
MAE: 2.2889100272079994
EVS: 0.6041729460153963
