Model: GRU
MSE: 12.457109395503204
MAE: 2.7738649927336594
EVS: 0.5197218139373716
