Model: GRU
MSE: 2182.6112529927977
MAE: 46.55025870224525
EVS: -0.07724014496452036
