Model: GRU
MSE: 8.772041276299205
MAE: 2.09417724609375
EVS: 0.4389158866943268
