Model: GRU
MSE: 5.70320414135979
MAE: 1.7803380407136062
EVS: 0.6153494642666861
