Model: GRU
MSE: 15.024165648628351
MAE: 3.35021186697072
EVS: 0.6332677632000678
