Model: GRU
MSE: 20.202262837445527
MAE: 4.058836172366965
EVS: 0.6675658569712615
