Model: GRU
MSE: 9.45860921464534
MAE: 2.3686659500516694
EVS: 0.5077523437670955
