Model: GRU
MSE: 8.87348141699872
MAE: 2.4275896055945037
EVS: 0.6613957287384021
