Model: GRU
MSE: 8.092682527598056
MAE: 2.2735026622640677
EVS: 0.6300434889106836
