Model: GRU
MSE: 7.123499329793113
MAE: 2.0691828933255425
EVS: 0.6454188143922254
