Model: GRU
MSE: 11.676396861317766
MAE: 2.91449682465915
EVS: 0.671778315881643
