Model: GRU
MSE: 31.623896222924518
MAE: 4.470979164386618
EVS: 0.0
