Model: GRU
MSE: 117.6784416147766
MAE: 10.141128316007812
EVS: -0.0189498371782455
