Model: GRU
MSE: 9.44589634339384
MAE: 2.5153206792371026
EVS: 0.6617900392731353
