Model: GRU
MSE: 128.50747201719608
MAE: 10.690260455526154
EVS: 0.022956254145656718
