Model: GRU
MSE: 7.635201697314348
MAE: 2.070103242479522
EVS: 0.5354869916210871
