Model: GRU
MSE: 5.173387615637117
MAE: 1.7200708307068924
EVS: 0.6477283786700031
