Model: GRU
MSE: 6.813645272916053
MAE: 1.9004169743636559
EVS: 0.5747191755577561
