Model: GRU
MSE: 6.589663693993743
MAE: 1.95647511811092
EVS: 0.6579112934996497
