Model: GRU
MSE: 31.640777115800905
MAE: 4.472317531191069
EVS: 0.0
