Model: GRU
MSE: 10.252187809251053
MAE: 2.5835290448418977
EVS: 0.609478778806066
