Model: GRU
MSE: 6.187939400392789
MAE: 1.8264300412145154
EVS: 0.5999097969202654
