Model: GRU
MSE: 10.163462573680583
MAE: 2.491261761764
EVS: 0.5779210484720791
