Model: GRU
MSE: 12.968773343298176
MAE: 3.071825043908481
EVS: 0.643815312959551
