Model: GRU
MSE: 18.16869956384029
MAE: 3.7420088011642982
EVS: 0.6173842070583537
