Model: GRU
MSE: 48.43268707916653
MAE: 5.913028190875876
EVS: 0.0
