Model: GRU
MSE: 10.95418482254869
MAE: 2.8512807056821625
EVS: 0.6518677900054032
