Model: GRU
MSE: 11.169589570213098
MAE: 2.8349153420020796
EVS: 0.6636816294004603
