Model: GRU
MSE: 13.007216634299734
MAE: 3.055680538045949
EVS: 0.6184433510729448
