Model: GRU
MSE: 9.298873734150146
MAE: 2.5309350326143463
EVS: 0.6445008220631325
