Model: GRU
MSE: 13.71497781638059
MAE: 3.196319103240967
EVS: 0.6344625224594751
