Model: GRU
MSE: 8.0472052116284
MAE: 2.1826414527564215
EVS: 0.5784340423437633
