Model: GRU
MSE: 10.457199891511236
MAE: 2.677325963973999
EVS: 0.6080959692578061
