Model: GRU
MSE: 9.200716436566507
MAE: 2.3687744305051606
EVS: 0.5998153354825084
