Model: GRU
MSE: 6.680925332057999
MAE: 1.8909511812802018
EVS: 0.5502935096035344
