Model: GRU
MSE: 7.118554154364641
MAE: 2.0678247829963423
EVS: 0.6178136096990687
