Model: GRU
MSE: 12.748558448069405
MAE: 2.8664383559391418
EVS: 0.5492946903014571
