Model: GRU
MSE: 22.083733950385916
MAE: 4.23528972987471
EVS: 0.6053646438646414
