Model: GRU
MSE: 11.527764693661512
MAE: 2.8795073525658967
EVS: 0.6633913733993162
