Model: GRU
MSE: 10.56713697446969
MAE: 2.4544753123973977
EVS: 0.5168402104610075
