Model: GRU
MSE: 8.991838710045268
MAE: 2.09170951103342
EVS: 0.4204366664342525
