Model: GRU
MSE: 6.080527014351768
MAE: 1.877758733157454
EVS: 0.5835995679532856
