Model: GRU
MSE: 14.34582449554029
MAE: 2.872094647637729
EVS: 0.3369293351275503
