Model: GRU
MSE: 5.590008164934736
MAE: 1.7553872445534016
EVS: 0.6186115861287551
