Model: GRU
MSE: 10.603763400971632
MAE: 2.412848579472509
EVS: 0.47697083187103817
