Model: GRU
MSE: 7.227689434181712
MAE: 2.1441052288844666
EVS: 0.6294756291308685
