Model: GRU
MSE: 6.806376702372502
MAE: 1.9376626343562686
EVS: 0.5372982596122399
