Model: GRU
MSE: 6.1933478287247175
MAE: 1.928367828500682
EVS: 0.6356444199465909
