Model: GRU
MSE: 8.435592641829206
MAE: 2.3638971920671135
EVS: 0.6405119833743433
