Model: GRU
MSE: 8.573097901021463
MAE: 2.4763810634613037
EVS: 0.6712051000801305
