Model: GRU
MSE: 10.595727700327204
MAE: 2.6382176136148385
EVS: 0.6017829454103782
