Model: GRU
MSE: 349.30929113846713
MAE: 18.319126984168744
EVS: 0.057772468287034306
