Model: GRU
MSE: 7601.2765543675405
MAE: 87.10332212776973
EVS: 0.018696291185786196
