Model: GRU
MSE: 10.272925082964713
MAE: 2.5715569956549285
EVS: 0.5519999802758161
