Model: GRU
MSE: 9.249426757960338
MAE: 2.166122946245917
EVS: 0.46330537838161323
