Model: GRU
MSE: 6.9248259526446665
MAE: 2.0218374811369797
EVS: 0.5841472097922255
