Model: GRU
MSE: 7.529220023810279
MAE: 2.0185956461676238
EVS: 0.5330997627474514
