Model: GRU
MSE: 7.708537689051699
MAE: 2.0930301074323983
EVS: 0.4707941176384125
