Model: GRU
MSE: 8.434012484750188
MAE: 2.4801966897372543
EVS: 0.6123531278497929
