Model: GRU
MSE: 10.121724631914978
MAE: 2.43707092054959
EVS: 0.5138493283139465
