Model: GRU
MSE: 7.575574001690566
MAE: 2.0924549678276323
EVS: 0.5867479820403332
