Model: GRU
MSE: 10.410408599052978
MAE: 2.6425410796856057
EVS: 0.6355170938509352
