Model: GRU
MSE: 11.108537963250988
MAE: 2.261871880498426
EVS: 0.3172433534280228
