Model: GRU
MSE: 9.521512368264133
MAE: 2.6044733442109207
EVS: 0.6310521624204117
