Model: GRU
MSE: 9.508790668422863
MAE: 2.5105113161021264
EVS: 0.6146997270290382
