Model: GRU
MSE: 13.54143822836046
MAE: 2.7176395695784996
EVS: 0.37203533956343193
