Model: GRU
MSE: 9.914767476625006
MAE: 2.376898428489422
EVS: 0.4830851118441162
