Model: GRU
MSE: 81.86853082546034
MAE: 5.144942400784328
EVS: -3.8597494553667184
