Model: GRU
MSE: 5.517334044579068
MAE: 1.811119005597871
EVS: 0.6333934394336813
