Model: GRU
MSE: 10.002335205661016
MAE: 2.36816065886925
EVS: 0.5017057079390067
