Model: GRU
MSE: 8.017966465305891
MAE: 2.2178706465096307
EVS: 0.6474002083109909
