Model: GRU
MSE: 12.030348244345697
MAE: 2.7116616018887223
EVS: 0.4792918968282712
