Model: GRU
MSE: 2586.9930097476595
MAE: 50.37750974194757
EVS: -2.372208898159463
