Model: GRU
MSE: 10.393506274866354
MAE: 2.6376876081739153
EVS: 0.6454164093971618
