Model: GRU
MSE: 23.02513575921689
MAE: 3.7828110826426538
EVS: 0.07827152479553856
