Model: GRU
MSE: 9.34350522630632
MAE: 2.2807202914665483
EVS: 0.5122829262447932
