Model: GRU
MSE: 16.6059639101193
MAE: 3.2683022351100526
EVS: 0.41687396582275327
