Model: GRU
MSE: 138.04483163052132
MAE: 11.166742604354333
EVS: 0.08319727793559017
