Model: GRU
MSE: 10.460661573052663
MAE: 2.293199119896724
EVS: 0.43265702370802905
