Model: GRU
MSE: 9.335357684192378
MAE: 2.2573092559288286
EVS: 0.3667823263654544
