Model: GRU
MSE: 6.921952645239622
MAE: 2.1547884694461166
EVS: 0.6882804227366874
