Model: GRU
MSE: 8.420495094487666
MAE: 2.07754345597892
EVS: 0.4810557433375301
