Model: GRU
MSE: 11.446489305839664
MAE: 2.815537485583075
EVS: 0.63210536106061
