Model: GRU
MSE: 10.836758787394784
MAE: 2.7302736085036705
EVS: 0.6316791554647767
