Model: GRU
MSE: 5.739370215542275
MAE: 1.7465743607488171
EVS: 0.6418758903146488
