Model: GRU
MSE: 5.849367589912551
MAE: 1.8351142899743442
EVS: 0.661637331141026
