Model: GRU
MSE: 7.043345035512614
MAE: 2.1601093226465684
EVS: 0.6373149912313971
