Model: GRU
MSE: 6.388123460167419
MAE: 1.9003899508509143
EVS: 0.6244686275629674
