Model: GRU
MSE: 37.582842745949335
MAE: 5.040228005113272
EVS: 0.05538969544128891
