Model: GRU
MSE: 188.70553353370175
MAE: 13.253343713694605
EVS: 0.10340856481387506
