Model: GRU
MSE: 11.206776411403101
MAE: 2.6553437545381744
EVS: 0.5323074428380811
