Model: GRU
MSE: 31.047233624405383
MAE: 4.439625575624663
EVS: 0.02886727686733226
