Model: GRU
MSE: 7.789367212680395
MAE: 2.092874313222951
EVS: 0.5509879695318622
