Model: GRU
MSE: 14.32935732617284
MAE: 3.3325206164656014
EVS: 0.6677632166093204
