Model: GRU
MSE: 5.7678194943933105
MAE: 1.8301951474156872
EVS: 0.6581210844113283
