Model: GRU
MSE: 16.395733066183894
MAE: 3.1967881054713807
EVS: 0.4083506713054216
