Model: GRU
MSE: 8.089208440236156
MAE: 2.2327049518453665
EVS: 0.6571221610435775
