Model: GRU
MSE: 20.118983558756327
MAE: 4.059485797224374
EVS: 0.6602228410891067
