Model: GRU
MSE: 5.4362852865903735
MAE: 1.7937177460769127
EVS: 0.695232383258507
