Model: GRU
MSE: 7.787981996264413
MAE: 2.209473568817665
EVS: 0.6533429081775357
