Model: GRU
MSE: 6.477023714963088
MAE: 1.9260925753363247
EVS: 0.629861701970588
