Model: GRU
MSE: 5.489099393194112
MAE: 1.7584063102459084
EVS: 0.6272943400534821
