Model: GRU
MSE: 7.233102262291646
MAE: 1.9965693128520046
EVS: 0.6189254611377601
