Model: GRU
MSE: 4.987887666742345
MAE: 1.6892717912279327
EVS: 0.6574937897658554
