Model: GRU
MSE: 12.91460926566373
MAE: 3.100703420310185
EVS: 0.6529727261638436
