Model: GRU
MSE: 13.954645464784546
MAE: 3.293686948973557
EVS: 0.689597219854784
