Model: GRU
MSE: 5.057628366398038
MAE: 1.7311717723977977
EVS: 0.6659728024115216
