Model: GRU
MSE: 8.811251204564227
MAE: 2.416112916222934
EVS: 0.6762067566624994
