Model: GRU
MSE: 7.659912966563544
MAE: 2.229799443277819
EVS: 0.6030156573328154
