Model: GRU
MSE: 7.234750493628867
MAE: 2.043070941135801
EVS: 0.570796155928068
