Model: GRU
MSE: 12.448592612286355
MAE: 2.996695041656494
EVS: 0.6410121646340088
