Model: GRU
MSE: 6.359676879474066
MAE: 1.8672437010140255
EVS: 0.5997525721764018
