Model: GRU
MSE: 8.00824563504613
MAE: 2.057580281948221
EVS: 0.4548626382281792
