Model: GRU
MSE: 6.733192073881347
MAE: 2.039991937834641
EVS: 0.5858852776745382
