Model: GRU
MSE: 8.735216315651435
MAE: 2.1759643636900803
EVS: 0.40464980120950966
