Model: GRU
MSE: 8.42100355538264
MAE: 2.1900994859892746
EVS: 0.46294695935798236
