Model: GRU
MSE: 134.63840467465607
MAE: 11.008639960453428
EVS: 0.07635941173233585
