Model: GRU
MSE: 9.105787215841517
MAE: 2.41273256005912
EVS: 0.6038515370841364
