Model: GRU
MSE: 5.97025159451535
MAE: 1.8069273274520348
EVS: 0.618404004250048
