Model: GRU
MSE: 7.390834545882121
MAE: 2.1401515418085557
EVS: 0.6034199095590811
