Model: GRU
MSE: 9.526931411752104
MAE: 2.2838235230281434
EVS: 0.500942662875485
