Model: GRU
MSE: 9.97748029965557
MAE: 2.4721552256880135
EVS: 0.5401676671762081
