Model: GRU
MSE: 7.1770363440397205
MAE: 2.127464697278779
EVS: 0.6166951764961601
