Model: GRU
MSE: 6.354937073303302
MAE: 1.8867192021731674
EVS: 0.5942303724813449
