Model: GRU
MSE: 164.67083358231835
MAE: 12.209110153132471
EVS: -0.07200630932524033
