Model: GRU
MSE: 26.091135443531098
MAE: 4.02261234151906
EVS: -0.016594841154911943
