Model: GRU
MSE: 5.963728213034869
MAE: 1.8840607199175605
EVS: 0.6793824518668864
