Model: GRU
MSE: 6.298326817610325
MAE: 1.9834677638678715
EVS: 0.5681720608704943
