Model: GRU
MSE: 9.899854607287612
MAE: 2.3373616974929283
EVS: 0.41075244854510473
