Model: GRU
MSE: 7.145258143001875
MAE: 1.9579987114873425
EVS: 0.5292181523566869
