Model: GRU
MSE: 7.110178726515035
MAE: 2.1212526970896226
EVS: 0.5125803376050553
