Model: GRU
MSE: 7.46869527755649
MAE: 2.173416125363317
EVS: 0.5993422620698257
