Model: GRU
MSE: 8.517000867095375
MAE: 2.3436448982783724
EVS: 0.6594131283755387
