Model: GRU
MSE: 6.506961949897604
MAE: 1.8330905108616269
EVS: 0.5861379395328061
