Model: GRU
MSE: 5.991129644901101
MAE: 1.857742161586367
EVS: 0.6193828425700088
