Model: GRU
MSE: 8.655032387653952
MAE: 2.4095764982289283
EVS: 0.6481185318487206
