Model: GRU
MSE: 6.610068454215868
MAE: 1.8927397810179611
EVS: 0.5607230153082683
