Model: GRU
MSE: 8.0223639252049
MAE: 2.033479918693674
EVS: 0.4677765881805509
