Model: GRU
MSE: 6.122809967357535
MAE: 1.8923396324289257
EVS: 0.6118736530796753
