Model: GRU
MSE: 113.85598405358539
MAE: 9.996458576671008
EVS: 0.04349213704314103
