Model: GRU
MSE: 6.328898774119407
MAE: 1.8640906399693982
EVS: 0.588281989730599
