Model: GRU
MSE: 9.474741796546898
MAE: 2.516996881057476
EVS: 0.5110967389878944
