Model: GRU
MSE: 163.81720713203669
MAE: 12.269670798860748
EVS: 0.08843803135149753
