Model: GRU
MSE: 5.364878399564143
MAE: 1.7796299416443397
EVS: 0.6755815062354233
