Model: GRU
MSE: 6.7375869652276625
MAE: 1.9616287987807701
EVS: 0.610795861119682
