Model: GRU
MSE: 9.57285930618415
MAE: 2.6067643823294806
EVS: 0.6588180353506912
