Model: GRU
MSE: 9.033798756254779
MAE: 2.4580179000722953
EVS: 0.6325079364340862
