Model: GRU
MSE: 9.424015547615623
MAE: 2.5300991165226905
EVS: 0.5788037277231144
