Model: GRU
MSE: 9.710820943415488
MAE: 2.5085662644484947
EVS: 0.5984262648185894
