Model: GRU
MSE: 6.881477119435291
MAE: 2.0161542551858083
EVS: 0.6608513974441045
