Model: GRU
MSE: 19.67259907545545
MAE: 3.884930051606277
EVS: 0.5709579604649175
