Model: GRU
MSE: 47.70960689420325
MAE: 5.852726640372441
EVS: 0.0
