Model: GRU
MSE: 25.218667252359833
MAE: 3.9687931290988265
EVS: 0.02044785890561751
