Model: GRU
MSE: 117.68973468966186
MAE: 10.155278781364704
EVS: 0.0
