Model: GRU
MSE: 123.80514003163883
MAE: 10.459672194102716
EVS: 0.01096493251054731
