Model: GRU
MSE: 11.43145565960447
MAE: 2.699063745038263
EVS: 0.5516307593967631
