Model: GRU
MSE: 8.11711570722755
MAE: 2.271037899214646
EVS: 0.6517754172894307
