Model: GRU
MSE: 6.960063931896132
MAE: 2.092488543740634
EVS: 0.6553216907731162
