Model: GRU
MSE: 8.156726845941252
MAE: 2.1946933598353944
EVS: 0.6080799710689547
