Model: GRU
MSE: 8.251907826850545
MAE: 2.2208916236614358
EVS: 0.6001324388787739
