Model: GRU
MSE: 7.875970917785912
MAE: 2.2453723611502814
EVS: 0.6545959910046502
