Model: GRU
MSE: 108.74657870523403
MAE: 9.707947843033692
EVS: 0.003964285144447799
