Model: GRU
MSE: 9.410406481136413
MAE: 2.539174532068187
EVS: 0.63728179779715
