Model: GRU
MSE: 9.060064951470673
MAE: 2.3668418834949363
EVS: 0.6199658231367446
