Model: GRU
MSE: 7.592503381835443
MAE: 1.960106290619949
EVS: 0.4999678170003766
