Model: GRU
MSE: 20.143105509706547
MAE: 2.8605522040663094
EVS: -0.27567348484602094
