Model: GRU
MSE: 10.0212133021701
MAE: 2.5280415765170394
EVS: 0.5465502676073433
