Model: GRU
MSE: 25.84114073953461
MAE: 4.3912157683536925
EVS: 0.5166144648843779
