Model: GRU
MSE: 10.86559480983123
MAE: 2.577445260409651
EVS: 0.5181381934365814
