Model: GRU
MSE: 19.690508432780117
MAE: 3.873114931172338
EVS: 0.5768989199593044
