Model: GRU
MSE: 6.053410522958016
MAE: 1.8686957277100662
EVS: 0.6535483312974576
