Model: GRU
MSE: 118.1310019304591
MAE: 10.156132548019803
EVS: -0.029115704002245835
