Model: GRU
MSE: 5.678802377090145
MAE: 1.7670518447612893
EVS: 0.6114319200836142
