Model: GRU
MSE: 6.895036692325374
MAE: 2.058527399753702
EVS: 0.5770319295055844
