Model: GRU
MSE: 8.993774642352667
MAE: 2.1626406127008897
EVS: 0.44938525524487893
