Model: GRU
MSE: 24.458228898129747
MAE: 4.5396070069280166
EVS: 0.6534961390475535
