Model: GRU
MSE: 5.711847727285643
MAE: 1.8782861356077523
EVS: 0.607720391363854
