Model: GRU
MSE: 6.0033599300697995
MAE: 1.875830601001608
EVS: 0.6089086881220249
