Model: GRU
MSE: 6.728018979431301
MAE: 1.9414638733041698
EVS: 0.5436972919165038
