Model: GRU
MSE: 8.626774051464947
MAE: 2.4015645323128534
EVS: 0.6097121959665303
