Model: GRU
MSE: 131.78163702948802
MAE: 10.82052442945283
EVS: -0.009467039038562719
