Model: GRU
MSE: 31.640138610876985
MAE: 4.472266920681657
EVS: 0.0
