Model: GRU
MSE: 127.82210393612942
MAE: 10.660189735478369
EVS: 0.025933213547258527
