Model: GRU
MSE: 14.212825316789443
MAE: 2.9331723903787545
EVS: 0.4137467382470408
