Model: GRU
MSE: 7.691563551882978
MAE: 2.149265190650677
EVS: 0.6052792126461245
