Model: GRU
MSE: 41.93903974913042
MAE: 5.274994258222909
EVS: -0.061926548802566206
