Model: GRU
MSE: 14.349546372060571
MAE: 2.5728670070911277
EVS: 0.061797562503789094
