Model: GRU
MSE: 11.620882369162096
MAE: 2.7217173411928375
EVS: 0.5611456091480187
