Model: GRU
MSE: 7.374686238076049
MAE: 2.2406744217050485
EVS: 0.6298759096212915
