Model: GRU
MSE: 18.947156854113132
MAE: 3.59597687063546
EVS: 0.45236658959302134
