Model: GRU
MSE: 31.723900181249363
MAE: 4.478898147056842
EVS: 0.0
