Model: GRU
MSE: 9.14038242548311
MAE: 2.19007998499377
EVS: 0.5035346315850893
