Model: GRU
MSE: 7.123877775182132
MAE: 2.0392270910328834
EVS: 0.6142749029770538
