Model: GRU
MSE: 31.31531354492776
MAE: 4.443704572217218
EVS: 0.006281481326402827
