Model: GRU
MSE: 10.267949380508158
MAE: 2.560857887925773
EVS: 0.6010819357253256
