Model: GRU
MSE: 16.05073599250707
MAE: 2.499587527636824
EVS: 0.06113291188198511
