Model: GRU
MSE: 20.881774900953634
MAE: 3.503201287368248
EVS: 0.011641538682391928
