Model: GRU
MSE: 10.151802407528482
MAE: 2.617628344174089
EVS: 0.6112717823559053
