Model: GRU
MSE: 8.082772807508588
MAE: 2.0782347465383597
EVS: 0.5480399885629341
