Model: GRU
MSE: 11.110712952307384
MAE: 2.767168402671814
EVS: 0.6570519591256295
