Model: GRU
MSE: 5.904829975446676
MAE: 1.8382334791380783
EVS: 0.6144680923791732
