Model: GRU
MSE: 8.805153875312232
MAE: 2.488974456129403
EVS: 0.6961212697628596
