Model: GRU
MSE: 16.152831532432444
MAE: 3.5642014125297807
EVS: 0.635843063349028
