Model: GRU
MSE: 10.312673473808841
MAE: 2.2384855911649506
EVS: 0.348052293215378
