Model: GRU
MSE: 32.92717616701362
MAE: 4.5682423525843125
EVS: 0.005858058712895242
