Model: GRU
MSE: 11.176805473110734
MAE: 2.254824704137342
EVS: 0.3328822790348044
