Model: GRU
MSE: 10.259387904818677
MAE: 2.25628164718891
EVS: 0.4320330153497983
