Model: GRU
MSE: 8.267068970271904
MAE: 2.2150263457462707
EVS: 0.6050384926923635
