Model: GRU
MSE: 8.582832324995865
MAE: 2.219549980656854
EVS: 0.5391668791407026
