Model: GRU
MSE: 10.789181121791895
MAE: 2.752961018989826
EVS: 0.5945685080360559
