Model: GRU
MSE: 10.943752614610782
MAE: 2.435859228002614
EVS: 0.46155123987958424
