Model: GRU
MSE: 136.8676862167328
MAE: 11.082473409586939
EVS: 0.03527311416343237
