Model: GRU
MSE: 9.229760224437047
MAE: 2.4996211282138168
EVS: 0.6312508538747303
