Model: GRU
MSE: 12.232381531201314
MAE: 2.9134944307393043
EVS: 0.6149532614184154
