Model: GRU
MSE: 9.054413768281506
MAE: 2.1626369131022485
EVS: 0.5004583346561445
