Model: GRU
MSE: 7.213579951380944
MAE: 1.9872034500385154
EVS: 0.5518548349907028
