Model: GRU
MSE: 6.002386758544789
MAE: 1.8726139068603516
EVS: 0.5965049215249905
