Model: GRU
MSE: 9.828785481572627
MAE: 2.5532096007774614
EVS: 0.6553275091782911
