Model: GRU
MSE: 11.473442025256885
MAE: 2.8320477666526007
EVS: 0.6118333149435554
