Model: GRU
MSE: 116.649198020701
MAE: 10.05438444532197
EVS: -0.06857833943617742
