Model: GRU
MSE: 8.261614007919132
MAE: 2.1816720387031294
EVS: 0.5840422845638653
