Model: GRU
MSE: 11.269048918260383
MAE: 2.417516116438241
EVS: 0.4012397687674276
