Model: GRU
MSE: 8.789277518467273
MAE: 2.3265743502255143
EVS: 0.6458154118033941
