Model: GRU
MSE: 6.050269903310364
MAE: 2.0041716509851915
EVS: 0.6396505015282196
