Model: GRU
MSE: 16.639367735536087
MAE: 2.862627892658628
EVS: 0.17586577985929308
