Model: GRU
MSE: 5.734458395237843
MAE: 1.8097784971368724
EVS: 0.6474668251391673
