Model: GRU
MSE: 7.794875345957566
MAE: 2.3003260431618524
EVS: 0.6437440200552926
