Model: GRU
MSE: 15.939884388723385
MAE: 3.5415152023578513
EVS: 0.660310969651936
