Model: GRU
MSE: 7.384713581557419
MAE: 2.19161188191381
EVS: 0.49606264901421604
