Model: GRU
MSE: 5.855129077328582
MAE: 1.8009505107485015
EVS: 0.5986635271530593
