Model: GRU
MSE: 9.669274983962984
MAE: 2.4025010569342253
EVS: 0.5346415960714421
