Model: GRU
MSE: 8.29923703922945
MAE: 2.042286050730738
EVS: 0.4954990622647123
