Model: GRU
MSE: 12.348586574415933
MAE: 2.867773121800916
EVS: 0.578263159425805
