Model: GRU
MSE: 16.19944460092008
MAE: 3.4696330613103408
EVS: 0.6149147661669288
