Model: GRU
MSE: 48.49886909163628
MAE: 5.91851517249798
EVS: 0.0
