Model: GRU
MSE: 161.7713270891988
MAE: 12.094071552671235
EVS: -0.06488390931355781
