Model: GRU
MSE: 13.899691617927664
MAE: 3.275575111652243
EVS: 0.6978236775482693
