Model: GRU
MSE: 31.65772944853146
MAE: 4.473660896564352
EVS: 0.0
