Model: GRU
MSE: 10.233237704096217
MAE: 2.5191506188491295
EVS: 0.5750884635609474
