Model: GRU
MSE: 15.469869167776375
MAE: 2.65985736353644
EVS: -0.023072157041940322
