Model: GRU
MSE: 31.963990090175027
MAE: 4.4872614104172275
EVS: 0.003016348311652872
