Model: GRU
MSE: 8.910101281312693
MAE: 2.3360870377770784
EVS: 0.5828477062403641
