Model: GRU
MSE: 31.581746242134205
MAE: 4.467634497017696
EVS: 0.0
