Model: GRU
MSE: 7.3273797566903305
MAE: 1.9321597444600072
EVS: 0.5579003032553804
