Model: GRU
MSE: 10.324798503496524
MAE: 2.63951666601773
EVS: 0.6319605545910947
