Model: GRU
MSE: 9.332481623172436
MAE: 2.4555975486492287
EVS: 0.6352870792540443
