Model: GRU
MSE: 20.617926892662393
MAE: 3.532425716005523
EVS: 1.1102230246251565e-16
