Model: GRU
MSE: 11.259580219627946
MAE: 2.3143426220992516
EVS: 0.33678589065735887
