Model: GRU
MSE: 8.093537721604347
MAE: 2.277098458388756
EVS: 0.5710712012148105
