Model: GRU
MSE: 9.961024990088065
MAE: 2.1246186864787133
EVS: 0.42121123464064036
