Model: GRU
MSE: 9.003214105116038
MAE: 2.4798960603516678
EVS: 0.6735536780550087
