Model: GRU
MSE: 10.306526555855891
MAE: 2.3926974822734963
EVS: 0.4712955341677201
