Model: GRU
MSE: 6.415627725726326
MAE: 1.8921281058212807
EVS: 0.6114645539785157
