Model: GRU
MSE: 6.498077085922224
MAE: 1.9679818071168045
EVS: 0.5977636327999852
