Model: GRU
MSE: 7.919714425077406
MAE: 2.03842908760597
EVS: 0.4893845726190348
