Model: GRU
MSE: 8.625799678369006
MAE: 2.322571483151666
EVS: 0.6340084136612398
