Model: GRU
MSE: 144.4277869209657
MAE: 11.239612071678556
EVS: -0.2430527662457791
