Model: GRU
MSE: 5.574959917389777
MAE: 1.7609248531275783
EVS: 0.6174583347106289
