Model: GRU
MSE: 18.13827683677596
MAE: 3.740809744802015
EVS: 0.6411621669040235
