Model: GRU
MSE: 7.194126757857138
MAE: 1.9949751229121768
EVS: 0.5900013883480222
