Model: GRU
MSE: 9.366463782463347
MAE: 2.309368972120614
EVS: 0.5385517831611428
