Model: GRU
MSE: 38.99631804393931
MAE: 5.150615165973532
EVS: 0.03271597715367369
