Model: GRU
MSE: 6.025311113176219
MAE: 1.895685261693494
EVS: 0.6322348577818084
