Model: GRU
MSE: 9.996871761493548
MAE: 2.364719160671892
EVS: 0.5181725437562827
