Model: GRU
MSE: 12.985482004933214
MAE: 3.0632734380919358
EVS: 0.6709846827134286
