Model: GRU
MSE: 3178.636420833305
MAE: 56.20655362359409
EVS: -0.3365169658899889
