Model: GRU
MSE: 9.47772953605556
MAE: 2.460989761352539
EVS: 0.6500113365174393
