Model: GRU
MSE: 141.0805996731924
MAE: 11.267136869759396
EVS: 0.029383223460675345
