Model: GRU
MSE: 10.86970664561144
MAE: 2.6376201448769403
EVS: 0.5937539163334624
