Model: GRU
MSE: 7.165484582337387
MAE: 2.1040292279473665
EVS: 0.6621596606586693
