Model: GRU
MSE: 17.826515155372906
MAE: 3.8293951708694984
EVS: 0.681805160176682
