Model: GRU
MSE: 157.73073842793164
MAE: 12.00609537650799
EVS: 0.06700770173432269
