Model: GRU
MSE: 5.932532698233247
MAE: 1.8335540500180474
EVS: 0.5997836427435397
