Model: GRU
MSE: 13.99916555477208
MAE: 2.8062598376438537
EVS: 0.35677560561036203
