Model: GRU
MSE: 10.961928095725103
MAE: 2.4963407269839584
EVS: 0.5221941744186669
