Model: GRU
MSE: 10.48326372909844
MAE: 2.717611337530202
EVS: 0.6181152585853954
