Model: GRU
MSE: 7.14985554495762
MAE: 2.0923413737066863
EVS: 0.6490862934658409
