Model: GRU
MSE: 11.591171716667915
MAE: 2.8773974879034636
EVS: 0.6429209831701739
