Model: GRU
MSE: 9.83804099679378
MAE: 2.1757122894813277
EVS: 0.3410702036699672
