Model: GRU
MSE: 234.75306299714458
MAE: 14.870644816036883
EVS: 0.06477051712656501
