Model: GRU
MSE: 13.067031062925206
MAE: 3.0238493557634025
EVS: 0.5870748074947146
