Model: GRU
MSE: 134.9425653624403
MAE: 10.714971598557064
EVS: -0.04910772338665126
