Model: GRU
MSE: 136.14415204775509
MAE: 11.037534989159683
EVS: 0.01669459873346213
