Model: GRU
MSE: 9.832189743008053
MAE: 2.5560107395566742
EVS: 0.6016544718599262
