Model: GRU
MSE: 186.4312780274621
MAE: 13.080434996506263
EVS: -0.05312144509792649
