Model: GRU
MSE: 6.380129140700029
MAE: 1.8602894914561305
EVS: 0.5889426722345417
