Model: GRU
MSE: 15.597521364380354
MAE: 3.479711392830158
EVS: 0.6819128823047316
