Model: GRU
MSE: 39.120656651916164
MAE: 5.092509762994174
EVS: -0.01543655780326425
