Model: GRU
MSE: 7.3819860358783265
MAE: 2.2159086342515617
EVS: 0.6673678883333154
