Model: GRU
MSE: 162.89493826965744
MAE: 12.139832303441803
EVS: -0.06589005615740029
