Model: GRU
MSE: 4619.245558885975
MAE: 67.67836897713798
EVS: -0.0023951695831214703
