Model: GRU
MSE: 18.92573862115202
MAE: 2.7793240002223425
EVS: 0.5189132573417696
