Model: GRU
MSE: 18.073710553902238
MAE: 2.930310300418309
EVS: 0.5389416693599439
