Model: GRU
MSE: 19.076595392353646
MAE: 2.8471640416554043
EVS: 0.5197598843002009
