Model: GRU
MSE: 22.375432068461794
MAE: 3.293037566116878
EVS: 0.4385169015054693
