Model: GRU
MSE: 19.341541136956096
MAE: 2.787216418130057
EVS: 0.5021636877106654
