Model: GRU
MSE: 20.4692169278757
MAE: 2.9826969265937806
EVS: 0.4727107905664981
