Model: GRU
MSE: 13.099214227204845
MAE: 2.8053176124890644
EVS: 0.5827400291562626
