Model: GRU
MSE: 18.876044531065585
MAE: 3.1803979124341692
EVS: 0.5162568224931647
