Model: GRU
MSE: 4171.656333162493
MAE: 64.58196182250977
EVS: 0.016023430495157198
