Model: GRU
MSE: 2332.352554639868
MAE: 48.04606301443918
EVS: -0.03539591748182547
