Model: GRU
MSE: 19.29712238152471
MAE: 3.078214853150504
EVS: 0.5554755468056977
