Model: GRU
MSE: 18.41103218793308
MAE: 2.6588374274117608
EVS: 0.5372023459952004
