Model: GRU
MSE: 4170.385457388471
MAE: 64.3676080865375
EVS: -0.11980991550730358
