Model: GRU
MSE: 11.314238866658348
MAE: 2.6526351422071457
EVS: 0.45383872209562637
