Model: GRU
MSE: 11.811444307696231
MAE: 2.559925313790639
EVS: 0.5211844973554999
