Model: GRU
MSE: 53.0569570505744
MAE: 6.07033337865557
EVS: -29.545864477121885
