Model: GRU
MSE: 1293.0849087738407
MAE: 35.959486961364746
EVS: 0.0
