Model: GRU
MSE: 19.27089320673461
MAE: 3.120926260948181
EVS: 0.5141164609635902
