Model: GRU
MSE: 294.3468229514192
MAE: 16.430137084702313
EVS: -0.005462709306993219
