Model: GRU
MSE: 21.050326381743446
MAE: 2.842013820580074
EVS: 0.4600021651019064
