Model: GRU
MSE: 1551.2124172515566
MAE: 38.78328783852714
EVS: -0.21339942054230598
