Model: GRU
MSE: 20.09928395121476
MAE: 3.091727215903146
EVS: 0.4955940641984776
