Model: GRU
MSE: 12.62885171615872
MAE: 2.7474257946014404
EVS: 0.46086616408280634
