Model: GRU
MSE: 17.0351259712005
MAE: 3.267540454864502
EVS: -0.12090116737509504
