Model: GRU
MSE: 12.862631236754929
MAE: 3.041835406730915
EVS: -0.7204486891301425
