Model: GRU
MSE: 15.639097203203418
MAE: 3.081691924730937
EVS: 0.509883821323724
