Model: GRU
MSE: 125.83532320553901
MAE: 9.985062467808627
EVS: -0.13082784705730877
