Model: GRU
MSE: 13.50240075884274
MAE: 2.662096525941576
EVS: 0.44699975204880393
