Model: GRU
MSE: 16.995608973658722
MAE: 3.1532833771627455
EVS: 0.32166108081236244
