Model: GRU
MSE: 226.06100368644047
MAE: 14.12561288427134
EVS: -0.09639825142705494
