Model: GRU
MSE: 17.591007353804237
MAE: 2.7223505190440584
EVS: 0.5465253827564224
