Model: GRU
MSE: 20.09928388383315
MAE: 3.0917271511895317
EVS: 0.4955940614489265
