Model: GRU
MSE: 19.057618569751757
MAE: 3.018862135069711
EVS: 0.512635261488865
