Model: GRU
MSE: 2520.1421121000426
MAE: 50.139709341114965
EVS: 0.05695489214877769
