Model: GRU
MSE: 14.669553318390046
MAE: 2.8022017381629167
EVS: 0.41294978926961357
