Model: GRU
MSE: 143.7141273710271
MAE: 10.739430065949758
EVS: -0.173605923269869
