Model: GRU
MSE: 0.43997295740662834
MAE: 0.4814604537827627
EVS: 0.9870196729037667
