Model: GRU
MSE: 295.524576567743
MAE: 16.27387823724443
EVS: -0.22396053249363423
