Model: GRU
MSE: 7.619717645313314
MAE: 1.9633763011416485
EVS: 0.6990102850972437
