Model: GRU
MSE: 143.37782013271496
MAE: 10.839273831145517
EVS: -0.08081293323780514
