Model: GRU
MSE: 158.43697086604394
MAE: 11.42951190777314
EVS: -0.1284455993959306
