Model: GRU
MSE: 332.5545899596609
MAE: 17.55989534769462
EVS: -0.012245594031780271
