Model: GRU
MSE: 4204.638918309517
MAE: 64.6226147119101
EVS: -0.1944309039367622
