Model: GRU
MSE: 11.056998814062132
MAE: 2.430506796307034
EVS: 0.574051643859436
