Model: GRU
MSE: 11.745204531429787
MAE: 2.31080876371731
EVS: 0.5276591412235263
