Model: GRU
MSE: 2729.8957762658447
MAE: 51.9417019849383
EVS: -0.17296703803626712
