Model: GRU
MSE: 2440.4282054878336
MAE: 49.122712510207606
EVS: -0.1434105859435384
