Model: GRU
MSE: 7.9406806227067515
MAE: 1.8389804617855054
EVS: 0.6690695175743147
