Model: GRU
MSE: 8.182829451362064
MAE: 2.058409805929866
EVS: 0.7036296459014265
