Model: GRU
MSE: 11.315065599614792
MAE: 2.6477888359385693
EVS: 0.5965792243292531
