Model: GRU
MSE: 957.6840517516928
MAE: 30.60212653023856
EVS: -0.048429258552172616
