Model: GRU
MSE: 7.8628337846985685
MAE: 1.9303210648997076
EVS: 0.6774567431777414
