Model: GRU
MSE: 4448.829021654725
MAE: 66.45089712597076
EVS: 0.008042250472765633
