Model: GRU
MSE: 10.551026017467288
MAE: 2.2828363926179946
EVS: 0.5740381706378686
