Model: GRU
MSE: 8.424353152466624
MAE: 2.0730294880746793
EVS: 0.709095539221904
