Model: GRU
MSE: 9.712300829811566
MAE: 2.3437539462385506
EVS: 0.5820131323745414
