Model: GRU
MSE: 316.60960686281726
MAE: 17.380056658695484
EVS: -0.026165169579586367
