Model: GRU
MSE: 6.401835999374334
MAE: 2.0126434523483803
EVS: 0.599985570836121
