Model: GRU
MSE: 5.709570004379191
MAE: 1.739484482798083
EVS: 0.6012909325993365
