Model: GRU
MSE: 6.808373134706111
MAE: 1.9303043299707874
EVS: 0.5925797376150316
