Model: GRU
MSE: 6.412149549933055
MAE: 1.8670842976405704
EVS: 0.5558846030179174
