Model: GRU
MSE: 497.648496084128
MAE: 21.8916444942869
EVS: -0.2986071172182352
