Model: GRU
MSE: 14.747470027115202
MAE: 3.1307456246737777
EVS: 0.0
