Model: GRU
MSE: 383.9461254393069
MAE: 19.130998315482305
EVS: -0.2666176104070168
