Model: GRU
MSE: 6.859351181078829
MAE: 2.0309098917862465
EVS: 0.5580826238719329
