Model: GRU
MSE: 12.28315757901635
MAE: 2.628396987915039
EVS: 0.3575904032059314
