Model: GRU
MSE: 6.234905088065625
MAE: 1.8354860914164577
EVS: 0.6083338568455655
