Model: GRU
MSE: 6.381665880409165
MAE: 2.0245818105237237
EVS: 0.6015477948453762
