Model: GRU
MSE: 7.547831211792417
MAE: 1.9641195165699925
EVS: 0.5814557899331103
