Model: GRU
MSE: 8.33979990033768
MAE: 2.416011300580255
EVS: 0.5827954086237077
