Model: GRU
MSE: 6.846181972530209
MAE: 2.066400379970156
EVS: 0.5816522319077158
