Model: GRU
MSE: 7.557731994059803
MAE: 2.231182229929957
EVS: 0.6163982733608906
