Model: GRU
MSE: 6.729135657558228
MAE: 2.046698044086325
EVS: 0.5972196392995355
