Model: GRU
MSE: 5.587797361201524
MAE: 1.7159082560703671
EVS: 0.6141999826624647
