Model: GRU
MSE: 4823.998424344128
MAE: 69.33036626618484
EVS: -0.22059220068817198
