Model: GRU
MSE: 5.419335598367697
MAE: 1.6799590012122845
EVS: 0.6203736297341791
