Model: GRU
MSE: 2852.7599634899
MAE: 53.279658416221885
EVS: 0.009486828034297679
