Model: GRU
MSE: 16.325245476767385
MAE: 3.620507741796559
EVS: 0.5887529301069394
