Model: GRU
MSE: 5.572232469248461
MAE: 1.806675253243282
EVS: 0.6239303862800172
