Model: GRU
MSE: 6.086196010992541
MAE: 1.7503459535796067
EVS: 0.6062548627323185
