Model: GRU
MSE: 5.8966140462421714
MAE: 1.8249262036948368
EVS: 0.5887045247430756
