Model: GRU
MSE: 835.4491260621194
MAE: 28.577381725968987
EVS: -0.3252774033110135
