Model: GRU
MSE: 6.018064157933952
MAE: 1.7082723255815178
EVS: 0.5960115656830427
