Model: GRU
MSE: 9.18831293978079
MAE: 2.5269170218500596
EVS: 0.5936887431282362
