Model: GRU
MSE: 6.709377697390005
MAE: 2.101120422626364
EVS: 0.5862291049561503
