Model: GRU
MSE: 5.803002617259608
MAE: 1.8306067072111984
EVS: 0.6039133048808514
