Model: GRU
MSE: 12.774523238784134
MAE: 3.126862846571824
EVS: 0.5705289856192488
