Model: GRU
MSE: 12.510002732885612
MAE: 3.10631603619148
EVS: 0.5737949623903318
