Model: GRU
MSE: 6.655960055217065
MAE: 2.0112410413807837
EVS: 0.5727902150895585
