Model: GRU
MSE: 6.129420023638
MAE: 1.9653194197292985
EVS: 0.6143762145707823
