Model: GRU
MSE: 11.089234987596368
MAE: 2.834145085564975
EVS: 0.5962477287480294
