Model: GRU
MSE: 358.88302083296753
MAE: 18.552031730783398
EVS: -0.03758891799569963
