Model: GRU
MSE: 8.531724311599916
MAE: 2.44931514509793
EVS: 0.5960826189086219
