Model: GRU
MSE: 6.755041918440368
MAE: 1.8538125136802936
EVS: 0.5563980305214813
