Model: GRU
MSE: 8.536280564226471
MAE: 2.170124045733748
EVS: 0.5628507296094809
