Model: GRU
MSE: 13.345932473650159
MAE: 3.2045373053386292
EVS: 0.5569015268024375
