Model: GRU
MSE: 6.976015328871042
MAE: 2.0109371481270624
EVS: 0.5424208291598478
