Model: GRU
MSE: 6.539153155119054
MAE: 2.102212872998468
EVS: 0.6039889532673178
