Model: GRU
MSE: 10.843043383964629
MAE: 2.8911405185173296
EVS: 0.6274102178159933
