Model: GRU
MSE: 6.0979883745965955
MAE: 1.9423936317706931
EVS: 0.6181683922052007
