Model: GRU
MSE: 417.04142729034845
MAE: 20.029745677421833
EVS: -0.1184203071930503
