Model: GRU
MSE: 13.344431467260337
MAE: 2.9127909890536605
EVS: 0.05848149611802589
