Model: GRU
MSE: 8.371762337307628
MAE: 2.3264412509983985
EVS: 0.5270955936480621
