Model: GRU
MSE: 6.500633781927138
MAE: 1.8956345032001365
EVS: 0.5632760186048078
