Model: GRU
MSE: 15.220384755406673
MAE: 3.0032695901804956
EVS: 0.0
