Model: GRU
MSE: 5.959039203213204
MAE: 1.7418322563171387
EVS: 0.6131886766029757
