Model: GRU
MSE: 6.152450742399796
MAE: 1.7421929014140163
EVS: 0.5856013061806717
