Model: GRU
MSE: 11.109273827577752
MAE: 2.65213576678572
EVS: 0.22295051076526284
