Model: GRU
MSE: 14.761871179994822
MAE: 3.3898230174492143
EVS: 0.5621041496681636
