Model: GRU
MSE: 9.572850989229735
MAE: 2.6371028341096023
EVS: 0.6043582777995953
