Model: GRU
MSE: 6.512327883126063
MAE: 1.7959649069555874
EVS: 0.5838680940082965
