Model: GRU
MSE: 6.773560391084335
MAE: 2.049970470625779
EVS: 0.5661375473576257
