Model: GRU
MSE: 7.140007797418207
MAE: 2.149471143196369
EVS: 0.5913144552634333
