Model: GRU
MSE: 6.543867168669325
MAE: 2.043726214047136
EVS: 0.5884688028491922
