Model: GRU
MSE: 6.619768437241313
MAE: 1.8070235334593674
EVS: 0.5706963324032407
