Model: GRU
MSE: 7.30729249890791
MAE: 1.9185787973732784
EVS: 0.5540843271559055
