Model: GRU
MSE: 7.3433349190695365
MAE: 2.1048924922943115
EVS: 0.5218678021216383
