Model: GRU
MSE: 8.266566851893243
MAE: 2.4071965299803635
EVS: 0.5889819213163925
