Model: GRU
MSE: 6.374192090597376
MAE: 1.8733014649358288
EVS: 0.5527890976297007
