Model: GRU
MSE: 6.018355307639001
MAE: 1.8045727713354702
EVS: 0.5785956103278553
