Model: GRU
MSE: 339.8004432841839
MAE: 17.945201766902002
EVS: -0.2538567592493235
