Model: GRU
MSE: 19.795055645950203
MAE: 3.7910129941742996
EVS: 0.0
