Model: GRU
MSE: 5.88159349574921
MAE: 1.802144067040805
EVS: 0.591338384272974
