Model: GRU
MSE: 9.03947869973341
MAE: 2.5311085067946335
EVS: 0.6106393148064961
