Model: GRU
MSE: 10.507112978602576
MAE: 2.7332909559381418
EVS: 0.5838852371599251
