Model: GRU
MSE: 7.499063734706114
MAE: 1.9769380174834152
EVS: 0.5665999371758802
