Model: GRU
MSE: 6.214545088852815
MAE: 1.9855106123562516
EVS: 0.6152818145521068
