Model: GRU
MSE: 5.866950512102291
MAE: 1.7204994333201442
EVS: 0.5869827760052028
