Model: GRU
MSE: 307.91476393465916
MAE: 17.077025887267343
EVS: -0.14941258546847536
