Model: GRU
MSE: 6.909407575645046
MAE: 1.8985444430647225
EVS: 0.6011723489615215
