Model: GRU
MSE: 33.76643504933079
MAE: 5.127826427591258
EVS: -0.030197478785913834
