Model: GRU
MSE: 6.042349744170099
MAE: 1.8914956224375759
EVS: 0.5931590806103798
