Model: GRU
MSE: 6.567463617241429
MAE: 1.983112047458517
EVS: 0.5881710673285461
