Model: GRU
MSE: 6.211151489708849
MAE: 1.8136449353448276
EVS: 0.5810086413965627
