Model: GRU
MSE: 6.303941838356783
MAE: 1.81465928307895
EVS: 0.5798589698203476
