Model: GRU
MSE: 6.793242489133534
MAE: 1.8754367252876019
EVS: 0.5220866133255229
