Model: GRU
MSE: 9.543192991160458
MAE: 2.418324824037223
EVS: 0.6239609622130589
