Model: GRU
MSE: 1146.0968855736776
MAE: 33.48373048058872
EVS: -0.7595223397376907
