Model: GRU
MSE: 311.3110885405405
MAE: 17.17780210642979
EVS: -0.14547906728327753
