Model: GRU
MSE: 3586.238040784291
MAE: 59.07620258989005
EVS: -5.7906801020297145
