Model: GRU
MSE: 7.732116925759375
MAE: 2.289229310792068
EVS: 0.5880115295245647
