Model: GRU
MSE: 367.12548465042966
MAE: 18.72565877848658
EVS: -0.16248284890858167
