Model: GRU
MSE: 6.893973490788575
MAE: 1.9082955903020398
EVS: 0.5876133485930884
