Model: GRU
MSE: 7.179929865700912
MAE: 2.1029789529997727
EVS: 0.5528168233880455
