Model: GRU
MSE: 6.263850870066237
MAE: 1.9542232464099754
EVS: 0.5865158869372427
