Model: GRU
MSE: 5.9229659356039
MAE: 1.8133407050165637
EVS: 0.5955916816138902
