Model: GRU
MSE: 6.504930172868567
MAE: 2.0357285779097984
EVS: 0.6028152893968735
