Model: GRU
MSE: 6.29138543458065
MAE: 1.74671405759351
EVS: 0.5570075876075795
