Model: GRU
MSE: 5.884827361712402
MAE: 1.7804626760811642
EVS: 0.5853306632010696
