Model: GRU
MSE: 6.284397802403074
MAE: 1.9276927915112725
EVS: 0.5920936530401975
