Model: GRU
MSE: 7.027173944050917
MAE: 2.1606632429977943
EVS: 0.5866965836774409
