Model: GRU
MSE: 6.060243856353177
MAE: 1.9031171264319584
EVS: 0.6035284891033397
