Model: GRU
MSE: 7.160064866569667
MAE: 2.210115835584443
EVS: 0.6437418391805436
