Model: GRU
MSE: 1384.2808351440067
MAE: 36.9779099102678
EVS: -0.1935167896633545
