Model: GRU
MSE: 10.113759054321381
MAE: 2.607931408388861
EVS: 0.5327903901597211
