Model: GRU
MSE: 5.740399980402991
MAE: 1.7098635558424324
EVS: 0.5958638308097762
