Model: GRU
MSE: 7.123333438016908
MAE: 2.1487877122287093
EVS: 0.6003056108297821
