Model: GRU
MSE: 5454.449021911771
MAE: 73.74081322242473
EVS: -0.18127281997555067
