Model: GRU
MSE: 5.6204841260497105
MAE: 1.7440860189240555
EVS: 0.6059337535262338
