Model: GRU
MSE: 9.087593047791497
MAE: 2.499408039553412
EVS: 0.555270254150655
