Model: GRU
MSE: 7.0560241456790145
MAE: 2.1429763497977423
EVS: 0.6137978763333687
