Model: GRU
MSE: 6.265011930692791
MAE: 1.8831086240965744
EVS: 0.5617118317088293
