Model: GRU
MSE: 6.675710197601084
MAE: 1.8541845535409862
EVS: 0.5723914900731633
