Model: GRU
MSE: 6.395424406413927
MAE: 1.9625441740299094
EVS: 0.5801972194978486
