Model: GRU
MSE: 6.613741438971499
MAE: 1.9833575610456795
EVS: 0.5733316696701642
