Model: GRU
MSE: 8.257076984186558
MAE: 2.0932679834036994
EVS: 0.44062596285093514
