Model: GRU
MSE: 6.410370162156272
MAE: 1.9648876313505501
EVS: 0.5715313814119038
