Model: GRU
MSE: 15.639547676614198
MAE: 3.439011450471549
EVS: 0.5648432637583464
