Model: GRU
MSE: 6.753007898075891
MAE: 2.0490305259309967
EVS: 0.5916065691945707
