Model: GRU
MSE: 10.134260270610795
MAE: 2.7199043405467065
EVS: 0.5972820130335587
