Model: GRU
MSE: 5.915340071993546
MAE: 1.729562677186111
EVS: 0.5895525412476272
