Model: GRU
MSE: 6.109781844800187
MAE: 1.7752550511524594
EVS: 0.5771509960025527
