Model: GRU
MSE: 478.74808889464305
MAE: 21.522282937477375
EVS: -0.09645585294546244
