Model: GRU
MSE: 7.991634632327525
MAE: 2.266807979550855
EVS: 0.5536327228775815
