Model: GRU
MSE: 7.276223822815673
MAE: 2.1992137555418343
EVS: 0.5897303830409371
