Model: GRU
MSE: 6.578785841547193
MAE: 1.9536305583756546
EVS: 0.5969928592241089
