Model: GRU
MSE: 5.9590854892816125
MAE: 1.8521531162590816
EVS: 0.5927402033593825
