Model: GRU
MSE: 9.374120017869041
MAE: 2.3497733247691186
EVS: 0.3429799434969586
