Model: GRU
MSE: 8.464433439704564
MAE: 2.400393716220198
EVS: 0.5885877478148357
