Model: GRU
MSE: 7.173627886556363
MAE: 2.214318583751547
EVS: 0.6114425373092716
