Model: GRU
MSE: 5.9607497230657795
MAE: 1.9228785777914112
EVS: 0.6135575581449657
