Model: GRU
MSE: 6.20225752158743
MAE: 1.8967470793888486
EVS: 0.5779672675068033
