Model: GRU
MSE: 7.834800393275996
MAE: 2.2777407498195252
EVS: 0.5639924132424425
