Model: GRU
MSE: 14.66086198413014
MAE: 3.1204983941439925
EVS: 0.0
