Model: GRU
MSE: 5.85478856642065
MAE: 1.8013073164841225
EVS: 0.5885766302576847
