Model: GRU
MSE: 9.299850124246031
MAE: 2.5745938317529085
EVS: 0.5733498280555367
