Model: GRU
MSE: 6.013034649672073
MAE: 1.8294085305312584
EVS: 0.5757270863313575
