Model: GRU
MSE: 6.614770836057239
MAE: 1.9405621528625487
EVS: 0.6557843805213454
