Model: GRU
MSE: 278.95662498294735
MAE: 16.28278875350952
EVS: 0.02434295290898625
