Model: GRU
MSE: 274.659364267557
MAE: 16.109807106955298
EVS: -0.06781240409547329
