Model: GRU
MSE: 6.345828971364904
MAE: 1.9249707748150002
EVS: 0.5915783159130569
