Model: GRU
MSE: 6.697367719625697
MAE: 2.066066055462278
EVS: 0.5987445265723219
