Model: GRU
MSE: 296.65598847672356
MAE: 16.772840588257232
EVS: -0.08152410036836266
