Model: GRU
MSE: 5.8721556782943365
MAE: 1.7882138367356926
EVS: 0.6041208944096241
