Model: GRU
MSE: 9.732127632533606
MAE: 2.676861721893837
EVS: 0.5802193861678443
