Model: GRU
MSE: 6.689410038731212
MAE: 2.069043825412619
EVS: 0.595522080371005
