Model: GRU
MSE: 6.345779754800525
MAE: 1.789018622760115
EVS: 0.5762364674970339
