Model: GRU
MSE: 6.27212120062839
MAE: 1.8469358394885886
EVS: 0.5757027935432402
