Model: GRU
MSE: 6.039102626345621
MAE: 1.97412711998512
EVS: 0.6213832642090031
