Model: GRU
MSE: 6.735043184970707
MAE: 2.0258429050445557
EVS: 0.5560000516469616
