Model: GRU
MSE: 7.0242676510163635
MAE: 2.1554135947391906
EVS: 0.5923303984720748
