Model: GRU
MSE: 6.858660242253522
MAE: 2.0793980853310945
EVS: 0.5662639624210517
