Model: GRU
MSE: 6.54321808698398
MAE: 1.9886775674491093
EVS: 0.5866467492601175
