Model: GRU
MSE: 9.512056686241008
MAE: 2.6417959722979316
EVS: 0.5636877050499667
