Model: GRU
MSE: 15.428959905953995
MAE: 3.4562966864684532
EVS: 0.5603637404541217
