Model: GRU
MSE: 6.4642239034929405
MAE: 1.7825980844168827
EVS: 0.5715309039660975
