Model: GRU
MSE: 5424.5335489033405
MAE: 72.97003653953816
EVS: -6.049421346307617
