Model: GRU
MSE: 5.89099174945868
MAE: 1.8487814089347576
EVS: 0.5867972140130209
