Model: GRU
MSE: 7.132887451519491
MAE: 1.9651059559413364
EVS: 0.660847829910717
