Model: GRU
MSE: 6.839612550739483
MAE: 2.0660992573047507
EVS: 0.5941701485724323
