Model: GRU
MSE: 379.7897104723527
MAE: 19.073532342910767
EVS: -0.12825342737810685
