Model: GRU
MSE: 6.418346930474058
MAE: 1.9770272106959903
EVS: 0.5506533200855428
