Model: GRU
MSE: 8.890389856633192
MAE: 2.432515206008122
EVS: 0.5256180979446992
