Model: GRU
MSE: 6.52473250454589
MAE: 1.970189312526158
EVS: 0.6540936997152513
