Model: GRU
MSE: 318.63362394116837
MAE: 17.423903080923804
EVS: -0.061303006483041544
