Model: GRU
MSE: 7.297050486730034
MAE: 2.1657332147870747
EVS: 0.6281101022853666
