Model: GRU
MSE: 9352.758408768166
MAE: 96.63514551623115
EVS: -0.016556532664157464
