Model: GRU
MSE: 5.717104713964388
MAE: 1.7456253314840382
EVS: 0.6315851345454432
