Model: GRU
MSE: 6.2235170910143225
MAE: 2.074730166073503
EVS: 0.6375454390512934
