Model: GRU
MSE: 5.93285458493057
MAE: 1.8204807043075562
EVS: 0.5954610144667427
