Model: GRU
MSE: 7.936622861647859
MAE: 2.341156873209723
EVS: 0.6267211331768305
