Model: GRU
MSE: 436.5588051439112
MAE: 20.467897711129023
EVS: -0.24354035155582077
