Model: GRU
MSE: 291.96758608334295
MAE: 16.64380736597653
EVS: -0.05495525786043798
