Model: GRU
MSE: 6.785570639142787
MAE: 2.09588858999055
EVS: 0.5864690885728213
