Model: GRU
MSE: 6.011863509808336
MAE: 1.8127071610812484
EVS: 0.5782266798971328
