Model: GRU
MSE: 8.829549571744721
MAE: 2.47421225186052
EVS: 0.6017346789134832
