Model: GRU
MSE: 291.5412972396698
MAE: 16.658210836607836
EVS: 0.008968467345636277
