Model: GRU
MSE: 6.391719631152023
MAE: 1.8318373745885388
EVS: 0.5575257517556802
