Model: GRU
MSE: 6.378804657265094
MAE: 1.9501270590157345
EVS: 0.602171998140312
