Model: GRU
MSE: 5.2922712690007705
MAE: 1.6256275423641862
EVS: 0.6302876547069007
