Model: GRU
MSE: 291.26868474483575
MAE: 16.628859113002644
EVS: -0.040735160578090124
