Model: GRU
MSE: 6.245431377433169
MAE: 1.9508981129218792
EVS: 0.5900328731471665
