Model: GRU
MSE: 302.1005567841129
MAE: 16.93171338377328
EVS: -0.0878625828275037
