Model: GRU
MSE: 6.038550404924425
MAE: 1.7743502156487827
EVS: 0.5780052047753579
