Model: GRU
MSE: 6.16656742901213
MAE: 1.9281981977923164
EVS: 0.5980559899608053
