Model: GRU
MSE: 8.302180267821502
MAE: 2.4009778910669786
EVS: 0.5759963412455638
