Model: GRU
MSE: 14.621896817674685
MAE: 3.115592233065901
EVS: 0.0
