Model: GRU
MSE: 6.366339300500954
MAE: 2.0002717889588455
EVS: 0.5911837617952121
