Model: GRU
MSE: 6.41227206263063
MAE: 1.9920748924386913
EVS: 0.5999939922786812
