Model: GRU
MSE: 6.3890136508892414
MAE: 1.862890465506192
EVS: 0.6151808401054651
