Model: GRU
MSE: 8.444529476510418
MAE: 2.403439053173723
EVS: 0.5780548748096732
