Model: GRU
MSE: 6.033041099895103
MAE: 1.7838598325334747
EVS: 0.5839342799447969
