Model: GRU
MSE: 15.360065235126278
MAE: 3.2424357512901567
EVS: 0.03752565561669241
