Model: GRU
MSE: 6.5974768180691985
MAE: 1.91790850409146
EVS: 0.5452521976845328
