Model: GRU
MSE: 7.292735679667414
MAE: 2.191838132924047
EVS: 0.5777663887490159
