Model: GRU
MSE: 6.383823938229292
MAE: 1.990338711903013
EVS: 0.5888121218259108
