Model: GRU
MSE: 6.064616299916597
MAE: 1.7272157463534126
EVS: 0.578697540141271
