Model: GRU
MSE: 6.5025197255734515
MAE: 1.8364668139095963
EVS: 0.5499520438397865
