Model: GRU
MSE: 5.80398413480014
MAE: 1.8274813191644077
EVS: 0.5970069495745598
