Model: GRU
MSE: 15.245045453144611
MAE: 3.4754047064945617
EVS: 0.56647006416783
