Model: GRU
MSE: 7.705310574025032
MAE: 2.191754669978701
EVS: 0.5559290250443852
