Model: GRU
MSE: 5.640159050668053
MAE: 1.8508962269487053
EVS: 0.6181297747858687
