Model: GRU
MSE: 6.464658570552858
MAE: 1.9587082287360882
EVS: 0.5790426930518846
