Model: GRU
MSE: 378.8307237618974
MAE: 19.01428316790482
EVS: -0.21981757130471036
