Model: GRU
MSE: 6.871839115152935
MAE: 2.044899291005628
EVS: 0.5615654444327879
