Model: GRU
MSE: 7.228713960411079
MAE: 2.152240884715113
EVS: 0.5587707649568798
