Model: GRU
MSE: 8.618026893130676
MAE: 2.487797811113555
EVS: 0.6142842464556619
