Model: GRU
MSE: 343.08112432851715
MAE: 18.087884639871532
EVS: -0.12257190733159029
