Model: GRU
MSE: 16.522973551722504
MAE: 3.393029048525054
EVS: 0.0
