Model: GRU
MSE: 5.96809782510569
MAE: 1.72756630798866
EVS: 0.5810032882584764
