Model: GRU
MSE: 6.076599340419825
MAE: 1.7572529069308578
EVS: 0.5712887865035895
