Model: GRU
MSE: 6.012528332920934
MAE: 1.8388628959655762
EVS: 0.5805970570208636
