Model: GRU
MSE: 11.598376220073364
MAE: 2.91290413922277
EVS: 0.5643320566689735
