Model: GRU
MSE: 10.524531737971376
MAE: 2.8023664252511384
EVS: 0.5930817825930315
