Model: GRU
MSE: 7.192710816640867
MAE: 2.1518922797564803
EVS: 0.5675793978906234
