Model: GRU
MSE: 369.6644883714467
MAE: 18.842317219438225
EVS: -0.03239789545437066
