Model: GRU
MSE: 8.168872936201932
MAE: 2.366486615148084
EVS: 0.6098026233975393
