Model: GRU
MSE: 5.713065593195693
MAE: 1.7470884323120117
EVS: 0.5978957355189697
