Model: GRU
MSE: 369.7019134644572
MAE: 18.769431948661804
EVS: -0.22846665664552246
