Model: GRU
MSE: 7.481063631687079
MAE: 2.1815463098986396
EVS: 0.4965440097725837
