Model: GRU
MSE: 5.409045416616919
MAE: 1.7132892033149456
EVS: 0.6185981233241293
