Model: GRU
MSE: 6.637295649259738
MAE: 2.034649191231563
EVS: 0.5798430622907094
