Model: GRU
MSE: 7.192143472079602
MAE: 2.1347672199380807
EVS: 0.5655816911370213
