Model: GRU
MSE: 7.873625803813901
MAE: 2.338427453205503
EVS: 0.6032428940388945
