Model: GRU
MSE: 6.892980339030892
MAE: 2.0427718285856575
EVS: 0.5671083154074563
