Model: GRU
MSE: 16.098969363592662
MAE: 3.3465732706004174
EVS: 0.04861849965709397
