Model: GRU
MSE: 6.790817115249164
MAE: 2.0348874536053887
EVS: 0.5725173148174314
