Model: GRU
MSE: 6.543282651383316
MAE: 1.8821493017262425
EVS: 0.5928441058636711
