Model: GRU
MSE: 606.060476989118
MAE: 24.205947793763258
EVS: -0.4205461884356325
