Model: GRU
MSE: 9.26193903862753
MAE: 2.557062025727897
EVS: 0.5582556496484294
