Model: GRU
MSE: 6.076937585367667
MAE: 1.894891903318208
EVS: 0.5964154063097288
