Model: GRU
MSE: 5.373653548420438
MAE: 1.6916492725240773
EVS: 0.6213469985014899
