Model: GRU
MSE: 6.66956958317114
MAE: 1.9741024888794998
EVS: 0.5621686894200147
