Model: GRU
MSE: 367.5536738212429
MAE: 18.72454695866026
EVS: -0.19563366280030192
