Model: GRU
MSE: 11.1532428582221
MAE: 2.789438280565985
EVS: 0.5466727186592412
