Model: GRU
MSE: 6.373929108249834
MAE: 2.0230134273397513
EVS: 0.6059661123640645
