Model: GRU
MSE: 6.482216700908688
MAE: 1.9706390397302036
EVS: 0.5740814886611391
