Model: GRU
MSE: 6.041826270809816
MAE: 1.7897693453163936
EVS: 0.5894330642189374
