Model: GRU
MSE: 15.019134853060788
MAE: 3.167307771485427
EVS: -0.01879478713884364
