Model: GRU
MSE: 6.636375804750138
MAE: 2.050484509303652
EVS: 0.5952199601556492
