Model: GRU
MSE: 1919.0442559707842
MAE: 43.541176269794335
EVS: -0.6377044413406594
