Model: GRU
MSE: 7.4015429759261595
MAE: 2.21002380601291
EVS: 0.5736572686056673
