Model: GRU
MSE: 5.997322655319424
MAE: 1.7493794457665806
EVS: 0.5934557153963017
