Model: GRU
MSE: 6.566547966050296
MAE: 2.0139945868788094
EVS: 0.5752775708650107
