Model: GRU
MSE: 5.630282989524964
MAE: 1.700502687487109
EVS: 0.6041071242039411
