Model: GRU
MSE: 290.477468918614
MAE: 16.61470376623088
EVS: -0.018110809467680067
