Model: GRU
MSE: 11.106488267844282
MAE: 2.902154203118949
EVS: 0.5649691828296641
