Model: GRU
MSE: 6.7963317120733775
MAE: 1.8926451781700397
EVS: 0.5718646677347898
