Model: GRU
MSE: 372.65384650678385
MAE: 18.89824833541081
EVS: -0.09438353877826566
