Model: GRU
MSE: 5.811833962261473
MAE: 1.7001319507072712
EVS: 0.5903007127448932
