Model: GRU
MSE: 17.65378257812279
MAE: 3.533535365400643
EVS: -0.1927922262852435
