Model: GRU
MSE: 6.255586233580178
MAE: 1.869992996084279
EVS: 0.5591517692268708
