Model: GRU
MSE: 7.99465665439297
MAE: 2.1607008144773285
EVS: 0.6064791835830763
