Model: GRU
MSE: 7.349435480953647
MAE: 1.9511785836055362
EVS: 0.5796830696961657
