Model: GRU
MSE: 378.0370649810926
MAE: 19.05338943004608
EVS: -0.058776326119040156
