Model: GRU
MSE: 6.789918684373659
MAE: 2.0797928489487747
EVS: 0.5899451028149756
