Model: GRU
MSE: 7.428186601037412
MAE: 2.2091751427486024
EVS: 0.5763306898215403
