Model: GRU
MSE: 11.728429149176149
MAE: 2.6778851377552955
EVS: 0.5343552620657381
