Model: GRU
MSE: 5.759768840819345
MAE: 1.7731249003574765
EVS: 0.607912529377726
