Model: GRU
MSE: 646.6503829670983
MAE: 25.094005584716797
EVS: -0.1953691818922476
