Model: GRU
MSE: 7.3468485244796575
MAE: 2.084488169900302
EVS: 0.4816365954796098
