Model: GRU
MSE: 13.78354106334109
MAE: 2.9564596209032783
EVS: 0.02826957441864497
