Model: GRU
MSE: 5.9726515365808295
MAE: 1.768067429805624
EVS: 0.5980340524830405
