Model: GRU
MSE: 8.795790899214607
MAE: 2.195552686165119
EVS: 0.5619571917160706
