Model: GRU
MSE: 5.63668294293522
MAE: 1.74289163227739
EVS: 0.6023518715426128
