Model: GRU
MSE: 6.0461753055666465
MAE: 1.7820886907906368
EVS: 0.5886562540956276
