Model: GRU
MSE: 7.5928721114477575
MAE: 2.259308494370559
EVS: 0.5962060112814791
