Model: GRU
MSE: 8.527567135923446
MAE: 2.1134587320788154
EVS: 0.5762201532637223
