Model: GRU
MSE: 5.978712805747572
MAE: 1.8810818030916412
EVS: 0.5943456689758831
