Model: GRU
MSE: 5.864261272953109
MAE: 1.682824315695927
EVS: 0.5862491651881145
