Model: GRU
MSE: 7.008505826659263
MAE: 2.1381549013072045
EVS: 0.5900526361042582
