Model: GRU
MSE: 20.909940161282943
MAE: 3.869524495355014
EVS: -0.1536143288949665
