Model: GRU
MSE: 6.768992324298512
MAE: 1.897806480013091
EVS: 0.5224097208159895
