Model: GRU
MSE: 1099.283260172705
MAE: 32.75839165983529
EVS: -0.8466181142886162
