Model: GRU
MSE: 434.32402302697466
MAE: 20.377235198843067
EVS: -0.34714586779115963
