Model: GRU
MSE: 6.228559110059611
MAE: 1.8381244149701348
EVS: 0.5694009231347402
