Model: GRU
MSE: 6.484749832911505
MAE: 1.9390053749084473
EVS: 0.5609665182992668
