Model: GRU
MSE: 6.017484304556954
MAE: 1.9264467338035847
EVS: 0.6161095467853865
