Model: GRU
MSE: 5.767109425129739
MAE: 1.765351648988395
EVS: 0.614730132570561
