Model: GRU
MSE: 8.947422288853828
MAE: 2.2502009868621826
EVS: 0.5856345369443543
