Model: GRU
MSE: 7.388709262456363
MAE: 2.003259436837558
EVS: 0.47951184873027575
