Model: GRU
MSE: 5.714250221546386
MAE: 1.7590057109964305
EVS: 0.5995827224524664
