Model: GRU
MSE: 1996.8475610860082
MAE: 44.51057578777445
EVS: -0.10469566831403787
