Model: GRU
MSE: 7.65220124452789
MAE: 2.25882743555924
EVS: 0.6033020807240268
