Model: GRU
MSE: 6.037269681853088
MAE: 1.8297331086520492
EVS: 0.5740750093020355
