Model: GRU
MSE: 6.277533285255517
MAE: 1.9142535061671817
EVS: 0.5901996217927157
