Model: GRU
MSE: 6.776785550464771
MAE: 1.8514456420109189
EVS: 0.5418951235726506
