Model: GRU
MSE: 291.0150979665589
MAE: 16.628893492550684
EVS: -0.022761499316218847
