Model: GRU
MSE: 6.646773294551386
MAE: 1.8596060851524616
EVS: 0.6071192824990348
