Model: GRU
MSE: 5.6815033608143946
MAE: 1.7346621628465324
EVS: 0.6003749963965088
