Model: GRU
MSE: 7.062016905003898
MAE: 1.9737920596681793
EVS: 0.6254827812781579
