Model: GRU
MSE: 428.65557877366086
MAE: 20.247705944653216
EVS: -0.31847566866898847
