Model: GRU
MSE: 5.971575247489176
MAE: 1.8199920900936783
EVS: 0.5834813161985173
