Model: GRU
MSE: 6.848715886965551
MAE: 1.8998605300640237
EVS: 0.6030159934690191
