Model: GRU
MSE: 7.269030687151685
MAE: 1.9219988625625084
EVS: 0.4948512517186682
