Model: GRU
MSE: 7.058735519045987
MAE: 2.170161847410531
EVS: 0.5936508541705785
