Model: GRU
MSE: 8.037460992902778
MAE: 2.2840169544877678
EVS: 0.57470446153674
