Model: GRU
MSE: 5.953517587709798
MAE: 1.7863044574342926
EVS: 0.5799225774425747
