Model: GRU
MSE: 5.842071725992613
MAE: 1.8345445600049248
EVS: 0.6102673892001577
