Model: GRU
MSE: 5.980280855151807
MAE: 1.7945534278606545
EVS: 0.5831035476198385
