Model: GRU
MSE: 7.046854536800816
MAE: 2.1264984114416716
EVS: 0.5788322379203632
