Model: GRU
MSE: 9.651715681411293
MAE: 2.6761457262368036
EVS: 0.5704892323883842
