Model: GRU
MSE: 6.797850243521256
MAE: 1.8941531839041874
EVS: 0.5556463380952377
