Model: GRU
MSE: 7.193866969238484
MAE: 2.1497688129030426
EVS: 0.5924370327671473
