Model: GRU
MSE: 7.62439852468049
MAE: 1.9761580763192013
EVS: 0.5651533689456553
