Model: GRU
MSE: 8.172256858629387
MAE: 2.343866327713276
EVS: 0.573168311951278
