Model: GRU
MSE: 5.75591241679486
MAE: 1.7130448242713665
EVS: 0.6003369563947992
