Model: GRU
MSE: 309.72357864756617
MAE: 17.133644223213196
EVS: -0.14037132388724882
