Model: GRU
MSE: 6.5225904439143525
MAE: 1.9066675695879707
EVS: 0.5404512206433754
