Model: GRU
MSE: 306.26646026288205
MAE: 17.018553195328547
EVS: -0.17378081415810787
