Model: GRU
MSE: 6.924388620900262
MAE: 2.1240182662832328
EVS: 0.6116951009972027
