Model: GRU
MSE: 5.7556456913461425
MAE: 1.829304604694761
EVS: 0.5949858654579482
