Model: GRU
MSE: 6.243773267140404
MAE: 1.7616393648344895
EVS: 0.5628829645977347
