Model: GRU
MSE: 6.023013815794147
MAE: 1.7892753913484771
EVS: 0.5997301492720183
