Model: GRU
MSE: 6.7486751029684875
MAE: 1.8612600112783497
EVS: 0.5464394374619145
