Model: GRU
MSE: 4006.299176597207
MAE: 63.12873472016433
EVS: -0.48612858302052886
