Model: GRU
MSE: 15.734770335345083
MAE: 3.4687394027052254
EVS: 0.5711361638593533
