Model: GRU
MSE: 7.001947529770468
MAE: 2.092418308915763
EVS: 0.5749287352519377
