Model: GRU
MSE: 6.779926411588964
MAE: 2.071835460333989
EVS: 0.5847046339318748
