Model: GRU
MSE: 7.012675422657108
MAE: 2.1306442556710077
EVS: 0.6368158080602558
