Model: GRU
MSE: 7.507892305623139
MAE: 2.25161965139981
EVS: 0.6097935555711844
