Model: GRU
MSE: 10.460913581354596
MAE: 2.4505854475087134
EVS: 0.5044500949168588
