Model: GRU
MSE: 15.444693645350808
MAE: 3.283050241141484
EVS: 0.6032895516592163
