Model: GRU
MSE: 293.6291929209159
MAE: 16.67261455798971
EVS: -0.1044778222071463
