Model: GRU
MSE: 11.991992419434359
MAE: 3.0244096558669518
EVS: 0.5935984856809193
