Model: GRU
MSE: 403.7039749601826
MAE: 19.652629441228406
EVS: -0.23325011964089248
