Model: GRU
MSE: 6.203715188422287
MAE: 1.7660515472806733
EVS: 0.5709225030204927
