Model: GRU
MSE: 5.896867813310725
MAE: 1.821897449164555
EVS: 0.5946871197559728
