Model: GRU
MSE: 19.787563985859567
MAE: 3.7901411385371766
EVS: 0.0
