Model: GRU
MSE: 6.538966930686848
MAE: 1.844364856851512
EVS: 0.5786977170868364
