Model: GRU
MSE: 7.483744698327866
MAE: 2.1724862394661737
EVS: 0.5350557238722176
