Model: GRU
MSE: 7.908373552203459
MAE: 2.3623737220106453
EVS: 0.6173763495390951
