Model: GRU
MSE: 8.855900414607689
MAE: 2.426668241106231
EVS: 0.5652051184475053
