Model: GRU
MSE: 14.133750447080791
MAE: 2.9803503135154985
EVS: 0.0028870063658820166
