Model: GRU
MSE: 11.99107238393797
MAE: 3.034938162770765
EVS: 0.565275888134912
