Model: GRU
MSE: 428.4360693482715
MAE: 20.3127504052787
EVS: -0.11683447521294688
