Model: GRU
MSE: 5.418676730510482
MAE: 1.7296279422168075
EVS: 0.6179149570536477
