Model: GRU
MSE: 290.25255002083867
MAE: 16.556928848398144
EVS: -0.13746729140555125
