Model: GRU
MSE: 8.352333147457573
MAE: 2.3384102459611564
EVS: 0.5706309416663159
