Model: GRU
MSE: 5.934809671014434
MAE: 1.794274560336409
EVS: 0.5860061278858582
