Model: GRU
MSE: 5.51715281569521
MAE: 1.7176089615657413
EVS: 0.6107665818025332
