Model: GRU
MSE: 7.201892272199735
MAE: 2.1224481114025773
EVS: 0.6000224692406495
