Model: GRU
MSE: 7.1308983282723295
MAE: 1.9565778025265397
EVS: 0.5572504441650146
