Model: GRU
MSE: 14.65658437204748
MAE: 3.119969598178206
EVS: 0.0
