Model: GRU
MSE: 12.664880299749809
MAE: 3.093027402614725
EVS: 0.5582802563361543
