Model: GRU
MSE: 9854.230412281318
MAE: 99.1984363424367
EVS: 0.019176288543119036
