Model: GRU
MSE: 8.569957322495352
MAE: 2.4242930905572297
EVS: 0.5565676154526571
