Model: GRU
MSE: 327.07477509555054
MAE: 17.640014331916284
EVS: -0.12222728587547804
