Model: GRU
MSE: 5.953004745405404
MAE: 1.743428345384269
EVS: 0.6060775490420323
