Model: GRU
MSE: 343.7189606202254
MAE: 18.131421035733716
EVS: -0.0563148990515181
