Model: GRU
MSE: 6.33108424668789
MAE: 1.7959916016151165
EVS: 0.5834401836557304
