Model: GRU
MSE: 8.46477970784642
MAE: 2.415457881730178
EVS: 0.5932280594916046
