Model: GRU
MSE: 9.231865110565465
MAE: 2.5803737558167557
EVS: 0.5789318782596111
