Model: GRU
MSE: 5.377338406366162
MAE: 1.6660183215963429
EVS: 0.6219628819762494
