Model: GRU
MSE: 6.475700715291659
MAE: 1.862927823231138
EVS: 0.5505647519259732
