Model: GRU
MSE: 7.873723735329209
MAE: 2.315226509653289
EVS: 0.5905968410092943
