Model: GRU
MSE: 9.245555315097143
MAE: 2.5892755080913674
EVS: 0.598682992278932
