Model: GRU
MSE: 7.498451608690269
MAE: 2.1781632489171523
EVS: 0.5215269285533457
