Model: GRU
MSE: 5.8005132730173266
MAE: 1.798500574868301
EVS: 0.5995784233524539
