Model: GRU
MSE: 7.400438897601742
MAE: 1.997728471098275
EVS: 0.6019803199562301
