Model: GRU
MSE: 6.2077253805098715
MAE: 1.8679628618832291
EVS: 0.5673091909745059
