Model: GRU
MSE: 6.844521790122094
MAE: 2.078754519594127
EVS: 0.5818161348550539
