Model: GRU
MSE: 14.197185474440682
MAE: 3.234100366460866
EVS: 0.5444607789328479
