Model: GRU
MSE: 6.645125037324827
MAE: 2.006042538018062
EVS: 0.557691964998126
