Model: GRU
MSE: 362.998068198124
MAE: 18.625449176492364
EVS: -0.13535431627419348
