Model: GRU
MSE: 10.49693622198558
MAE: 2.7665955732608665
EVS: 0.5758989616729031
