Model: GRU
MSE: 10.102187160638024
MAE: 2.685065877848658
EVS: 0.5576663301585365
