Model: GRU
MSE: 6.806590363225433
MAE: 2.1093690970848344
EVS: 0.6154243941412353
