Model: GRU
MSE: 4363.386872260951
MAE: 65.91696430074758
EVS: -0.2941119207122178
