Model: GRU
MSE: 7.4683725739245626
MAE: 2.2168690747228164
EVS: 0.5908894112536817
