Model: GRU
MSE: 5.582891840891648
MAE: 1.721306611751688
EVS: 0.6080251029054153
