Model: GRU
MSE: 7.158639716772278
MAE: 1.9676730139502163
EVS: 0.6137801494798664
