Model: GRU
MSE: 8.499286635854553
MAE: 2.3741946713677766
EVS: 0.5585064907695456
