Model: GRU
MSE: 303.42149907638895
MAE: 16.975415087979414
EVS: -0.076512575057186
