Model: GRU
MSE: 9.483461824975276
MAE: 2.575386984594937
EVS: 0.5590143602482047
