Model: GRU
MSE: 6.135201782387856
MAE: 1.8410497657183944
EVS: 0.5800663928939395
