Model: GRU
MSE: 6.073425309208685
MAE: 1.8863322447086204
EVS: 0.6033018888859389
