Model: GRU
MSE: 7.219284600886806
MAE: 2.150649374928968
EVS: 0.5637362954999465
