Model: GRU
MSE: 6.800299332823533
MAE: 2.0601304070702913
EVS: 0.579210501228796
