Model: GRU
MSE: 9.610262512341286
MAE: 2.630593850694854
EVS: 0.5857584928445434
