Model: GRU
MSE: 6.019536263636822
MAE: 1.7942574887440121
EVS: 0.5777556357117282
