Model: GRU
MSE: 16.34019774517702
MAE: 3.5850647564592033
EVS: 0.5672168464030323
