Model: GRU
MSE: 5.749456949875938
MAE: 1.739509368764943
EVS: 0.5964855262441318
