Model: GRU
MSE: 10.564506698828236
MAE: 2.772619843482971
EVS: 0.5810718659454024
