Model: GRU
MSE: 6.326837197927991
MAE: 1.7799542196865739
EVS: 0.5889703237483686
