Model: GRU
MSE: 6.922563041518405
MAE: 1.9191585244803593
EVS: 0.6096900099738094
