Model: GRU
MSE: 7.4636807102164395
MAE: 2.2506515650913634
EVS: 0.5890930574399864
