Model: GRU
MSE: 7.145741276302143
MAE: 2.1487799841782143
EVS: 0.5664176637903441
