Model: GRU
MSE: 8.228870539736096
MAE: 2.3578688522865034
EVS: 0.5601592985877999
