Model: GRU
MSE: 6.165400023953511
MAE: 1.7857260950680436
EVS: 0.5781249669535653
