Model: GRU
MSE: 5.504258287312191
MAE: 1.7715328602955258
EVS: 0.6159265885712188
