Model: GRU
MSE: 7.634706711528715
MAE: 2.3113411295002906
EVS: 0.610118308060871
