Model: GRU
MSE: 8.214991816621415
MAE: 2.197426434220939
EVS: 0.5780161003915467
