Model: GRU
MSE: 7.590852640986464
MAE: 2.2412733702824035
EVS: 0.588223102896886
