Model: GRU
MSE: 6.0743845799054705
MAE: 1.877639416990609
EVS: 0.5949142774229577
