Model: GRU
MSE: 5.659298098031494
MAE: 1.7273623121195827
EVS: 0.6088294882386742
