Model: GRU
MSE: 6.458637286601045
MAE: 1.921463078465955
EVS: 0.57157843895167
