Model: GRU
MSE: 6.227538600655909
MAE: 1.8296689493902798
EVS: 0.5615647086242364
