Model: GRU
MSE: 8.83353496879482
MAE: 2.5198865265681825
EVS: 0.6100730985104887
