Model: GRU
MSE: 6.80978274447301
MAE: 2.083408363934221
EVS: 0.5777457642058156
