Model: GRU
MSE: 6.09976214244986
MAE: 1.9527707963154233
EVS: 0.6136466847727812
