Model: GRU
MSE: 8.316480784412056
MAE: 2.3856565870087723
EVS: 0.5653389428569219
