Model: GRU
MSE: 5.675174370194029
MAE: 1.6959240847620471
EVS: 0.630928335837845
