Model: GRU
MSE: 9.706177787062721
MAE: 2.662433229643723
EVS: 0.5942023784927881
