Model: GRU
MSE: 327.22321982044184
MAE: 17.68509368238778
EVS: -0.020340040639124757
