Model: GRU
MSE: 541.1997371608603
MAE: 22.95072805470434
EVS: -0.020561432302091065
