Model: GRU
MSE: 6.353327045973213
MAE: 1.941746892600224
EVS: 0.5889454000507393
