Model: GRU
MSE: 6.047093957217542
MAE: 1.7603358071425865
EVS: 0.5750858612366108
