Model: GRU
MSE: 5.629109381405673
MAE: 1.7096048305774558
EVS: 0.6070558533799688
