Model: GRU
MSE: 8.131246026980225
MAE: 2.163697020760898
EVS: 0.5525721125141777
