Model: GRU
MSE: 8.839015307292136
MAE: 2.5147568604041792
EVS: 0.5585795001685298
