Model: GRU
MSE: 12.012116977624594
MAE: 2.696906961243728
EVS: 0.1669997174150193
