Model: GRU
MSE: 10.7140152516101
MAE: 2.8240266462852217
EVS: 0.5868549810184323
