Model: GRU
MSE: 6.217027083666855
MAE: 1.960451759141067
EVS: 0.6186709086818132
