Model: GRU
MSE: 5.955071468800788
MAE: 1.839888095855713
EVS: 0.5852390250987121
