Model: GRU
MSE: 7.376133109324577
MAE: 2.165583791403935
EVS: 0.572354788186834
