Model: GRU
MSE: 6.182834609648467
MAE: 1.9479201292169506
EVS: 0.5997865130920068
