Model: GRU
MSE: 9.470970760223677
MAE: 2.5922341428954025
EVS: 0.532617612764891
