Model: GRU
MSE: 6.624794306829542
MAE: 2.078906503216974
EVS: 0.5770148558884842
