Model: GRU
MSE: 14.635476815569525
MAE: 2.94364935776283
EVS: 0.03164154430561572
