Model: GRU
MSE: 10.6665916786692
MAE: 2.7315740420900543
EVS: 0.5601094769497152
