Model: GRU
MSE: 6.0562895678770134
MAE: 1.9139943040650467
EVS: 0.5940124821150012
