Model: GRU
MSE: 11.982871976274902
MAE: 2.6885313001172295
EVS: 0.2914194385285255
