Model: GRU
MSE: 6.163724527042726
MAE: 1.8100034943942367
EVS: 0.5804845026525067
