Model: GRU
MSE: 5.985558641293528
MAE: 1.8296146310608963
EVS: 0.584556075618528
