Model: GRU
MSE: 8.983130207145383
MAE: 2.555646230434549
EVS: 0.6013212937846517
