Model: GRU
MSE: 13.179785680925777
MAE: 2.8908931469095163
EVS: 0.08090375904489
