Model: GRU
MSE: 13.504684947546343
MAE: 3.207130662326155
EVS: 0.5512868160912898
