Model: GRU
MSE: 14.671529218515044
MAE: 2.956464405717521
EVS: 0.028266737237922834
