Model: GRU
MSE: 6.691922343660265
MAE: 2.0410999100783775
EVS: 0.6073938952234543
