Model: GRU
MSE: 5.661955954047672
MAE: 1.6944638161823666
EVS: 0.6015304289933734
