Model: GRU
MSE: 6.303453666446319
MAE: 1.8199122938616523
EVS: 0.5684799304974885
