Model: GRU
MSE: 6.953490116051626
MAE: 2.1210540574172447
EVS: 0.5823383813075802
