Model: GRU
MSE: 351.8308317417592
MAE: 18.321039758879564
EVS: -0.14097246463282476
