Model: GRU
MSE: 9.711513436313563
MAE: 2.5853713791945885
EVS: 0.5313200542531382
