Model: GRU
MSE: 24.560871590630274
MAE: 4.284108556550125
EVS: 0.0
