Model: GRU
MSE: 296.1800875382236
MAE: 16.74512137215713
EVS: -0.11350105919355502
