Model: GRU
MSE: 311.80865377631346
MAE: 17.20643415533263
EVS: -0.11112176545247898
