Model: GRU
MSE: 10.514858460397113
MAE: 2.590010643005371
EVS: 0.4466226040158314
