Model: GRU
MSE: 5.468292980651427
MAE: 1.7161412650141223
EVS: 0.6148602911054647
