Model: GRU
MSE: 16.31085107942857
MAE: 3.541273289713366
EVS: 0.5167203053176848
