Model: GRU
MSE: 19.26361148601891
MAE: 3.748310615276468
EVS: 0.098305692485948
