Model: GRU
MSE: 6.275741416977801
MAE: 1.945885366406934
EVS: 0.5928590691377581
