Model: GRU
MSE: 7.18741317295693
MAE: 1.973882847818835
EVS: 0.5849024983612241
