Model: GRU
MSE: 5.545696769443626
MAE: 1.7577656178638852
EVS: 0.6091942635244438
