Model: GRU
MSE: 6.397965766525376
MAE: 1.960046801073798
EVS: 0.5760098262454755
