Model: GRU
MSE: 5.991864274163351
MAE: 1.8434107550259293
EVS: 0.5814863106749217
