Model: GRU
MSE: 7.816583159517575
MAE: 2.0507198037772345
EVS: 0.5621447074861052
