Model: GRU
MSE: 10.390218218027657
MAE: 2.724179563851192
EVS: 0.5725729069006265
