Model: GRU
MSE: 5.998500552091223
MAE: 1.7743062561955945
EVS: 0.5775125745116036
