Model: GRU
MSE: 6.05695907906814
MAE: 1.7659031193831871
EVS: 0.587928428401722
