Model: GRU
MSE: 6.2778772042533255
MAE: 1.829306462715412
EVS: 0.5648057552854299
