Model: GRU
MSE: 7.538863993195625
MAE: 2.2726251955690056
EVS: 0.6260030052814147
