Model: GRU
MSE: 6.1455884435877595
MAE: 1.913046014719996
EVS: 0.6049219518678628
