Model: GRU
MSE: 9.060990014959115
MAE: 2.5469019084141173
EVS: 0.5934609384909997
