Model: GRU
MSE: 9.245308569252925
MAE: 2.6047274901949127
EVS: 0.6003937236529799
