Model: GRU
MSE: 7.484013686188114
MAE: 1.947945504352964
EVS: 0.5852842764509839
