Model: GRU
MSE: 307.3864864553084
MAE: 17.076229732612084
EVS: -0.11405613785046076
