Model: GRU
MSE: 7.09780193127525
MAE: 2.175151985267113
EVS: 0.5916117372104015
