Model: GRU
MSE: 8.57495699521664
MAE: 2.437309347350022
EVS: 0.5941848961011327
