Model: GRU
MSE: 6.417496655386466
MAE: 1.9448264549518455
EVS: 0.5827610384182647
