Model: GRU
MSE: 6.1300235775083545
MAE: 1.8831511448169578
EVS: 0.5936253860290318
