Model: GRU
MSE: 6.967258395614486
MAE: 2.098911433384336
EVS: 0.5790529323622267
