Model: GRU
MSE: 5.558025579997618
MAE: 1.7513266267447636
EVS: 0.6080606503127328
