Model: GRU
MSE: 5.982178257328244
MAE: 1.8324015387173356
EVS: 0.5820987389366976
