Model: GRU
MSE: 6.029553940522607
MAE: 1.7352063409213363
EVS: 0.5836642630167613
