Model: GRU
MSE: 5.757000004388268
MAE: 1.8719096430416764
EVS: 0.5938221349377586
