Model: GRU
MSE: 6.015147284066225
MAE: 1.8819538026020444
EVS: 0.6029517306175338
