Model: GRU
MSE: 8.481904665727136
MAE: 2.4482276562986702
EVS: 0.5989413494778829
