Model: GRU
MSE: 295.60865031744237
MAE: 16.73134373590864
EVS: -0.10572463781284336
