Model: GRU
MSE: 338.0308836062515
MAE: 17.92866271939771
EVS: -0.17086171364860903
