Model: GRU
MSE: 8.714741641172395
MAE: 2.445685830609552
EVS: 0.5630284588269443
