Model: GRU
MSE: 9.001466748960697
MAE: 2.5322861918087662
EVS: 0.5628188670542492
