Model: GRU
MSE: 6.82714533819007
MAE: 2.0855652957127013
EVS: 0.6289599121670062
