Model: GRU
MSE: 6.322134039451193
MAE: 1.8151780408004234
EVS: 0.5698118884496591
