Model: GRU
MSE: 5.207094189851091
MAE: 1.6360814078100796
EVS: 0.6336411620497306
