Model: GRU
MSE: 6.519546085984546
MAE: 2.0281269468110183
EVS: 0.6032797055941794
