Model: GRU
MSE: 7.774394600353048
MAE: 2.2838508589514372
EVS: 0.5822553249856044
