Model: GRU
MSE: 334.27432256569597
MAE: 17.885744012635328
EVS: -0.014257972567121246
