Model: GRU
MSE: 7.277624895207223
MAE: 2.208069710895933
EVS: 0.5817535434829801
