Model: GRU
MSE: 6.123940652187183
MAE: 1.7752208545290191
EVS: 0.6005947379862719
