Model: GRU
MSE: 13.22734964458961
MAE: 3.002424881376069
EVS: 0.12068917481850616
