Model: GRU
MSE: 14.281454519672291
MAE: 2.9278601284684806
EVS: 0.053438615909968123
