Model: GRU
MSE: 6.239581062002755
MAE: 1.7969979335521828
EVS: 0.5803098413372826
