Model: GRU
MSE: 352.4689439018943
MAE: 18.348423279564955
EVS: -0.11514575332987542
