Model: GRU
MSE: 5.9105133594081005
MAE: 1.8412967714770088
EVS: 0.6130891251625229
