Model: GRU
MSE: 5.613024036540964
MAE: 1.679940626539033
EVS: 0.604022791331668
