Model: GRU
MSE: 6.394364617485241
MAE: 1.857683066664071
EVS: 0.550384791649655
