Model: GRU
MSE: 5.659161440651889
MAE: 1.7125717771464382
EVS: 0.6081019482824374
