Model: GRU
MSE: 7.9607866635852345
MAE: 2.3079409845944108
EVS: 0.5675103939239166
