Model: GRU
MSE: 16.571760950906725
MAE: 3.399579015271417
EVS: 0.0
