Model: GRU
MSE: 6.400819203473714
MAE: 1.9489625980114114
EVS: 0.5701567671592367
