Model: GRU
MSE: 2323.522963558501
MAE: 48.06576334196946
EVS: 0.06823508648104126
