Model: GRU
MSE: 7.707084792738905
MAE: 2.2639919971597604
EVS: 0.5854428724011161
