Model: GRU
MSE: 5.440373773490905
MAE: 1.7151736062148522
EVS: 0.6167182563337696
