Model: GRU
MSE: 6.24328028507933
MAE: 1.835885845381638
EVS: 0.5692303380664495
