Model: GRU
MSE: 6.097392152906847
MAE: 1.812940971604709
EVS: 0.573266217504531
