Model: GRU
MSE: 12.970579748331547
MAE: 3.0546198095594135
EVS: 0.6387709062724916
