Model: GRU
MSE: 6.065885198484105
MAE: 1.7801075146116059
EVS: 0.5900746189323645
