Model: GRU
MSE: 9.123781652492626
MAE: 2.5309134105156206
EVS: 0.5534275670511327
