Model: GRU
MSE: 9.48381850512608
MAE: 2.2593511548535576
EVS: 0.34195781319888574
