Model: GRU
MSE: 18.8717922930684
MAE: 3.7763151958070953
EVS: 0.44534155123202623
