Model: GRU
MSE: 6.5814604308909015
MAE: 1.949235044676682
EVS: 0.5615713342020241
