Model: GRU
MSE: 5.61640578984485
MAE: 1.825670604048104
EVS: 0.6252532050868979
