Model: GRU
MSE: 7.838377072742113
MAE: 2.240895205530627
EVS: 0.5872640757727228
