Model: GRU
MSE: 8.676001896625767
MAE: 2.370152530999019
EVS: 0.48006661433829856
