Model: GRU
MSE: 6.846007506239669
MAE: 2.127642571926117
EVS: 0.603162720857287
