Model: GRU
MSE: 14.120778214268316
MAE: 3.2465152740478516
EVS: 0.533808339337158
