Model: GRU
MSE: 5.6676941650687676
MAE: 1.7520108634027942
EVS: 0.6024519906974817
