Model: GRU
MSE: 391.15997015731085
MAE: 19.34960750875802
EVS: -0.18206112655829698
