Model: GRU
MSE: 8.466606880650476
MAE: 2.3543117210782807
EVS: 0.559992325258194
