Model: GRU
MSE: 8.743860179758956
MAE: 2.326967370921168
EVS: 0.4047246908065276
