Model: GRU
MSE: 6.384659865441888
MAE: 1.971946691644603
EVS: 0.5979073828625557
