Model: GRU
MSE: 14.106547270524123
MAE: 3.0792422130190094
EVS: 0.05733510363831784
