Model: GRU
MSE: 5.7168799315688
MAE: 1.827765259249457
EVS: 0.6002127051934705
