Model: GRU
MSE: 16.49081536378993
MAE: 3.4475102589048188
EVS: 0.11451366131963725
