Model: GRU
MSE: 11.00147549772969
MAE: 2.816176118521855
EVS: 0.5362175844225026
