Model: GRU
MSE: 6.05061694940439
MAE: 1.8966402925294021
EVS: 0.5997677979263221
