Model: GRU
MSE: 16.06502132622496
MAE: 3.573849028554456
EVS: 0.5635405358400922
