Model: GRU
MSE: 6.816076134376847
MAE: 2.0999082984595465
EVS: 0.5834989219730642
