Model: GRU
MSE: 6.915282781777156
MAE: 2.070801011447249
EVS: 0.5666790812419746
