Model: GRU
MSE: 9.33491883725983
MAE: 2.6108661602283347
EVS: 0.5746205891742624
