Model: GRU
MSE: 6.122681519173323
MAE: 1.8388739783188393
EVS: 0.5685542007159186
