Model: GRU
MSE: 6.000333994985356
MAE: 1.8773638133344979
EVS: 0.5962445673955696
