Model: GRU
MSE: 8.721515430629406
MAE: 2.4893922887999436
EVS: 0.6222652986498936
