Model: GRU
MSE: 6.738386713921061
MAE: 1.982899863144447
EVS: 0.5726054765702044
