Model: GRU
MSE: 6.000344850903573
MAE: 1.8641382907998973
EVS: 0.599615167100694
