Model: GRU
MSE: 6.261620278346195
MAE: 1.8733383992622639
EVS: 0.5645030249389853
