Model: GRU
MSE: 9.062390859472407
MAE: 2.553839757524688
EVS: 0.5896404801176834
