Model: GRU
MSE: 12.93019354650317
MAE: 2.7531912409026047
EVS: 0.14820942421083094
