Model: GRU
MSE: 7.0126376749136465
MAE: 1.9536563737051829
EVS: 0.6570760770709814
