Model: GRU
MSE: 5.71367846339931
MAE: 1.773801039005148
EVS: 0.596986964704883
