Model: GRU
MSE: 9.45713810382746
MAE: 2.5876402114999704
EVS: 0.5604303387177569
