Model: GRU
MSE: 5.621826910147778
MAE: 1.7978105956110462
EVS: 0.6187338538269167
