Model: GRU
MSE: 8.752124916504476
MAE: 2.123951221334523
EVS: 0.536178912973587
