Model: GRU
MSE: 14.647446479653997
MAE: 3.118832094915982
EVS: 0.0
