Model: GRU
MSE: 15.553338937311466
MAE: 3.277721339258654
EVS: 0.020738207642066575
