Model: GRU
MSE: 6.087140763672327
MAE: 1.800211684457187
EVS: 0.5956390700806538
