Model: GRU
MSE: 6.723651747197844
MAE: 1.8385672733701508
EVS: 0.5632616411470938
