Model: GRU
MSE: 7.355160129176982
MAE: 1.9926723940619107
EVS: 0.5805392582656561
