Model: GRU
MSE: 8.40449662135143
MAE: 2.3868619902380583
EVS: 0.6047078644375836
