Model: GRU
MSE: 5.956192595503239
MAE: 1.7564812117609485
EVS: 0.5828681085640436
