Model: GRU
MSE: 10.605604566549385
MAE: 2.8076502372478616
EVS: 0.5820888092541687
