Model: GRU
MSE: 5.842530965036045
MAE: 1.785680787316684
EVS: 0.6050203442818289
