Model: GRU
MSE: 7.370439152571538
MAE: 2.1723706270086356
EVS: 0.6010080980668168
