Model: GRU
MSE: 6.545090985938185
MAE: 2.0072170907053453
EVS: 0.5848250010193015
