Model: GRU
MSE: 6.928067462317327
MAE: 2.109809891930942
EVS: 0.597335642570141
