Model: GRU
MSE: 14.178240893126686
MAE: 3.3569617353636643
EVS: 0.5990616754771916
