Model: GRU
MSE: 7.429893841163565
MAE: 2.1973638205692687
EVS: 0.5963778794569766
