Model: GRU
MSE: 5.5705911902180185
MAE: 1.8150662224868248
EVS: 0.6136133219199231
