Model: GRU
MSE: 5.570394086709999
MAE: 1.731797353974704
EVS: 0.609417948077575
