Model: GRU
MSE: 5.818811879636969
MAE: 1.7125962767107734
EVS: 0.6029259872202524
