Model: GRU
MSE: 6.8633970417269765
MAE: 2.0559663361516494
EVS: 0.5699904504683255
