Model: GRU
MSE: 5.993730039272126
MAE: 1.8814862925430824
EVS: 0.6091634238511558
