Model: GRU
MSE: 6.329628365413539
MAE: 1.8660940137402764
EVS: 0.5562433114700187
