Model: GRU
MSE: 10.00504504133814
MAE: 2.671513853401973
EVS: 0.5993578653139777
