Model: GRU
MSE: 7.639627608877006
MAE: 2.090467025493753
EVS: 0.5778758799665717
