Model: GRU
MSE: 9.219417717051583
MAE: 2.5481973434316703
EVS: 0.5934807237809699
