Model: GRU
MSE: 8.597211776810692
MAE: 2.403319605465593
EVS: 0.5685548960695641
