Model: GRU
MSE: 5.849941875138378
MAE: 1.747477046374617
EVS: 0.5966088830570571
