Model: GRU
MSE: 14.028067556649086
MAE: 3.154359324225064
EVS: 0.23844673561215401
