Model: GRU
MSE: 5.999418264946618
MAE: 1.7816161369455272
EVS: 0.5991989325576202
