Model: GRU
MSE: 10.696522705544888
MAE: 2.5667707344581343
EVS: 0.5982184852115608
