Model: GRU
MSE: 6.1151567624465475
MAE: 1.9052332680800865
EVS: 0.6121104444366208
