Model: GRU
MSE: 11.944783640784047
MAE: 2.9372958972536285
EVS: 0.5382846534183967
