Model: GRU
MSE: 16.46235097887158
MAE: 3.595564061197741
EVS: 0.5844824889613454
