Model: GRU
MSE: 20.613996938758927
MAE: 3.867022678769868
EVS: 0.03639921186707795
