Model: GRU
MSE: 14.190517378767579
MAE: 3.2838453999881088
EVS: 0.56154610881442
