Model: GRU
MSE: 9.750493104624391
MAE: 2.388400414894367
EVS: 0.5984524740877266
