Model: GRU
MSE: 5.816915459627255
MAE: 1.7417632546918145
EVS: 0.5930278036584656
