Model: GRU
MSE: 5.641120689701415
MAE: 1.768108137722673
EVS: 0.6152632054597964
