Model: GRU
MSE: 5.911139253827977
MAE: 1.7254845191692483
EVS: 0.5829218027141416
