Model: GRU
MSE: 6.3031151927899405
MAE: 1.9334368541322906
EVS: 0.5913762873766159
