Model: GRU
MSE: 7.378252250789358
MAE: 2.1867786271231515
EVS: 0.6420516839259115
