Model: GRU
MSE: 6.820597020054316
MAE: 2.047377824783325
EVS: 0.5723679513263051
