Model: GRU
MSE: 6.455540113495054
MAE: 1.9910372454544594
EVS: 0.5865828138044331
