Model: GRU
MSE: 10.217673074048717
MAE: 2.752621453383873
EVS: 0.5844666142431663
