Model: GRU
MSE: 6.139704332628048
MAE: 1.8469321645539383
EVS: 0.578575276054301
