Model: GRU
MSE: 15.665346221034806
MAE: 3.510023470582633
EVS: 0.5767441608660675
