Model: GRU
MSE: 7.375578853083207
MAE: 2.2036099063939063
EVS: 0.5776505474166755
