Model: GRU
MSE: 7.8708715456885425
MAE: 2.2270699698349525
EVS: 0.5314275544583298
