Model: GRU
MSE: 13.088868449708476
MAE: 2.9225174805213667
EVS: 0.07657995098723935
