Model: GRU
MSE: 322.95664624202914
MAE: 17.539108321584504
EVS: -0.08212515875151905
