Model: GRU
MSE: 5.3784156680766975
MAE: 1.7538797197670772
EVS: 0.6259850178167083
