Model: GRU
MSE: 7.3592091728385105
MAE: 1.9773582754463985
EVS: 0.5396902569599575
