Model: GRU
MSE: 7.2850792871898955
MAE: 2.1993567779146392
EVS: 0.6023100234013143
