Model: GRU
MSE: 5.98632359912044
MAE: 1.84484994000402
EVS: 0.5900320550192775
