Model: GRU
MSE: 6.143755872240447
MAE: 1.7737875395807727
EVS: 0.6177992833210229
