Model: GRU
MSE: 5.462803661521838
MAE: 1.6879735650687382
EVS: 0.6160144023231352
