Model: GRU
MSE: 6.105131655001224
MAE: 1.9071870179011905
EVS: 0.5953145017167272
