Model: GRU
MSE: 9.568228745760734
MAE: 2.5740816346530258
EVS: 0.564177887820855
