Model: GRU
MSE: 5.81904509000352
MAE: 1.7900063662693417
EVS: 0.5923980964552416
