Model: GRU
MSE: 5.918450387933878
MAE: 1.6869232818998139
EVS: 0.5884678756017326
