Model: GRU
MSE: 6.406542969246265
MAE: 1.9436514377593994
EVS: 0.5769085154953566
