Model: GRU
MSE: 5.545493496644551
MAE: 1.8000496954753482
EVS: 0.6269811936595431
