Model: GRU
MSE: 5.993483318928301
MAE: 1.762806489549834
EVS: 0.6043928580436237
