Model: GRU
MSE: 6.190890838238124
MAE: 1.8071782013465618
EVS: 0.5936828118002118
