Model: GRU
MSE: 11.101497920114122
MAE: 2.890530282053454
EVS: 0.6070341277250894
