Model: GRU
MSE: 8.202444048387633
MAE: 2.3712711005375304
EVS: 0.5645364471974852
