Model: GRU
MSE: 6.782438323538376
MAE: 1.9200377053227917
EVS: 0.6033197879989496
