Model: GRU
MSE: 5.824402435078982
MAE: 1.8453125295967892
EVS: 0.5953302590846312
