Model: GRU
MSE: 6.3365768490598855
MAE: 1.7464474974007442
EVS: 0.5833452556949956
