Model: GRU
MSE: 7.271095406956933
MAE: 1.9751191057007889
EVS: 0.5998149708909633
