Model: GRU
MSE: 8.973679348294127
MAE: 2.539931457618187
EVS: 0.5934941631559828
