Model: GRU
MSE: 7.232480453926796
MAE: 2.1850399313301874
EVS: 0.5365104627726405
