Model: GRU
MSE: 8.87480976277391
MAE: 2.1996473937199035
EVS: 0.5742153341941065
