Model: GRU
MSE: 6.547897398828374
MAE: 1.8938230563854348
EVS: 0.5563308145893029
