Model: GRU
MSE: 6.407722096166253
MAE: 1.805818459083294
EVS: 0.5852258106101682
