Model: GRU
MSE: 6.021263826810515
MAE: 1.760804217437218
EVS: 0.5842467357488723
