Model: GRU
MSE: 2295.2593150169464
MAE: 47.68486414284542
EVS: -0.5108962388426559
