Model: GRU
MSE: 6.528585651220981
MAE: 1.9731184367475838
EVS: 0.5869979272224068
