Model: GRU
MSE: 6.172411633515778
MAE: 1.965193773138112
EVS: 0.6154859630028011
