Model: GRU
MSE: 9.93684075976032
MAE: 2.629989640466098
EVS: 0.5760147062337175
