Model: GRU
MSE: 11.63037666903679
MAE: 2.959315694611648
EVS: 0.5746386780282051
