Model: GRU
MSE: 6.608137922355601
MAE: 1.966711923993867
EVS: 0.5928273612337234
