Model: GRU
MSE: 6.23856911255815
MAE: 1.9658176159036571
EVS: 0.6219027864380255
