Model: GRU
MSE: 7.338338360036891
MAE: 1.9336339523052346
EVS: 0.5753831947707185
