Model: GRU
MSE: 9.84761968705239
MAE: 2.686101255745723
EVS: 0.5500963861115891
