Model: GRU
MSE: 5.889837577696798
MAE: 1.807646365001284
EVS: 0.5850102042102223
