Model: GRU
MSE: 7.733338962437584
MAE: 1.979845540276889
EVS: 0.5102706682851761
