Model: GRU
MSE: 7.593543252803454
MAE: 2.0671653254278777
EVS: 0.5701410124684939
