Model: GRU
MSE: 7.5803105943947
MAE: 2.2985678089076074
EVS: 0.6113603082375042
