Model: GRU
MSE: 8.94724568653044
MAE: 2.2053156721180884
EVS: 0.5613904091829799
