Model: GRU
MSE: 7.951693724390661
MAE: 2.28954148703608
EVS: 0.5886870700672429
