Model: GRU
MSE: 5.8788802257889206
MAE: 1.8828710112078437
EVS: 0.6104533073494907
