Model: GRU
MSE: 7.171840416902722
MAE: 2.134727173838122
EVS: 0.5909756820468027
