Model: GRU
MSE: 7.091505375250426
MAE: 2.1252134997269203
EVS: 0.5974998440331394
