Model: GRU
MSE: 6.676372048769959
MAE: 2.014057364957086
EVS: 0.5771908812584694
