Model: GRU
MSE: 6.240200800662874
MAE: 1.743537006707027
EVS: 0.5639526075169102
