Model: GRU
MSE: 10.83153421978788
MAE: 2.8264971848191887
EVS: 0.5359153899067253
