Model: GRU
MSE: 8.275309803147836
MAE: 2.3495048654490502
EVS: 0.5829054440602179
