Model: GRU
MSE: 6.328908884725008
MAE: 1.9769644737243652
EVS: 0.6070460647665133
