Model: GRU
MSE: 11.446322827929325
MAE: 2.9028955410266746
EVS: 0.5689322367643388
