Model: GRU
MSE: 6.731837227997513
MAE: 1.919395117924131
EVS: 0.6022756021026174
