Model: GRU
MSE: 8.919439594568349
MAE: 2.512179374694824
EVS: 0.5911139726664724
