Model: GRU
MSE: 941.64551861748
MAE: 30.362492396913726
EVS: -0.3945806517767625
