Model: GRU
MSE: 6.457530944458673
MAE: 1.982601675493964
EVS: 0.5594591496325649
