Model: GRU
MSE: 5.902010470063036
MAE: 1.7055537865079682
EVS: 0.5881587847557985
