Model: GRU
MSE: 19.51909530821712
MAE: 3.7623327847184806
EVS: 0.08277097067742656
