Model: GRU
MSE: 7.844370947067216
MAE: 2.2356041053245805
EVS: 0.5692885408113131
