Model: GRU
MSE: 15.511025286854624
MAE: 3.258311156568856
EVS: -0.03939993089549132
