Model: GRU
MSE: 6.058045341696642
MAE: 1.883435084902007
EVS: 0.6066386946325397
