Model: GRU
MSE: 6.820665712814314
MAE: 2.0844236817853203
EVS: 0.568188090784973
