Model: GRU
MSE: 7.512553446799992
MAE: 2.0105761001849998
EVS: 0.5996321893035463
