Model: GRU
MSE: 6.462596899582924
MAE: 2.0252601360452585
EVS: 0.6055909784594133
