Model: GRU
MSE: 10.604282100373352
MAE: 2.75358195140444
EVS: 0.5226623610128178
