Model: GRU
MSE: 6.6881155929236895
MAE: 2.032516833009391
EVS: 0.5773980979934645
