Model: GRU
MSE: 6.990670278558751
MAE: 1.9147413434653446
EVS: 0.5354366873721105
