Model: GRU
MSE: 19.2005256236128
MAE: 3.7341109308703193
EVS: 0.06232975433406107
