Model: GRU
MSE: 7.535208150330418
MAE: 2.0083931314534156
EVS: 0.550743948926188
