Model: GRU
MSE: 6.001942975040035
MAE: 1.7936503106150135
EVS: 0.5765109681232468
