Model: GRU
MSE: 5.547443491528603
MAE: 1.8333779367907295
EVS: 0.6267058086021324
