Model: GRU
MSE: 7.460817107153887
MAE: 2.184292061575528
EVS: 0.5630447490469521
