Model: GRU
MSE: 6.7553688229554805
MAE: 1.8378217878012821
EVS: 0.5746744566860749
