Model: GRU
MSE: 9.469314218903355
MAE: 2.61104364230715
EVS: 0.5883391257171586
