Model: GRU
MSE: 6.170692156132226
MAE: 1.8213493166298702
EVS: 0.5711217674687589
