Model: GRU
MSE: 5.961444027401446
MAE: 1.943559950795667
EVS: 0.6141824461440873
