Model: GRU
MSE: 12.533651240987872
MAE: 3.0222181945011535
EVS: 0.5632704177540557
