Model: GRU
MSE: 318.6321864599398
MAE: 17.452026124658257
EVS: 0.008004507247242554
