Model: GRU
MSE: 7.050821336631327
MAE: 2.1188279431441734
EVS: 0.5794611855866004
