Model: GRU
MSE: 6.1611130121941455
MAE: 1.8207536360313152
EVS: 0.5676583159776568
