Model: GRU
MSE: 14.657035717815422
MAE: 3.12002550322434
EVS: 0.0
