Model: GRU
MSE: 6.056887150894626
MAE: 1.819867594488736
EVS: 0.5740510979996313
