Model: GRU
MSE: 9.29850330842398
MAE: 2.3144495827811107
EVS: 0.5921465200610991
