Model: GRU
MSE: 13.779053770759784
MAE: 2.898427650846284
EVS: 0.03878964294313214
