Model: GRU
MSE: 7.827971907628859
MAE: 2.3120559536177536
EVS: 0.6151195009845
