Model: GRU
MSE: 6.467683048435655
MAE: 2.0456048784584833
EVS: 0.5902524769023645
