Model: GRU
MSE: 7.366754948058974
MAE: 2.210289313875396
EVS: 0.5505459343048751
