Model: GRU
MSE: 5.610025946444521
MAE: 1.699713427444984
EVS: 0.6041620714110323
