Model: GRU
MSE: 6.179234147582963
MAE: 1.8919297004568165
EVS: 0.596734315528475
