Model: GRU
MSE: 7.2973792688101655
MAE: 2.0038633839837434
EVS: 0.5847633696208557
