Model: GRU
MSE: 9.242656248181863
MAE: 2.545738438080097
EVS: 0.5774729750551634
