Model: GRU
MSE: 8.239997537463905
MAE: 2.320928489339763
EVS: 0.587722919611138
