Model: GRU
MSE: 6.225114691049274
MAE: 1.7917780218453243
EVS: 0.5873328826315161
