Model: GRU
MSE: 5.405721341473368
MAE: 1.669906764194883
EVS: 0.619222253231742
