Model: GRU
MSE: 11.175211163653612
MAE: 2.657036518228465
EVS: 0.6112155137928714
