Model: GRU
MSE: 7.070950592728533
MAE: 1.9051271307057347
EVS: 0.5914696298908135
