Model: GRU
MSE: 7.822185899867252
MAE: 2.232468901009395
EVS: 0.580931808983996
