Model: GRU
MSE: 5.861698567234656
MAE: 1.772841770073463
EVS: 0.5866245613967869
