Model: GRU
MSE: 6.048289864854324
MAE: 1.8627579952108448
EVS: 0.5982045525545352
