Model: GRU
MSE: 6.457270387721533
MAE: 1.8432637740825784
EVS: 0.5744857962804191
