Model: GRU
MSE: 6.001853278577387
MAE: 1.7241378981491615
EVS: 0.5835535111842759
