Model: GRU
MSE: 383.7897804776525
MAE: 19.130556427199267
EVS: -0.2567789455925169
