Model: GRU
MSE: 5.82550810342924
MAE: 1.7459879168148698
EVS: 0.595543727043111
