Model: GRU
MSE: 6.618024916637614
MAE: 2.0202082025593726
EVS: 0.5827618415986355
