Model: GRU
MSE: 6.400571495619405
MAE: 1.9618369382003258
EVS: 0.5692128741768696
