Model: GRU
MSE: 14.661742178914398
MAE: 3.120606915704135
EVS: 0.0
