Model: GRU
MSE: 16.1624198286489
MAE: 3.543489061552903
EVS: 0.5584439394801475
