Model: GRU
MSE: 5.820981384436217
MAE: 1.77795096101432
EVS: 0.5928213864654063
