Model: GRU
MSE: 13.657184928273809
MAE: 2.945894981252736
EVS: 0.04838507065098496
