Model: GRU
MSE: 6.7099366186069025
MAE: 2.021444879259382
EVS: 0.6563815386990912
