Model: GRU
MSE: 5.897555711994614
MAE: 1.8215133897189437
EVS: 0.5892279121818484
