Model: GRU
MSE: 7.062452232989017
MAE: 1.9355954137341729
EVS: 0.5888195021974386
