Model: GRU
MSE: 7.134116194914884
MAE: 2.190585391274814
EVS: 0.6385373065682745
