Model: GRU
MSE: 10.127587954312636
MAE: 2.714411899961274
EVS: 0.5722197154804758
