Model: GRU
MSE: 7.707815920969779
MAE: 2.2199209311912798
EVS: 0.5610575891189722
