Model: GRU
MSE: 307.19437771461804
MAE: 17.062699959195893
EVS: -0.13309193843104072
