Model: GRU
MSE: 5.918131157252058
MAE: 1.7073888203193401
EVS: 0.5994384707876101
