Model: GRU
MSE: 338.8618453215377
MAE: 17.93017177746214
EVS: -0.22567585210438112
