Model: GRU
MSE: 7.72232240337478
MAE: 2.086837020413629
EVS: 0.5581448202504811
