Model: GRU
MSE: 6.048950141790431
MAE: 1.7195031725127121
EVS: 0.5898215663666092
