Model: GRU
MSE: 6.079376390354751
MAE: 1.8852631388039425
EVS: 0.5960620108032373
