Model: GRU
MSE: 14.963105547877008
MAE: 3.1665368573418977
EVS: 0.004349665056991303
