Model: GRU
MSE: 5.596002621840559
MAE: 1.6693291581910232
EVS: 0.6101457185318968
