Model: GRU
MSE: 6.729233565984079
MAE: 1.9636141513956005
EVS: 0.5510895826848252
