Model: GRU
MSE: 9.536870113172462
MAE: 2.608983327602518
EVS: 0.5824732541189889
