Model: GRU
MSE: 7.4977440507645285
MAE: 2.2354182457101754
EVS: 0.6244384528249081
