Model: GRU
MSE: 6.393581975797823
MAE: 1.9995826523879479
EVS: 0.5918076559262555
