Model: GRU
MSE: 5.7550246767220985
MAE: 1.862315580762666
EVS: 0.6141627185333849
