Model: GRU
MSE: 16.517093625794775
MAE: 3.3922350653286637
EVS: 0.0
