Model: GRU
MSE: 6.4968651575595375
MAE: 1.8578137200454186
EVS: 0.5837912514068313
