Model: GRU
MSE: 22.153098364533196
MAE: 4.218072718587415
EVS: 0.5155348027441953
