Model: GRU
MSE: 6.214115682650435
MAE: 1.910853098178732
EVS: 0.5869009459357336
