Model: GRU
MSE: 7.540189415501491
MAE: 2.1784943095568954
EVS: 0.5601536439883754
