Model: GRU
MSE: 3784.3713881897515
MAE: 61.364076680150525
EVS: -0.32803639924180605
