Model: GRU
MSE: 13.785788894166698
MAE: 3.21701718198842
EVS: 0.5722903256110408
