Model: GRU
MSE: 13.804176030257626
MAE: 3.2350896432481964
EVS: 0.5575384477794643
