Model: GRU
MSE: 16.516962200704445
MAE: 3.3922173072551858
EVS: 0.0
