Model: GRU
MSE: 7.986617741801873
MAE: 2.0770288171439337
EVS: 0.5499851555654982
