Model: GRU
MSE: 292.1309925971907
MAE: 16.67208981513977
EVS: 0.0
