Model: GRU
MSE: 6.479383869022152
MAE: 2.01367920842664
EVS: 0.6028472335207227
