Model: GRU
MSE: 10.524372841670086
MAE: 2.8179969212104536
EVS: 0.6304652252320853
