Model: GRU
MSE: 7.328442588957453
MAE: 2.188135895235785
EVS: 0.6070889747218933
