Model: GRU
MSE: 5.877356358480813
MAE: 1.7217710100371262
EVS: 0.5962781729278348
