Model: GRU
MSE: 6.0930267049932585
MAE: 1.7896382726472
EVS: 0.5890777514018634
