Model: GRU
MSE: 8348.867138478874
MAE: 91.3172168073983
EVS: 0.29207168405074113
