Model: GRU
MSE: 2386.1310987019497
MAE: 48.63893413543701
EVS: -0.43837070862903316
