Model: GRU
MSE: 8.219506085573942
MAE: 2.414966809338537
EVS: 0.6242876014507122
