Model: GRU
MSE: 296.4288819654243
MAE: 16.78771332625685
EVS: -0.030280617966983447
