Model: GRU
MSE: 6.351514386711783
MAE: 1.9410118398995235
EVS: 0.5953979090069033
