Model: GRU
MSE: 16.52440080636207
MAE: 3.3932216249663254
EVS: 0.0
