Model: GRU
MSE: 7.486256473380261
MAE: 2.053680732332427
EVS: 0.6185841846511936
