Model: GRU
MSE: 6.694786460152535
MAE: 1.9218084318884487
EVS: 0.6062660584717443
