Model: GRU
MSE: 11.161994326686402
MAE: 2.8300999074146667
EVS: 0.5842154171920348
