Model: GRU
MSE: 6.102554170630136
MAE: 1.7566000182053139
EVS: 0.5715867477516852
