Model: GRU
MSE: 6.410312751852166
MAE: 1.827334190237111
EVS: 0.5850384213512846
