Model: GRU
MSE: 9.760480099750456
MAE: 2.6593302159473815
EVS: 0.6030148555665876
