Model: GRU
MSE: 6.284667331540046
MAE: 1.9767417496648327
EVS: 0.598238581956632
