Model: GRU
MSE: 5.55271664901348
MAE: 1.7814150678700413
EVS: 0.6191147688640215
