Model: GRU
MSE: 10.519110327936467
MAE: 2.4901782035827638
EVS: 0.6340813867019437
