Model: GRU
MSE: 8.36220546514514
MAE: 2.361959095658927
EVS: 0.5602909647708325
