Model: GRU
MSE: 7.484485684523924
MAE: 1.971791201624377
EVS: 0.5861133196628496
