Model: GRU
MSE: 5.702560094759367
MAE: 1.677619794319416
EVS: 0.5977854223483308
