Model: GRU
MSE: 11.158766426685569
MAE: 2.826803232061452
EVS: 0.5318838315998362
