Model: GRU
MSE: 5.656659873771192
MAE: 1.7204397670153915
EVS: 0.6033280518918134
