Model: GRU
MSE: 5.900273986479988
MAE: 1.6882702071091225
EVS: 0.6009639269968537
