Model: GRU
MSE: 6.005695187050186
MAE: 1.732030383471785
EVS: 0.5994303747208243
