Model: GRU
MSE: 5.333519676695891
MAE: 1.6605976861098717
EVS: 0.6264075152146488
