Model: GRU
MSE: 5.74075036151538
MAE: 1.730318044794017
EVS: 0.6392478658979375
