Model: GRU
MSE: 11.559834326197127
MAE: 2.9086127034549056
EVS: 0.5822651586605039
