Model: GRU
MSE: 6.647130319752595
MAE: 1.8715334267451846
EVS: 0.5329661905163864
