Model: GRU
MSE: 16.31537012758982
MAE: 3.4090006269257644
EVS: 0.1269975054868281
