Model: GRU
MSE: 5.419127490082262
MAE: 1.708661622014539
EVS: 0.618173817928958
