Model: GRU
MSE: 9.171700713742133
MAE: 2.2799383854043893
EVS: 0.5949328444928424
