Model: GRU
MSE: 6.439312379708586
MAE: 1.8993250953740086
EVS: 0.5571889716717684
