Model: GRU
MSE: 12.764942195543105
MAE: 3.075140591325431
EVS: 0.53907653327982
