Model: GRU
MSE: 10.324869088462457
MAE: 2.7827743908454634
EVS: 0.6037465530965223
