Model: GRU
MSE: 6.885757789811206
MAE: 1.9851253197110932
EVS: 0.5416973777741332
