Model: GRU
MSE: 6.234458074358768
MAE: 1.9808629216818974
EVS: 0.6056010761195075
