Model: GRU
MSE: 348.6217441194871
MAE: 18.23218163128557
EVS: -0.14372169200901874
