Model: GRU
MSE: 6.114195577853468
MAE: 1.8884188800022519
EVS: 0.5843680998333749
