Model: GRU
MSE: 5.909867389115569
MAE: 1.8352405285013134
EVS: 0.5866186189621596
