Model: GRU
MSE: 8.122995453734191
MAE: 2.103868764022301
EVS: 0.5657089400487534
