Model: GRU
MSE: 5.558036498531888
MAE: 1.7265325085870151
EVS: 0.6082166493429422
