Model: GRU
MSE: 9.606113919086276
MAE: 2.645186342042068
EVS: 0.604743850059535
