Model: GRU
MSE: 14.930985246872625
MAE: 3.347423454810833
EVS: 0.5506902568969749
