Model: GRU
MSE: 7.596588655723661
MAE: 2.1140441976744553
EVS: 0.5074644459644337
