Model: GRU
MSE: 8.530864453199024
MAE: 2.4292053025344322
EVS: 0.5875804104087883
