Model: GRU
MSE: 5.503275430316147
MAE: 1.6991902302051414
EVS: 0.6144834799976167
