Model: GRU
MSE: 6.292020223272916
MAE: 1.7901342901690254
EVS: 0.5725739558122417
