Model: GRU
MSE: 5.670480863961251
MAE: 1.7890463450859333
EVS: 0.600538213695501
