Model: GRU
MSE: 5.804952221771326
MAE: 1.7342062160886567
EVS: 0.5906759885152068
