Model: GRU
MSE: 6.005576062453875
MAE: 1.8767228290952485
EVS: 0.59280856404283
