Model: GRU
MSE: 6.749183716685757
MAE: 1.9240888233842521
EVS: 0.5449215596774828
