Model: GRU
MSE: 5.790373736449123
MAE: 1.7083628876455899
EVS: 0.5915707471950276
