Model: GRU
MSE: 6.356666907590983
MAE: 1.8644799117384285
EVS: 0.5600293289352447
