Model: GRU
MSE: 6.487792672987752
MAE: 2.0432282562913566
EVS: 0.584937047414198
