Model: GRU
MSE: 7.779731659817258
MAE: 2.0276541052193475
EVS: 0.5567465800549019
