Model: GRU
MSE: 2987.111544751836
MAE: 54.252097820413525
EVS: -2.0920228181202902
