Model: GRU
MSE: 7.24439489375549
MAE: 1.9329140761802936
EVS: 0.5776471407896602
