Model: GRU
MSE: 6.200422932020914
MAE: 1.9178098440170288
EVS: 0.5882725955168149
