Model: GRU
MSE: 8.133555937468737
MAE: 2.2814071014009674
EVS: 0.5473938319477405
