Model: GRU
MSE: 5.846067676335648
MAE: 1.8073215649045746
EVS: 0.600325510449827
