Model: GRU
MSE: 7.233553981514954
MAE: 1.998606772258364
EVS: 0.49922158949412543
