Model: GRU
MSE: 7.849218379049791
MAE: 2.341384534178109
EVS: 0.6010919603508504
