Model: GRU
MSE: 6.2706229986528035
MAE: 1.8883025646209717
EVS: 0.5660097399553045
