Model: GRU
MSE: 317.9516743207355
MAE: 17.39483105314189
EVS: -0.08460895778149435
