Model: GRU
MSE: 15.67274943645926
MAE: 3.300100145668819
EVS: 0.0557610071470247
