Model: GRU
MSE: 9.849630284929095
MAE: 2.6673664471198775
EVS: 0.5683739609320154
