Model: GRU
MSE: 6.323772263897483
MAE: 1.8200450683462208
EVS: 0.6093416654305394
