Model: GRU
MSE: 9.662549345156517
MAE: 2.6460144766445817
EVS: 0.5927458292805843
