Model: GRU
MSE: 5.421014101045047
MAE: 1.6564690491248821
EVS: 0.617546015572529
