Model: GRU
MSE: 8.268932923822087
MAE: 2.3958470739167312
EVS: 0.5862795114144281
