Model: GRU
MSE: 5.637341655541922
MAE: 1.6592534574969062
EVS: 0.6022650862239942
