Model: GRU
MSE: 6.670536980676311
MAE: 2.0404502400036515
EVS: 0.5864196113664976
