Model: GRU
MSE: 6.74641955731063
MAE: 2.095581161564794
EVS: 0.5995960992384953
