Model: GRU
MSE: 6.278858293259171
MAE: 1.8197840739940774
EVS: 0.6088211106981766
