Model: GRU
MSE: 7015.295565495067
MAE: 83.63729845244309
EVS: -0.4180980999728141
