Model: GRU
MSE: 6.102831506890919
MAE: 1.9187066143956677
EVS: 0.5970019191648046
