Model: GRU
MSE: 7.314258677184407
MAE: 2.2060176051896194
EVS: 0.5966775620603026
