Model: GRU
MSE: 6.430369111908151
MAE: 1.9756815269075592
EVS: 0.5949241972169361
