Model: GRU
MSE: 10.444889234640979
MAE: 2.778859286472715
EVS: 0.5760320673925106
