Model: GRU
MSE: 6.464074914200975
MAE: 1.9894441242875724
EVS: 0.6134473059149776
