Model: GRU
MSE: 5.954033442526648
MAE: 1.9027844955181252
EVS: 0.6068582590360005
