Model: GRU
MSE: 5.696154844723596
MAE: 1.7306268790672565
EVS: 0.6006165719213795
