Model: GRU
MSE: 6.943358278798382
MAE: 2.1041663062983544
EVS: 0.5812898017256998
