Model: GRU
MSE: 5.5601413880062704
MAE: 1.7255869898302802
EVS: 0.6077036715912592
