Model: GRU
MSE: 19.764564172788784
MAE: 3.7874608533135774
EVS: 0.0
