Model: GRU
MSE: 7.795284519613629
MAE: 2.0827683498119485
EVS: 0.5663090354149961
