Model: GRU
MSE: 14.654651279421348
MAE: 3.119729864186254
EVS: 0.0
