Model: GRU
MSE: 5.830451650835044
MAE: 1.8999704163649986
EVS: 0.6274222518402428
