Model: GRU
MSE: 6.086601904744478
MAE: 1.750151305363096
EVS: 0.5951883799372856
