Model: GRU
MSE: 6.133991393264955
MAE: 1.826769368401889
EVS: 0.5680572170874597
