Model: GRU
MSE: 7.19781480885899
MAE: 2.129913535611383
EVS: 0.5469373365383903
