Model: GRU
MSE: 3282.986720827376
MAE: 57.139699015124094
EVS: -0.273002436408017
