Model: GRU
MSE: 9.179971772633293
MAE: 2.53212544835847
EVS: 0.5769063621284615
