Model: GRU
MSE: 6.313759791766521
MAE: 1.9988456841172844
EVS: 0.6111207734135826
