Model: GRU
MSE: 6.974426368099812
MAE: 2.0549068697567643
EVS: 0.5544544669958573
