Model: GRU
MSE: 7.629303495094648
MAE: 2.2444038802179795
EVS: 0.5777928085348244
