Model: GRU
MSE: 6.022388262356348
MAE: 1.8090173211590996
EVS: 0.5757160871868566
