Model: GRU
MSE: 5.815545050200132
MAE: 1.7631974713555698
EVS: 0.5899037697582594
