Model: GRU
MSE: 9.006134156267652
MAE: 2.253445871945085
EVS: 0.5782697022723619
