Model: GRU
MSE: 8.207064375136945
MAE: 2.2052393946154365
EVS: 0.4215819223091102
