Model: GRU
MSE: 6.418642540205289
MAE: 2.0369678859052986
EVS: 0.6064280598246816
