Model: GRU
MSE: 8.949468714016493
MAE: 2.232618438786474
EVS: 0.594204877806646
