Model: GRU
MSE: 314.6764133395678
MAE: 17.29381633318704
EVS: -0.10075320981330793
