Model: GRU
MSE: 314.73984287368637
MAE: 17.293294904560877
EVS: -0.10650129515737095
