Model: GRU
MSE: 12.098133255861253
MAE: 2.6676388115718446
EVS: 0.4115072189167609
