Model: GRU
MSE: 392.2242720744307
MAE: 19.338104971523943
EVS: -0.28855736583406166
