Model: GRU
MSE: 6.194034384638097
MAE: 1.7406596315318141
EVS: 0.5764673812453129
