Model: GRU
MSE: 6.163158213140868
MAE: 1.8452899127170956
EVS: 0.5744386993292501
