Model: GRU
MSE: 6.8215254236699785
MAE: 2.087151206772903
EVS: 0.5871253405751182
