Model: GRU
MSE: 7.536958139209924
MAE: 2.012354850769043
EVS: 0.5719064400774156
