Model: GRU
MSE: 6.3527252163517165
MAE: 1.852826480207772
EVS: 0.5731235636894765
