Model: GRU
MSE: 8.167520386245526
MAE: 2.399112010824269
EVS: 0.5972465206502511
