Model: GRU
MSE: 313.4211173517389
MAE: 17.25021463015984
EVS: -0.11845538780922715
