Model: GRU
MSE: 6.117888545140902
MAE: 1.9466319741873905
EVS: 0.611780717463155
