Model: GRU
MSE: 6.715180481221868
MAE: 1.9775756563459124
EVS: 0.6430895836618893
