Model: GRU
MSE: 7.286116273039977
MAE: 1.9557572562119057
EVS: 0.5875697660260424
