Model: GRU
MSE: 6.899304617070589
MAE: 2.0913753550628136
EVS: 0.5898347440962852
