Model: GRU
MSE: 7.663018223456145
MAE: 2.2681582796162574
EVS: 0.5876602602394816
