Model: GRU
MSE: 7.9568319845465
MAE: 2.108293993719693
EVS: 0.5873301744998869
