Model: GRU
MSE: 6.044062368597578
MAE: 1.8764325380325317
EVS: 0.5881070393265622
