Model: GRU
MSE: 6.832612461027773
MAE: 1.886254253058598
EVS: 0.6058897815989012
