Model: GRU
MSE: 6.167072003299667
MAE: 1.775601395245256
EVS: 0.5969210527930076
