Model: GRU
MSE: 7.6082003815743064
MAE: 2.239128277219575
EVS: 0.57570966405799
