Model: GRU
MSE: 6.7488542841152315
MAE: 1.9276212330522209
EVS: 0.614570855608811
