Model: GRU
MSE: 5.6653511959591
MAE: 1.7965232421611916
EVS: 0.6067006264410152
