Model: GRU
MSE: 6295.096123335532
MAE: 79.24158556707974
EVS: -0.11958628800639959
