Model: GRU
MSE: 7.045471040463891
MAE: 1.9581384823240082
EVS: 0.6089510785255308
