Model: GRU
MSE: 6.829829788286639
MAE: 1.949235118668655
EVS: 0.5846509552153045
