Model: GRU
MSE: 6.166984893354397
MAE: 1.766655971264017
EVS: 0.5688979448211123
