Model: GRU
MSE: 16.69261762664469
MAE: 3.5911913329157334
EVS: 0.568116162993708
