Model: GRU
MSE: 19.795087305077875
MAE: 3.7910166773302802
EVS: 0.0
