Model: GRU
MSE: 411.56319702258935
MAE: 19.842017831473516
EVS: -0.2600200402535706
