Model: GRU
MSE: 6.245632751107456
MAE: 1.9215860818994457
EVS: 0.5978014702639354
