Model: GRU
MSE: 8.017112676872632
MAE: 1.966666525807874
EVS: 0.5343982333438304
