Model: GRU
MSE: 6.3922162431854535
MAE: 1.9024908789272965
EVS: 0.6045207373656476
