Model: GRU
MSE: 6.377504360379809
MAE: 1.9480362102903168
EVS: 0.5572986665836713
