Model: GRU
MSE: 1821.7157939504668
MAE: 41.33587756650201
EVS: -6.977541540075566
