Model: GRU
MSE: 331.0001786359093
MAE: 17.769490587300268
EVS: -0.07570828274680408
