Model: GRU
MSE: 5.956778386324023
MAE: 1.8126198587746456
EVS: 0.5798665480790479
