Model: GRU
MSE: 5.87732238076685
MAE: 1.724445441673542
EVS: 0.5871235959085017
