Model: GRU
MSE: 15.841449571298153
MAE: 3.2648386790834625
EVS: -0.05197519040166809
