Model: GRU
MSE: 6.963432300747985
MAE: 2.1270096178712516
EVS: 0.5858439716567336
