Model: GRU
MSE: 6.458192867800272
MAE: 2.0597594853105217
EVS: 0.627215550470799
