Model: GRU
MSE: 6.69095017724012
MAE: 1.8194296031162656
EVS: 0.611425187467548
