Model: GRU
MSE: 6.544542792463215
MAE: 2.031253329638777
EVS: 0.5791972891694248
