Model: GRU
MSE: 316.4891764192827
MAE: 17.379642439299616
EVS: -0.01868357163010126
