Model: GRU
MSE: 6.841214753642318
MAE: 2.088466224999263
EVS: 0.5723836817812177
