Model: GRU
MSE: 322.71470710697974
MAE: 17.553846020123054
EVS: -0.028561346118979092
