Model: GRU
MSE: 14.636717756654308
MAE: 3.188071875736631
EVS: 0.05521898774412726
