Model: GRU
MSE: 2784.0980589213514
MAE: 52.600238142342405
EVS: -0.22159898398136368
