Model: GRU
MSE: 18.586208846941283
MAE: 3.688515301408439
EVS: 0.06086405278639373
