Model: GRU
MSE: 13.448135489798993
MAE: 2.936016164976975
EVS: 0.5544935435928593
