Model: GRU
MSE: 9.122829412958929
MAE: 2.3251560803117424
EVS: 0.35870163435859026
