Model: GRU
MSE: 7.051907693917738
MAE: 1.9341513288432155
EVS: 0.5438621881527567
