Model: GRU
MSE: 20.60902826400817
MAE: 4.072288611839557
EVS: 0.5114820174846894
