Model: GRU
MSE: 6.363093788654341
MAE: 1.8771581649780273
EVS: 0.5510303390397444
