Model: GRU
MSE: 6.779767175367918
MAE: 2.0392248959376893
EVS: 0.5679675834843064
