Model: GRU
MSE: 8.802267865801491
MAE: 2.4995601752708696
EVS: 0.5721134704981778
