Model: GRU
MSE: 13.833940879105109
MAE: 3.2411431341335692
EVS: 0.5267258242107422
