Model: GRU
MSE: 8.728603045266514
MAE: 2.435182785165721
EVS: 0.5882555512901401
