Model: GRU
MSE: 8.903894161863578
MAE: 2.5192126570076776
EVS: 0.6022664417595538
