Model: GRU
MSE: 6.146890710709837
MAE: 1.7609479427337646
EVS: 0.5806502752626757
