Model: GRU
MSE: 6.878307205861378
MAE: 2.077204474087419
EVS: 0.5384162200329172
