Model: GRU
MSE: 6.348829580097996
MAE: 1.7759583900714744
EVS: 0.5773733463681588
