Model: GRU
MSE: 7.371603358312584
MAE: 2.1672050130778344
EVS: 0.5900517911095602
