Model: GRU
MSE: 9.135019289920114
MAE: 2.2893229681870033
EVS: 0.599225421823195
