Model: GRU
MSE: 308.1805812277344
MAE: 17.091014564037323
EVS: -0.13444347831717773
