Model: GRU
MSE: 6.018312092804743
MAE: 1.8527487310869941
EVS: 0.5864271340267364
