Model: GRU
MSE: 6.451768783623551
MAE: 1.8990259088318924
EVS: 0.572181742552161
