Model: GRU
MSE: 16.544608241397363
MAE: 3.623683667388456
EVS: 0.5552389475082202
