Model: GRU
MSE: 7.206141783918048
MAE: 1.9805949143001012
EVS: 0.6405973423176436
