Model: GRU
MSE: 6.058255375480403
MAE: 1.7711078010756394
EVS: 0.576984213531933
