Model: GRU
MSE: 6.3842847364390485
MAE: 1.8055631210064065
EVS: 0.5944762287315231
