Model: GRU
MSE: 16.382691444549092
MAE: 3.013626509699328
EVS: 0.056137049355273194
