Model: GRU
MSE: 13.960643113300868
MAE: 2.8983720582107018
EVS: 0.06128260049136658
