Model: GRU
MSE: 5.940975813075134
MAE: 1.900724460338724
EVS: 0.6089862948941887
