Model: GRU
MSE: 6.269283587580696
MAE: 1.9116754244113792
EVS: 0.566173746259641
