Model: GRU
MSE: 6.087121587333863
MAE: 1.878255058979166
EVS: 0.5735695824598728
