Model: GRU
MSE: 5.267923449403062
MAE: 1.625537896978444
EVS: 0.6370837215354928
