Model: GRU
MSE: 6.137123057608203
MAE: 1.9438672970081199
EVS: 0.6018728246999193
