Model: GRU
MSE: 14.65026783259528
MAE: 3.1191844611332336
EVS: 0.0
