Model: GRU
MSE: 5.5049459411895665
MAE: 1.7427135171561405
EVS: 0.6116271238957758
