Model: GRU
MSE: 866.9147509264475
MAE: 29.12767009077401
EVS: -0.30490022937913075
