Model: GRU
MSE: 295.7341414039225
MAE: 16.744183028566425
EVS: -0.08425257222366578
