Model: GRU
MSE: 12.598346533726103
MAE: 3.038790776811797
EVS: 0.5323363004024626
