Model: GRU
MSE: 5.87807283581272
MAE: 1.8150233482492382
EVS: 0.5865026892026146
