Model: GRU
MSE: 5.789592062286896
MAE: 1.8590137670780051
EVS: 0.6111282421834626
