Model: GRU
MSE: 5.683566763368026
MAE: 1.742899278114582
EVS: 0.5996969967638561
