Model: GRU
MSE: 3358.4293317263023
MAE: 57.83262068649818
EVS: 0.02505554384468245
