Model: GRU
MSE: 16.425794339474123
MAE: 3.592004689677008
EVS: 0.5815936446794123
