Model: GRU
MSE: 14.210414381403286
MAE: 2.9805075875644027
EVS: -0.002544788236894746
