Model: GRU
MSE: 8.599544627925399
MAE: 2.4006126173611344
EVS: 0.584333910004128
