Model: GRU
MSE: 6.612068235475002
MAE: 2.0689446021770608
EVS: 0.6067574338002792
