Model: GRU
MSE: 336.0022890357701
MAE: 17.915415920060255
EVS: -0.06122793665116233
