Model: GRU
MSE: 7.721018887716912
MAE: 2.271562876372502
EVS: 0.5849397537066284
