Model: GRU
MSE: 6.570910953051715
MAE: 1.8577871733698352
EVS: 0.568290645937195
