Model: GRU
MSE: 5.848814694565151
MAE: 1.7078187547881027
EVS: 0.6046248324151293
