Model: GRU
MSE: 367.6040925418036
MAE: 18.75384442559604
EVS: -0.12171518799994208
