Model: GRU
MSE: 6.580512523501875
MAE: 1.757862609008263
EVS: 0.5470022904955099
