Model: GRU
MSE: 7.314981616830414
MAE: 1.9752164380303745
EVS: 0.5672698140522718
