Model: GRU
MSE: 6.577133015614519
MAE: 1.9992269441999238
EVS: 0.587639764700463
