Model: GRU
MSE: 10.575403219428596
MAE: 2.801860439366308
EVS: 0.6026750113000785
