Model: GRU
MSE: 13.887052310749791
MAE: 2.980485094004664
EVS: 0.024420822448372292
