Model: GRU
MSE: 7.892955635139942
MAE: 2.323181752500863
EVS: 0.5771185651305863
