Model: GRU
MSE: 5.9807067360396395
MAE: 1.8393778225471233
EVS: 0.5824476557490774
