Model: GRU
MSE: 13.836384658310886
MAE: 3.2877140374019227
EVS: 0.5770610186223342
