Model: GRU
MSE: 8.016381128207113
MAE: 2.0675457099388383
EVS: 0.5791514150717213
