Model: GRU
MSE: 392.64152783469797
MAE: 19.405691212621228
EVS: -0.1332350741063324
