Model: GRU
MSE: 5.589107835109303
MAE: 1.7524870264119115
EVS: 0.6056574213135724
