Model: GRU
MSE: 6.062399920473867
MAE: 1.906915935976752
EVS: 0.6184233699397943
