Model: GRU
MSE: 15.206473679668028
MAE: 3.460449621595185
EVS: 0.5894743033576815
