Model: GRU
MSE: 5.926412586739718
MAE: 1.7365672506135086
EVS: 0.59561650833773
