Model: GRU
MSE: 6.156532589763382
MAE: 1.8600906256971688
EVS: 0.5714883528361951
