Model: GRU
MSE: 5.7278972129173
MAE: 1.713015679655404
EVS: 0.6001383353497429
