Model: GRU
MSE: 10.308146471936977
MAE: 2.7227158299807845
EVS: 0.5777041070580953
