Model: GRU
MSE: 6.452509533623897
MAE: 1.8062044094348777
EVS: 0.5867755165194655
