Model: GRU
MSE: 303.40948209564317
MAE: 16.9460998280295
EVS: -0.1458304104840611
