Model: GRU
MSE: 371.6683251495762
MAE: 18.82807290965113
EVS: -0.21164932869752917
