Model: GRU
MSE: 12.46839714445437
MAE: 2.867238998413086
EVS: 0.6014056202315596
