Model: GRU
MSE: 6.0463390806563915
MAE: 1.8593463609958518
EVS: 0.5833405888229763
