Model: GRU
MSE: 7.188574130215032
MAE: 1.920619142466578
EVS: 0.5718067167299639
