Model: GRU
MSE: 8.919732459643235
MAE: 2.2568828977387527
EVS: 0.5913585796988057
