Model: GRU
MSE: 6.75970330433084
MAE: 1.9188803228838691
EVS: 0.5979473138645264
