Model: GRU
MSE: 1524.8739867790714
MAE: 38.865546062074856
EVS: -0.012058798536396909
