Model: GRU
MSE: 6.840958433969925
MAE: 1.891709697657618
EVS: 0.5976447937949405
