Model: GRU
MSE: 9.706904406636395
MAE: 2.6660616151217758
EVS: 0.6125102717922521
