Model: GRU
MSE: 6.7826363178370235
MAE: 2.0211736785954444
EVS: 0.5576835083344716
