Model: GRU
MSE: 5.21912566906542
MAE: 1.6477585907640129
EVS: 0.6321088542979854
