Model: GRU
MSE: 15.30701079457665
MAE: 2.9709679998200516
EVS: 0.007315169385938347
