Model: GRU
MSE: 8.127568981207983
MAE: 2.3116618353745033
EVS: 0.5523314866130455
