Model: GRU
MSE: 9.478447279777074
MAE: 2.6229156790108514
EVS: 0.5996904460979879
