Model: GRU
MSE: 6.092036477394545
MAE: 1.8267056530919568
EVS: 0.5849505490403322
