Model: GRU
MSE: 7.379090170164836
MAE: 2.1795450407883217
EVS: 0.5857729142385362
