Model: GRU
MSE: 7.095620916580378
MAE: 2.1481023584093366
EVS: 0.6563923319558059
