Model: GRU
MSE: 10.369298970256295
MAE: 2.5999575483387916
EVS: 0.5245408682210985
