Model: GRU
MSE: 6.815365096404113
MAE: 1.8117468850366
EVS: 0.5616660229867099
