Model: GRU
MSE: 6.808613385359466
MAE: 2.141073568113919
EVS: 0.6358778157778091
