Model: GRU
MSE: 6.143393915850181
MAE: 1.7464348447733913
EVS: 0.5766833397046423
