Model: GRU
MSE: 14.684102792993333
MAE: 3.1233317934233567
EVS: 0.0
