Model: GRU
MSE: 11.693555712770584
MAE: 2.944342720097509
EVS: 0.5795741696277388
