Model: GRU
MSE: 22.38917191887516
MAE: 4.07719427963783
EVS: 0.14931225928751213
