Model: GRU
MSE: 8.207591559047081
MAE: 2.3465802094032027
EVS: 0.543624163429807
