Model: GRU
MSE: 6.247872288444859
MAE: 1.8337648161526383
EVS: 0.5893789237516183
