Model: GRU
MSE: 5.789400740265592
MAE: 1.7418958729711072
EVS: 0.5973100524128697
