Model: GRU
MSE: 8.613661998714539
MAE: 2.210036771050815
EVS: 0.45367763502539915
