Model: GRU
MSE: 8.965221854974128
MAE: 2.2135530422473777
EVS: 0.5747975171344333
