Model: GRU
MSE: 6.020490659426553
MAE: 1.690721396742196
EVS: 0.5785767412290064
