Model: GRU
MSE: 19.536402245825418
MAE: 3.7605675006734915
EVS: 0.0
