Model: GRU
MSE: 6.374866021936595
MAE: 1.955418401751025
EVS: 0.5771532981924494
