Model: GRU
MSE: 409.54758611908187
MAE: 19.811704187557616
EVS: -0.20261541559616236
