Model: GRU
MSE: 6.439374858075792
MAE: 1.9109415432502483
EVS: 0.5485230741956983
