Model: GRU
MSE: 305.4890307166934
MAE: 17.004390402086848
EVS: -0.15292553609048598
