Model: GRU
MSE: 310.70469932858157
MAE: 17.163985934750787
EVS: -0.13617104293796478
