Model: GRU
MSE: 6.339211154350359
MAE: 1.9651473555071601
EVS: 0.5816210220017874
