Model: GRU
MSE: 8.922133185971724
MAE: 2.501622487758768
EVS: 0.5913370440447479
