Model: GRU
MSE: 6.443722910739219
MAE: 2.005703967193077
EVS: 0.5907528619929965
