Model: GRU
MSE: 304.473496139523
MAE: 17.00477305774031
EVS: -0.08035156309949931
