Model: GRU
MSE: 365.55017222529995
MAE: 18.681806428679103
EVS: -0.16707577326826706
