Model: GRU
MSE: 771.3940380404446
MAE: 27.569631839620655
EVS: 0.20201043849545297
