Model: GRU
MSE: 2642.9099698803298
MAE: 51.21998260761129
EVS: -0.3705041244123448
