Model: GRU
MSE: 7.468442137881594
MAE: 2.246443666260818
EVS: 0.5972737352739859
