Model: GRU
MSE: 8.54591175038923
MAE: 2.277560299840467
EVS: 0.6016055888360672
