Model: GRU
MSE: 31.375558201390213
MAE: 5.069784526167245
EVS: 0.44013887828462706
