Model: GRU
MSE: 595.8617463379172
MAE: 23.975787442305993
EVS: -0.48340029907324444
