Model: GRU
MSE: 6.143612378427739
MAE: 1.745410762984177
EVS: 0.5684110399355156
