Model: GRU
MSE: 12.738921947168741
MAE: 3.0146622328922668
EVS: 0.5520830290019264
