Model: GRU
MSE: 19.60550060770966
MAE: 3.7687714675377153
EVS: 0.0
