Model: GRU
MSE: 5.431837436532141
MAE: 1.6985268099554653
EVS: 0.619559231130176
