Model: GRU
MSE: 13.235641041223218
MAE: 3.084968961518386
EVS: 0.44648362236462413
