Model: GRU
MSE: 13.931148480875686
MAE: 3.0580140311142494
EVS: 0.5563269568479292
