Model: GRU
MSE: 7.600181556285332
MAE: 2.2760445085065117
EVS: 0.5833254046228222
