Model: GRU
MSE: 7.496459366441111
MAE: 2.0998498235430034
EVS: 0.5991676747964388
