Model: GRU
MSE: 8.893285045400061
MAE: 2.5504124822287726
EVS: 0.6098948815678773
