Model: GRU
MSE: 6.346477244731839
MAE: 1.9571032688535492
EVS: 0.5528171092327401
