Model: GRU
MSE: 6.179107748047508
MAE: 1.8827264555569352
EVS: 0.5806888841286404
