Model: GRU
MSE: 10.527769452550356
MAE: 2.776127790582591
EVS: 0.5521909276855486
