Model: GRU
MSE: 360.9040325557311
MAE: 18.550972922094935
EVS: -0.18296265154138824
