Model: GRU
MSE: 15.587165592942812
MAE: 3.390458978455642
EVS: 0.5806893132304828
