Model: GRU
MSE: 5.987277769565245
MAE: 1.806057124302305
EVS: 0.6257927604977997
