Model: GRU
MSE: 310.44630211187666
MAE: 17.19272348387488
EVS: -0.0482731830849612
