Model: GRU
MSE: 7.845757908614187
MAE: 2.25595446290641
EVS: 0.5785716341725957
