Model: GRU
MSE: 6.871967609056376
MAE: 2.056574850246824
EVS: 0.5971415583706526
