Model: GRU
MSE: 6.769792618266115
MAE: 1.8689434774990739
EVS: 0.5654263858575366
