Model: GRU
MSE: 10.095890056153927
MAE: 2.667551780569142
EVS: 0.578787809620998
