Model: GRU
MSE: 6.282128889077257
MAE: 2.0133048665934594
EVS: 0.6189767287355381
