Model: GRU
MSE: 9.833678685957716
MAE: 2.625900202784045
EVS: 0.6247753399366023
