Model: GRU
MSE: 6.8824336326695335
MAE: 2.0912035415912498
EVS: 0.5751665517820864
