Model: GRU
MSE: 7.2757910250360345
MAE: 2.0014546871185304
EVS: 0.6444521115551454
