Model: GRU
MSE: 7.706163990900165
MAE: 2.2734040844029395
EVS: 0.6206979382194096
