Model: GRU
MSE: 6.355316061453448
MAE: 1.9301735943761364
EVS: 0.5748972080992474
