Model: GRU
MSE: 7634.967231367085
MAE: 87.2479441412564
EVS: -0.6061818984121057
