Model: GRU
MSE: 6.141649031107328
MAE: 1.792034909642976
EVS: 0.5829356744063603
