Model: GRU
MSE: 5.905280483481389
MAE: 1.69067042449425
EVS: 0.5887867699630249
