Model: GRU
MSE: 6.524190596694286
MAE: 1.9905586242675781
EVS: 0.5847666525835813
