Model: GRU
MSE: 5.9035033847661404
MAE: 1.709277580524313
EVS: 0.6016170390131952
