Model: GRU
MSE: 6.2628575238213235
MAE: 1.7844047464173416
EVS: 0.5772736865416022
