Model: GRU
MSE: 6.308658035278521
MAE: 1.9853571118979618
EVS: 0.6052385885380298
