Model: GRU
MSE: 6.5646238925491796
MAE: 1.8967412340229954
EVS: 0.6051465209179574
