Model: GRU
MSE: 6.130221982299288
MAE: 1.8982509333511879
EVS: 0.5875800302270583
