Model: GRU
MSE: 6.310729492911793
MAE: 1.9480266077765103
EVS: 0.5950126117319434
