Model: GRU
MSE: 6.348242672882015
MAE: 1.826088888891812
EVS: 0.5799880588526332
