Model: GRU
MSE: 6.448758061562033
MAE: 2.0263700320802887
EVS: 0.6028642901307515
