Model: GRU
MSE: 6.011206546422147
MAE: 1.8375269955602185
EVS: 0.5816992462621189
