Model: GRU
MSE: 347.38791192947616
MAE: 18.204200234906427
EVS: -0.12860137803007365
