Model: GRU
MSE: 6.283628679982516
MAE: 1.9734880348731731
EVS: 0.5985155053966967
