Model: GRU
MSE: 7.1370861489113135
MAE: 2.188285835858049
EVS: 0.6317634067895448
