Model: GRU
MSE: 5.593768421714815
MAE: 1.7447557202700912
EVS: 0.6141153295393527
