Model: GRU
MSE: 8.859337154647639
MAE: 2.5326689933908395
EVS: 0.6163715923774744
