Model: GRU
MSE: 14.395312262427478
MAE: 3.1872272162601867
EVS: 0.08631928927979637
