Model: GRU
MSE: 11.432996775175745
MAE: 2.8569268193738213
EVS: 0.5467516590813348
