Model: GRU
MSE: 7.658201579391234
MAE: 2.000076277502652
EVS: 0.5343974846951707
