Model: GRU
MSE: 6.386426895683462
MAE: 1.748816153098797
EVS: 0.5677870168691819
