Model: GRU
MSE: 6.875331515784767
MAE: 1.8923072732728103
EVS: 0.6032989836615711
