Model: GRU
MSE: 7.010095437978164
MAE: 2.0374488501713195
EVS: 0.5403925399070091
