Model: GRU
MSE: 7.758366421573261
MAE: 2.25957754562641
EVS: 0.5736390362940575
