Model: GRU
MSE: 6.6555030921802585
MAE: 2.039744097845895
EVS: 0.6633294740286746
