Model: GRU
MSE: 6.661225882751366
MAE: 2.104160687019085
EVS: 0.6136205247358569
