Model: GRU
MSE: 14.570223006079868
MAE: 3.358801792407858
EVS: 0.5593459962638767
