Model: GRU
MSE: 7.002938938439178
MAE: 1.889530091450132
EVS: 0.5709850514710916
