Model: GRU
MSE: 308.98243578374655
MAE: 17.120750620447357
EVS: -0.11924011024268544
