Model: GRU
MSE: 5.933539547382946
MAE: 1.7832486876125992
EVS: 0.5826015091439884
