Model: GRU
MSE: 5.573682350158284
MAE: 1.6912348845909382
EVS: 0.614960474155266
