Model: GRU
MSE: 5.553478115682369
MAE: 1.7014821726700355
EVS: 0.6085643746682783
