Model: GRU
MSE: 14.459643482217068
MAE: 3.396634290958273
EVS: 0.6000211910063681
