Model: GRU
MSE: 302.05970754785
MAE: 16.90322654822777
EVS: -0.15298918347202117
