Model: GRU
MSE: 6.928409364552111
MAE: 2.111438648454074
EVS: 0.5959425511901948
