Model: GRU
MSE: 19.863315027154574
MAE: 3.7989302010371766
EVS: 0.0
