Model: GRU
MSE: 395.88531912159266
MAE: 19.462987628476373
EVS: -0.2049769322765982
