Model: GRU
MSE: 7.083771219465583
MAE: 2.1129123013595055
EVS: 0.563193559946962
