Model: GRU
MSE: 285.26042871751196
MAE: 16.39863728860329
EVS: -0.1533055718635261
