Model: GRU
MSE: 13.04756736482692
MAE: 2.9829228499840044
EVS: 0.14012001480667846
