Model: GRU
MSE: 12.37034904259274
MAE: 3.046235520264198
EVS: 0.5576099406898911
