Model: GRU
MSE: 6.123615372233087
MAE: 1.8777351379394531
EVS: 0.5834908376418366
