Model: GRU
MSE: 8.790781726071891
MAE: 2.518571528895148
EVS: 0.5882753864114627
