Model: GRU
MSE: 13.003678932122424
MAE: 3.190480478878679
EVS: 0.5842621391502238
