Model: GRU
MSE: 7.851899788236332
MAE: 2.2726194776337723
EVS: 0.6039131282720265
