Model: GRU
MSE: 5.620989481616044
MAE: 1.6659967652682601
EVS: 0.6134849095566524
