Model: GRU
MSE: 6.1864110801248495
MAE: 1.7684008746311581
EVS: 0.5636495513324409
