Model: GRU
MSE: 6.506324215813371
MAE: 1.9716348072578167
EVS: 0.5912983922969215
