Model: GRU
MSE: 5.638561097235671
MAE: 1.7790065058346451
EVS: 0.6028417477044978
