Model: GRU
MSE: 445.2046761040269
MAE: 20.686620219000453
EVS: -0.21845299403208163
