Model: GRU
MSE: 8.019490813330965
MAE: 2.0668629284562736
EVS: 0.5680992158582483
