Model: GRU
MSE: 6.999963676290574
MAE: 2.0433711306802156
EVS: 0.5431088492114834
