Model: GRU
MSE: 5.901095934759513
MAE: 1.8191018145659874
EVS: 0.5925225791431746
