Model: GRU
MSE: 339.2645337866583
MAE: 17.943479048794714
EVS: -0.22040561788705082
