Model: GRU
MSE: 5.619010252059407
MAE: 1.6848177745424469
EVS: 0.6035258244410335
