Model: GRU
MSE: 319.43911415904785
MAE: 17.42356914898445
EVS: -0.11895916257555328
