Model: GRU
MSE: 6.534754232133173
MAE: 1.7961409256376069
EVS: 0.5443787783107399
