Model: GRU
MSE: 14.059084077786839
MAE: 3.098525984533902
EVS: 0.10447717759495001
