Model: GRU
MSE: 6.049391852533992
MAE: 1.87608606239845
EVS: 0.591381757387792
