Model: GRU
MSE: 5.480041096085191
MAE: 1.7346274030619655
EVS: 0.6166244650946505
