Model: GRU
MSE: 307.0003056166673
MAE: 17.061563471267963
EVS: -0.12213471640948192
