Model: GRU
MSE: 6.766579648597995
MAE: 1.8625621220161175
EVS: 0.5910794361801242
