Model: GRU
MSE: 6.324710007049597
MAE: 1.8438990527185901
EVS: 0.5785645390887297
