Model: GRU
MSE: 8.688206328897701
MAE: 2.4646046983784644
EVS: 0.5957940609385146
