Model: GRU
MSE: 7.019920694529183
MAE: 2.082894465018963
EVS: 0.5542426294710355
