Model: GRU
MSE: 7.205706566572491
MAE: 2.2284493364136795
EVS: 0.6207068335995958
