Model: GRU
MSE: 6.504957676727811
MAE: 1.8751039011725064
EVS: 0.5504738471842958
