Model: GRU
MSE: 6.057667149988403
MAE: 1.8255039823466335
EVS: 0.5975216415988409
