Model: GRU
MSE: 5.979333017464612
MAE: 1.7801787524387753
EVS: 0.5784793333578648
