Model: GRU
MSE: 10.251314717813122
MAE: 2.7088382942923186
EVS: 0.5707587608392152
