Model: GRU
MSE: 6.174927606070363
MAE: 1.8038380146026611
EVS: 0.6165684240970011
