Model: GRU
MSE: 7.825469344435156
MAE: 2.2591718640820733
EVS: 0.5741971418903624
