Model: GRU
MSE: 6.700810037682835
MAE: 1.880273884740369
EVS: 0.5317809892565728
