Model: GRU
MSE: 8.826690427697846
MAE: 2.1616413839932145
EVS: 0.4834220937423619
