Model: GRU
MSE: 6.171855865309838
MAE: 1.8221469912035713
EVS: 0.5849671860844747
