Model: GRU
MSE: 6.708720296642459
MAE: 1.912132842200143
EVS: 0.6404526153008233
