Model: GRU
MSE: 6.815410314923489
MAE: 1.9734642998925571
EVS: 0.6137754473851011
