Model: GRU
MSE: 5.590608507756151
MAE: 1.7565980820820248
EVS: 0.6115553383108244
