Model: GRU
MSE: 5.401557545893599
MAE: 1.6821583714978448
EVS: 0.618883452111852
