Model: GRU
MSE: 268.8302023047842
MAE: 15.936699725430588
EVS: -0.04793752024598752
