Model: GRU
MSE: 8.639520358336531
MAE: 2.2200678757258823
EVS: 0.6465841936753534
