Model: GRU
MSE: 1492.456720240327
MAE: 38.4695113609577
EVS: 0.11423586181332013
