Model: GRU
MSE: 5.636069174646528
MAE: 1.7856747693028943
EVS: 0.6071929574904347
