Model: GRU
MSE: 5.914365021843577
MAE: 1.7754317439835647
EVS: 0.5827597592797795
