Model: GRU
MSE: 12.981949095857638
MAE: 3.0917063581532447
EVS: 0.5626767634744203
