Model: GRU
MSE: 7.963501569599367
MAE: 2.0915777601044754
EVS: 0.5657944795290133
