Model: GRU
MSE: 8.021860815132989
MAE: 2.2548211607439765
EVS: 0.5443864831126344
