Model: GRU
MSE: 5.6194619684091744
MAE: 1.6882191690905342
EVS: 0.6106482171597553
