Model: GRU
MSE: 6.153021329721269
MAE: 1.7746374935939395
EVS: 0.5697970471012073
