Model: GRU
MSE: 11.021351330572669
MAE: 2.8720551523669013
EVS: 0.6079436852323051
