Model: GRU
MSE: 6.193020361933079
MAE: 1.977890236624356
EVS: 0.6060400687947588
