Model: GRU
MSE: 16.32305669370534
MAE: 3.591050587851426
EVS: 0.5818036353536247
