Model: GRU
MSE: 6.446734627088788
MAE: 1.9387213197247735
EVS: 0.5698294828216259
