Model: GRU
MSE: 7.230883501451883
MAE: 2.1523744813327133
EVS: 0.5900862351011777
