Model: GRU
MSE: 6.784596940322201
MAE: 2.092893222282673
EVS: 0.603113831175222
