Model: GRU
MSE: 6.373327688890993
MAE: 1.8744958515824943
EVS: 0.5682791564735667
