Model: GRU
MSE: 7.168668861902586
MAE: 2.1488255961187956
EVS: 0.5732612036582805
