Model: GRU
MSE: 5.981155757486108
MAE: 1.921319270956105
EVS: 0.6087079202935466
