Model: GRU
MSE: 13.478710599404307
MAE: 3.0045886204160492
EVS: 0.11563675388820482
