Model: GRU
MSE: 5.94887468766906
MAE: 1.7343333589619603
EVS: 0.5803583551241955
