Model: GRU
MSE: 5.557248778451049
MAE: 1.6592673515451366
EVS: 0.6152678161774803
