Model: GRU
MSE: 6.442869997642028
MAE: 1.9488629061600258
EVS: 0.5916766695922879
