Model: GRU
MSE: 11.282666383398396
MAE: 2.8969957705201774
EVS: 0.6169192133252288
