Model: GRU
MSE: 341.5025598762842
MAE: 18.04387955007882
EVS: -0.12337749172120605
