Model: GRU
MSE: 5.902573750476112
MAE: 1.7596658344926506
EVS: 0.5837294351803253
