Model: GRU
MSE: 6.051539468333513
MAE: 1.909118890762329
EVS: 0.5982332827000711
