Model: GRU
MSE: 12.958069125300065
MAE: 2.8781424062005403
EVS: 0.6001968741979603
