Model: GRU
MSE: 10.74142036295931
MAE: 2.854171687159045
EVS: 0.5782593369579847
