Model: GRU
MSE: 7.879773230085498
MAE: 2.2971112399265685
EVS: 0.583880292860389
