Model: GRU
MSE: 6.490853432513851
MAE: 1.9151845964892158
EVS: 0.5667492550572912
