Model: GRU
MSE: 9.534873014656553
MAE: 2.467328499103415
EVS: 0.42475392847326576
