Model: GRU
MSE: 324.0342667026039
MAE: 17.54003908202566
EVS: -0.1558578477004242
