Model: GRU
MSE: 11.59443502490494
MAE: 2.948656332903895
EVS: 0.5710784564323911
