Model: GRU
MSE: 7.433983149626411
MAE: 2.0791146426365295
EVS: 0.6161713941245286
