Model: GRU
MSE: 11.333052245625364
MAE: 2.9090752848263444
EVS: 0.5620668674990021
