Model: GRU
MSE: 22.470162530045453
MAE: 4.290922395114241
EVS: 0.485341462365776
