Model: GRU
MSE: 7.329289651768018
MAE: 2.19689575557051
EVS: 0.6142623479507767
