Model: GRU
MSE: 8.834365764140992
MAE: 2.488373106923597
EVS: 0.5694986133927638
