Model: GRU
MSE: 19.830719443229288
MAE: 3.7951554923221984
EVS: 0.0
