Model: GRU
MSE: 351.8119091932392
MAE: 18.30693848379727
EVS: -0.17608142035851615
