Model: GRU
MSE: 8.288458685594119
MAE: 2.379247780503898
EVS: 0.601979558254531
