Model: GRU
MSE: 7.472881127766198
MAE: 2.0036483715320457
EVS: 0.5320658755013441
