Model: GRU
MSE: 5.6614585118725325
MAE: 1.692608455131794
EVS: 0.6011236256750838
