Model: GRU
MSE: 5.46562446248469
MAE: 1.6970597875529323
EVS: 0.6163691226915007
