Model: GRU
MSE: 9.967399081548091
MAE: 2.4313739743726006
EVS: 0.5930777436084513
