Model: GRU
MSE: 282.20314463987063
MAE: 16.355160988610365
EVS: -0.0380626681721119
