Model: GRU
MSE: 267.1091678265012
MAE: 15.893510119668369
EVS: -0.023502708448934095
