Model: GRU
MSE: 5.829851166423066
MAE: 1.7220115168341275
EVS: 0.5886485712076759
