Model: GRU
MSE: 6.555950663246285
MAE: 1.9814112104218582
EVS: 0.5902040563593673
