Model: GRU
MSE: 21.409252766233006
MAE: 4.0979793893879854
EVS: 0.4827599796219729
