Model: GRU
MSE: 6.723046363750235
MAE: 2.0916991809318803
EVS: 0.5985167137534203
