Model: GRU
MSE: 13.419245481172496
MAE: 3.2022579373984503
EVS: 0.5642640676944031
