Model: GRU
MSE: 8.781614109548283
MAE: 2.502354079279406
EVS: 0.5919628784415218
