Model: GRU
MSE: 11.919120267565082
MAE: 2.981486073855696
EVS: 0.5595322193723256
