Model: GRU
MSE: 5.682115694544242
MAE: 1.7173580958925445
EVS: 0.6092228164305097
