Model: GRU
MSE: 6.869673301211045
MAE: 2.0785496728173616
EVS: 0.5689314143162629
