Model: GRU
MSE: 6.427216195268581
MAE: 1.8676858975969512
EVS: 0.5550012830080827
