Model: GRU
MSE: 5.90669306735762
MAE: 1.9572490412613441
EVS: 0.6417184662329484
