Model: GRU
MSE: 6.559621485225597
MAE: 2.0002134092922867
EVS: 0.5489714565121679
