Model: GRU
MSE: 298.31298044097804
MAE: 16.816531410505032
EVS: -0.09489124343988387
