Model: GRU
MSE: 7.53079196376138
MAE: 2.0434548197121454
EVS: 0.5862569004798857
