Model: GRU
MSE: 6.102860168322705
MAE: 1.8707784290971428
EVS: 0.5901337984440713
