Model: GRU
MSE: 12.504624307536279
MAE: 2.8014261640351394
EVS: 0.11948036622575464
