Model: GRU
MSE: 6.693846972499504
MAE: 2.05026100421774
EVS: 0.5979545929229553
