Model: GRU
MSE: 6.3806627433595136
MAE: 1.9539436800726528
EVS: 0.5764862120204522
