Model: GRU
MSE: 347.0173741611591
MAE: 18.20420100360081
EVS: -0.10245440259876637
