Model: GRU
MSE: 6.179369702209192
MAE: 1.8552387171778186
EVS: 0.5653418796088201
