Model: GRU
MSE: 6.357191263479386
MAE: 1.9761077288923592
EVS: 0.577722160694065
