Model: GRU
MSE: 8.86030907173789
MAE: 2.2622513688843826
EVS: 0.5828905749757285
