Model: GRU
MSE: 6.013749509422441
MAE: 1.721650633318671
EVS: 0.5808071895769781
