Model: GRU
MSE: 5.986070212928772
MAE: 1.754004166044038
EVS: 0.5778279012017864
