Model: GRU
MSE: 7.057286751749687
MAE: 2.1381121914962242
EVS: 0.6169644740598648
