Model: GRU
MSE: 6.639370728989778
MAE: 2.0184985686992776
EVS: 0.5791061102177806
