Model: GRU
MSE: 347.9133514368224
MAE: 18.232297650698957
EVS: -0.09343927148673803
