Model: GRU
MSE: 8.460761654090831
MAE: 2.1749640168814826
EVS: 0.5778968865403777
