Model: GRU
MSE: 10.12447634694538
MAE: 2.7212877437986176
EVS: 0.5815588238872547
