Model: GRU
MSE: 6.259832837414631
MAE: 1.7630127791700692
EVS: 0.5649689939887548
