Model: GRU
MSE: 6.896016441460264
MAE: 2.081994813064049
EVS: 0.5866362856855989
