Model: GRU
MSE: 5.8719215366101025
MAE: 1.7861234977327545
EVS: 0.5886757355085033
