Model: GRU
MSE: 13.686833194133527
MAE: 2.8045622961861745
EVS: 0.320487965851015
