Model: GRU
MSE: 331.750215412451
MAE: 17.783564269542694
EVS: -0.09332520978434866
