Model: GRU
MSE: 6.033381556298928
MAE: 1.793867407173946
EVS: 0.5899638899357058
