Model: GRU
MSE: 5.887099853440889
MAE: 1.7783664588270516
EVS: 0.5918754473712959
