Model: GRU
MSE: 6.002949775829546
MAE: 1.8080446062416866
EVS: 0.5802963930047421
