Model: GRU
MSE: 9.744300888147787
MAE: 2.63936107734154
EVS: 0.5751382157772418
