Model: GRU
MSE: 5.429300330557343
MAE: 1.7389259831658725
EVS: 0.6227725310902636
