Model: GRU
MSE: 5.967872143378223
MAE: 1.8191439365518505
EVS: 0.5804541523862008
