Model: GRU
MSE: 11.896473387255995
MAE: 2.981848120689392
EVS: 0.5556016536668689
