Model: GRU
MSE: 317.7142065823001
MAE: 17.380840502936266
EVS: -0.10218274895357404
