Model: GRU
MSE: 5.64978143283154
MAE: 1.70932596305321
EVS: 0.6017356053768801
