Model: GRU
MSE: 6.92883540603633
MAE: 1.962976726992377
EVS: 0.6088910664728303
