Model: GRU
MSE: 6.565654739565428
MAE: 2.0594667566233666
EVS: 0.6001103035206357
