Model: GRU
MSE: 6.828060032925256
MAE: 2.0180794617225386
EVS: 0.5409927992963672
