Model: GRU
MSE: 3980.63085869187
MAE: 62.9006830412766
EVS: -0.7029513804114889
