Model: GRU
MSE: 6.526530102982555
MAE: 1.9130076704354122
EVS: 0.600558144101056
