Model: GRU
MSE: 7.764605748191449
MAE: 2.2176456698055924
EVS: 0.5398890448295415
