Model: GRU
MSE: 7.382050246083689
MAE: 2.2437659625349373
EVS: 0.6300444664223872
