Model: GRU
MSE: 7.071532965482678
MAE: 2.148641693181005
EVS: 0.6052029932807181
