Model: GRU
MSE: 5.856433438429785
MAE: 1.8558416654323708
EVS: 0.6108974214725866
