Model: GRU
MSE: 7.247727798941394
MAE: 1.9429411477056042
EVS: 0.5660438935369887
