Model: GRU
MSE: 6.426420229436534
MAE: 1.8013921277276401
EVS: 0.5917696995063991
