Model: GRU
MSE: 6.310686004088295
MAE: 1.983707358097208
EVS: 0.5974917034139959
