Model: GRU
MSE: 6.219186746607977
MAE: 1.8326683373286807
EVS: 0.5612322574787001
