Model: GRU
MSE: 5.478474137929935
MAE: 1.6945973223653332
EVS: 0.6135326339267665
