Model: GRU
MSE: 334.4915941126316
MAE: 17.814869629925695
EVS: -0.20812265513405603
