Model: GRU
MSE: 7.134829931121722
MAE: 2.0328607435884147
EVS: 0.7308835636591064
