Model: GRU
MSE: 9.993001388483481
MAE: 2.6036013488111824
EVS: 0.7188486025606251
