Model: GRU
MSE: 6.652431204354522
MAE: 1.986196419288372
EVS: 0.7263385786157408
