Model: GRU
MSE: 7.57343676919716
MAE: 1.9657591334704696
EVS: 0.7210018844329666
