Model: GRU
MSE: 6.957409440925462
MAE: 1.9931434002415886
EVS: 0.7178150295595418
