Model: GRU
MSE: 7.590435937157425
MAE: 2.125467030138805
EVS: 0.7222220372641499
