Model: GRU
MSE: 9.12048327917936
MAE: 2.4650174913735223
EVS: 0.7138774951494937
