Model: GRU
MSE: 7.061699597924693
MAE: 1.9939108162090695
EVS: 0.7088928448872388
