Model: GRU
MSE: 9.49847342448413
MAE: 2.553200734072718
EVS: 0.6894516435983458
