Model: GRU
MSE: 6.685265550497125
MAE: 1.9940127319303051
EVS: 0.7265145018808883
