Model: GRU
MSE: 7.564170999578373
MAE: 2.201144074571544
EVS: 0.7119455493267259
