Model: GRU
MSE: 6.657886953295867
MAE: 1.87198302047006
EVS: 0.7405209576833361
