Model: GRU
MSE: 8.401983986131919
MAE: 2.3938383912218026
EVS: 0.718760096092253
