Model: GRU
MSE: 7.1176503146858945
MAE: 2.0515188677557585
EVS: 0.7214276915105208
