Model: GRU
MSE: 8.956231060768195
MAE: 2.437720909200866
EVS: 0.7009415991814683
