Model: GRU
MSE: 7.998115919949597
MAE: 2.244276396159468
EVS: 0.7215160095844442
