Model: GRU
MSE: 91.5727128768136
MAE: 8.096839173086758
EVS: -0.07405510095591672
