Model: GRU
MSE: 7.1980993183820985
MAE: 2.0632857413127503
EVS: 0.7159005296079815
