Model: GRU
MSE: 7.482852071565633
MAE: 2.1748400967696617
EVS: 0.7229409696258519
