Model: GRU
MSE: 7.347473964671126
MAE: 2.1746919566187364
EVS: 0.7418468630614481
