Model: GRU
MSE: 7.124850371953477
MAE: 2.0068444568535377
EVS: 0.7116858890289548
