Model: GRU
MSE: 6.7082242126245895
MAE: 1.9560453768434196
EVS: 0.7237735326892014
