Model: GRU
MSE: 8.903753124379195
MAE: 2.390120386049665
EVS: 0.7103533837216609
