Model: GRU
MSE: 10.230853662508233
MAE: 2.7005932043338645
EVS: 0.7157552273959233
