Model: GRU
MSE: 6.962001468847971
MAE: 1.9303167195155704
EVS: 0.7160022478040355
