Model: GRU
MSE: 105.3750654346037
MAE: 8.851858340460678
EVS: -0.11558068792774301
