Model: GRU
MSE: 2169.6724248451164
MAE: 46.30682346738618
EVS: -0.04666552267671298
