Model: GRU
MSE: 13.50555486455462
MAE: 3.190450438137712
EVS: 0.7026224748725111
