Model: GRU
MSE: 364.98659385131043
MAE: 18.244322743909112
EVS: -0.32662752502305836
