Model: GRU
MSE: 8.075584055698716
MAE: 2.165771254177751
EVS: 0.6715491834262455
