Model: GRU
MSE: 37.01359706029764
MAE: 5.111537867578967
EVS: 0.0
