Model: GRU
MSE: 8.592592539822551
MAE: 2.179776093055462
EVS: 0.7209723723341732
