Model: GRU
MSE: 6.8586414683322
MAE: 2.0596097440555177
EVS: 0.7343459535574379
