Model: GRU
MSE: 10.845722143949274
MAE: 2.7957033268336593
EVS: 0.7041660982269868
