Model: GRU
MSE: 6.95836703004631
MAE: 2.0712522720468454
EVS: 0.718495809667581
