Model: GRU
MSE: 8.83907165891889
MAE: 2.3777386320048364
EVS: 0.71513877536954
