Model: GRU
MSE: 10.152954481537488
MAE: 2.6446939090202592
EVS: 0.7085478689305587
