Model: GRU
MSE: 8.608747059351007
MAE: 2.411228558112835
EVS: 0.7355131119712764
