Model: GRU
MSE: 9.335015035834171
MAE: 2.4144111995039315
EVS: 0.6902320747235202
