Model: GRU
MSE: 7.768149038223252
MAE: 2.091971421036227
EVS: 0.6801239421578542
