Model: GRU
MSE: 7.377615908103059
MAE: 2.1224397297563224
EVS: 0.6978599766157322
