Model: GRU
MSE: 7.669744914792533
MAE: 2.2573471028229286
EVS: 0.7430879514677876
