Model: GRU
MSE: 7.997293897574056
MAE: 2.3364474280127165
EVS: 0.7356066108359274
