Model: GRU
MSE: 44.103859138930574
MAE: 5.696881458677095
EVS: -0.004975368929181823
