Model: GRU
MSE: 7.422724625480871
MAE: 1.9240789886178642
EVS: 0.7192470164671876
