Model: GRU
MSE: 7.416147619481978
MAE: 2.078992582600692
EVS: 0.6940227520359312
