Model: GRU
MSE: 6.162450276571748
MAE: 1.8396377851223122
EVS: 0.7456649423916065
