Model: GRU
MSE: 7.805942932987385
MAE: 2.1246910239088126
EVS: 0.6991575721402157
