Model: GRU
MSE: 7.727197331100459
MAE: 2.1273967459284027
EVS: 0.7177412387625194
