Model: GRU
MSE: 246.60355494957616
MAE: 14.589461203279166
EVS: -0.3935093164805614
