Model: GRU
MSE: 7.683013820512051
MAE: 2.002942418229991
EVS: 0.6855400840732067
