Model: GRU
MSE: 8.515703128727928
MAE: 2.374254296565878
EVS: 0.7142874401908925
