Model: GRU
MSE: 8.133094101049291
MAE: 2.2367278008625426
EVS: 0.6904077815016518
