Model: GRU
MSE: 389.8551425432913
MAE: 18.80741106230637
EVS: -0.49199106693312755
