Model: GRU
MSE: 11.023313470882632
MAE: 2.7240916983834627
EVS: 0.6721629004168392
