Model: GRU
MSE: 1768.3500956927107
MAE: 41.78585335303997
EVS: 0.07959110099547373
