Model: GRU
MSE: 6.638988693100199
MAE: 1.9337377096044606
EVS: 0.7284648971942695
