Model: GRU
MSE: 7.903452216511945
MAE: 2.295850466037619
EVS: 0.7254198445255647
