Model: GRU
MSE: 7.940840486307939
MAE: 2.072707449567729
EVS: 0.6922563234942635
