Model: GRU
MSE: 7.230744559616005
MAE: 2.1538447264967293
EVS: 0.7056390307214017
