Model: GRU
MSE: 72.03497914099457
MAE: 6.7102234281342605
EVS: -0.11509396057862431
