Model: GRU
MSE: 6.904617037606346
MAE: 1.9771174685708408
EVS: 0.7195154353274562
