Model: GRU
MSE: 7.561654542921011
MAE: 2.1136449369890937
EVS: 0.703618238710832
