Model: GRU
MSE: 6.671860055328909
MAE: 1.9354099323009621
EVS: 0.7245412202352166
