Model: GRU
MSE: 9.122531932916264
MAE: 2.5051688695776053
EVS: 0.732801066474688
