Model: GRU
MSE: 11.899101066396
MAE: 2.975281191283259
EVS: 0.7019470783398918
