Model: GRU
MSE: 14.246524228653753
MAE: 3.271227318665077
EVS: 0.6939658421698894
