Model: GRU
MSE: 7.487137791372771
MAE: 2.237732098020356
EVS: 0.7365847621714148
