Model: GRU
MSE: 6.735382772765708
MAE: 1.9317248854143867
EVS: 0.725377859378269
