Model: GRU
MSE: 9.08005039617209
MAE: 2.449966389557411
EVS: 0.7088249737617998
