Model: GRU
MSE: 7.6401365674574535
MAE: 2.203085471843851
EVS: 0.7157351676047078
