Model: GRU
MSE: 8.617638132449214
MAE: 2.312518811225891
EVS: 0.7180846110073524
