Model: GRU
MSE: 7.45701523314957
MAE: 2.0685908999936333
EVS: 0.7129224957157931
