Model: GRU
MSE: 1128.5513919839216
MAE: 33.11968389050714
EVS: -0.3062582054563494
