Model: GRU
MSE: 7.551380791833922
MAE: 2.178626368785727
EVS: 0.7272589646578802
