Model: GRU
MSE: 5862.541340854112
MAE: 76.39449441844019
EVS: -0.09092754144717752
