Model: GRU
MSE: 7.671182964865391
MAE: 2.2602904726719033
EVS: 0.728405343979279
