Model: GRU
MSE: 84.1098053054924
MAE: 7.590919486407576
EVS: -0.09361880962761537
