Model: GRU
MSE: 6.80485049014616
MAE: 1.9906954590616555
EVS: 0.7232342885108487
