Model: GRU
MSE: 9.23128756177331
MAE: 2.504293577424411
EVS: 0.7013125239613756
