Model: GRU
MSE: 6.944696612179861
MAE: 2.0908499031231322
EVS: 0.7220782716101737
