Model: GRU
MSE: 6.543322310820739
MAE: 1.936330724379112
EVS: 0.7308451012911052
