Model: GRU
MSE: 7.006220217069364
MAE: 2.0338316097341735
EVS: 0.7212142863143337
