Model: GRU
MSE: 8.365034846080006
MAE: 2.2515624453281533
EVS: 0.7270610267991211
