Model: GRU
MSE: 7.151643619827692
MAE: 1.9964971562911724
EVS: 0.7101402220884987
