Model: GRU
MSE: 6.285840909654022
MAE: 1.8415274106223007
EVS: 0.7421968730071452
