Model: GRU
MSE: 100.61406968279319
MAE: 8.775814525012311
EVS: 0.025644812763292002
