Model: GRU
MSE: 7.3879307840402415
MAE: 2.1817724581422477
EVS: 0.7219819838537065
