Model: GRU
MSE: 6.9117431290568225
MAE: 1.9199522374005153
EVS: 0.7169073215439803
