Model: GRU
MSE: 7.62594793608868
MAE: 2.177333020958407
EVS: 0.7302933917607499
