Model: GRU
MSE: 8.656529136893663
MAE: 2.3614813356563964
EVS: 0.714850187227217
