Model: GRU
MSE: 7.262757361169424
MAE: 1.9913443439993366
EVS: 0.7126588400549654
