Model: GRU
MSE: 10.67913063940895
MAE: 2.7452059819780548
EVS: 0.7246758610793793
