Model: GRU
MSE: 7.422739395601384
MAE: 2.129619129772844
EVS: 0.7128508738036867
