Model: GRU
MSE: 8.235118677061143
MAE: 2.271097818325306
EVS: 0.6599909106748135
