Model: GRU
MSE: 7.487611661874262
MAE: 2.143409720782576
EVS: 0.7162573467618827
