Model: GRU
MSE: 262.4419301990029
MAE: 15.338666389728415
EVS: -0.12167369214985269
