Model: GRU
MSE: 8.488545307959933
MAE: 2.213963821016509
EVS: 0.6956996413010028
