Model: GRU
MSE: 8.312524304957206
MAE: 2.2747659847654145
EVS: 0.7070089363094529
