Model: GRU
MSE: 7.48114715101879
MAE: 2.0490140668277084
EVS: 0.693540713509649
