Model: GRU
MSE: 227.52969198562258
MAE: 13.995476467856045
EVS: -0.30701787675068704
