Model: GRU
MSE: 8.937393257523
MAE: 2.525008002231861
EVS: 0.7286398411109158
