Model: GRU
MSE: 7.0068259032078375
MAE: 1.9486700995215054
EVS: 0.7128641524248003
