Model: GRU
MSE: 7.292780176888376
MAE: 2.004447355352599
EVS: 0.7286130082063766
