Model: GRU
MSE: 7.247494024975113
MAE: 1.9171481255827278
EVS: 0.7162797541239714
