Model: GRU
MSE: 7.484751387903784
MAE: 2.127953915760435
EVS: 0.7162986539582827
