Model: GRU
MSE: 6.760752959176784
MAE: 1.9200751041543895
EVS: 0.722559982801126
