Model: GRU
MSE: 10.356874955990504
MAE: 2.6136013516064347
EVS: 0.708336563348836
