Model: GRU
MSE: 6.538262730370881
MAE: 1.868981723127694
EVS: 0.7325834850182251
