Model: GRU
MSE: 8.4529722164312
MAE: 2.22116978826194
EVS: 0.6988015181884372
