Model: GRU
MSE: 12.947655530675508
MAE: 3.1456355986924005
EVS: 0.6887472559946712
