Model: GRU
MSE: 7.459012290331701
MAE: 2.0921216792073745
EVS: 0.7080414254830036
