Model: GRU
MSE: 7.1458886057143465
MAE: 1.9482758836499576
EVS: 0.7128295360010478
