Model: GRU
MSE: 6.668060610804178
MAE: 1.867587177917875
EVS: 0.7291111419800346
