Model: GRU
MSE: 92.1747885459244
MAE: 8.225598002302236
EVS: -0.012140761610024198
