Model: GRU
MSE: 12.114459515977195
MAE: 2.9765086050691276
EVS: 0.7261488791248492
