Model: GRU
MSE: 326.4358613602712
MAE: 17.135034528271905
EVS: -0.35532957945156673
