Model: GRU
MSE: 8.052038404770416
MAE: 2.289057657636445
EVS: 0.71640922012823
