Model: GRU
MSE: 10.653747273744772
MAE: 2.6726550315988473
EVS: 0.6412799220374492
