Model: GRU
MSE: 61.759369374382096
MAE: 6.9227330109168745
EVS: -0.012130402398204287
