Model: GRU
MSE: 8.459639942025257
MAE: 2.1810580533126305
EVS: 0.6768952952494685
