Model: GRU
MSE: 6.4051031809694035
MAE: 1.9548466966069977
EVS: 0.7380297074888921
