Model: GRU
MSE: 43.363923809280564
MAE: 5.89746198983028
EVS: 0.26012940206079116
