Model: GRU
MSE: 7.252202346508177
MAE: 2.034946670819973
EVS: 0.7033502599936857
