Model: GRU
MSE: 6.634113901038057
MAE: 1.9165640021192616
EVS: 0.7322054749359244
