Model: GRU
MSE: 13.629464641289882
MAE: 3.181652340395697
EVS: 0.6867556615611004
