Model: GRU
MSE: 7.54274112487089
MAE: 2.250673295095049
EVS: 0.7096412064431022
