Model: GRU
MSE: 20.837267689809764
MAE: 4.0834822038124345
EVS: 0.6803013507777842
