Model: GRU
MSE: 7.059250146277
MAE: 2.0270666952790886
EVS: 0.7382570560585918
