Model: GRU
MSE: 10.621654835814853
MAE: 2.7363138856558966
EVS: 0.7086549600106109
