Model: GRU
MSE: 7.00897126634027
MAE: 1.950928704491977
EVS: 0.7125710336529327
