Model: GRU
MSE: 6.8460074941245574
MAE: 1.9284418811058175
EVS: 0.7272461122532945
