Model: GRU
MSE: 103.03143468610405
MAE: 8.732315499207068
EVS: -0.1056068679884905
