Model: GRU
MSE: 21.411247573024664
MAE: 4.044904170365169
EVS: 0.6717155134986029
