Model: GRU
MSE: 757.9419325564645
MAE: 27.107438284775306
EVS: 0.04506766990506583
