Model: GRU
MSE: 6.665050643810977
MAE: 1.9303919282452813
EVS: 0.7320515718295924
