Model: GRU
MSE: 8.402059905611939
MAE: 2.2721380221432654
EVS: 0.6853885016379102
