Model: GRU
MSE: 10.763363775449749
MAE: 2.7889967334681542
EVS: 0.6989773741579739
