Model: GRU
MSE: 6.709729541742638
MAE: 1.9235801881757275
EVS: 0.7301967262402806
