Model: GRU
MSE: 7.940992908860629
MAE: 2.268665807000522
EVS: 0.7223611423743708
