Model: GRU
MSE: 6.4136883663403825
MAE: 1.8543282500628768
EVS: 0.7380735230098264
