Model: GRU
MSE: 7.897854245591316
MAE: 2.1810311603135077
EVS: 0.6955654447119759
