Model: GRU
MSE: 6.736773274941411
MAE: 2.0219482306776375
EVS: 0.7255793574654834
