Model: GRU
MSE: 90.50404182305718
MAE: 8.06800707455339
EVS: -0.04917492714751104
