Model: GRU
MSE: 7.686958908890448
MAE: 2.203190733646524
EVS: 0.7241622615209538
