Model: GRU
MSE: 7.1176096032808385
MAE: 1.9852514349181076
EVS: 0.7071050478844976
