Model: GRU
MSE: 6.947589472496283
MAE: 2.0447068461056412
EVS: 0.713943760144155
