Model: GRU
MSE: 8.845455944995477
MAE: 2.451343205468408
EVS: 0.7197374785672832
