Model: GRU
MSE: 81.99355960775624
MAE: 7.561751844554112
EVS: -0.024491679071427797
