Model: GRU
MSE: 7.331652098762425
MAE: 2.029609213615286
EVS: 0.6978520406050891
