Model: GRU
MSE: 14.992630817222027
MAE: 3.2215762672753168
EVS: 0.681983834327804
