Model: GRU
MSE: 7.304711583705661
MAE: 2.092651597384749
EVS: 0.7176513030233724
