Model: GRU
MSE: 6.915654438518583
MAE: 1.9864248838917962
EVS: 0.7184922900214905
