Model: GRU
MSE: 379.3958647632072
MAE: 18.71525764465332
EVS: -0.20291771588633378
