Model: GRU
MSE: 7.014344982925799
MAE: 2.0612407696658166
EVS: 0.7234821024214189
