Model: GRU
MSE: 6.990748334277926
MAE: 2.0029788376956152
EVS: 0.7295501560483446
