Model: GRU
MSE: 58.086039993027825
MAE: 6.653364115747912
EVS: -0.017897836723781202
