Model: GRU
MSE: 6.384815404982354
MAE: 1.940860507817104
EVS: 0.7402076523355582
