Model: GRU
MSE: 6.363816844422912
MAE: 1.847477283971063
EVS: 0.7379544629629833
