Model: GRU
MSE: 7.213116731074685
MAE: 2.172870391401751
EVS: 0.738997539207398
