Model: GRU
MSE: 7.161968750601791
MAE: 1.9987240372032955
EVS: 0.7067665332229969
