Model: GRU
MSE: 7.953634786618777
MAE: 2.3118690211197426
EVS: 0.7272695807457807
