Model: GRU
MSE: 7.547704171974967
MAE: 2.0423925950609405
EVS: 0.7023639892071506
