Model: GRU
MSE: 6.53136723827229
MAE: 1.9030112726935025
EVS: 0.7331544341742939
