Model: GRU
MSE: 10.082922164675097
MAE: 2.73359255133004
EVS: 0.7346035570569207
