Model: GRU
MSE: 7.262533374755327
MAE: 2.0766370573948167
EVS: 0.700190450960424
