Model: GRU
MSE: 2577.9391002718216
MAE: 50.51339248131062
EVS: -0.08736510833985878
