Model: GRU
MSE: 7.508146147141169
MAE: 2.1271978822247735
EVS: 0.7088710887524198
