Model: GRU
MSE: 482.0582594357758
MAE: 21.423327741951777
EVS: 0.04628294507060304
