Model: GRU
MSE: 91.48467135220568
MAE: 8.2836593697811
EVS: 0.055928959150769564
