Model: GRU
MSE: 95.27285114280544
MAE: 8.385427296161652
EVS: -0.03043676282736607
