Model: GRU
MSE: 10.11119970137047
MAE: 2.4902532830320556
EVS: 0.6661662710169063
