Model: GRU
MSE: 2326.0200017016205
MAE: 47.97452683284365
EVS: -0.01009498850620294
