Model: GRU
MSE: 1244.590744778909
MAE: 34.71674557389884
EVS: -0.624189816112374
