Model: GRU
MSE: 6.948614902562523
MAE: 1.9054717031018487
EVS: 0.7155750976084925
