Model: GRU
MSE: 7.654494045817197
MAE: 2.180466531679548
EVS: 0.7110664253495558
