Model: GRU
MSE: 7.580075463777954
MAE: 2.106587631949063
EVS: 0.6875519238767853
