Model: GRU
MSE: 2288.653940011319
MAE: 47.51941187628384
EVS: -0.26172955741670934
