Model: GRU
MSE: 6.812598738657269
MAE: 2.016649404476429
EVS: 0.7254800926556704
