Model: GRU
MSE: 6.9605499528922286
MAE: 1.961193440289333
EVS: 0.7173987281493428
