Model: GRU
MSE: 9.235476568177779
MAE: 2.333562600201574
EVS: 0.6677599932916278
