Model: GRU
MSE: 6.769620127554009
MAE: 1.999645237264962
EVS: 0.7208356776683364
