Model: GRU
MSE: 8.564570470945998
MAE: 2.41529760689571
EVS: 0.7259717992287278
