Model: GRU
MSE: 8.281441495804641
MAE: 2.234026584131964
EVS: 0.6758721348824855
