Model: GRU
MSE: 6.814072864873634
MAE: 1.9919586263853928
EVS: 0.7211278714876513
