Model: GRU
MSE: 11.292181920848195
MAE: 2.9309906795107086
EVS: 0.7092614058483018
