Model: GRU
MSE: 10.611847541103963
MAE: 2.6891429054326026
EVS: 0.6995370464417995
