Model: GRU
MSE: 1153.6946875454114
MAE: 33.552819219128835
EVS: -0.15205181363302733
