Model: GRU
MSE: 9.188737125462012
MAE: 2.4588540237525414
EVS: 0.7055859915192553
