Model: GRU
MSE: 8.188489597448529
MAE: 2.334482799316275
EVS: 0.7440176306235844
