Model: GRU
MSE: 404.8755820792532
MAE: 19.33295539329792
EVS: -0.28456096338574866
