Model: GRU
MSE: 6.947026203885772
MAE: 2.0368734392626533
EVS: 0.7332210988508351
