Model: GRU
MSE: 6.976671803220017
MAE: 2.0679052842074426
EVS: 0.7226318968188961
