Model: GRU
MSE: 7.123324161858571
MAE: 2.036186212095721
EVS: 0.7165038589398052
