Model: GRU
MSE: 89.44923328727346
MAE: 8.140403048745517
EVS: 0.04282371102815796
