Model: GRU
MSE: 6.215059104841253
MAE: 1.789050564683717
EVS: 0.743462488134212
