Model: GRU
MSE: 6.257977229981202
MAE: 1.8833246559932315
EVS: 0.7421453421689657
