Model: GRU
MSE: 8.366261682685733
MAE: 2.280105928922522
EVS: 0.7009499712595983
