Model: GRU
MSE: 10.079226362736241
MAE: 2.509583557474202
EVS: 0.6314101808139183
