Model: GRU
MSE: 9.435299970576487
MAE: 2.510659365818418
EVS: 0.7137422912849858
