Model: GRU
MSE: 6.936386771720855
MAE: 1.891186993697594
EVS: 0.7161898985437711
