Model: GRU
MSE: 7.97369043701279
MAE: 2.287972458477678
EVS: 0.7331693178581595
