Model: GRU
MSE: 6.69280158467576
MAE: 2.0326036379255097
EVS: 0.7261607362374276
