Model: GRU
MSE: 9.962990338509917
MAE: 2.5477692957582145
EVS: 0.687892695740622
