Model: GRU
MSE: 7.8218489889376155
MAE: 2.261188737277327
EVS: 0.6821502597764368
