Model: GRU
MSE: 6.468749507186874
MAE: 1.8793103777129074
EVS: 0.7372574156298463
