Model: GRU
MSE: 11.469915778427508
MAE: 2.811884790658951
EVS: 0.6946278583129135
