Model: GRU
MSE: 7.800699952246012
MAE: 2.1175462192502517
EVS: 0.7048519382972398
