Model: GRU
MSE: 8.82498888044223
MAE: 2.405561089515686
EVS: 0.7318462870744545
