Model: GRU
MSE: 7.545640136795358
MAE: 2.039198378036762
EVS: 0.7045897682444011
