Model: GRU
MSE: 11.305794834449694
MAE: 2.816396454284931
EVS: 0.708945147359396
