Model: GRU
MSE: 7.300838190016954
MAE: 1.9747508086007217
EVS: 0.7006930710171306
