Model: GRU
MSE: 8.337981339339123
MAE: 2.2500121346835433
EVS: 0.7191832780780893
