Model: GRU
MSE: 6.6866002823924156
MAE: 2.029933740352762
EVS: 0.7311869052644062
