Model: GRU
MSE: 6.745934091637301
MAE: 1.8431270656914547
EVS: 0.7254142142432773
