Model: GRU
MSE: 7.586256779912959
MAE: 2.1175428546708206
EVS: 0.7043519872469459
