Model: GRU
MSE: 7.675020341691918
MAE: 2.2572182786875756
EVS: 0.7322093451004783
