Model: GRU
MSE: 56.87987938280025
MAE: 6.516629232679095
EVS: 0.007549953463913184
