Model: GRU
MSE: 12.4032443425879
MAE: 2.9611552419333624
EVS: 0.6834841255865214
