Model: GRU
MSE: 7.20283069134711
MAE: 2.0348485595193404
EVS: 0.7179793090600545
