Model: GRU
MSE: 215.55549826690813
MAE: 13.523802576393917
EVS: -0.3485505092779717
