Model: GRU
MSE: 6.466476596890063
MAE: 1.8948990640969112
EVS: 0.7337292908589477
