Model: GRU
MSE: 7.054106800274248
MAE: 2.0688830079703497
EVS: 0.7219352286264608
