Model: GRU
MSE: 6.474076407971255
MAE: 1.9296279652365322
EVS: 0.7421549838513533
