Model: GRU
MSE: 9.479225343055797
MAE: 2.451557451281054
EVS: 0.7196008765708976
