Model: GRU
MSE: 6.526501917753131
MAE: 1.9613457054927432
EVS: 0.7316536362948438
