Model: GRU
MSE: 9.004148167700995
MAE: 2.4427407897751907
EVS: 0.7033354013744811
