Model: GRU
MSE: 8.934953725109102
MAE: 2.207183965321245
EVS: 0.6464766207008712
