Model: GRU
MSE: 7.014285974840726
MAE: 1.9773943691418088
EVS: 0.7108347503053059
