Model: GRU
MSE: 7.653860971285495
MAE: 2.168138076519144
EVS: 0.7174554514024534
