Model: GRU
MSE: 8.080665765360544
MAE: 2.2331438126235175
EVS: 0.7051702919586229
