Model: GRU
MSE: 7.835550746322972
MAE: 2.087242730732622
EVS: 0.6820380165373935
