Model: GRU
MSE: 1269.0359976714287
MAE: 34.27963427839608
EVS: -2.8786792177678358
