Model: GRU
MSE: 7.214256960381166
MAE: 1.900515211039576
EVS: 0.7049973079030243
