Model: GRU
MSE: 7.452297879625938
MAE: 2.120551674530424
EVS: 0.7139238624674794
