Model: GRU
MSE: 12.046805610225482
MAE: 2.9556995178091117
EVS: 0.7012720782398123
