Model: GRU
MSE: 9.362321695247793
MAE: 2.510299164673378
EVS: 0.7244036973369552
