Model: GRU
MSE: 6.736193092851315
MAE: 1.8503915564767246
EVS: 0.7246529442269837
