Model: GRU
MSE: 7.188821394455436
MAE: 1.955881168102396
EVS: 0.7053769876991687
