Model: GRU
MSE: 1542.5107050213528
MAE: 38.962739286751585
EVS: -0.008066746651699042
