Model: GRU
MSE: 10.46765984265324
MAE: 2.683018441857963
EVS: 0.731803816603199
