Model: GRU
MSE: 9.428939205872894
MAE: 2.4342279475310753
EVS: 0.682648620110015
