Model: GRU
MSE: 7.006685344126852
MAE: 2.0175487707401145
EVS: 0.7122419474556899
