Model: GRU
MSE: 7.595391889030177
MAE: 2.1057298810317597
EVS: 0.7100962288544317
