Model: GRU
MSE: 7.7285048127944815
MAE: 2.2934165658621954
EVS: 0.7259973478741366
