Model: GRU
MSE: 8.040651258663393
MAE: 2.1064243495464323
EVS: 0.7224892303818744
