Model: GRU
MSE: 115.32311292531276
MAE: 9.471712260410703
EVS: -0.05736955440538427
