Model: GRU
MSE: 10.36880446382542
MAE: 2.727596398057609
EVS: 0.707957153079487
