Model: GRU
MSE: 7.101299763771497
MAE: 1.9648744361153965
EVS: 0.7126568824851109
