Model: GRU
MSE: 11.302731169370743
MAE: 2.7293597500899742
EVS: 0.6852203278358145
