Model: GRU
MSE: 89.65020640564242
MAE: 8.254679338685397
EVS: 0.11188139822701815
