Model: GRU
MSE: 9.063559209477356
MAE: 2.462470214942406
EVS: 0.7217344137133803
