Model: GRU
MSE: 7.574981063759453
MAE: 2.1316786696170937
EVS: 0.6917123334519182
