Model: GRU
MSE: 7.489015123870574
MAE: 2.0182302573631548
EVS: 0.7008862185819643
