Model: GRU
MSE: 6.782222902104755
MAE: 1.9271903181898182
EVS: 0.7238285934221613
