Model: GRU
MSE: 6.685693287260811
MAE: 2.020336866378784
EVS: 0.7239978531059511
