Model: GRU
MSE: 13.255235055426745
MAE: 2.6898106953193404
EVS: 0.5215961483897968
