Model: GRU
MSE: 1996.1360708558707
MAE: 44.339392300309804
EVS: -0.24500498787031955
