Model: GRU
MSE: 8.073205450018552
MAE: 2.181028553124132
EVS: 0.7116726403579384
