Model: GRU
MSE: 8.049898809775206
MAE: 2.010488304598578
EVS: 0.670802259140683
