Model: GRU
MSE: 7.713136871844918
MAE: 2.1411143623549362
EVS: 0.7075902861440256
