Model: GRU
MSE: 14.016808346345066
MAE: 2.9938407704747956
EVS: 0.504750433086073
