Model: GRU
MSE: 9.776817174669626
MAE: 2.610870723066659
EVS: 0.7170542519672669
