Model: GRU
MSE: 7.056137996515296
MAE: 2.08167433327642
EVS: 0.7158664865826367
