Model: GRU
MSE: 6.4892857807429145
MAE: 1.83515556927385
EVS: 0.7335816257783618
