Model: GRU
MSE: 9.708150035303364
MAE: 2.59554490549811
EVS: 0.7127938821633568
