Model: GRU
MSE: 9.70320184738576
MAE: 2.6073099333664467
EVS: 0.6996582525928164
