Model: GRU
MSE: 6.6876957727490725
MAE: 1.977557190533342
EVS: 0.7345550828690752
