Model: GRU
MSE: 7.939016597673353
MAE: 2.222449488680938
EVS: 0.6994261823713608
