Model: GRU
MSE: 8.525129470614207
MAE: 2.2890136324126145
EVS: 0.6967431230458195
