Model: GRU
MSE: 2849.3565068497965
MAE: 53.15439013777108
EVS: 0.010444041959069117
