Model: GRU
MSE: 6.570873521245814
MAE: 1.9065584396493847
EVS: 0.7363390649401402
