Model: GRU
MSE: 8.021571455593039
MAE: 2.3277232852475396
EVS: 0.7259677019300848
