Model: GRU
MSE: 7.372123205902379
MAE: 2.034237767088002
EVS: 0.6998969182915591
