Model: GRU
MSE: 625.6844117919806
MAE: 23.609949580554304
EVS: -1.8180810031274395
