Model: GRU
MSE: 8.095599259889688
MAE: 2.388562325773568
EVS: 0.6981052795991443
