Model: GRU
MSE: 6.303429519442492
MAE: 1.8779445187798862
EVS: 0.7399286206128712
