Model: GRU
MSE: 9.417727638339045
MAE: 2.434076562010009
EVS: 0.6895591751780167
