Model: GRU
MSE: 7.202340656118499
MAE: 2.1131152366769723
EVS: 0.7304742326582943
