Model: GRU
MSE: 11.739343817053852
MAE: 2.9384379386901855
EVS: 0.7158622748062284
