Model: GRU
MSE: 9.138563754387311
MAE: 2.4974165250515115
EVS: 0.7320784640807974
