Model: GRU
MSE: 11.711463256149788
MAE: 2.861581841419483
EVS: 0.720921053180007
