Model: GRU
MSE: 89.60757123410717
MAE: 7.8937893078244965
EVS: -0.1269757798512643
