Model: GRU
MSE: 9.202080285618575
MAE: 2.3537282070209242
EVS: 0.657587354632306
