Model: GRU
MSE: 8.720272320615845
MAE: 2.478391676113523
EVS: 0.7410371173360163
