Model: GRU
MSE: 6.798381100820997
MAE: 1.9591377603596654
EVS: 0.7274849891915764
