Model: GRU
MSE: 9.466571894466048
MAE: 2.5881486925585517
EVS: 0.7102671512558559
