Model: GRU
MSE: 6.402988592294658
MAE: 1.88958019634773
EVS: 0.7356423147060364
