Model: GRU
MSE: 85.65647031143754
MAE: 7.561967483882246
EVS: -0.17559027989572895
