Model: GRU
MSE: 6.808400164424711
MAE: 2.016651287161071
EVS: 0.7257183868175139
