Model: GRU
MSE: 7.18923485402119
MAE: 2.048407306958889
EVS: 0.7239947606594268
