Model: GRU
MSE: 359.5838897628756
MAE: 18.180393350535425
EVS: -0.19970517269100396
