Model: GRU
MSE: 7.201378684884537
MAE: 2.1328972886348594
EVS: 0.7269428297912993
