Model: GRU
MSE: 7.250565351035264
MAE: 2.04608868524946
EVS: 0.7189991770391747
