Model: GRU
MSE: 7.784796287620725
MAE: 2.2424401599785377
EVS: 0.7174587031845545
