Model: GRU
MSE: 8.344954109493917
MAE: 2.2546530139857324
EVS: 0.6613876584218339
