Model: GRU
MSE: 4284.584615559755
MAE: 65.26468447981209
EVS: -0.03655209867749565
