Model: GRU
MSE: 8.599879486026559
MAE: 2.2936515842165264
EVS: 0.7031615612829167
