Model: GRU
MSE: 6.938779228514322
MAE: 2.0399653623844016
EVS: 0.7280411041399848
