Model: GRU
MSE: 7245.237252611065
MAE: 84.97656723548626
EVS: -2.220446049250313e-16
