Model: GRU
MSE: 9.940382601453111
MAE: 2.616616826632927
EVS: 0.7254512435897411
