Model: GRU
MSE: 1153.1436892250497
MAE: 33.58251979433257
EVS: -0.046976348352020914
