Model: GRU
MSE: 6.362064496013652
MAE: 1.8317438754542121
EVS: 0.7395605495461024
