Model: GRU
MSE: 6.977670217541837
MAE: 1.9736081515920574
EVS: 0.7226108777624708
