Model: GRU
MSE: 6.8437666941681945
MAE: 1.9035549122711708
EVS: 0.7191325685641523
