Model: GRU
MSE: 7.5459420979379805
MAE: 2.0641604384471632
EVS: 0.6948271392890535
