Model: GRU
MSE: 5871.187479383255
MAE: 76.45018202683022
EVS: -0.09648421044389832
