Model: GRU
MSE: 83.58955319634876
MAE: 7.490356465865826
EVS: -0.13475651828730495
