Model: GRU
MSE: 6.8586117978587335
MAE: 2.0202557280145843
EVS: 0.7199004299665421
