Model: GRU
MSE: 7.081598503219436
MAE: 1.9702488235358535
EVS: 0.7270647175624497
