Model: GRU
MSE: 7.394584530817646
MAE: 2.116476198722576
EVS: 0.7302723892470359
