Model: GRU
MSE: 7.324504550326213
MAE: 2.174158935916835
EVS: 0.7204032293273133
