Model: GRU
MSE: 2677.4977457935465
MAE: 51.36344528198242
EVS: -0.6223695650830536
