Model: GRU
MSE: 6.193886716572513
MAE: 1.8417481040132457
EVS: 0.7446672407476925
