Model: GRU
MSE: 7.15742211632665
MAE: 2.0819287012363303
EVS: 0.7211894033579074
