Model: GRU
MSE: 89.58905765965204
MAE: 7.908387512996279
EVS: -0.11668700280622346
