Model: GRU
MSE: 9.80142069511368
MAE: 2.3987260275873643
EVS: 0.7252287789442857
