Model: GRU
MSE: 7.63950185345204
MAE: 2.1727980652759813
EVS: 0.7268764816057316
