Model: GRU
MSE: 78.63510266207012
MAE: 7.373781426199551
EVS: -0.0017413782212201134
