Model: GRU
MSE: 7.062625928085061
MAE: 2.0838527062843584
EVS: 0.7197391725455704
