Model: GRU
MSE: 6.311793792201517
MAE: 1.8560433901589493
EVS: 0.740886016316247
