Model: GRU
MSE: 9.676244942011733
MAE: 2.4728895734096397
EVS: 0.7000496309392049
