Model: GRU
MSE: 84.3876946837516
MAE: 7.734647385005293
EVS: -0.014147281601168737
