Model: GRU
MSE: 7.691228063466424
MAE: 2.2178734910899194
EVS: 0.7261948671254308
