Model: GRU
MSE: 7.090799505755651
MAE: 1.9827540383256714
EVS: 0.7075592824105161
