Model: GRU
MSE: 7.426291388907124
MAE: 2.187174813500766
EVS: 0.7199032133169909
