Model: GRU
MSE: 7.257639205401825
MAE: 2.033639595426362
EVS: 0.7141804940566194
