Model: GRU
MSE: 8.220026675638636
MAE: 2.323508801131413
EVS: 0.6774062730108992
