Model: GRU
MSE: 10.851873646970036
MAE: 2.7410455489980765
EVS: 0.7054911660960672
