Model: GRU
MSE: 19.5621894205137
MAE: 3.5899071200140593
EVS: 0.26868079194427974
