Model: GRU
MSE: 6.831074965984217
MAE: 2.003138912135157
EVS: 0.7179625226607451
