Model: GRU
MSE: 6.938192792313932
MAE: 2.0637220308698456
EVS: 0.7202428989910472
