Model: GRU
MSE: 7.005227336484246
MAE: 2.002433874483766
EVS: 0.7112024849864631
