Model: GRU
MSE: 191.69376313483824
MAE: 13.086102387000775
EVS: 0.13079878943422396
