Model: GRU
MSE: 6.8432611382084
MAE: 1.9730119458560287
EVS: 0.7229917189593009
