Model: GRU
MSE: 7.670564972386357
MAE: 2.2166184618555267
EVS: 0.7432865332737044
