Model: GRU
MSE: 8.287559383169222
MAE: 2.2352627392472892
EVS: 0.6923467615464856
