Model: GRU
MSE: 6.706685389322659
MAE: 1.904651581213392
EVS: 0.7231794149786247
