Model: GRU
MSE: 8.352713748550393
MAE: 2.0843680891497383
EVS: 0.6833679364555201
