Model: GRU
MSE: 7.032324971105654
MAE: 1.9150144560583706
EVS: 0.726611483327552
