Model: GRU
MSE: 6.666196437303458
MAE: 1.857382193721574
EVS: 0.725171891433091
