Model: GRU
MSE: 6.646256598189935
MAE: 1.9665355065773273
EVS: 0.7261766359322909
