Model: GRU
MSE: 9.131652218044907
MAE: 2.524796639023156
EVS: 0.7205724581889932
