Model: GRU
MSE: 8.174583173923788
MAE: 2.1895567754219316
EVS: 0.6957864199510876
