Model: GRU
MSE: 9.494347429928208
MAE: 2.456817363870555
EVS: 0.7151888400990963
