Model: GRU
MSE: 10.51685315133718
MAE: 2.782908092285025
EVS: 0.701964197529551
