Model: GRU
MSE: 9.496434132039633
MAE: 2.2765128774302346
EVS: 0.6854898752372629
