Model: GRU
MSE: 6.64777713971383
MAE: 1.924926316943662
EVS: 0.7255333042350323
