Model: GRU
MSE: 7.993825540627146
MAE: 2.2440323747437576
EVS: 0.7172925985773462
