Model: GRU
MSE: 9.251728839220451
MAE: 2.5301468207918365
EVS: 0.698619631088267
