Model: GRU
MSE: 92.54820191082743
MAE: 8.255483282023462
EVS: -0.007222222623819441
