Model: GRU
MSE: 10.875310827795131
MAE: 2.7567505754273514
EVS: 0.7167699140077757
