Model: GRU
MSE: 8.560400848291794
MAE: 2.23425515355735
EVS: 0.6930383612799091
