Model: GRU
MSE: 10.757751111858692
MAE: 2.6846406500915
EVS: 0.7048520765494513
