Model: GRU
MSE: 7.523649668742917
MAE: 2.177613373460441
EVS: 0.7283670242590621
