Model: GRU
MSE: 8.7847643900035
MAE: 2.440057240683457
EVS: 0.7391953125191133
