Model: GRU
MSE: 87.55586012694873
MAE: 7.951826342220964
EVS: -0.004295759345194217
