Model: GRU
MSE: 6.235658441041074
MAE: 1.7859513595186431
EVS: 0.743254793335125
