Model: GRU
MSE: 7.461105073898329
MAE: 1.99781242732344
EVS: 0.7003312954133831
