Model: GRU
MSE: 8.724368792517991
MAE: 2.1591255596705845
EVS: 0.7021641147947792
