Model: GRU
MSE: 97.6029203497944
MAE: 8.501632361576474
EVS: -0.04561856228314776
