Model: GRU
MSE: 69.87467037324737
MAE: 7.478240374861093
EVS: 0.12309607480667717
