Model: GRU
MSE: 6.99456227880753
MAE: 1.9401159265945698
EVS: 0.7196399256775641
