Model: GRU
MSE: 7.25268043159454
MAE: 1.992433054693814
EVS: 0.7005867097978726
