Model: GRU
MSE: 7.853393847352577
MAE: 2.2171505730727623
EVS: 0.7372161674198165
