Model: GRU
MSE: 7.583135151429339
MAE: 2.1690345940918756
EVS: 0.6968407123528284
