Model: GRU
MSE: 8.516031525471085
MAE: 2.3582813225943466
EVS: 0.7185172510581527
