Model: GRU
MSE: 9.405932900046311
MAE: 2.4514524875016046
EVS: 0.7036455193085216
