Model: GRU
MSE: 88.5101168056767
MAE: 7.879171026164088
EVS: -0.09118424131953273
