Model: GRU
MSE: 7.248976679060821
MAE: 1.8694755250009998
EVS: 0.7066161725695168
