Model: GRU
MSE: 6.866927016257092
MAE: 1.912443235002715
EVS: 0.7244413851296995
