Model: GRU
MSE: 8.05227557976076
MAE: 2.189780120191903
EVS: 0.7020957434169173
