Model: GRU
MSE: 7.584908404903722
MAE: 2.1312881358738602
EVS: 0.6910656638617129
