Model: GRU
MSE: 6.644121365169535
MAE: 1.7853835245658611
EVS: 0.7325913812900485
