Model: GRU
MSE: 7.128199997624914
MAE: 1.9941194725447688
EVS: 0.7073894165702013
