Model: GRU
MSE: 8.028944165460835
MAE: 2.268994586221103
EVS: 0.7207520986021413
