Model: GRU
MSE: 7.374679705691514
MAE: 1.916225968763746
EVS: 0.6977191685683584
