Model: GRU
MSE: 6.9214881631453276
MAE: 2.0259925661415887
EVS: 0.7261216241063015
