Model: GRU
MSE: 11.779881671685654
MAE: 2.9120360736189217
EVS: 0.7044586889382094
