Model: GRU
MSE: 12.241270099336042
MAE: 2.9822617563708076
EVS: 0.725353673362839
