Model: GRU
MSE: 11.290536351065988
MAE: 2.7732795312486846
EVS: 0.7072308844661501
