Model: GRU
MSE: 8.701768447521955
MAE: 2.4197171227685335
EVS: 0.720818770026455
