Model: GRU
MSE: 10.263177032337197
MAE: 2.5078852341092865
EVS: 0.64230770468246
