Model: GRU
MSE: 29.185694338785716
MAE: 4.465458310883621
EVS: 0.06246254094141901
