Model: GRU
MSE: 9.218101091171654
MAE: 2.438797893195317
EVS: 0.6960803446412804
