Model: GRU
MSE: 9.60768342514583
MAE: 2.4376178301613907
EVS: 0.6784764250291861
