Model: GRU
MSE: 8.769325392108913
MAE: 2.2629443982551836
EVS: 0.6825534873601031
