Model: GRU
MSE: 11.83078640101028
MAE: 2.8030390307821076
EVS: 0.5967754842928159
