Model: GRU
MSE: 10.01443453601798
MAE: 2.6557441826524406
EVS: 0.7355842706505273
