Model: GRU
MSE: 7.288062737651074
MAE: 2.0245482757173736
EVS: 0.7052362762494994
