Model: GRU
MSE: 6.775522394481889
MAE: 1.9225002527236938
EVS: 0.7222463444935179
