Model: GRU
MSE: 22.702586945506543
MAE: 4.074801321687369
EVS: 0.6404396291442064
