Model: GRU
MSE: 559.2398663950796
MAE: 23.043114563514447
EVS: -0.16657384676329956
