Model: GRU
MSE: 3252.0808626460894
MAE: 56.80046035503519
EVS: -0.0647512349213002
