Model: GRU
MSE: 7.309583451876502
MAE: 2.1585777792437324
EVS: 0.7065577532074767
