Model: GRU
MSE: 6.826746751379088
MAE: 1.9992185872176598
EVS: 0.7229222203337626
