Model: GRU
MSE: 75.54867730791425
MAE: 7.084896673416269
EVS: -0.04676425110279392
