Model: GRU
MSE: 8.751886751845056
MAE: 2.4092408850275238
EVS: 0.7090953271825613
