Model: GRU
MSE: 51.527809617637985
MAE: 6.253778523412244
EVS: 0.0
