Model: GRU
MSE: 19.052397509709696
MAE: 3.589094351077902
EVS: 0.6451054483580765
