Model: GRU
MSE: 7.349504667941397
MAE: 2.089443823386883
EVS: 0.7248081225528642
