Model: GRU
MSE: 7.985388712524176
MAE: 2.2187207731707344
EVS: 0.7216844708386525
