Model: GRU
MSE: 97.25879142168576
MAE: 8.243263055538309
EVS: -0.21003611450989035
