Model: GRU
MSE: 4630.928415368166
MAE: 67.79981764431658
EVS: -0.4084540700249808
