Model: GRU
MSE: 6.612482943207369
MAE: 1.9916297074021965
EVS: 0.7311387120494206
