Model: GRU
MSE: 9.644906746031552
MAE: 2.650777948313746
EVS: 0.7228390520653438
