Model: GRU
MSE: 8.493231499891083
MAE: 2.2769693680878342
EVS: 0.7183410927103315
