Model: GRU
MSE: 6.87838548177154
MAE: 2.0078159878993858
EVS: 0.7179606923364654
