Model: GRU
MSE: 7.327543219896842
MAE: 2.1184183523572724
EVS: 0.7365035956478404
