Model: GRU
MSE: 6.682290453875528
MAE: 1.9354426367529507
EVS: 0.728247847682373
