Model: GRU
MSE: 1582.2373251021022
MAE: 39.48376445112557
EVS: 0.039248260943174684
