Model: GRU
MSE: 8.603655383235932
MAE: 2.366911154368828
EVS: 0.72849821344836
