Model: GRU
MSE: 7.601080164789105
MAE: 2.228019192300994
EVS: 0.720594749030687
