Model: GRU
MSE: 6.766858816965933
MAE: 1.9948296320849452
EVS: 0.7220672048688197
