Model: GRU
MSE: 576.9866138728291
MAE: 23.063302253854687
EVS: -0.8608668085454056
