Model: GRU
MSE: 7.133599535267543
MAE: 2.0784257074882246
EVS: 0.7281580283519709
