Model: GRU
MSE: 5634.59319615601
MAE: 74.8898574566019
EVS: -0.0777106337448612
