Model: GRU
MSE: 7.1473016155037286
MAE: 1.9369226098060608
EVS: 0.7080141933878559
