Model: GRU
MSE: 3362.7499022018947
MAE: 57.77240516399515
EVS: -0.036284903459757656
