Model: GRU
MSE: 7486.771304755757
MAE: 86.40455403821221
EVS: 0.13195256744905504
