Model: GRU
MSE: 8.42485188995375
MAE: 2.335004477665342
EVS: 0.7132822012348083
