Model: GRU
MSE: 7.2803952838418855
MAE: 2.097140807529976
EVS: 0.7013592786167182
