Model: GRU
MSE: 79.93579431173588
MAE: 7.417031072337052
EVS: -0.02903232699832725
