Model: GRU
MSE: 6.559389426394026
MAE: 1.9708855974263157
EVS: 0.729921205317835
