Model: GRU
MSE: 12.491715672772271
MAE: 2.959721491254609
EVS: 0.7068172565329355
