Model: GRU
MSE: 7.30580928863653
MAE: 2.030409541623346
EVS: 0.7015844316890403
