Model: GRU
MSE: 11.605526260849706
MAE: 2.89344807328849
EVS: 0.7290052995824136
