Model: GRU
MSE: 6.862575210375988
MAE: 2.0465956073382805
EVS: 0.7304168869499933
