Model: GRU
MSE: 8.021472633956678
MAE: 2.266706655765402
EVS: 0.7203182286746943
