Model: GRU
MSE: 10.992914706034961
MAE: 2.563670252931529
EVS: 0.6457283954674514
