Model: GRU
MSE: 7.743266338188541
MAE: 2.2884522594254593
EVS: 0.7065905422952337
