Model: GRU
MSE: 6.859211567682315
MAE: 2.032643873116066
EVS: 0.7460111854956133
