Model: GRU
MSE: 10.382837608515755
MAE: 2.7042434914358733
EVS: 0.7069498106825882
