Model: GRU
MSE: 7.939984174996805
MAE: 2.0915110440089784
EVS: 0.6834163500797574
