Model: GRU
MSE: 7.098965832699448
MAE: 1.9395249485969543
EVS: 0.7111796660822491
