Model: GRU
MSE: 575.9176375384368
MAE: 23.354468526511358
EVS: -0.258715654174289
