Model: GRU
MSE: 43.833230626714574
MAE: 5.676633736182904
EVS: 0.0
