Model: GRU
MSE: 8.981825978677408
MAE: 2.451873623091599
EVS: 0.7248675725465001
