Model: GRU
MSE: 7.481885793944606
MAE: 2.0334331084941994
EVS: 0.7147472097304206
