Model: GRU
MSE: 10.388505285741353
MAE: 2.7150199886026054
EVS: 0.7253248875303766
