Model: GRU
MSE: 6.8001615409279035
MAE: 1.9405631402443195
EVS: 0.7242835819995825
