Model: GRU
MSE: 7.0524163562507205
MAE: 1.988613539728625
EVS: 0.7089102880045741
