Model: GRU
MSE: 7.696387538982177
MAE: 2.1018248097649934
EVS: 0.713531849850354
