Model: GRU
MSE: 44.94714673075118
MAE: 5.859317171162572
EVS: 0.10031873186721296
