Model: GRU
MSE: 6.99510269691274
MAE: 2.069552939513634
EVS: 0.7201175184045205
