Model: GRU
MSE: 7.163399320088498
MAE: 1.9489561915397644
EVS: 0.7045756168076965
