Model: GRU
MSE: 7.550649941571657
MAE: 2.1553297988299667
EVS: 0.7017860330174931
