Model: GRU
MSE: 7.281722629235639
MAE: 2.057493515055755
EVS: 0.7070631447538102
