Model: GRU
MSE: 9.394418695179697
MAE: 2.5257287785924714
EVS: 0.7292814351433534
