Model: GRU
MSE: 7.804362890091312
MAE: 2.1115544890535287
EVS: 0.6803407858502142
