Model: GRU
MSE: 7.453883903655962
MAE: 2.0950916923325638
EVS: 0.7081703685778529
