Model: GRU
MSE: 8.010140673043473
MAE: 2.302716839930107
EVS: 0.7061849501645814
