Model: GRU
MSE: 7.358008946199282
MAE: 2.0056640135830848
EVS: 0.7067951189127968
