Model: GRU
MSE: 7.972322242985993
MAE: 2.266287010291527
EVS: 0.6710949296085967
