Model: GRU
MSE: 7.172241528174949
MAE: 2.045684785678469
EVS: 0.7157327756318053
