Model: GRU
MSE: 10.271068604027322
MAE: 2.430901693886724
EVS: 0.6432778790947677
