Model: GRU
MSE: 8.232619259302504
MAE: 1.9800759204502763
EVS: 0.71347433845084
