Model: GRU
MSE: 7.724992143893129
MAE: 2.169832607795452
EVS: 0.7062472269093295
