Model: GRU
MSE: 10.738914428621444
MAE: 2.746653750024993
EVS: 0.7178109816711978
