Model: GRU
MSE: 4302.585800542156
MAE: 65.43506188228213
EVS: 0.13962668431982272
