Model: GRU
MSE: 6.6429144643730735
MAE: 2.0091323975859017
EVS: 0.7291473074221018
