Model: GRU
MSE: 7.484055050967441
MAE: 2.094101881158763
EVS: 0.7093927385523437
