Model: GRU
MSE: 13.116023520805165
MAE: 3.1732117800877013
EVS: 0.7105137416622573
