Model: GRU
MSE: 6.6184315429272464
MAE: 1.9576551420935269
EVS: 0.7290611441923374
