Model: GRU
MSE: 9.992584705742797
MAE: 2.664851505180885
EVS: 0.7235009329125595
