Model: GRU
MSE: 7.3953642325591655
MAE: 2.0738494313996414
EVS: 0.7259338259408701
