Model: GRU
MSE: 8.014920782886039
MAE: 2.238985834450557
EVS: 0.7385763368113926
