Model: GRU
MSE: 8.236664383793388
MAE: 2.3212351716797928
EVS: 0.7157825281410832
