Model: GRU
MSE: 6.748327373528847
MAE: 1.9224519709060932
EVS: 0.7308097716608637
