Model: GRU
MSE: 6.424520566694277
MAE: 1.8941793955605606
EVS: 0.7350833933538248
