Model: GRU
MSE: 8.220078841286536
MAE: 2.1273988855296166
EVS: 0.7284397464950993
