Model: GRU
MSE: 6.129862112902724
MAE: 1.8014801103493263
EVS: 0.7482386316854266
