Model: GRU
MSE: 60.993875072263926
MAE: 6.886339121851428
EVS: 0.0
