Model: GRU
MSE: 77.10500985352469
MAE: 7.142804073876348
EVS: -0.07700517225904058
