Model: GRU
MSE: 7.375215055463881
MAE: 2.056827055996862
EVS: 0.7140063342503759
