Model: GRU
MSE: 6.829348653689052
MAE: 2.0338210175777305
EVS: 0.7462888847770714
