Model: GRU
MSE: 7.432777290899701
MAE: 2.0772923457211463
EVS: 0.6998412426513181
