Model: GRU
MSE: 8.294308437959854
MAE: 2.2186029697286673
EVS: 0.7104338904474813
