Model: GRU
MSE: 6.704759713941059
MAE: 1.8669235377476132
EVS: 0.7235932925902816
