Model: GRU
MSE: 10.558464085506483
MAE: 2.6987850090553023
EVS: 0.7152727128331667
