Model: GRU
MSE: 6.361734660569745
MAE: 1.9884917407200253
EVS: 0.7599434620827059
