Model: GRU
MSE: 8.838726587882096
MAE: 2.440390401873095
EVS: 0.7274590674892303
