Model: GRU
MSE: 8.359975860841018
MAE: 2.2323145287377493
EVS: 0.7124156381757677
