Model: GRU
MSE: 11.745695861029237
MAE: 2.903434064881555
EVS: 0.7055579252311164
