Model: GRU
MSE: 88.02467420607856
MAE: 7.980795420449356
EVS: -0.004595537665553762
