Model: GRU
MSE: 7.071309312981604
MAE: 2.0677559396316267
EVS: 0.7105167421519454
