Model: GRU
MSE: 6.686510625627788
MAE: 1.991965314437603
EVS: 0.7399216245605267
