Model: GRU
MSE: 137.234350983558
MAE: 10.387720025818924
EVS: -0.21095344642566172
