Model: GRU
MSE: 6.761562723450557
MAE: 1.9300276698737309
EVS: 0.7310589983190584
