Model: GRU
MSE: 9.370119079118139
MAE: 2.4888149489616525
EVS: 0.7038665103255655
