Model: GRU
MSE: 7.310853908237511
MAE: 1.9146248225508065
EVS: 0.7412252273410724
