Model: GRU
MSE: 9.04764153067836
MAE: 2.4708015466558524
EVS: 0.7155663640395141
