Model: GRU
MSE: 11.115413869446918
MAE: 2.6262103370257788
EVS: 0.6930109253907888
