Model: GRU
MSE: 7.893567810714531
MAE: 2.206117658779539
EVS: 0.7110514779391268
