Model: GRU
MSE: 8.66544722660235
MAE: 2.2728281668547927
EVS: 0.6965840883181177
