Model: GRU
MSE: 302.3680983496597
MAE: 16.51125276499781
EVS: -0.2281707099520105
