Model: GRU
MSE: 8.954909941872138
MAE: 2.0669071191343766
EVS: 0.6866492679344316
