Model: GRU
MSE: 2828.2016925132707
MAE: 52.43412297347496
EVS: -2.256133361501643
