Model: GRU
MSE: 9.46439323729872
MAE: 2.6273827059515593
EVS: 0.6928726777337162
