Model: GRU
MSE: 446.7500619915965
MAE: 20.470282883479676
EVS: -0.14439585829968626
