Model: GRU
MSE: 1583.1991808096016
MAE: 39.475837510207604
EVS: -0.02630689507955042
