Model: GRU
MSE: 7.931503128794035
MAE: 2.322116395522808
EVS: 0.7461594787445969
