Model: GRU
MSE: 9.170550985265045
MAE: 2.525285137110743
EVS: 0.722803094821127
