Model: GRU
MSE: 7.530195748731497
MAE: 2.133462848334477
EVS: 0.6975545056776963
