Model: GRU
MSE: 2690.2268477619327
MAE: 51.71856689453125
EVS: 0.3634800966204327
