Model: GRU
MSE: 6.6096365014130605
MAE: 1.9236791863523681
EVS: 0.7326258056226367
