Model: GRU
MSE: 7.6913245160936965
MAE: 2.0464629027350196
EVS: 0.6888099688083515
