Model: GRU
MSE: 6.528749660820926
MAE: 1.8414866595432675
EVS: 0.7355262009869254
