Model: GRU
MSE: 8.01164161043334
MAE: 2.0540380385415307
EVS: 0.7218669456195006
