Model: GRU
MSE: 7.8243759472639045
MAE: 2.2394226008448106
EVS: 0.7145431737287932
