Model: GRU
MSE: 6.860124511090086
MAE: 1.9768011302783572
EVS: 0.7170392948579253
