Model: GRU
MSE: 1028.099549274329
MAE: 31.698232058821052
EVS: 0.03710279593188548
