Model: GRU
MSE: 7.412809613826463
MAE: 2.109088427033918
EVS: 0.7264942695309098
