Model: GRU
MSE: 12.92794261176938
MAE: 3.1190035672023377
EVS: 0.7323859598816005
