Model: GRU
MSE: 1336.6549599972875
MAE: 36.08409470525281
EVS: -0.4282691449607501
