Model: GRU
MSE: 645.4211347652838
MAE: 24.865188993256666
EVS: -0.1206938316737407
