Model: GRU
MSE: 8.2959041534986
MAE: 2.250992717414067
EVS: 0.6875587547747555
