Model: GRU
MSE: 1336.0508768539344
MAE: 36.205444467478785
EVS: -0.04113885348805146
