Model: GRU
MSE: 6.904368160486496
MAE: 1.8920203036275403
EVS: 0.7207218348997578
