Model: GRU
MSE: 9.240726888072968
MAE: 2.3968995871215033
EVS: 0.7126960028082703
