Model: GRU
MSE: 11.060542325153135
MAE: 2.6124384369168965
EVS: 0.7041238198954453
