Model: GRU
MSE: 1643.0815445743262
MAE: 40.2593612013192
EVS: 0.08071309554794526
