Model: GRU
MSE: 6.841674198156716
MAE: 1.9175076381913547
EVS: 0.7230769211143364
