Model: GRU
MSE: 6.7393484758142
MAE: 1.9359597943980118
EVS: 0.7235860052526999
