Model: GRU
MSE: 8.031564079125424
MAE: 2.2702682881519713
EVS: 0.7292945756532854
