Model: GRU
MSE: 7.648737777378744
MAE: 2.2202185166293176
EVS: 0.7330806536512834
