Model: GRU
MSE: 11.546338550937337
MAE: 2.9053172982972244
EVS: 0.717347409091815
