Model: GRU
MSE: 7.776333891854987
MAE: 2.1315386449468545
EVS: 0.704353652360416
