Model: GRU
MSE: 7.2701440669489426
MAE: 2.149490843559134
EVS: 0.7158251583899474
