Model: GRU
MSE: 7.1021068516621195
MAE: 1.8377435865073368
EVS: 0.7141924892840321
