Model: GRU
MSE: 2838.9593311579765
MAE: 53.007857224036904
EVS: -0.20256295592199813
