Model: GRU
MSE: 6.748013438560536
MAE: 1.862694000375682
EVS: 0.7306760706028435
