Model: GRU
MSE: 7.148059392098541
MAE: 2.046220205981156
EVS: 0.7321922251951647
