Model: GRU
MSE: 7.1913241617671
MAE: 1.9865469439276333
EVS: 0.7098549939593475
