Model: GRU
MSE: 1069.5471380702606
MAE: 31.88904245968523
EVS: -1.17322521603807
