Model: GRU
MSE: 2288.4082567630385
MAE: 46.58282740362759
EVS: -3.8904669852462197
