Model: GRU
MSE: 8.075310329424145
MAE: 1.9786571593120181
EVS: 0.7284014500931106
