Model: GRU
MSE: 8.109594658304127
MAE: 2.24884762948957
EVS: 0.7127427157822008
