Model: GRU
MSE: 12.243423071810684
MAE: 2.9419846997178833
EVS: 0.7125836979649993
