Model: GRU
MSE: 8.6623326028285
MAE: 2.4254982553679367
EVS: 0.7146954898457123
