Model: GRU
MSE: 7.017998781382551
MAE: 2.044040638824989
EVS: 0.7202524819918394
