Model: GRU
MSE: 8.069198778206799
MAE: 2.0363807169454438
EVS: 0.7216576776880392
