Model: GRU
MSE: 6.8724171922115085
MAE: 2.0614375328195504
EVS: 0.7305666678090819
