Model: GRU
MSE: 6.700815009173276
MAE: 1.8340127139255917
EVS: 0.7302715473495256
