Model: GRU
MSE: 6.595880890099797
MAE: 1.994693714996864
EVS: 0.7307696795342795
