Model: GRU
MSE: 7.239433160390734
MAE: 1.985792036714225
EVS: 0.7014112262432797
