Model: GRU
MSE: 7.579744190473535
MAE: 2.072508493374134
EVS: 0.6983433303066142
