Model: GRU
MSE: 10.702335102220355
MAE: 2.7262346826750656
EVS: 0.5949224816213348
