Model: GRU
MSE: 96.26466281084012
MAE: 8.414316004720227
EVS: -0.05134853247737903
