Model: GRU
MSE: 7.321267494745272
MAE: 2.083501352318402
EVS: 0.7122914836415268
