Model: GRU
MSE: 77.42358459299436
MAE: 7.186280570153532
EVS: -0.06443703772027454
