Model: GRU
MSE: 7.2858201595430225
MAE: 2.0995750427246094
EVS: 0.7225590314612169
