Model: GRU
MSE: 7.0319466941644455
MAE: 2.029175071880735
EVS: 0.726525546233165
