Model: GRU
MSE: 9975.423298278447
MAE: 99.7567604328024
EVS: 0.008597229637788195
