Model: GRU
MSE: 7.021628888288701
MAE: 1.8965321265417954
EVS: 0.7105139396208355
