Model: GRU
MSE: 9.66861234517118
MAE: 2.457202356437157
EVS: 0.7309478339933613
