Model: GRU
MSE: 7.1272211067241775
MAE: 1.9918949973994289
EVS: 0.7235122291442078
