Model: GRU
MSE: 7.173360544979362
MAE: 2.0134058574150346
EVS: 0.7221520486561722
