Model: GRU
MSE: 2334.757337697028
MAE: 47.82375809241985
EVS: -0.9671743032262672
