Model: GRU
MSE: 6.446439264165565
MAE: 1.91342149931809
EVS: 0.7339316532204387
