Model: GRU
MSE: 888.7034552199691
MAE: 29.333434663969896
EVS: -0.16650483130603644
