Model: GRU
MSE: 88.89781697761201
MAE: 8.066833397437787
EVS: 0.016360573658094513
