Model: GRU
MSE: 8.922193625673813
MAE: 2.409598706097438
EVS: 0.7189410289908773
