Model: GRU
MSE: 9.63329925629337
MAE: 2.539977521731936
EVS: 0.710885982784315
