Model: GRU
MSE: 9.812958912423149
MAE: 2.4669174572517134
EVS: 0.6912701903342366
