Model: GRU
MSE: 7.648024818837269
MAE: 2.00036791686354
EVS: 0.746129550234542
