Model: GRU
MSE: 7.39857350115427
MAE: 2.0450800883358924
EVS: 0.7046791643865509
