Model: GRU
MSE: 3087.2024438333697
MAE: 55.36041812239022
EVS: 0.07405879779344882
