Model: GRU
MSE: 1186.3442388953376
MAE: 33.824100165531554
EVS: -0.7454174047805051
