Model: GRU
MSE: 6.475172635042068
MAE: 1.9755779874735866
EVS: 0.7360993988760716
