Model: GRU
MSE: 7.012814509424685
MAE: 1.9881681779335285
EVS: 0.716632786975387
