Model: GRU
MSE: 8.666842574199816
MAE: 2.1552146594439234
EVS: 0.7096157531698467
