Model: GRU
MSE: 58.43757034697767
MAE: 6.784304224211594
EVS: 0.045078226546085065
