Model: GRU
MSE: 931.26172526547
MAE: 30.1256973003519
EVS: 0.021312147909869572
