Model: GRU
MSE: 7.19536501857586
MAE: 2.0883878870257018
EVS: 0.7147031277481489
