Model: GRU
MSE: 37.32257446479927
MAE: 5.6108645488475934
EVS: 0.655190146865863
