Model: GRU
MSE: 6.935552295060936
MAE: 2.0257789102093926
EVS: 0.7343435305423424
