Model: GRU
MSE: 7.258220456279173
MAE: 2.109910307259395
EVS: 0.7090712832256353
