Model: GRU
MSE: 7.540518690854755
MAE: 1.969878798928754
EVS: 0.7046831652396499
