Model: GRU
MSE: 7.565935270114163
MAE: 2.0691517879223
EVS: 0.6904154602117865
