Model: GRU
MSE: 13.129971314881645
MAE: 3.10139642090633
EVS: 0.7010127240864095
