Model: GRU
MSE: 8.99235278506156
MAE: 2.2843193020139423
EVS: 0.6941339968639761
