Model: GRU
MSE: 6.744456744574666
MAE: 1.9717335474902187
EVS: 0.7229734758021145
