Model: GRU
MSE: 9.22539395853985
MAE: 2.3950261062589187
EVS: 0.6748596661569501
