Model: GRU
MSE: 7.141495077322255
MAE: 2.0216177105903625
EVS: 0.7194190522906727
