Model: GRU
MSE: 6.8932314084051995
MAE: 2.0807341460523934
EVS: 0.7277535875974985
