Model: GRU
MSE: 7.098763485842971
MAE: 1.9935486604427468
EVS: 0.7137655153673073
