Model: GRU
MSE: 6.434586216897805
MAE: 1.8940611728306473
EVS: 0.7352691096817294
