Model: GRU
MSE: 11.534105550702058
MAE: 2.8169778400454026
EVS: 0.7114607756504119
