Model: GRU
MSE: 6.382565611675488
MAE: 1.8928345215731655
EVS: 0.7418730940585205
