Model: GRU
MSE: 8.996614393929502
MAE: 2.482473474124382
EVS: 0.7174104122860602
