Model: GRU
MSE: 82.46423970505369
MAE: 7.647851721993808
EVS: 0.010143144777471802
