Model: GRU
MSE: 14.002769690806398
MAE: 3.2018959193394103
EVS: 0.6857925778290745
