Model: GRU
MSE: 6.337171264332817
MAE: 1.86398037240423
EVS: 0.7397685606907192
