Model: GRU
MSE: 503.34454588735974
MAE: 21.881881220587367
EVS: -0.01269790168644147
