Model: GRU
MSE: 3421.416853214562
MAE: 58.271032991080446
EVS: -0.06949937556006813
