Model: GRU
MSE: 12.891347342924197
MAE: 2.899987099499538
EVS: 0.6612710150912934
