Model: GRU
MSE: 99.67416318377867
MAE: 8.703835799776275
EVS: 0.012504727902301949
