Model: GRU
MSE: 7.1693337692783965
MAE: 2.0017652429383377
EVS: 0.7046301590056285
