Model: GRU
MSE: 10.006789647076042
MAE: 2.5481143439638205
EVS: 0.6397496641824904
