Model: GRU
MSE: 7.825283733433303
MAE: 2.1372040633497567
EVS: 0.6985800784095477
