Model: GRU
MSE: 89.46396808502662
MAE: 8.109525923071237
EVS: 0.021499183162838165
