Model: GRU
MSE: 9.421369599956302
MAE: 2.540625917500463
EVS: 0.7277044446988059
