Model: GRU
MSE: 8.108465893221673
MAE: 2.1932992863244025
EVS: 0.6715293871583459
