Model: GRU
MSE: 1343.2261456285157
MAE: 36.31000551684149
EVS: -0.024333809108268545
