Model: GRU
MSE: 1727.7601788915142
MAE: 40.95339903338202
EVS: -1.0883036906094694
