Model: GRU
MSE: 6.53068576549611
MAE: 2.0090065207974663
EVS: 0.7331048165837661
