Model: GRU
MSE: 6.686096337383728
MAE: 1.8631579649859462
EVS: 0.7246401948109749
