Model: GRU
MSE: 6.639789279255418
MAE: 2.000370644289872
EVS: 0.7307262858057669
