Model: GRU
MSE: 7.042968489389562
MAE: 1.9951200978509311
EVS: 0.7231572975884668
