Model: GRU
MSE: 294.472350435057
MAE: 16.030944762911115
EVS: -0.29386513208209797
