Model: GRU
MSE: 6.863453461166536
MAE: 1.8340541165450523
EVS: 0.7234304194049392
