Model: GRU
MSE: 7.497354730256773
MAE: 2.141639180224517
EVS: 0.6978280062917507
