Model: GRU
MSE: 10.49405303067377
MAE: 2.7521486015155396
EVS: 0.7030052959557012
