Model: GRU
MSE: 6.6311045950805125
MAE: 1.9565841000655602
EVS: 0.7355839470423647
