Model: GRU
MSE: 8.988562277998902
MAE: 2.3787879697207748
EVS: 0.6933172180269231
