Model: GRU
MSE: 7.333766832175081
MAE: 2.022645461148229
EVS: 0.7099033405681876
