Model: GRU
MSE: 7.660133548269465
MAE: 2.2029514569660713
EVS: 0.7170126956209777
