Model: GRU
MSE: 8.270575482110704
MAE: 2.3251071942263635
EVS: 0.7111108077779342
