Model: GRU
MSE: 88.14684783930271
MAE: 7.893858646524364
EVS: -0.06662063601870472
