Model: GRU
MSE: 7.362981682604104
MAE: 2.0977436016345847
EVS: 0.6982825546359288
