Model: GRU
MSE: 9.068944649302745
MAE: 2.4100953587170304
EVS: 0.6841619712766378
