Model: GRU
MSE: 7.49701757457474
MAE: 2.0263920580518655
EVS: 0.7011672489410403
