Model: GRU
MSE: 7.6995084314963185
MAE: 2.0485910033357553
EVS: 0.6836724033306752
