Model: GRU
MSE: 2643.030623620928
MAE: 51.16528984595989
EVS: -0.038127774094127265
