Model: GRU
MSE: 11.243749955374042
MAE: 2.759580554633305
EVS: 0.7017604522457446
