Model: GRU
MSE: 6.726886849547429
MAE: 1.9802962500473549
EVS: 0.723952771831635
