Model: GRU
MSE: 6.870910997820227
MAE: 2.017813898366073
EVS: 0.7275950802438652
