Model: GRU
MSE: 7.119294947501101
MAE: 1.9250100933272263
EVS: 0.714504281420037
