Model: GRU
MSE: 7.320353086086902
MAE: 2.0838994651005187
EVS: 0.7145492809294691
