Model: GRU
MSE: 8.719583069877409
MAE: 2.1083847822887556
EVS: 0.6990041416528856
