Model: GRU
MSE: 6.679793517676462
MAE: 2.0170748480435075
EVS: 0.7269538309481531
