Model: GRU
MSE: 77.5886427572195
MAE: 7.2440169864687425
EVS: -0.03685289406891745
