Model: GRU
MSE: 13086.732598163228
MAE: 114.2913484244511
EVS: -2.220446049250313e-16
