Model: GRU
MSE: 6.4333563640250935
MAE: 1.855555271280223
EVS: 0.735246540031895
