Model: GRU
MSE: 8.555135855534829
MAE: 2.2829238464092385
EVS: 0.6659124780751684
