Model: GRU
MSE: 6.762672940201343
MAE: 1.9493484908136829
EVS: 0.7451100588733195
