Model: GRU
MSE: 8.072382981477922
MAE: 2.0037397146224976
EVS: 0.6835735887601118
