Model: GRU
MSE: 7.24312033083283
MAE: 2.1652785745160332
EVS: 0.7399473595103995
