Model: GRU
MSE: 8.866064895690368
MAE: 2.5238554970971467
EVS: 0.7388412176012746
