Model: GRU
MSE: 6.8999141429478055
MAE: 1.885410317059221
EVS: 0.7158831757225692
