Model: GRU
MSE: 7.687425514964082
MAE: 2.111425668001175
EVS: 0.6949861619152222
