Model: GRU
MSE: 43.10519588809103
MAE: 6.081536358800427
EVS: 0.5811377209638464
