Model: GRU
MSE: 9.487674110736133
MAE: 2.4790800583773644
EVS: 0.7025755757805012
