Model: GRU
MSE: 9.765928320895851
MAE: 2.5645998880780976
EVS: 0.6801609149652103
