Model: GRU
MSE: 963.7599232939334
MAE: 30.64459202207368
EVS: -0.01852289615727365
