Model: GRU
MSE: 7.567815295543726
MAE: 2.064946844660003
EVS: 0.7093315344107685
