Model: GRU
MSE: 10.192667194736934
MAE: 2.4434251620851715
EVS: 0.6107242760403699
