Model: GRU
MSE: 7.38534457486194
MAE: 2.0764975999963693
EVS: 0.7167850857268164
