Model: GRU
MSE: 10.02273630447825
MAE: 2.491848345460563
EVS: 0.6768643529606673
