Model: GRU
MSE: 6.767445860458931
MAE: 1.9345744344694862
EVS: 0.7269960748915626
