Model: GRU
MSE: 106.08230152861522
MAE: 8.807487666606903
EVS: -0.17713214716911518
