Model: GRU
MSE: 8.541538411475479
MAE: 2.408520484792775
EVS: 0.7115193116292222
