Model: GRU
MSE: 6.8545630627547425
MAE: 1.9097832646863213
EVS: 0.7390260816707048
