Model: GRU
MSE: 6.758133861875065
MAE: 2.08007157259974
EVS: 0.7417916931734714
