Model: GRU
MSE: 8.091192789446081
MAE: 2.0412507961536277
EVS: 0.7138260405116224
