Model: GRU
MSE: 11.054566323260326
MAE: 2.799482425739025
EVS: 0.7310411290898862
