Model: GRU
MSE: 67.55355342583651
MAE: 7.308901392180344
EVS: 0.0077250173151753865
