Model: GRU
MSE: 8.20694479625295
MAE: 2.1784500253611596
EVS: 0.740133664254627
