Model: GRU
MSE: 803.5554094037045
MAE: 27.279845040420007
EVS: -1.451064973057457
