Model: GRU
MSE: 7.785952681183987
MAE: 2.1825703423598717
EVS: 0.7067955873609058
