Model: GRU
MSE: 6.2903399021566475
MAE: 1.8630765368198525
EVS: 0.7462922456964236
