Model: GRU
MSE: 10.278793891718003
MAE: 2.710573414276386
EVS: 0.6970398296553648
