Model: GRU
MSE: 7.437063431068456
MAE: 2.085284990483317
EVS: 0.6991088285106055
