Model: GRU
MSE: 6.8557416623095575
MAE: 2.009760739474461
EVS: 0.7481178178204656
