Model: GRU
MSE: 91.33649497303655
MAE: 8.154488226463055
EVS: -0.02562081943358674
