Model: GRU
MSE: 9.951167795827406
MAE: 2.6206605454971053
EVS: 0.7145808340407789
