Model: GRU
MSE: 11.664309186099288
MAE: 2.9277775040988265
EVS: 0.728065202463827
