Model: GRU
MSE: 10.86537517496343
MAE: 2.8331999449894347
EVS: 0.6985010254276593
