Model: GRU
MSE: 691.2622442855131
MAE: 25.63453953841637
EVS: -0.40925852722112244
