Model: GRU
MSE: 6.897167712972549
MAE: 2.0365403089030036
EVS: 0.7158791630679641
