Model: GRU
MSE: 7.306308536962441
MAE: 1.9445198630464489
EVS: 0.7130274632149811
