Model: GRU
MSE: 6.717230294889396
MAE: 1.978092991072556
EVS: 0.7358553002278719
