Model: GRU
MSE: 6.711301986169537
MAE: 1.8938534342009445
EVS: 0.726071987154177
