Model: GRU
MSE: 8.211537849886064
MAE: 2.058628616661861
EVS: 0.6667782316222768
