Model: GRU
MSE: 7.788433221003418
MAE: 2.1987599751044966
EVS: 0.6968155313820945
