Model: GRU
MSE: 1177.2831897940914
MAE: 33.92279522994469
EVS: -0.0952458319231797
