Model: GRU
MSE: 7.675343743145778
MAE: 2.0810579585617988
EVS: 0.6943811429136965
