Model: GRU
MSE: 10.090047582326294
MAE: 2.691119187864764
EVS: 0.7129293669583687
