Model: GRU
MSE: 70.54968407434885
MAE: 6.724431446914015
EVS: -0.045888511824264455
