Model: GRU
MSE: 7.027618370330142
MAE: 1.9874810884738792
EVS: 0.7243226879686981
