Model: GRU
MSE: 74.13750975025955
MAE: 6.912110246461014
EVS: -0.08835441963522173
