Model: GRU
MSE: 125.8231468979201
MAE: 9.906882228522464
EVS: -0.14271341429934958
