Model: GRU
MSE: 8.702988932160498
MAE: 2.235550831104147
EVS: 0.6924056947371693
