Model: GRU
MSE: 90.8218772015957
MAE: 8.153601416226092
EVS: -0.004970532766433111
