Model: GRU
MSE: 9.587461928039295
MAE: 2.521571202524777
EVS: 0.7194940644177821
