Model: GRU
MSE: 8.483022261193371
MAE: 2.3949032651967017
EVS: 0.7013169666202088
