Model: GRU
MSE: 6.664302250899274
MAE: 1.953213561197807
EVS: 0.7298674044833732
