Model: GRU
MSE: 6.8003500373069565
MAE: 2.0416742254947793
EVS: 0.7261451586799328
