Model: GRU
MSE: 2615.884084449365
MAE: 50.90822963056893
EVS: -0.0006592347808143106
