Model: GRU
MSE: 7.514433173303663
MAE: 2.094537300282511
EVS: 0.6934989810794094
