Model: GRU
MSE: 2588.3259175479166
MAE: 50.60108605746565
EVS: -0.15011118149981173
