Model: GRU
MSE: 7.384352063801088
MAE: 1.9927720766642998
EVS: 0.698699550959714
