Model: GRU
MSE: 12.429103976784791
MAE: 2.913970513590451
EVS: 0.700532268181748
