Model: GRU
MSE: 11.797579918498169
MAE: 2.928028739731887
EVS: 0.7119466753066765
