Model: GRU
MSE: 6.260951456865941
MAE: 1.806259845865184
EVS: 0.7478324387912685
