Model: GRU
MSE: 8.105341535560482
MAE: 2.337601092355005
EVS: 0.7254235760581277
