Model: GRU
MSE: 7.609181773275541
MAE: 2.063125602130232
EVS: 0.7115973611513522
