Model: GRU
MSE: 6.633599155061434
MAE: 1.8769324206072708
EVS: 0.7262563600681757
