Model: GRU
MSE: 8.866366323477022
MAE: 2.3060931273869105
EVS: 0.725181387989666
