Model: GRU
MSE: 6.774205809197338
MAE: 1.9666131570421417
EVS: 0.7205705472489892
