Model: GRU
MSE: 13.40526652965152
MAE: 3.1605706872611212
EVS: 0.7203377929818569
