Model: GRU
MSE: 7.990278344751946
MAE: 2.221712798907839
EVS: 0.7229452179445401
