Model: GRU
MSE: 9.313265542698316
MAE: 2.47557106305813
EVS: 0.724807018132063
