Model: GRU
MSE: 8.664480614178439
MAE: 2.385749993653133
EVS: 0.7281253649402262
