Model: GRU
MSE: 55.332514621839906
MAE: 6.5672527839397565
EVS: 0.06879192446140536
