Model: GRU
MSE: 8.829525913955232
MAE: 2.1938744135971726
EVS: 0.6550149804877058
