Model: GRU
MSE: 2466.128868325152
MAE: 49.197198933568494
EVS: -0.8895115055728158
