Model: GRU
MSE: 128.0941494976222
MAE: 10.122701151617642
EVS: -0.058000889611936834
