Model: GRU
MSE: 11.079833093577975
MAE: 2.6783476677434197
EVS: 0.6661173825263199
