Model: GRU
MSE: 7.469609593906902
MAE: 2.1869232407931625
EVS: 0.7486054566272906
