Model: GRU
MSE: 7.729777665294342
MAE: 2.1947394999964485
EVS: 0.7295340798672183
