Model: GRU
MSE: 7.229397928706906
MAE: 2.0026937640946487
EVS: 0.7134259030891725
