Model: GRU
MSE: 8.445741994628023
MAE: 2.4101850041027726
EVS: 0.7188065638296064
