Model: GRU
MSE: 7.767068870698682
MAE: 2.213127724055586
EVS: 0.7206324079274996
