Model: GRU
MSE: 85.94230453958795
MAE: 7.80755248563043
EVS: -0.03155023167978799
