Model: GRU
MSE: 11.074386858848246
MAE: 2.83611406128982
EVS: 0.7093172461647373
