Model: GRU
MSE: 15.564676236418657
MAE: 3.382358485254748
EVS: 0.6750789361244749
