Model: GRU
MSE: 8.349967221370367
MAE: 2.31815164664696
EVS: 0.695235749488714
