Model: GRU
MSE: 766.9573398368301
MAE: 26.659507965219433
EVS: -1.3215251853575354
