Model: GRU
MSE: 7.925555641324555
MAE: 2.3352980531495193
EVS: 0.711675866036505
