Model: GRU
MSE: 6.294280146580205
MAE: 1.8336704558339612
EVS: 0.7497449886632898
