Model: GRU
MSE: 6.803590987492047
MAE: 2.000885110476921
EVS: 0.7289627916737501
