Model: GRU
MSE: 6.628613896369085
MAE: 1.9862181359323963
EVS: 0.7330705684536576
