Model: GRU
MSE: 7.270622835267208
MAE: 2.113666793395733
EVS: 0.7250252413424207
