Model: GRU
MSE: 7.537468222684196
MAE: 2.127813468719351
EVS: 0.7151701193453618
