Model: GRU
MSE: 10.869689038069604
MAE: 2.800290101561053
EVS: 0.7192219856016332
