Model: GRU
MSE: 6.777305616386761
MAE: 1.8747368156909943
EVS: 0.7221183623333534
