Model: GRU
MSE: 9.453590990857446
MAE: 2.3934969902038574
EVS: 0.6701035652319263
