Model: GRU
MSE: 10.80254131582396
MAE: 2.634098704518943
EVS: 0.6668635912103846
