Model: GRU
MSE: 15.884918928032075
MAE: 3.2768265050033043
EVS: 0.5464785551212499
