Model: GRU
MSE: 7.73570003901623
MAE: 2.2039633619374244
EVS: 0.699778429570814
