Model: GRU
MSE: 10.537171706263264
MAE: 2.7147273030774346
EVS: 0.7096780292148371
