Model: GRU
MSE: 8.99148595737868
MAE: 2.2038348902916085
EVS: 0.6421195002410098
