Model: GRU
MSE: 7.269979808892925
MAE: 2.022649684856678
EVS: 0.7032600814586881
