Model: GRU
MSE: 44.5348256994985
MAE: 5.809868450822501
EVS: 0.09685759527012117
