Model: GRU
MSE: 7.465004971619613
MAE: 2.162082150064666
EVS: 0.7126366289197001
