Model: GRU
MSE: 2820.920906411839
MAE: 52.870739246236866
EVS: -0.05720680591154226
