Model: GRU
MSE: 7.30857196501458
MAE: 2.1923875397649306
EVS: 0.7455150297223834
