Model: GRU
MSE: 10.256844779219243
MAE: 2.6813882404360276
EVS: 0.6820091372920116
