Model: GRU
MSE: 6.956848822669493
MAE: 2.0353986908649575
EVS: 0.7128301578742392
