Model: GRU
MSE: 6.550941302132067
MAE: 1.8830385423939804
EVS: 0.7326995711717914
