Model: GRU
MSE: 7.325464748871982
MAE: 2.1204337292704087
EVS: 0.730015368426121
