Model: GRU
MSE: 9.615504093649488
MAE: 2.515684025040988
EVS: 0.711912512512574
