Model: GRU
MSE: 8.050523553081891
MAE: 2.2180622672212533
EVS: 0.7019517304246354
