Model: GRU
MSE: 8.615315475292544
MAE: 2.42229111030184
EVS: 0.7196312439841444
