Model: GRU
MSE: 9.317491596052868
MAE: 2.5752432346343994
EVS: 0.7284718536647229
