Model: GRU
MSE: 73.56454807742111
MAE: 6.868961494544457
EVS: -0.08924930518937635
