Model: GRU
MSE: 826.2227555386115
MAE: 28.29779266488963
EVS: -0.051089941259446325
