Model: GRU
MSE: 9.88170203749818
MAE: 2.409069989261956
EVS: 0.6614713837053592
