Model: GRU
MSE: 6.605611205737687
MAE: 1.934623590831099
EVS: 0.7283147323928858
