Model: GRU
MSE: 9.232666232271049
MAE: 2.5339106444654793
EVS: 0.6988845456186674
