Model: GRU
MSE: 8.997137990772224
MAE: 2.4840671748950562
EVS: 0.7108041995601315
