Model: GRU
MSE: 6.97050826630141
MAE: 1.8690566358895138
EVS: 0.7268508720292031
