Model: GRU
MSE: 6.919557714279643
MAE: 2.131947396130397
EVS: 0.7457547611944373
