Model: GRU
MSE: 83.26247794979218
MAE: 7.561736078097902
EVS: -0.07689227589735292
