Model: GRU
MSE: 6.562890718369822
MAE: 1.8683804520245255
EVS: 0.7328312797726495
