Model: GRU
MSE: 6.649357771256386
MAE: 1.855039573948959
EVS: 0.7256611064120111
