Model: GRU
MSE: 7.985813830148481
MAE: 2.2111938369685205
EVS: 0.7189047805934514
