Model: GRU
MSE: 44.364982614023354
MAE: 5.717162691313645
EVS: 0.0032532673953343805
