Model: GRU
MSE: 19.412229969072282
MAE: 3.9538689481801
EVS: 0.5545191764269601
