Model: GRU
MSE: 6.515820574296422
MAE: 1.831369965240873
EVS: 0.7309768665379697
