Model: GRU
MSE: 83.63028897676655
MAE: 7.5906864394401685
EVS: -0.07396674823285343
