Model: GRU
MSE: 17.972421234350772
MAE: 3.310772961583631
EVS: 0.29034882312890753
