Model: GRU
MSE: 112.41767018595858
MAE: 9.22696721964869
EVS: -0.12635995343189688
