Model: GRU
MSE: 7.011470398981488
MAE: 2.0800952952483605
EVS: 0.7359536801225461
