Model: GRU
MSE: 8.303724541823275
MAE: 2.3700386409101815
EVS: 0.7247989747563297
