Model: GRU
MSE: 6.766908056553211
MAE: 1.965958151324042
EVS: 0.7324738311229895
