Model: GRU
MSE: 331.0246755754548
MAE: 17.424396662876525
EVS: -0.13190614995995142
