Model: GRU
MSE: 7.2864180067562065
MAE: 2.131396060359889
EVS: 0.7181682071151902
