Model: GRU
MSE: 6.61744480016298
MAE: 1.9210886215341503
EVS: 0.7268515104417121
