Model: GRU
MSE: 108.81942382107964
MAE: 9.050877990393802
EVS: -0.11068239761676169
