Model: GRU
MSE: 11.03357131831467
MAE: 2.8311165160146254
EVS: 0.7179855376732931
