Model: GRU
MSE: 2637.360331454573
MAE: 51.09365713185277
EVS: -0.10645044388142
