Model: GRU
MSE: 51.87464474900957
MAE: 6.277733769910089
EVS: 0.0
