Model: GRU
MSE: 7.01324192856158
MAE: 2.0696622441554893
EVS: 0.718714607358836
