Model: GRU
MSE: 11.97608929284825
MAE: 2.5524841557288993
EVS: 0.5703460716243376
