Model: GRU
MSE: 9.49191178723472
MAE: 2.4625561216781877
EVS: 0.7110992212787555
