Model: GRU
MSE: 10.411128154945407
MAE: 2.5746764725652236
EVS: 0.7274224168917127
