Model: GRU
MSE: 6.794460165361109
MAE: 1.9760201861118447
EVS: 0.719806251974191
