Model: GRU
MSE: 7.16878000366886
MAE: 1.9736304478398685
EVS: 0.7040300645019023
