Model: GRU
MSE: 11.256373881090138
MAE: 2.7410161084142226
EVS: 0.6919764564681747
