Model: GRU
MSE: 6.474412775369391
MAE: 1.8647786995460247
EVS: 0.7382887096152111
