Model: GRU
MSE: 87.97585369583048
MAE: 7.80805203010296
EVS: -0.11518877806796435
