Model: GRU
MSE: 9.572443881731878
MAE: 2.4717074591538
EVS: 0.6974464943965513
