Model: GRU
MSE: 7.346937632867575
MAE: 1.963456363513552
EVS: 0.7087334606497571
