Model: GRU
MSE: 88.8843809399737
MAE: 7.83686141310067
EVS: -0.13409058531202223
