Model: GRU
MSE: 6.418516263865297
MAE: 1.9098123188676506
EVS: 0.7391474633696749
