Model: GRU
MSE: 6.824550665400232
MAE: 1.957879549470441
EVS: 0.7187944692545023
