Model: GRU
MSE: 9.483122145631286
MAE: 2.545209522905021
EVS: 0.7311448645387564
