Model: GRU
MSE: 1274.5818244998368
MAE: 35.29371317501726
EVS: -0.19468654384218143
