Model: GRU
MSE: 6.448198756202903
MAE: 1.8964897106433738
EVS: 0.7338602263523554
