Model: GRU
MSE: 8.49426740394701
MAE: 2.292923848176825
EVS: 0.7209705485417961
