Model: GRU
MSE: 7.738601783988463
MAE: 2.038398108605681
EVS: 0.6853688824461563
