Model: GRU
MSE: 7.292506829253111
MAE: 1.960868090391159
EVS: 0.6999296875142922
