Model: GRU
MSE: 1395.0176602979993
MAE: 36.890979076253956
EVS: -0.4068100063351776
