Model: GRU
MSE: 7.885648479474094
MAE: 2.1888092221884894
EVS: 0.7054120772170996
