Model: GRU
MSE: 7.432126610167313
MAE: 2.1833056211471558
EVS: 0.7211109759107196
