Model: GRU
MSE: 7.062628737217012
MAE: 2.069016836840531
EVS: 0.7335973847084959
