Model: GRU
MSE: 11.254370529165605
MAE: 2.7410331183466417
EVS: 0.5354684802544676
