Model: GRU
MSE: 7.200136240732497
MAE: 2.0148609506672828
EVS: 0.7095819812425461
