Model: GRU
MSE: 6.521056477434654
MAE: 1.9327673665408431
EVS: 0.7316013103541705
