Model: GRU
MSE: 6.93349061048694
MAE: 1.8718788418276557
EVS: 0.7137392876445983
