Model: GRU
MSE: 117.45560467118888
MAE: 9.61516598997445
EVS: -0.03236603306727459
