Model: GRU
MSE: 7.922855935454433
MAE: 2.229001789257444
EVS: 0.7198625477052185
