Model: GRU
MSE: 12.7346180077364
MAE: 3.026768137668741
EVS: 0.7209143081719674
