Model: GRU
MSE: 7.931690108616886
MAE: 2.1697468120476295
EVS: 0.7057861273941596
