Model: GRU
MSE: 83.51253550832566
MAE: 7.302753016866487
EVS: -0.24615991239639934
