Model: GRU
MSE: 7.544872824085748
MAE: 2.0440943816612505
EVS: 0.7062154518192154
