Model: GRU
MSE: 7.558824108738585
MAE: 2.1879925645630935
EVS: 0.7180738600594152
