Model: GRU
MSE: 7.080125240286302
MAE: 2.1004355971155495
EVS: 0.7083760114888086
