Model: GRU
MSE: 437.9828825517541
MAE: 20.445804809701855
EVS: 0.17622944065639867
