Model: GRU
MSE: 10.316692854310382
MAE: 2.6528461781041375
EVS: 0.7082527628002996
