Model: GRU
MSE: 6.2556441146379935
MAE: 1.7851872773006046
EVS: 0.74305495477358
