Model: GRU
MSE: 7.180431303509624
MAE: 2.1168104533491463
EVS: 0.7261301550311001
