Model: GRU
MSE: 7.067265183538905
MAE: 1.9357924132511533
EVS: 0.7240886482058404
