Model: GRU
MSE: 16.31827274210593
MAE: 3.445280831435631
EVS: 0.6067230716187502
