Model: GRU
MSE: 6.585495852600267
MAE: 1.9510314361802463
EVS: 0.7293186188862426
