Model: GRU
MSE: 7.315306976643743
MAE: 2.0192297491534004
EVS: 0.7166616375101207
