Model: GRU
MSE: 6.6153732353056505
MAE: 1.9140768040870797
EVS: 0.7284058163709948
