Model: GRU
MSE: 7.512150523847859
MAE: 2.106067219684864
EVS: 0.6947949103371174
