Model: GRU
MSE: 8.771095634167905
MAE: 2.4180396959699433
EVS: 0.7209822930026639
