Model: GRU
MSE: 2849.4611313044675
MAE: 53.14940564385776
EVS: -0.015752816558144644
