Model: GRU
MSE: 520.2391658093842
MAE: 21.992100880063813
EVS: -0.5105801639576406
