Model: GRU
MSE: 7.239268925507437
MAE: 1.9283233326056908
EVS: 0.7241247711342329
