Model: GRU
MSE: 2679.2069374400035
MAE: 51.10254873078445
EVS: -1.796683972321694
