Model: GRU
MSE: 6.567281469698306
MAE: 1.9783138982180892
EVS: 0.7298634252995608
