Model: GRU
MSE: 6.6083507918662034
MAE: 1.9187546989013409
EVS: 0.727303707501012
