Model: GRU
MSE: 7.226878886837983
MAE: 2.0691043405697265
EVS: 0.7279210295495571
