Model: GRU
MSE: 10.30523553744534
MAE: 2.6078603267669678
EVS: 0.6892002801287248
