Model: GRU
MSE: 1759.4441360057383
MAE: 41.615127629247205
EVS: -0.14058532103335541
