Model: GRU
MSE: 8.464416397810094
MAE: 2.118667997632708
EVS: 0.7127588038509478
