Model: GRU
MSE: 7.649900571235891
MAE: 2.1372447856541337
EVS: 0.6856800420065294
