Model: GRU
MSE: 8.082890865685947
MAE: 2.3464122311822297
EVS: 0.7323065626888168
