Model: GRU
MSE: 7.977812276861854
MAE: 2.3040986677695967
EVS: 0.7302644895274648
