Model: GRU
MSE: 6.97798523534494
MAE: 1.946015477180481
EVS: 0.7183949571348741
