Model: GRU
MSE: 7.2067233362703575
MAE: 1.9959152536145572
EVS: 0.7158580526693844
