Model: GRU
MSE: 6.527347332877949
MAE: 1.9665861787467167
EVS: 0.7327271443471504
