Model: GRU
MSE: 7.433387876378591
MAE: 2.12224260897472
EVS: 0.7090358907417642
