Model: GRU
MSE: 11.006232859277773
MAE: 2.8167305897022117
EVS: 0.7210683507645878
