Model: GRU
MSE: 8.287529062725378
MAE: 2.348540392415277
EVS: 0.7250704015574029
