Model: GRU
MSE: 7.377118253108177
MAE: 2.1180794855643965
EVS: 0.7187350340356842
