Model: GRU
MSE: 13.20104043818027
MAE: 3.0795362900043357
EVS: 0.7129140850536977
