Model: GRU
MSE: 336.8777375460606
MAE: 17.26525329721385
EVS: -0.6014999233932943
