Model: GRU
MSE: 7.65758044470217
MAE: 2.081136029342125
EVS: 0.7050845149121525
