Model: GRU
MSE: 7.912055887026903
MAE: 2.2219045655480745
EVS: 0.6733409322600855
