Model: GRU
MSE: 6.528029353899231
MAE: 1.952991769231599
EVS: 0.7308993833837992
