Model: GRU
MSE: 7.571736100755029
MAE: 2.128570922489824
EVS: 0.6995711472332063
