Model: GRU
MSE: 10.680372287424321
MAE: 2.7664892837919037
EVS: 0.6974522684242496
