Model: GRU
MSE: 8.93318186045818
MAE: 2.395359055749301
EVS: 0.7115582400970183
