Model: GRU
MSE: 57.172010827421374
MAE: 6.753677894329202
EVS: 0.08208688506294237
