Model: GRU
MSE: 9.846313154624069
MAE: 2.5633645643448006
EVS: 0.718800670784316
