Model: GRU
MSE: 8.755376600904617
MAE: 2.3485206324478676
EVS: 0.7181475850263055
