Model: GRU
MSE: 6.536710292771155
MAE: 1.9486198589719574
EVS: 0.7302862090485754
