Model: GRU
MSE: 7.2783284784432825
MAE: 2.0636660949937227
EVS: 0.7160384257944683
