Model: GRU
MSE: 7.150389383396869
MAE: 2.006141150819844
EVS: 0.7166779604969234
