Model: GRU
MSE: 7.99299820637257
MAE: 2.242092958812056
EVS: 0.7170212210160158
