Model: GRU
MSE: 7.386013837344394
MAE: 2.0304875486883622
EVS: 0.695778686646199
