Model: GRU
MSE: 13.346335502691439
MAE: 3.014550751653211
EVS: 0.6834147332106912
