Model: GRU
MSE: 1195.5490770965457
MAE: 34.00284461317391
EVS: -0.6249046624093406
