Model: GRU
MSE: 7.609631398948287
MAE: 2.141329781762485
EVS: 0.7099568510914962
