Model: GRU
MSE: 7.179324783269426
MAE: 2.121113185224862
EVS: 0.7195734254401942
