Model: GRU
MSE: 7.432192718453213
MAE: 1.9636456534780304
EVS: 0.6978005120890162
