Model: GRU
MSE: 8.914212793841292
MAE: 2.279626891530793
EVS: 0.6890579736984136
