Model: GRU
MSE: 6.6547762411030495
MAE: 1.891193648864483
EVS: 0.7284506719194757
