Model: GRU
MSE: 8.08933606052457
MAE: 2.1334852350169213
EVS: 0.6995058145158757
