Model: GRU
MSE: 6.490457721649761
MAE: 1.9375706458913868
EVS: 0.732865130137371
