Model: GRU
MSE: 7.360072857067178
MAE: 2.086691493618077
EVS: 0.6961672640466354
