Model: GRU
MSE: 8.893197109926378
MAE: 2.3452825535987984
EVS: 0.7063548867696225
