Model: GRU
MSE: 102.27478747195312
MAE: 8.588581775796824
EVS: -0.1771564252278104
