Model: GRU
MSE: 92.21466902068099
MAE: 7.923126409793722
EVS: -0.21545848500105325
