Model: GRU
MSE: 7.32999517726052
MAE: 2.056464976277845
EVS: 0.7307743628977547
