Model: GRU
MSE: 6.757706913750521
MAE: 1.8959417795312816
EVS: 0.7210657185639392
