Model: GRU
MSE: 7.690153149003317
MAE: 2.1650378416324485
EVS: 0.7215435947555068
