Model: GRU
MSE: 7.232345314029505
MAE: 1.9355923718419568
EVS: 0.7026157462259105
