Model: GRU
MSE: 1341.042555261911
MAE: 36.320406387592186
EVS: 0.09701122423083353
