Model: GRU
MSE: 8.205463257963476
MAE: 2.3410557960641794
EVS: 0.7090646050784335
