Model: GRU
MSE: 8.134827736638886
MAE: 2.2431496073459756
EVS: 0.6992677500909298
