Model: GRU
MSE: 7.981225856826396
MAE: 2.1890244802524306
EVS: 0.7203626144731193
