Model: GRU
MSE: 7.0243007401072575
MAE: 2.017907450939047
EVS: 0.7100254602625626
