Model: GRU
MSE: 6.875305695871342
MAE: 1.9834308624267578
EVS: 0.7236998683128546
