Model: GRU
MSE: 6.73013256998823
MAE: 1.9516426407057663
EVS: 0.7221383791523203
