Model: GRU
MSE: 8.19937079838418
MAE: 2.327795351373738
EVS: 0.6805425568264437
