Model: GRU
MSE: 8.69127541891529
MAE: 2.4542204922643203
EVS: 0.7232792086614765
