Model: GRU
MSE: 6.799834925812767
MAE: 2.0146935530777634
EVS: 0.7195512034895922
