Model: GRU
MSE: 8.750456085721357
MAE: 2.326864111012426
EVS: 0.6673753031665121
