Model: GRU
MSE: 10.226859970279888
MAE: 2.6871774237731407
EVS: 0.6973087144008991
