Model: GRU
MSE: 8.104317527723882
MAE: 2.191839078377033
EVS: 0.704284551060056
