Model: GRU
MSE: 7.830651390524586
MAE: 2.2657962050931206
EVS: 0.6926999897790198
