Model: GRU
MSE: 11.266777394126985
MAE: 2.632586245906764
EVS: 0.6438711854951146
