Model: GRU
MSE: 7.31754280052738
MAE: 2.075967220396831
EVS: 0.7010008877870639
