Model: GRU
MSE: 12.272546933020498
MAE: 2.770771628823774
EVS: 0.6338525057480717
