Model: GRU
MSE: 6.599192045766574
MAE: 1.9966437323340054
EVS: 0.7275343711870805
