Model: GRU
MSE: 10.280848597264939
MAE: 2.6296974749400697
EVS: 0.7111202911868593
