Model: GRU
MSE: 8.216494893242222
MAE: 1.9717268306633522
EVS: 0.721201727395871
