Model: GRU
MSE: 7.147574255980807
MAE: 2.033276516815712
EVS: 0.713759536968097
