Model: GRU
MSE: 6.386089758780239
MAE: 1.8616324252095715
EVS: 0.7363444896836983
