Model: GRU
MSE: 6.530416073998778
MAE: 1.9223534238749538
EVS: 0.7354314985774664
