Model: GRU
MSE: 49.37657167054522
MAE: 6.235103590735074
EVS: 0.2015028930046252
