Model: GRU
MSE: 6.616984345240342
MAE: 1.9503809861068069
EVS: 0.7273668379798075
