Model: GRU
MSE: 6.2533522943751105
MAE: 1.8569192146432811
EVS: 0.7420248215183762
