Model: GRU
MSE: 11.428523773849049
MAE: 2.739653159832132
EVS: 0.6842231521604958
