Model: GRU
MSE: 79.07092950417208
MAE: 7.373999217460895
EVS: -0.019603063583290226
