Model: GRU
MSE: 71.51174659654097
MAE: 6.911946744754396
EVS: 0.019964047476510927
