Model: GRU
MSE: 768.6073278963281
MAE: 27.158816283089774
EVS: -0.07034081784324164
