Model: GRU
MSE: 99.00076642012817
MAE: 8.357536262479321
EVS: -0.20363438756347962
