Model: GRU
MSE: 6.74576474981344
MAE: 1.9404989275439033
EVS: 0.7227313920147358
