Model: GRU
MSE: 308.31604070919104
MAE: 16.66264320241994
EVS: -0.26639206771831736
