Model: GRU
MSE: 8.850904997082244
MAE: 2.4015652064619393
EVS: 0.6958107446573296
