Model: GRU
MSE: 107.29758598211284
MAE: 8.892380739080496
EVS: -0.16526969821576776
