Model: GRU
MSE: 7.543548115745758
MAE: 2.146802213685266
EVS: 0.713106718755995
