Model: GRU
MSE: 10.55130863729496
MAE: 2.7097217481711815
EVS: 0.707339311272714
