Model: GRU
MSE: 7.261121861155038
MAE: 2.1685241501906822
EVS: 0.7303840734306901
