Model: GRU
MSE: 7.527269710038142
MAE: 2.13543563259059
EVS: 0.7023852837493083
