Model: GRU
MSE: 8.65929211702214
MAE: 2.4240369714539627
EVS: 0.7177512678544633
