Model: GRU
MSE: 1140.0993790653256
MAE: 33.43552918269717
EVS: 0.08486717323724569
