Model: GRU
MSE: 6.865157749417171
MAE: 1.9616919077675918
EVS: 0.7187688052427414
