Model: GRU
MSE: 9.588711964495547
MAE: 2.560339253524254
EVS: 0.6860944343443705
