Model: GRU
MSE: 8.791825502125201
MAE: 2.3707314277517386
EVS: 0.6928112089191757
