Model: GRU
MSE: 6.837765426525671
MAE: 2.0030692733567337
EVS: 0.7230910609813976
