Model: GRU
MSE: 7.523113276201413
MAE: 2.158441370931165
EVS: 0.7271316881633001
