Model: GRU
MSE: 2254.6117216900616
MAE: 47.11924171447754
EVS: -0.41983458467109824
