Model: GRU
MSE: 8.158723468258492
MAE: 2.3279736288662614
EVS: 0.7274537997026214
