Model: GRU
MSE: 7.570729009888118
MAE: 2.038635097700974
EVS: 0.697431287749436
