Model: GRU
MSE: 8.144861270551164
MAE: 2.0999534284246377
EVS: 0.6922025091538959
