Model: GRU
MSE: 7.530927591119358
MAE: 2.171592300308162
EVS: 0.7036450037376067
