Model: GRU
MSE: 8.74748049773152
MAE: 2.3792486355222504
EVS: 0.7076095003565925
