Model: GRU
MSE: 9.916733661316933
MAE: 2.6568360636974204
EVS: 0.7265039538877909
