Model: GRU
MSE: 3671.3338409054386
MAE: 60.39182176261112
EVS: 0.0024181554158959617
