Model: GRU
MSE: 10.538555410767685
MAE: 2.5786724953815856
EVS: 0.6780779706377833
