Model: GRU
MSE: 7.23801611497473
MAE: 2.0498234742674333
EVS: 0.7100608635451842
