Model: GRU
MSE: 7.3250018075597705
MAE: 2.059168346996965
EVS: 0.7108261112340595
