Model: GRU
MSE: 3341.063344404265
MAE: 57.58362329417262
EVS: -0.04002428939461211
