Model: GRU
MSE: 7.344543112858406
MAE: 2.131889610454954
EVS: 0.7045623983664897
