Model: GRU
MSE: 6.885835379854237
MAE: 1.962492350874276
EVS: 0.72816399766849
