Model: GRU
MSE: 78.36485332709188
MAE: 7.172228073251659
EVS: -0.11163062672256441
