Model: GRU
MSE: 8.273712507186975
MAE: 2.3846129877813933
EVS: 0.7075348778266706
