Model: GRU
MSE: 2702.1790197116266
MAE: 51.744748411507445
EVS: -0.018156609906500032
