Model: GRU
MSE: 6.585748805670545
MAE: 2.0305932924665253
EVS: 0.7364579363038218
