Model: GRU
MSE: 11.498291694987039
MAE: 2.90570553006797
EVS: 0.7133630544795322
