Model: GRU
MSE: 8.765510844659211
MAE: 2.3192490020702623
EVS: 0.6784619594464822
