Model: GRU
MSE: 7.39561013819616
MAE: 2.0114216311224578
EVS: 0.7231103151295946
