Model: GRU
MSE: 286.8643597602575
MAE: 15.805286489684006
EVS: -0.5300107475594786
