Model: GRU
MSE: 14.047832833681763
MAE: 3.295083473468649
EVS: 0.7180242290947257
