Model: GRU
MSE: 1246.3641626400208
MAE: 34.95124616294071
EVS: -0.02288499400975974
