Model: GRU
MSE: 8.727941927631743
MAE: 2.3643196564296196
EVS: 0.6848628334857314
