Model: GRU
MSE: 9.356970112042498
MAE: 2.475949032553311
EVS: 0.7022962759078211
