Model: GRU
MSE: 1714.1599211633816
MAE: 40.84779949845939
EVS: -0.8834303141653601
