Model: GRU
MSE: 6.896569859780157
MAE: 2.1127805709838867
EVS: 0.7325901265427369
