Model: GRU
MSE: 9.335109673345437
MAE: 2.5341501975881644
EVS: 0.7163200000999272
