Model: GRU
MSE: 20.019500927687975
MAE: 3.915270813580217
EVS: 0.6803164734803484
