Model: GRU
MSE: 7.032894389658748
MAE: 2.0830084362934373
EVS: 0.7215388132652567
