Model: GRU
MSE: 8.464639773473376
MAE: 2.3773507373086336
EVS: 0.7259213215136007
