Model: GRU
MSE: 7.244592395912879
MAE: 2.057131134230515
EVS: 0.7078177263644345
