Model: GRU
MSE: 7.177935315558255
MAE: 2.0369138820418
EVS: 0.7064077625891849
