Model: GRU
MSE: 7.0969205813195035
MAE: 2.083850295379244
EVS: 0.719616665174841
