Model: GRU
MSE: 13.562557797499679
MAE: 3.2416223575328957
EVS: 0.7281403453973735
