Model: GRU
MSE: 7.36685312786397
MAE: 2.0265701742007813
EVS: 0.6989377633662923
