Model: GRU
MSE: 9.321975283889339
MAE: 2.518389578523307
EVS: 0.7184849427349915
