Model: GRU
MSE: 6.244322881711674
MAE: 1.9001800643986668
EVS: 0.7447215111595633
