Model: GRU
MSE: 8.64238931056015
MAE: 2.366061671026822
EVS: 0.7088418292884009
