Model: GRU
MSE: 100.89819324421246
MAE: 8.862235449511429
EVS: 0.0768487359792136
