Model: GRU
MSE: 1306.1161756483402
MAE: 35.81261651269321
EVS: 0.02673790290860889
