Model: GRU
MSE: 6.785102655569437
MAE: 2.016865398349433
EVS: 0.7275465201413367
