Model: GRU
MSE: 87.70634940678391
MAE: 7.98073751350929
EVS: 0.008509207661706042
