Model: GRU
MSE: 6.935943505081744
MAE: 2.049983038984496
EVS: 0.7281380662001409
