Model: GRU
MSE: 51.878867647589935
MAE: 6.2780245090353075
EVS: 0.0
