Model: GRU
MSE: 10.675594480714768
MAE: 2.7207801691417037
EVS: 0.7269564835794214
