Model: GRU
MSE: 9.15273589404499
MAE: 2.4911190949637314
EVS: 0.7006925180723769
