Model: GRU
MSE: 7.111009374565347
MAE: 2.051904300163532
EVS: 0.7173438758523074
