Model: GRU
MSE: 7.57239374131684
MAE: 2.0566002099678435
EVS: 0.6904644631753113
