Model: GRU
MSE: 7.171222619183476
MAE: 2.0634012633356553
EVS: 0.7063523619114391
