Model: GRU
MSE: 12.268208143785555
MAE: 3.019095387952081
EVS: 0.7163861844556079
