Model: GRU
MSE: 729.0076452612382
MAE: 26.214275524534028
EVS: -0.726628066886637
