Model: GRU
MSE: 1947.222296388929
MAE: 43.58005938036688
EVS: -0.9818405776647574
