Model: GRU
MSE: 8.129070659592845
MAE: 2.2171265935075692
EVS: 0.6962117424834304
