Model: GRU
MSE: 6.647229807006522
MAE: 1.9282518995219264
EVS: 0.7280868608946838
