Model: GRU
MSE: 8.566026493990918
MAE: 2.3907612027793097
EVS: 0.7076369299380865
