Model: GRU
MSE: 7.447517279439369
MAE: 2.0647297182987474
EVS: 0.6972609294142252
