Model: GRU
MSE: 7.501829058906304
MAE: 2.0315125512665717
EVS: 0.6902952504501709
