Model: GRU
MSE: 3281.415589686704
MAE: 57.07113239682954
EVS: -0.003351041695063728
