Model: GRU
MSE: 8.143036319684562
MAE: 2.229213956101187
EVS: 0.7251107055461046
