Model: GRU
MSE: 6.519943964871665
MAE: 1.9390691929850086
EVS: 0.7311078972145404
