Model: GRU
MSE: 6.6577512738551725
MAE: 1.955455396709771
EVS: 0.7435465908284742
