Model: GRU
MSE: 1800.4605350953202
MAE: 42.117639475855334
EVS: -0.09680760189594473
