Model: GRU
MSE: 8.12222709254215
MAE: 2.243450875939994
EVS: 0.6872438921570063
