Model: GRU
MSE: 843.3297737025383
MAE: 28.35711045100771
EVS: -0.6186464862946548
