Model: GRU
MSE: 6.761862497856814
MAE: 2.003659462106639
EVS: 0.7212451719739781
