Model: GRU
MSE: 7.979601535072413
MAE: 2.2181522887328575
EVS: 0.7204409259720774
