Model: GRU
MSE: 7.776186221442906
MAE: 2.189248023361995
EVS: 0.7237283214348651
