Model: GRU
MSE: 96.4086459311068
MAE: 8.370621923742624
EVS: -0.08757378641179403
