Model: GRU
MSE: 10.965806892580462
MAE: 2.7454416011941842
EVS: 0.7061935431640453
