Model: GRU
MSE: 6.682200281374825
MAE: 1.9749091945845505
EVS: 0.7373236591021937
