Model: GRU
MSE: 7.922699268530954
MAE: 2.1200471212124
EVS: 0.6890915089445941
