Model: GRU
MSE: 94.65042909917545
MAE: 8.269998624407012
EVS: -0.08411458974169417
