Model: GRU
MSE: 7.362627072553447
MAE: 1.9642307748054635
EVS: 0.7226664801276864
