Model: GRU
MSE: 96.5006619572159
MAE: 8.429158243639716
EVS: -0.050770680924136835
