Model: GRU
MSE: 8.271465129712054
MAE: 2.28983716101482
EVS: 0.7126122416282195
