Model: GRU
MSE: 15.269423851658571
MAE: 3.163361118785266
EVS: 0.4886365850438372
