Model: GRU
MSE: 6.608978905532485
MAE: 1.8954556111631722
EVS: 0.7337900976309462
