Model: GRU
MSE: 6.75860369172805
MAE: 1.9991582395701573
EVS: 0.7355301089015212
