Model: GRU
MSE: 18.994856380766247
MAE: 3.5280155292872726
EVS: 0.4833283682546884
