Model: GRU
MSE: 1238.6792732895901
MAE: 34.43172809995454
EVS: -1.1938387019290833
