Model: GRU
MSE: 6.762383249924682
MAE: 1.9884977135164985
EVS: 0.7208871464861286
