Model: GRU
MSE: 22.64521995535647
MAE: 3.9412805294168405
EVS: 0.06945977353558641
