Model: GRU
MSE: 10.045988277476376
MAE: 2.619790356734703
EVS: 0.7145162657160361
