Model: GRU
MSE: 7.781481041617405
MAE: 2.233343186049626
EVS: 0.7200222551531653
