Model: GRU
MSE: 6.973120258301112
MAE: 2.0237792113731645
EVS: 0.7125048351080328
