Model: GRU
MSE: 9.221098641278468
MAE: 2.4936777826013237
EVS: 0.7117881290804162
