Model: GRU
MSE: 97.5892176052748
MAE: 8.40038628824826
EVS: -0.11570696472090347
