Model: GRU
MSE: 6.925231477341776
MAE: 2.0043786188651778
EVS: 0.7178884582479517
