Model: GRU
MSE: 96.28467342053317
MAE: 8.300874340123144
EVS: -0.13046446928705935
