Model: GRU
MSE: 6.976539850152002
MAE: 2.043039354784735
EVS: 0.7326807664970814
