Model: GRU
MSE: 6.964413077198777
MAE: 1.9784418755564197
EVS: 0.7159258372951463
