Model: GRU
MSE: 6.948277983033755
MAE: 1.8785200447871768
EVS: 0.7132436010204436
