Model: GRU
MSE: 7.090260486829474
MAE: 2.052117531669551
EVS: 0.7098208602777512
