Model: GRU
MSE: 6.86126005404437
MAE: 1.8876505093327884
EVS: 0.7360977163800295
