Model: GRU
MSE: 7.294609788858205
MAE: 1.984579626856179
EVS: 0.7146729845326996
