Model: GRU
MSE: 14.60650894720376
MAE: 3.1668717285682417
EVS: 0.4692612488977095
