Model: GRU
MSE: 7.021270997714823
MAE: 2.0834518383289207
EVS: 0.7218143722562821
