Model: GRU
MSE: 113.70732791904837
MAE: 9.75643144804856
EVS: 0.0
