Model: GRU
MSE: 6.759372150971283
MAE: 1.887044150253822
EVS: 0.7248591939168588
