Model: GRU
MSE: 6.904895099238527
MAE: 1.9547980283868724
EVS: 0.715196325433991
