Model: GRU
MSE: 6.9429088530453065
MAE: 2.002711641377416
EVS: 0.7189666000979241
