Model: GRU
MSE: 8.801869044386484
MAE: 2.3175278984267136
EVS: 0.7080785727534187
