Model: GRU
MSE: 9.099089666195184
MAE: 2.454447664063552
EVS: 0.7099112088521243
