Model: GRU
MSE: 7.391057435127373
MAE: 1.983338610879306
EVS: 0.7151680707190707
