Model: GRU
MSE: 8.899736876145793
MAE: 2.3763766042117416
EVS: 0.7064740532965701
