Model: GRU
MSE: 7.814829674436189
MAE: 2.1852958695641878
EVS: 0.7118510467084813
