Model: GRU
MSE: 1124.3016748008538
MAE: 33.13670086038524
EVS: -0.08424584501916454
