Model: GRU
MSE: 6.076981783511787
MAE: 1.9376053399053113
EVS: 0.7545265536053058
