Model: GRU
MSE: 8.827033350831668
MAE: 2.444350384432694
EVS: 0.7238256621678906
