Model: GRU
MSE: 7.980091894097161
MAE: 2.3156428152117234
EVS: 0.7274488647570161
