Model: GRU
MSE: 8.50637951970789
MAE: 2.4369484761665605
EVS: 0.7286793465700527
