Model: GRU
MSE: 9.443527050251038
MAE: 2.553634840866615
EVS: 0.707644358959056
