Model: GRU
MSE: 102.8369209290304
MAE: 9.20922432274654
EVS: -0.004800549919200092
