Model: GRU
MSE: 1635.03596678573
MAE: 40.07354838272621
EVS: -0.20340040017917538
