Model: GRU
MSE: 7.448261809383906
MAE: 2.0599941241330115
EVS: 0.7071224073512155
