Model: GRU
MSE: 12.988171682301582
MAE: 2.8470525587427207
EVS: 0.7134685902586355
