Model: GRU
MSE: 12.03394555029741
MAE: 2.90253360723627
EVS: 0.723309064779795
