Model: GRU
MSE: 8.138577584623093
MAE: 2.3307042368527116
EVS: 0.7282722803086139
