Model: GRU
MSE: 8.003494428536756
MAE: 2.292226557073922
EVS: 0.7237424687988439
