Model: GRU
MSE: 6.5819409788382846
MAE: 1.8616864105750774
EVS: 0.729554942859326
