Model: GRU
MSE: 2589.5172095949038
MAE: 50.6039604318553
EVS: -0.18728627177499768
