Model: GRU
MSE: 7.128691222067603
MAE: 2.0244474205477485
EVS: 0.7161027207946162
