Model: GRU
MSE: 6.675523320890301
MAE: 2.0257739630238762
EVS: 0.7410827686988172
