Model: GRU
MSE: 802.3308978418179
MAE: 27.96703447144607
EVS: 0.16698377794383834
