Model: GRU
MSE: 105.3944325681774
MAE: 9.008112442904505
EVS: -0.0011589175587698453
