Model: GRU
MSE: 6.424363434876123
MAE: 1.9614005212126107
EVS: 0.7347666895094341
