Model: GRU
MSE: 6.995911225543552
MAE: 1.9521911473109805
EVS: 0.712488219238229
