Model: GRU
MSE: 6.735256185821657
MAE: 1.8813431735696464
EVS: 0.7270263133318158
