Model: GRU
MSE: 9.154838267687108
MAE: 2.216022586000377
EVS: 0.6704186701026862
