Model: GRU
MSE: 7.265213438913202
MAE: 2.069828989176915
EVS: 0.7113769736939031
