Model: GRU
MSE: 7.317951627224662
MAE: 2.050689710625287
EVS: 0.7062241295109456
