Model: GRU
MSE: 8.328859992172017
MAE: 2.142742853740166
EVS: 0.6926626041657287
