Model: GRU
MSE: 89.91962783821803
MAE: 8.023880128202768
EVS: -0.054363632325447275
