Model: GRU
MSE: 6.580275548475723
MAE: 1.953705387896505
EVS: 0.7421337540678195
