Model: GRU
MSE: 6.8755619866200615
MAE: 2.034704645132196
EVS: 0.7294086905595123
