Model: GRU
MSE: 7.29069413288305
MAE: 2.100592152825717
EVS: 0.7334906560003414
