Model: GRU
MSE: 13.39249314487624
MAE: 3.2217959371106377
EVS: 0.7289874342018338
