Model: GRU
MSE: 11.278998732097252
MAE: 2.9303441705374884
EVS: 0.7175888915071953
