Model: GRU
MSE: 6.702815841376399
MAE: 1.9434541176105369
EVS: 0.7263553890923913
