Model: GRU
MSE: 6.693541639642207
MAE: 1.9867121166196362
EVS: 0.7437731789177219
