Model: GRU
MSE: 8.32033237561713
MAE: 2.403009476332829
EVS: 0.7237953894820603
