Model: GRU
MSE: 6.786463721804588
MAE: 1.9621686853211502
EVS: 0.7198148318375939
