Model: GRU
MSE: 3315.718400846987
MAE: 57.39232247451256
EVS: 0.09828756297808139
