Model: GRU
MSE: 9.76632545584094
MAE: 2.437080617608695
EVS: 0.6854600553891879
