Model: GRU
MSE: 35.04332466808154
MAE: 5.310234160258852
EVS: 0.4812712390863859
