Model: GRU
MSE: 7.086771551309977
MAE: 1.9344370036289609
EVS: 0.7111763104428583
