Model: GRU
MSE: 6.7967404169459735
MAE: 1.937179904559563
EVS: 0.7202603751780867
