Model: GRU
MSE: 61.51464389937346
MAE: 6.918798643967201
EVS: 0.0
