Model: GRU
MSE: 8.20605448659831
MAE: 2.1281434790841463
EVS: 0.7000619568169455
