Model: GRU
MSE: 7.362690111126594
MAE: 2.0617483648760566
EVS: 0.7122045066445044
