Model: GRU
MSE: 7.075658376144359
MAE: 2.0052344696275117
EVS: 0.7078621948864615
