Model: GRU
MSE: 6.944639312194521
MAE: 1.9520289527958836
EVS: 0.7187406550664446
