Model: GRU
MSE: 7.762555639303644
MAE: 2.03414065262367
EVS: 0.7014996324234357
