Model: GRU
MSE: 6.827886924227487
MAE: 1.956932061705096
EVS: 0.7372238772303068
