Model: GRU
MSE: 8.582275641127119
MAE: 2.3623632973638076
EVS: 0.6552745478608761
