Model: GRU
MSE: 10.514624998774574
MAE: 2.7164293157643287
EVS: 0.7110168846014961
