Model: GRU
MSE: 7.101858619859643
MAE: 2.062086728112451
EVS: 0.726741935050762
