Model: GRU
MSE: 8.801402304393038
MAE: 2.1458257560072274
EVS: 0.6608946734339602
