Model: GRU
MSE: 61.40367444569309
MAE: 6.911901013604526
EVS: 0.0
