Model: GRU
MSE: 7.305462366522945
MAE: 2.0549408259062933
EVS: 0.7237770658307385
