Model: GRU
MSE: 7.173256413347477
MAE: 2.055877683491542
EVS: 0.7051109274185886
