Model: GRU
MSE: 6.953054551034456
MAE: 1.9854227797738437
EVS: 0.7134507509300956
