Model: GRU
MSE: 7.148878992624775
MAE: 2.135365313497083
EVS: 0.7362821129636209
