Model: GRU
MSE: 7.439784613711236
MAE: 2.0520130796679137
EVS: 0.7214431740940885
