Model: GRU
MSE: 7.517881992588034
MAE: 2.162002978653743
EVS: 0.7104999486659151
