Model: GRU
MSE: 7.980036932722307
MAE: 2.2688124035966806
EVS: 0.7107382810892462
