Model: GRU
MSE: 94.88310934779412
MAE: 8.312967793694858
EVS: -0.06430159947907566
