Model: GRU
MSE: 6.78161462758288
MAE: 1.967375702899078
EVS: 0.7210045175293842
