Model: GRU
MSE: 7.190476664229265
MAE: 1.9795121139493481
EVS: 0.706877472000879
