Model: GRU
MSE: 83.94717105394689
MAE: 7.705636875382785
EVS: -0.01445309504751191
