Model: GRU
MSE: 8.368136569520875
MAE: 2.2882333325928657
EVS: 0.7250752394995201
