Model: GRU
MSE: 8.922490344133154
MAE: 2.4395641746192145
EVS: 0.7104559671437434
