Model: GRU
MSE: 16.318384189132647
MAE: 3.4640096014943618
EVS: 0.6821620893455616
