Model: GRU
MSE: 7.323000890226052
MAE: 2.1532945725424537
EVS: 0.7365392445812178
