Model: GRU
MSE: 7.312154737911796
MAE: 2.06865145420206
EVS: 0.7003297744929428
