Model: GRU
MSE: 1505.6243497937003
MAE: 38.29615852750581
EVS: -0.6114017810620942
