Model: GRU
MSE: 6.727589804564372
MAE: 1.9961134195327759
EVS: 0.7390698364730746
