Model: GRU
MSE: 7111.868095064963
MAE: 84.20223236083984
EVS: 0.09777399786251473
