Model: GRU
MSE: 8.614068952686138
MAE: 2.3762014652120658
EVS: 0.7133397807791585
