Model: GRU
MSE: 6.387474005650555
MAE: 1.8787301891836627
EVS: 0.736810882169082
