Model: GRU
MSE: 7.498254526627581
MAE: 2.0594657823957245
EVS: 0.7326963977593182
