Model: GRU
MSE: 10.217401660439824
MAE: 2.5547790220805577
EVS: 0.7021881919435312
