Model: GRU
MSE: 11.209112027847342
MAE: 2.7331038908711793
EVS: 0.681963387300909
