Model: GRU
MSE: 7.173034102303178
MAE: 2.1065879813556014
EVS: 0.7039769723848104
