Model: GRU
MSE: 6.766486044690627
MAE: 1.9474834820319866
EVS: 0.7226118509192438
