Model: GRU
MSE: 7.048514787025106
MAE: 1.885937131684402
EVS: 0.7153985250354662
