Model: GRU
MSE: 10.115900516160364
MAE: 2.487094159783988
EVS: 0.7053658878446738
