Model: GRU
MSE: 6.7322480739436426
MAE: 1.9627888490413796
EVS: 0.7230864884839798
