Model: GRU
MSE: 5564.877168022318
MAE: 74.45306988420158
EVS: 0.1074604151418187
