Model: GRU
MSE: 771.0464347618046
MAE: 27.034173274862354
EVS: -0.6597628483908595
