Model: GRU
MSE: 7.783669269880293
MAE: 2.1105505022509345
EVS: 0.7003460035374344
