Model: GRU
MSE: 8.51739728679995
MAE: 2.2786822401244065
EVS: 0.6677591823404907
