Model: GRU
MSE: 6.899515308396334
MAE: 1.878435023899736
EVS: 0.7152954262233904
