Model: GRU
MSE: 158.23485667042712
MAE: 11.418704970129605
EVS: -0.14978195824342166
