Model: GRU
MSE: 7.17357093030591
MAE: 2.1457324521294954
EVS: 0.7394227603334245
