Model: GRU
MSE: 6.728065697783932
MAE: 2.0407743032636314
EVS: 0.7381057068097204
