Model: GRU
MSE: 73.61251880040818
MAE: 7.013038804818844
EVS: -0.008651101264586458
