Model: GRU
MSE: 6.415420630568896
MAE: 1.964709304530045
EVS: 0.7409530434732462
