Model: GRU
MSE: 7.229344987328079
MAE: 2.0243076805410714
EVS: 0.7073734579598409
