Model: GRU
MSE: 6.81381926665726
MAE: 2.004807535944314
EVS: 0.7253835553693817
