Model: GRU
MSE: 7.55635666469771
MAE: 2.1219856595170907
EVS: 0.7215410890641123
