Model: GRU
MSE: 7.5625283577586595
MAE: 2.1052441638091515
EVS: 0.7106931768866547
