Model: GRU
MSE: 7.212351957497559
MAE: 2.006429832557152
EVS: 0.7081928456514798
