Model: GRU
MSE: 8.499959227637074
MAE: 2.3322388591437506
EVS: 0.7118339733801834
