Model: GRU
MSE: 6.840751547451999
MAE: 1.9974798611525832
EVS: 0.7419013058895563
