Model: GRU
MSE: 7.408763353042288
MAE: 2.069924219928939
EVS: 0.7212583289054051
