Model: GRU
MSE: 8.664716354497253
MAE: 2.436342645308067
EVS: 0.7083881892941434
