Model: GRU
MSE: 7.149513423921849
MAE: 2.049620352942368
EVS: 0.7098257026176873
