Model: GRU
MSE: 6.909206659913883
MAE: 2.031729075415381
EVS: 0.7209904076027838
