Model: GRU
MSE: 8.013719703692598
MAE: 2.237094488637201
EVS: 0.7112478201634092
