Model: GRU
MSE: 8.702126447353075
MAE: 2.311422717982325
EVS: 0.7068610277127481
