Model: GRU
MSE: 6.575004422555178
MAE: 1.9450532814552044
EVS: 0.7316495249298935
