Model: GRU
MSE: 7.090316473300978
MAE: 1.906884203697073
EVS: 0.7075464093542656
