Model: GRU
MSE: 8.240868496879115
MAE: 2.2944624752833924
EVS: 0.697519734572823
