Model: GRU
MSE: 7.423948219004516
MAE: 2.062852140130668
EVS: 0.7002646819922207
