Model: GRU
MSE: 117.45654180940886
MAE: 9.601430259901901
EVS: -0.04330278476815663
