Model: GRU
MSE: 2492.9048566791926
MAE: 49.635572893866176
EVS: -0.2062109949440507
