Model: GRU
MSE: 6.682161873447942
MAE: 1.8988830180003726
EVS: 0.7300820114720803
