Model: GRU
MSE: 6.293331764415998
MAE: 1.8312258802611252
EVS: 0.7410786292269971
