Model: GRU
MSE: 6.553814278726869
MAE: 1.91409419322836
EVS: 0.7298678529218251
