Model: GRU
MSE: 15.18039808651468
MAE: 3.34747099259804
EVS: 0.6946980389135522
