Model: GRU
MSE: 7.270392530471604
MAE: 2.1146747017728873
EVS: 0.7158587442329674
