Model: GRU
MSE: 83.39364849176785
MAE: 7.605497327344171
EVS: -0.054903814874847745
