Model: GRU
MSE: 7.0768923350699735
MAE: 2.0135739589559623
EVS: 0.7083595162319747
