Model: GRU
MSE: 1942.8555116669581
MAE: 43.7059111101874
EVS: -0.34799657472878653
