Model: GRU
MSE: 51.9376846085993
MAE: 6.278668140542918
EVS: 0.010587846318648508
