Model: GRU
MSE: 8.042440150982742
MAE: 2.0341081557602716
EVS: 0.6702466516918506
