Model: GRU
MSE: 7.18940769559295
MAE: 2.1276777366112016
EVS: 0.7170428890716833
