Model: GRU
MSE: 75.86406610906953
MAE: 7.142403542995453
EVS: -0.026005662345031322
