Model: GRU
MSE: 14.545648623418213
MAE: 3.1298742510121444
EVS: 0.6605505954466303
