Model: GRU
MSE: 7.503694753754462
MAE: 2.010171964250762
EVS: 0.7035203794020367
