Model: GRU
MSE: 70.54067386759982
MAE: 7.529383725133435
EVS: 0.0684971573768457
