Model: GRU
MSE: 7.365161246127351
MAE: 2.005594356306668
EVS: 0.7042001611930149
