Model: GRU
MSE: 7.69236515260776
MAE: 2.059275951878778
EVS: 0.703931426329822
