Model: GRU
MSE: 553.6742920367901
MAE: 22.182774724631475
EVS: -1.5432742365137466
