Model: GRU
MSE: 9.849028065904703
MAE: 2.654939762477217
EVS: 0.7289876003767546
