Model: GRU
MSE: 7.3426545318905605
MAE: 2.061722584839525
EVS: 0.71756555776049
