Model: GRU
MSE: 9.127582415406454
MAE: 2.4357234270408235
EVS: 0.6254372337935757
