Model: GRU
MSE: 8.975237586570929
MAE: 2.278659267672177
EVS: 0.6851816487986557
