Model: GRU
MSE: 7.068403326071047
MAE: 1.8611893047546517
EVS: 0.7090645899769141
