Model: GRU
MSE: 7.01791485063396
MAE: 1.958640608294257
EVS: 0.7148225426224548
