Model: GRU
MSE: 8.171412080892173
MAE: 2.2917889623806396
EVS: 0.7117300007985791
