Model: GRU
MSE: 6.9936133625083
MAE: 1.8522764814311061
EVS: 0.7267739717913506
