Model: GRU
MSE: 7.158778181105525
MAE: 2.0922037034199157
EVS: 0.7457608872659418
