Model: GRU
MSE: 8.514278764523596
MAE: 2.0977395896253914
EVS: 0.673035608301733
