Model: GRU
MSE: 6.749055878940024
MAE: 1.9285529975233406
EVS: 0.7257070324499276
