Model: GRU
MSE: 7.190721898830145
MAE: 1.968670236653295
EVS: 0.7126079050512284
