Model: GRU
MSE: 97.65790649145468
MAE: 8.48692617745235
EVS: -0.05820401107012163
