Model: GRU
MSE: 7.075004325185975
MAE: 1.937850935705777
EVS: 0.7141573190024647
