Model: GRU
MSE: 6.768284837115994
MAE: 1.9521291173737625
EVS: 0.7273971680301816
