Model: GRU
MSE: 97.54848104295091
MAE: 8.486196715256263
EVS: -0.054197276915433745
