Model: GRU
MSE: 6.871758487099202
MAE: 1.8086483766292702
EVS: 0.720213795220628
