Model: GRU
MSE: 11.994626139284952
MAE: 2.753902114670852
EVS: 0.682838952144883
