Model: GRU
MSE: 8.227508003461567
MAE: 2.2163735093741583
EVS: 0.69277154857095
