Model: GRU
MSE: 7.143586487114613
MAE: 1.9851897708300887
EVS: 0.7070615768578246
