Model: GRU
MSE: 7.093958827073073
MAE: 1.9757567572182622
EVS: 0.7095735865359912
