Model: GRU
MSE: 8.062251045695232
MAE: 2.2348090410232544
EVS: 0.7016484568415291
