Model: GRU
MSE: 61.97362227320831
MAE: 6.975956127561372
EVS: 0.02961003789224881
