Model: GRU
MSE: 7.360973933969964
MAE: 2.1018631293855865
EVS: 0.7112574505378213
