Model: GRU
MSE: 87.20249610964929
MAE: 7.880360336139284
EVS: -0.03642170262400324
