Model: GRU
MSE: 278.29558424204833
MAE: 15.456380202852447
EVS: -0.6265669044996334
