Model: GRU
MSE: 98.50791334221651
MAE: 8.472048241516639
EVS: -0.10371635371287358
