Model: GRU
MSE: 3158.758277980772
MAE: 55.82598067692348
EVS: -0.45738829306167306
