Model: GRU
MSE: 7.067434063280019
MAE: 2.066825706383278
EVS: 0.7255483136255104
