Model: GRU
MSE: 11.150627598112225
MAE: 2.77321195602417
EVS: 0.7129907593245455
