Model: GRU
MSE: 10.044882938225916
MAE: 2.6730278977032365
EVS: 0.7300584513969324
