Model: GRU
MSE: 834.0191970072686
MAE: 28.41803978229391
EVS: -0.09140848292852644
