Model: GRU
MSE: 6.960559273503977
MAE: 2.0432230049166185
EVS: 0.7294666170130047
