Model: GRU
MSE: 8.239039611810579
MAE: 2.3107926763337234
EVS: 0.7212442970843669
