Model: GRU
MSE: 7.304633882042203
MAE: 2.0489292124222063
EVS: 0.7116980120685039
