Model: GRU
MSE: 6.854762139652674
MAE: 2.0341078577370477
EVS: 0.7270002862325406
