Model: GRU
MSE: 7.53266483345801
MAE: 2.0251885940288674
EVS: 0.7027847907977651
