Model: GRU
MSE: 7.76166505266459
MAE: 2.1389214643116654
EVS: 0.6823331643225832
