Model: GRU
MSE: 7.141488399028667
MAE: 2.099253340014096
EVS: 0.7323295742614617
