Model: GRU
MSE: 13.421186905471934
MAE: 3.1075071795233367
EVS: 0.6916143035596577
