Model: GRU
MSE: 7.209018065103167
MAE: 1.969471660153619
EVS: 0.7069346637933762
