Model: GRU
MSE: 9.955899821976333
MAE: 2.287659394329992
EVS: 0.6222074017719337
