Model: GRU
MSE: 8.738379914768272
MAE: 2.3763053910485628
EVS: 0.6104168547980631
