Model: GRU
MSE: 22.31879133206093
MAE: 3.9187986604098617
EVS: 0.04232935758194689
