Model: GRU
MSE: 7.474902528382985
MAE: 1.9291299622634361
EVS: 0.680858113035006
