Model: GRU
MSE: 9.283570976201622
MAE: 2.2988661239887107
EVS: 0.6244663082694007
