Model: GRU
MSE: 7.331799403317455
MAE: 2.0315536096178253
EVS: 0.6598723787719761
