Model: GRU
MSE: 6.650427892765314
MAE: 1.736588761724275
EVS: 0.6931535848007403
