Model: GRU
MSE: 124.90251640914373
MAE: 10.129506004267725
EVS: -0.03438857080819324
