Model: GRU
MSE: 7.560436543299944
MAE: 1.9888697246025349
EVS: 0.6509421330705212
