Model: GRU
MSE: 7.940931992353738
MAE: 2.078328519031919
EVS: 0.6323204565145761
