Model: GRU
MSE: 7.60292936172909
MAE: 1.9251353021325737
EVS: 0.6581164405437434
