Model: GRU
MSE: 11.30306733846082
MAE: 2.7224828251476945
EVS: 0.5640517253029682
