Model: GRU
MSE: 113.88831929500357
MAE: 9.594714797776321
EVS: -0.01277547628494724
