Model: GRU
MSE: 110.7160496045323
MAE: 9.464612964926095
EVS: 0.01935792714701723
