Model: GRU
MSE: 540.3870951902541
MAE: 22.793457014807338
EVS: 0.03289291446925757
