Model: GRU
MSE: 8.269919576381222
MAE: 2.0038583196442703
EVS: 0.6429136514392361
