Model: GRU
MSE: 8.724704153515804
MAE: 2.1179546528849107
EVS: 0.6437489548365543
