Model: GRU
MSE: 7.916124115581408
MAE: 2.1507420128789443
EVS: 0.6452905517884656
