Model: GRU
MSE: 1295.05892849146
MAE: 35.70561369534197
EVS: 0.06431728206298026
