Model: GRU
MSE: 8.753609761395825
MAE: 2.1606800309542953
EVS: 0.6592608853911579
