Model: GRU
MSE: 2389.1141234638303
MAE: 48.5746394190295
EVS: -0.3741291536143705
