Model: GRU
MSE: 164.82013817514937
MAE: 11.964864434867069
EVS: -0.004999336952296707
