Model: GRU
MSE: 7.959195160057989
MAE: 2.089499251595859
EVS: 0.642070413769295
