Model: GRU
MSE: 9.213967702542442
MAE: 2.2217090376492203
EVS: 0.6978000397585218
