Model: GRU
MSE: 6.863963929881986
MAE: 1.9179939812627333
EVS: 0.682984780877749
