Model: GRU
MSE: 10.73875510433323
MAE: 2.8019040041956407
EVS: 0.578093906494161
