Model: GRU
MSE: 9.236792091569656
MAE: 2.4957938564234765
EVS: 0.6106914095394255
