Model: GRU
MSE: 11.12403844323252
MAE: 2.7570802857135903
EVS: 0.6123939480617695
