Model: GRU
MSE: 111.98727746358212
MAE: 9.464766025543213
EVS: -0.03948530414715723
