Model: GRU
MSE: 11.537642876990686
MAE: 2.718320628692364
EVS: 0.6823195867316286
