Model: GRU
MSE: 7.133545040495907
MAE: 1.90037687482505
EVS: 0.6796955504008103
