Model: GRU
MSE: 7.828534712288469
MAE: 2.0189424424335876
EVS: 0.6368125153133165
