Model: GRU
MSE: 8.287516609528428
MAE: 2.2059384461106926
EVS: 0.637139173306734
