Model: GRU
MSE: 8.625541815029697
MAE: 2.1692464742167243
EVS: 0.6451649583410273
