Model: GRU
MSE: 7.720737581274858
MAE: 1.9552004008457577
EVS: 0.6721653031153443
