Model: GRU
MSE: 714.9865910164658
MAE: 26.1281560371662
EVS: -0.4988148047189338
