Model: GRU
MSE: 7.2622463648847315
MAE: 1.8521090232092758
EVS: 0.6637280410857564
