Model: GRU
MSE: 7.272900478374816
MAE: 1.90209581523106
EVS: 0.6649168861832877
