Model: GRU
MSE: 6.520533038207396
MAE: 1.7571369121814597
EVS: 0.6974943270589551
