Model: GRU
MSE: 7.671697448784973
MAE: 2.1437801122665405
EVS: 0.6561714113737038
