Model: GRU
MSE: 8.595248238538542
MAE: 2.205093434144711
EVS: 0.6403519385752953
