Model: GRU
MSE: 7.760767008169319
MAE: 1.8879656308683859
EVS: 0.6459506066843417
