Model: GRU
MSE: 8.71716851994364
MAE: 2.3847462802097716
EVS: 0.6096888518546819
