Model: GRU
MSE: 315.74562567047985
MAE: 17.045267154430523
EVS: -0.16934332947054975
