Model: GRU
MSE: 11.006724165357348
MAE: 2.6010370007876693
EVS: 0.551459940503732
