Model: GRU
MSE: 7.814639635068053
MAE: 1.956183227999457
EVS: 0.6519018398620471
