Model: GRU
MSE: 10.947324021537781
MAE: 2.647092473917994
EVS: 0.6218253257401463
