Model: GRU
MSE: 7.2854393293458175
MAE: 2.0590906410381713
EVS: 0.6928644279492269
