Model: GRU
MSE: 10.127374166179418
MAE: 2.3916680237342574
EVS: 0.6630898914551271
