Model: GRU
MSE: 8.026935724558873
MAE: 2.097599087090328
EVS: 0.6843911190623535
