Model: GRU
MSE: 3824.7604696905846
MAE: 61.66250360423121
EVS: -0.04369035766073259
