Model: GRU
MSE: 7.897142532269741
MAE: 2.1258419094414545
EVS: 0.6378706654999527
