Model: GRU
MSE: 1765.1714654059026
MAE: 41.69036200950886
EVS: -0.2565964035032722
