Model: GRU
MSE: 9.515820470183563
MAE: 2.44170893882883
EVS: 0.5989818279100929
