Model: GRU
MSE: 7.84319968160125
MAE: 2.1530298529000116
EVS: 0.6561535838864745
