Model: GRU
MSE: 9.392946257628841
MAE: 2.26163087614945
EVS: 0.6816985584575994
