Model: GRU
MSE: 8.13264686665028
MAE: 2.116464269572291
EVS: 0.6585081926526726
