Model: GRU
MSE: 1596.9018960568787
MAE: 39.6935176520512
EVS: 0.010570791403395563
