Model: GRU
MSE: 7.673431726891753
MAE: 2.197956549710241
EVS: 0.6469701218262568
