Model: GRU
MSE: 7.813316641154102
MAE: 2.147457352999983
EVS: 0.7051035716844993
