Model: GRU
MSE: 7.358975080357859
MAE: 2.093194772457254
EVS: 0.6588783387360047
