Model: GRU
MSE: 6.957621233934719
MAE: 1.9330777135388604
EVS: 0.6854299182461565
