Model: GRU
MSE: 7.883500624259898
MAE: 2.0092343914097754
EVS: 0.6391022300241256
