Model: GRU
MSE: 6.955968458696973
MAE: 1.8735328378348517
EVS: 0.6830354164288679
