Model: GRU
MSE: 7.994898696719099
MAE: 2.1635164433512193
EVS: 0.6312871189230435
