Model: GRU
MSE: 18.280366458743135
MAE: 3.6999469954392006
EVS: 0.15951861042668014
