Model: GRU
MSE: 10.209297108256091
MAE: 2.5493900529269515
EVS: 0.6997475536476594
