Model: GRU
MSE: 7.3376794078598095
MAE: 1.94389873537524
EVS: 0.6606861135481763
