Model: GRU
MSE: 10.047676235658177
MAE: 2.360075494338726
EVS: 0.690298132720784
