Model: GRU
MSE: 9.128106126226847
MAE: 2.2950014615881034
EVS: 0.6637091501857503
