Model: GRU
MSE: 7.778266225485282
MAE: 2.084769627143597
EVS: 0.6463427922125733
