Model: GRU
MSE: 9.762997251387514
MAE: 2.5980984527489235
EVS: 0.6151947254800121
