Model: GRU
MSE: 113.10912149361583
MAE: 9.566115200519562
EVS: -0.002048859657570956
