Model: GRU
MSE: 6.758511455328547
MAE: 1.9028257111023212
EVS: 0.6868009713838497
