Model: GRU
MSE: 7.134222859066491
MAE: 1.9879806699423954
EVS: 0.6832766821542153
