Model: GRU
MSE: 8442.223664526715
MAE: 91.74608835680732
EVS: -0.1542393339923096
