Model: GRU
MSE: 3232.0385131757566
MAE: 56.665558847887766
EVS: 0.02326420142125607
