Model: GRU
MSE: 111.82538087053054
MAE: 9.465552325906424
EVS: -0.0312836602531974
