Model: GRU
MSE: 7.501852782801335
MAE: 1.950274159168375
EVS: 0.683657256720145
