Model: GRU
MSE: 7.128707429554966
MAE: 1.991995383953226
EVS: 0.6699222225167099
