Model: GRU
MSE: 672.9502197515768
MAE: 25.505898771614863
EVS: -0.03920072458436463
