Model: GRU
MSE: 400.2458300084461
MAE: 19.47278805436759
EVS: 0.023106379079945616
