Model: GRU
MSE: 8.537458655506706
MAE: 2.143240270943477
EVS: 0.6388654024350393
