Model: GRU
MSE: 7.782676893392215
MAE: 1.9843334987245758
EVS: 0.6447313229303357
