Model: GRU
MSE: 7.979420994915205
MAE: 2.073673895720778
EVS: 0.6545561917200373
