Model: GRU
MSE: 9.959088152680614
MAE: 2.390912956204908
EVS: 0.6780228582727748
