Model: GRU
MSE: 7.7335894158279235
MAE: 2.001610423984199
EVS: 0.6766454877036838
