Model: GRU
MSE: 7.117656332472221
MAE: 1.778345897279937
EVS: 0.6745148192049357
