Model: GRU
MSE: 7.713740291716725
MAE: 2.1691613074006706
EVS: 0.652700007055945
