Model: GRU
MSE: 7.2602485864470285
MAE: 1.935942263438784
EVS: 0.6639435395791999
