Model: GRU
MSE: 1149.7455379887886
MAE: 33.58369978542986
EVS: -0.015135990504516306
