Model: GRU
MSE: 224.3186220681879
MAE: 14.237539439365781
EVS: -0.0026302405804417006
