Model: GRU
MSE: 2841.501630559769
MAE: 53.03560447692871
EVS: -0.3327343354688448
