Model: GRU
MSE: 8.13925183929521
MAE: 2.0974675869119577
EVS: 0.6428602061715225
