Model: GRU
MSE: 131.91272891473983
MAE: 10.404105083695773
EVS: -0.09802763446925677
