Model: GRU
MSE: 8.79883700472805
MAE: 2.321361321827461
EVS: 0.6749782392590229
