Model: GRU
MSE: 7.057783137242581
MAE: 1.7925894219299843
EVS: 0.6896533681877339
