Model: GRU
MSE: 6.817583976374853
MAE: 1.8951089176638374
EVS: 0.6849953465661742
