Model: GRU
MSE: 20.93371752561306
MAE: 3.857485771179199
EVS: 0.05665866534706432
