Model: GRU
MSE: 18.2922504758006
MAE: 3.5557219406654097
EVS: 0.23457050347718045
