Model: GRU
MSE: 969.1483497401142
MAE: 30.609159025652655
EVS: -0.4951812248805494
