Model: GRU
MSE: 7.505328287163047
MAE: 1.9632464976146304
EVS: 0.6709232940737628
