Model: GRU
MSE: 6.846332738551915
MAE: 1.876613590224036
EVS: 0.6871255657080403
