Model: GRU
MSE: 10.764061688715554
MAE: 2.535485127876545
EVS: 0.6714625415083999
