Model: GRU
MSE: 129.4807352168836
MAE: 10.388760065210276
EVS: 0.0
