Model: GRU
MSE: 7.334064657628896
MAE: 2.001748570080461
EVS: 0.6636389076570415
