Model: GRU
MSE: 6.933171910744787
MAE: 1.990822278220078
EVS: 0.6794899331250672
