Model: GRU
MSE: 5067.77788224158
MAE: 71.04025807873956
EVS: 0.022955182590770007
