Model: GRU
MSE: 9.18327940262008
MAE: 2.239371965671408
EVS: 0.6466346463609669
