Model: GRU
MSE: 7.2687931479526275
MAE: 1.8111210321557933
EVS: 0.6720776940788125
