Model: GRU
MSE: 137.8875437983785
MAE: 10.73645913189855
EVS: -0.049251642657658135
