Model: GRU
MSE: 7.240415325719878
MAE: 2.0346125405410245
EVS: 0.6688759280541423
