Model: GRU
MSE: 6.814064759383515
MAE: 1.7935772969804964
EVS: 0.6885310577476011
