Model: GRU
MSE: 7.0508269857318
MAE: 1.8992468899693984
EVS: 0.6954328759512123
