Model: GRU
MSE: 8.09352271901029
MAE: 2.243627359127176
EVS: 0.6333243616186417
