Model: GRU
MSE: 7.454133613498048
MAE: 2.021775488195748
EVS: 0.6651147286106707
