Model: GRU
MSE: 7.629489762737545
MAE: 1.9490089580930512
EVS: 0.657756881995698
