Model: GRU
MSE: 6.797499755175708
MAE: 1.7944284225332325
EVS: 0.6917474118112636
