Model: GRU
MSE: 1982.8124892138424
MAE: 44.291526531351025
EVS: 0.02232642980198707
