Model: GRU
MSE: 7.099745964856508
MAE: 1.987756663355334
EVS: 0.6785480648140128
