Model: GRU
MSE: 7.123858945132517
MAE: 1.9758482719289845
EVS: 0.6695881092204359
