Model: GRU
MSE: 8.148887613569928
MAE: 2.125419328952658
EVS: 0.6262308026206952
