Model: GRU
MSE: 195.73767267477317
MAE: 13.258549213409424
EVS: 0.0745023813902187
