Model: GRU
MSE: 8.556878536171405
MAE: 2.1465457718947842
EVS: 0.6502286187901687
