Model: GRU
MSE: 7.426201980353489
MAE: 1.9603574522610367
EVS: 0.6594244488459993
