Model: GRU
MSE: 12.504631979866554
MAE: 2.633528441616467
EVS: 0.6091673535695223
