Model: GRU
MSE: 7.565463595385795
MAE: 1.9351545654494187
EVS: 0.65609249339096
