Model: GRU
MSE: 7.148093105693556
MAE: 1.9315676853574555
EVS: 0.6965907092909118
