Model: GRU
MSE: 125.04230747061945
MAE: 10.07165186980675
EVS: -0.09509597135117942
