Model: GRU
MSE: 7.021810825187807
MAE: 1.9123085675568416
EVS: 0.6983999080330849
