Model: GRU
MSE: 6.711335065552204
MAE: 1.7687083852702175
EVS: 0.7018640771939204
