Model: GRU
MSE: 7.110218887722199
MAE: 1.7310453941082136
EVS: 0.6705944976839893
