Model: GRU
MSE: 7.118963351572451
MAE: 2.0163565915206387
EVS: 0.6721999207740148
