Model: GRU
MSE: 4552.433181073561
MAE: 67.2976109734897
EVS: -0.0886287185993948
