Model: GRU
MSE: 7.299045212259039
MAE: 1.8640510707065976
EVS: 0.6700603096379381
