Model: GRU
MSE: 140.94590289858832
MAE: 10.780368097897234
EVS: -0.14730946433749437
