Model: GRU
MSE: 8.420382127399057
MAE: 1.9884660511181271
EVS: 0.6412729545662634
