Model: GRU
MSE: 220.97336396490303
MAE: 14.069400187196402
EVS: -0.06824327494633353
