Model: GRU
MSE: 7.223302154061698
MAE: 2.07383615806185
EVS: 0.6697026122180568
