Model: GRU
MSE: 8.120482136542059
MAE: 2.1368174963984
EVS: 0.6891920148746118
