Model: GRU
MSE: 7.874361404502756
MAE: 2.063248498686429
EVS: 0.6636234379099555
