Model: GRU
MSE: 7.548755399780312
MAE: 1.890862308699509
EVS: 0.677072200860185
