Model: GRU
MSE: 6.5819016927320115
MAE: 1.8562410124417008
EVS: 0.7011860831588888
