Model: GRU
MSE: 6.916460232145622
MAE: 1.8301097092957332
EVS: 0.6902278044899265
