Model: GRU
MSE: 29.548736495894897
MAE: 4.732999321715585
EVS: 0.5361515642827701
