Model: GRU
MSE: 9.105771237776413
MAE: 2.395871770792994
EVS: 0.6205461561041057
