Model: GRU
MSE: 12.234386866365048
MAE: 2.9202693947430314
EVS: 0.569057829513691
