Model: GRU
MSE: 7.165061688300698
MAE: 1.7990904265436634
EVS: 0.6722003161583153
