Model: GRU
MSE: 15.759916888184888
MAE: 3.4099863274344084
EVS: 0.5013972107283116
