Model: GRU
MSE: 10.809722002258821
MAE: 2.5414398908615112
EVS: 0.665047127769304
