Model: GRU
MSE: 159.70380239649057
MAE: 11.763428901803904
EVS: 0.010617630772861819
