Model: GRU
MSE: 7.947826945450612
MAE: 2.068296555815072
EVS: 0.6448412368872312
