Model: GRU
MSE: 10.922632919439064
MAE: 2.534689065388271
EVS: 0.6402690849514306
