Model: GRU
MSE: 7.474155837399041
MAE: 1.956582102282294
EVS: 0.682778317158403
