Model: GRU
MSE: 7.265834907636345
MAE: 1.9311680074395805
EVS: 0.6695188756986274
