Model: GRU
MSE: 8.146050717535834
MAE: 2.2699950234643342
EVS: 0.632924632463195
