Model: GRU
MSE: 7.665327280735439
MAE: 2.100264853444593
EVS: 0.6859268958682752
