Model: GRU
MSE: 6.928384235818898
MAE: 1.8219440599967693
EVS: 0.6791775886188529
