Model: GRU
MSE: 124.66614986355874
MAE: 10.129692953208398
EVS: -0.023246809187910333
