Model: GRU
MSE: 7.136436895201065
MAE: 1.9815903614307273
EVS: 0.6694017070075415
