Model: GRU
MSE: 6.924151057992608
MAE: 1.7457794156567805
EVS: 0.6788314499579698
