Model: GRU
MSE: 7.172411465447012
MAE: 2.0894699322766273
EVS: 0.6937566737590793
