Model: GRU
MSE: 12.547632591860621
MAE: 3.0201457779982994
EVS: 0.4313189534627899
