Model: GRU
MSE: 8.829578565604171
MAE: 2.2739524635775337
EVS: 0.6628614607042569
