Model: GRU
MSE: 7.605787330725116
MAE: 2.0077733459143805
EVS: 0.6636997300283596
