Model: GRU
MSE: 7.832305090571518
MAE: 2.1103563144289215
EVS: 0.6422139529752046
