Model: GRU
MSE: 8.277029886002708
MAE: 2.3422813415527344
EVS: 0.6238374662862058
