Model: GRU
MSE: 7.967404399759441
MAE: 2.091334358371537
EVS: 0.646870335402731
