Model: GRU
MSE: 7.388301198175212
MAE: 2.1264440920846215
EVS: 0.6810632915299397
