Model: GRU
MSE: 169.09647061169824
MAE: 12.129776695678974
EVS: -0.019048937077620787
