Model: GRU
MSE: 8.229775777691923
MAE: 2.19135817577099
EVS: 0.6603555166290602
