Model: GRU
MSE: 7.398466016941207
MAE: 1.8754069137162175
EVS: 0.658602613600872
