Model: GRU
MSE: 6.971465402907937
MAE: 1.8511789564428658
EVS: 0.6786839699005578
