Model: GRU
MSE: 151.37803463091473
MAE: 11.361034685167773
EVS: -0.034820083394345946
