Model: GRU
MSE: 9.176297957552551
MAE: 2.341427918138175
EVS: 0.6424044597279561
