Model: GRU
MSE: 8.140639319208736
MAE: 1.9583955859315807
EVS: 0.6596206660111438
