Model: GRU
MSE: 754.0587677990652
MAE: 26.986147781898236
EVS: -0.19727741259642384
