Model: GRU
MSE: 8.99500010635084
MAE: 2.2658864331656488
EVS: 0.6733342743701357
