Model: GRU
MSE: 8.690371683266253
MAE: 2.2560433683724237
EVS: 0.6414447402387613
