Model: GRU
MSE: 7.86070646349428
MAE: 2.1319681498511085
EVS: 0.6795886115632028
