Model: GRU
MSE: 8.127142023289757
MAE: 2.1684910881108252
EVS: 0.644045491333465
