Model: GRU
MSE: 7.4777430857675276
MAE: 2.089146005696264
EVS: 0.6619447139604364
