Model: GRU
MSE: 7.595708216979957
MAE: 1.8214434179766426
EVS: 0.651078534465955
