Model: GRU
MSE: 9.278103421517503
MAE: 2.432319661666607
EVS: 0.664305814607087
