Model: GRU
MSE: 10.141124478934104
MAE: 2.541800015959246
EVS: 0.6338998783556018
