Model: GRU
MSE: 7.935003591174766
MAE: 2.1762413526403495
EVS: 0.6318666150706695
