Model: GRU
MSE: 7.5850592944551325
MAE: 1.8850569807249924
EVS: 0.6650624975238805
