Model: GRU
MSE: 8.618170823688022
MAE: 2.127433783667428
EVS: 0.668573069314552
