Model: GRU
MSE: 7.110914399099089
MAE: 1.8073326595898331
EVS: 0.6858518162196295
