Model: GRU
MSE: 9.002214524144145
MAE: 2.2613337903187194
EVS: 0.6834321654658876
