Model: GRU
MSE: 6.5551940428884565
MAE: 1.7916094208585804
EVS: 0.6977454847263429
