Model: GRU
MSE: 7.909027945839553
MAE: 2.1060962224828788
EVS: 0.6438581551570508
