Model: GRU
MSE: 47.91522093409497
MAE: 5.0952299545551165
EVS: -0.20860518202281741
