Model: GRU
MSE: 315.7902274511334
MAE: 16.9454273026565
EVS: -0.3288572919475272
