Model: GRU
MSE: 235.26204118001348
MAE: 14.55698352024473
EVS: -0.08359650404194174
