Model: GRU
MSE: 9.688591294164702
MAE: 2.1423052310943604
EVS: 0.6379720216078568
