Model: GRU
MSE: 8.762626294461324
MAE: 2.3444957938687554
EVS: 0.6551961028204347
