Model: GRU
MSE: 43.84225835223123
MAE: 5.038157134220518
EVS: 0.0
