Model: GRU
MSE: 7.117491263862384
MAE: 1.986790287083593
EVS: 0.6923160177698013
