Model: GRU
MSE: 7.474732991617268
MAE: 2.061474861769841
EVS: 0.6632095915633465
