Model: GRU
MSE: 6.815219420315228
MAE: 1.9902146396965816
EVS: 0.6839097849208486
