Model: GRU
MSE: 114.598320512287
MAE: 9.566548518065748
EVS: -0.07075448507301751
