Model: GRU
MSE: 2703.9063463941284
MAE: 51.79142734922212
EVS: 0.0
