Model: GRU
MSE: 8.546267109861521
MAE: 2.2961359887287536
EVS: 0.6886986436954584
