Model: GRU
MSE: 8.344084916747972
MAE: 2.1296734193275717
EVS: 0.6461923372161607
