Model: GRU
MSE: 6.9081105099685765
MAE: 1.9980218410491943
EVS: 0.7014999411183755
