Model: GRU
MSE: 6.968705411398147
MAE: 1.9772135635902142
EVS: 0.68250712550051
