Model: GRU
MSE: 7.794156029188906
MAE: 2.048679735126167
EVS: 0.686665889299171
