Model: GRU
MSE: 10.208683659034403
MAE: 2.532436099545709
EVS: 0.543701545363128
