Model: GRU
MSE: 12.452635593914657
MAE: 2.875678563940114
EVS: 0.7075253216282398
