Model: GRU
MSE: 4563.637170132348
MAE: 67.39034534322805
EVS: -0.028955811444858037
