Model: GRU
MSE: 7.6472388698347
MAE: 2.1694696771687476
EVS: 0.6639829358378974
