Model: GRU
MSE: 110.57429072702557
MAE: 9.436688061418204
EVS: 0.0014470533418369236
