Model: GRU
MSE: 6.624060027785483
MAE: 1.8245936961009586
EVS: 0.6952036406052673
