Model: GRU
MSE: 6.786941378928544
MAE: 1.7707239430526207
EVS: 0.6872882396737512
