Model: GRU
MSE: 138.97414465843283
MAE: 10.808614825380259
EVS: -0.027539189387106866
