Model: GRU
MSE: 8.076727118535365
MAE: 1.9741526924330612
EVS: 0.6685225634300394
