Model: GRU
MSE: 6.779022988666541
MAE: 1.763348439644123
EVS: 0.6906599557519161
