Model: GRU
MSE: 1085.8205170344995
MAE: 32.403558040487354
EVS: -0.6623030166415396
