Model: GRU
MSE: 7.512465409303335
MAE: 2.0634129622886923
EVS: 0.6682862809171632
