Model: GRU
MSE: 2062.0400425148923
MAE: 44.824717817635374
EVS: -1.4489067776887352
