Model: GRU
MSE: 7.728257999668532
MAE: 2.1921682111148177
EVS: 0.64825799642303
