Model: GRU
MSE: 141.98005031754818
MAE: 10.92390356392696
EVS: -0.050754451218142815
