Model: GRU
MSE: 7.091924131002864
MAE: 1.9080702847447888
EVS: 0.6890351341600403
