Model: GRU
MSE: 8.620673240671872
MAE: 2.3950665819233863
EVS: 0.6357626875566913
