Model: GRU
MSE: 4500.236417149534
MAE: 66.80494913561591
EVS: -0.7321377055799216
