Model: GRU
MSE: 217.7994140967693
MAE: 13.979013031926648
EVS: -0.038609715138543166
