Model: GRU
MSE: 6.957889034548301
MAE: 1.8151144693637717
EVS: 0.6786056432348491
