Model: GRU
MSE: 7.219375706070978
MAE: 1.9119951149512981
EVS: 0.6655404135541
