Model: GRU
MSE: 8.52473274001345
MAE: 2.2801539846535386
EVS: 0.6844276786389829
