Model: GRU
MSE: 6.646386485741188
MAE: 1.834884731933989
EVS: 0.6970411045311924
