Model: GRU
MSE: 7.412854517764552
MAE: 1.9082182275837865
EVS: 0.664093633864489
