Model: GRU
MSE: 7.7399026173748435
MAE: 2.092011435278531
EVS: 0.6799868811303007
