Model: GRU
MSE: 6.7002106339670915
MAE: 1.78943814080337
EVS: 0.6919653013682079
