Model: GRU
MSE: 7.070602104332874
MAE: 1.817747921779238
EVS: 0.6831922627492416
