Model: GRU
MSE: 7.883178367510597
MAE: 1.889751260650569
EVS: 0.6343314511357421
