Model: GRU
MSE: 11.505291175023649
MAE: 2.6661437544329414
EVS: 0.6662691064142341
