Model: GRU
MSE: 9.303302498412709
MAE: 2.34995796968197
EVS: 0.6463316606604911
