Model: GRU
MSE: 7.956689305381732
MAE: 2.060453360450679
EVS: 0.6774766155279162
