Model: GRU
MSE: 8.016159120812672
MAE: 2.1196576809060987
EVS: 0.6865342585913545
