Model: GRU
MSE: 6.884638425853107
MAE: 1.8502384383102943
EVS: 0.6871903509201227
