Model: GRU
MSE: 8.181855334965139
MAE: 2.1834547437470535
EVS: 0.6595379023558168
