Model: GRU
MSE: 7.985932115231258
MAE: 2.0545164552228203
EVS: 0.6644410332848787
