Model: GRU
MSE: 8.662244149730585
MAE: 2.2344856406080313
EVS: 0.6593159923356742
