Model: GRU
MSE: 134.5288252437777
MAE: 10.563429363842669
EVS: -0.06441310475563644
