Model: GRU
MSE: 6.821702642870131
MAE: 1.8158975582698296
EVS: 0.6913737326964269
