Model: GRU
MSE: 6.335458880880443
MAE: 1.7236753907696953
EVS: 0.7072815326597858
