Model: GRU
MSE: 1276.2525528033618
MAE: 35.425052905904835
EVS: 0.010959252513771056
