Model: GRU
MSE: 8.458179137422931
MAE: 2.2072787079317817
EVS: 0.6182229750127933
