Model: GRU
MSE: 6.8880801037997665
MAE: 1.9356523834425827
EVS: 0.6804420964297055
