Model: GRU
MSE: 10.121234952098952
MAE: 2.5734731123365204
EVS: 0.6305157230980625
