Model: GRU
MSE: 7.23872286849476
MAE: 1.8449012739904995
EVS: 0.6925424703519172
