Model: GRU
MSE: 726.463136223701
MAE: 25.6247076659367
EVS: -2.240057473185791
