Model: GRU
MSE: 7.256702838992716
MAE: 1.9199028919483054
EVS: 0.6636793489955022
