Model: GRU
MSE: 2013.208199913527
MAE: 44.51404413683661
EVS: -0.47107204083467247
