Model: GRU
MSE: 7.433166911876527
MAE: 2.0818056628621857
EVS: 0.6554222540326617
