Model: GRU
MSE: 7.492133022304905
MAE: 1.9724655952946892
EVS: 0.6792465592552431
