Model: GRU
MSE: 11.854559393973714
MAE: 2.673557026632901
EVS: 0.6729279867040596
