Model: GRU
MSE: 7.405653558476738
MAE: 2.0780128528331887
EVS: 0.6564492496482128
