Model: GRU
MSE: 7.495529667368293
MAE: 2.0050397484466953
EVS: 0.681990365167894
