Model: GRU
MSE: 9.026973236355886
MAE: 2.4039452898091285
EVS: 0.5864400495014227
