Model: GRU
MSE: 9.311923457814995
MAE: 2.329169569344356
EVS: 0.6847882192384342
