Model: GRU
MSE: 8.764395611744652
MAE: 2.331475566173422
EVS: 0.7184960413170288
