Model: GRU
MSE: 7.099964012891038
MAE: 1.9561173792543083
EVS: 0.6941766783340707
