Model: GRU
MSE: 7.812518064870506
MAE: 2.009805099717502
EVS: 0.6764905989231006
