Model: GRU
MSE: 7.514878490588391
MAE: 1.8341135197672351
EVS: 0.6711189382947949
