Model: GRU
MSE: 10.335698709108783
MAE: 2.3230679569573236
EVS: 0.6123215134601345
