Model: GRU
MSE: 154.3145914124867
MAE: 11.416251264769455
EVS: -0.1127101195750484
