Model: GRU
MSE: 7.033319453567194
MAE: 1.931306140176181
EVS: 0.7057591455902041
