Model: GRU
MSE: 7.533567055464705
MAE: 2.1111346031057425
EVS: 0.6505490154273669
