Model: GRU
MSE: 7.040274564441736
MAE: 2.013482981714709
EVS: 0.6762084661651195
