Model: GRU
MSE: 118.58086337719911
MAE: 9.740039661012847
EVS: -0.10012300515630423
