Model: GRU
MSE: 7.415576095069641
MAE: 2.050883383586489
EVS: 0.6592310008699314
