Model: GRU
MSE: 14.437461706926054
MAE: 3.127556636415679
EVS: 0.5841172627998574
