Model: GRU
MSE: 7.991424227893672
MAE: 2.110444821160415
EVS: 0.6294759572958442
