Model: GRU
MSE: 8.275567404242492
MAE: 2.1638411077959785
EVS: 0.6700789360525616
