Model: GRU
MSE: 10.003294681495078
MAE: 2.546034894670759
EVS: 0.6294130051031133
