Model: GRU
MSE: 7.747346832610596
MAE: 1.9551837670392003
EVS: 0.650646501579627
