Model: GRU
MSE: 15.104000444222297
MAE: 3.367909686318759
EVS: 0.6617884163591856
