Model: GRU
MSE: 7.03909677763534
MAE: 1.9494973071690263
EVS: 0.6768912289227189
