Model: GRU
MSE: 23.586276802999816
MAE: 4.321701633519139
EVS: 0.07752641492028522
