Model: GRU
MSE: 11.987293605513623
MAE: 2.772550476008448
EVS: 0.6151346008100824
