Model: GRU
MSE: 8.108661171076431
MAE: 1.9611638702195267
EVS: 0.6797563369471956
