Model: GRU
MSE: 846.0349018482021
MAE: 28.697460930922936
EVS: -0.0434360716437141
