Model: GRU
MSE: 113.27886560159926
MAE: 9.422512625825815
EVS: -0.13643255939702548
