Model: GRU
MSE: 7.272679174185231
MAE: 1.9448860205453018
EVS: 0.675442489175262
