Model: GRU
MSE: 104.09209943837048
MAE: 9.031963463487296
EVS: -0.04460044953412634
