Model: GRU
MSE: 9.025823570871385
MAE: 2.2109644659634293
EVS: 0.65846997145227
