Model: GRU
MSE: 8.579426922199772
MAE: 2.3266362239574563
EVS: 0.653049144761938
