Model: GRU
MSE: 9.164137219584221
MAE: 2.342327551595096
EVS: 0.6401472612539821
