Model: GRU
MSE: 7.545706339442828
MAE: 2.0223129288903596
EVS: 0.6755884446415933
