Model: GRU
MSE: 121.07712011899665
MAE: 9.898067704562482
EVS: -0.07195636829335395
