Model: GRU
MSE: 11.671249579757133
MAE: 2.6950587116438767
EVS: 0.6734780522715917
