Model: GRU
MSE: 8.025983158925083
MAE: 2.1270531991432455
EVS: 0.684039139896707
