Model: GRU
MSE: 123.60719384004338
MAE: 9.95643372371279
EVS: -0.1355742625851195
