Model: GRU
MSE: 7.512548818213317
MAE: 1.8927513391807163
EVS: 0.6890915679481492
