Model: GRU
MSE: 27.085211727326715
MAE: 3.9443455893417885
EVS: 0.06432350424219846
