Model: GRU
MSE: 7.985271927541169
MAE: 2.088814592566984
EVS: 0.659010191427611
