Model: GRU
MSE: 7.883593046479071
MAE: 2.0524094310300103
EVS: 0.6910530993898389
