Model: GRU
MSE: 6.856232037305613
MAE: 1.899289217488519
EVS: 0.6908838525975861
