Model: GRU
MSE: 435.10306935517605
MAE: 20.571507634787725
EVS: 0.44715959386525583
