Model: GRU
MSE: 6.9945042829100945
MAE: 1.789287471565707
EVS: 0.6789799194942714
