Model: GRU
MSE: 8.063435872264076
MAE: 2.1199071695064675
EVS: 0.665944282680367
