Model: GRU
MSE: 8.960651391057695
MAE: 2.281470981137506
EVS: 0.6221412775741098
