Model: GRU
MSE: 7.329160799382958
MAE: 2.0371922830055498
EVS: 0.6762708311046068
