Model: GRU
MSE: 8.815738543989013
MAE: 2.362606909768335
EVS: 0.6779570671201551
