Model: GRU
MSE: 115.12816345969686
MAE: 9.609715957066108
EVS: -0.0569314472640432
