Model: GRU
MSE: 8.35532829814361
MAE: 2.244602010167878
EVS: 0.6167136824578685
