Model: GRU
MSE: 13.57365111644565
MAE: 3.0638674764797607
EVS: 0.681181441813597
