Model: GRU
MSE: 8.49403436221217
MAE: 2.1290515373493064
EVS: 0.6386512448095012
