Model: GRU
MSE: 7.8688516013339385
MAE: 2.0740525270330497
EVS: 0.6351923541691202
