Model: GRU
MSE: 7.330453753977215
MAE: 2.050199566216304
EVS: 0.6661590446113062
