Model: GRU
MSE: 7.5196570791978665
MAE: 2.0629753532080817
EVS: 0.6734257234746759
