Model: GRU
MSE: 8.496569389413391
MAE: 2.277215258828525
EVS: 0.632400829932082
