Model: GRU
MSE: 8.276691446824323
MAE: 2.0564927561529753
EVS: 0.65616744174565
