Model: GRU
MSE: 8.415044637664192
MAE: 2.2345079224685143
EVS: 0.625974548201323
