Model: GRU
MSE: 1412.1196817863845
MAE: 37.06301583914921
EVS: -0.7839763362404795
