Model: GRU
MSE: 7.579753653730914
MAE: 1.9125960119839371
EVS: 0.6523773018010999
