Model: GRU
MSE: 7.284392708579297
MAE: 1.8760877806564857
EVS: 0.6682662361865055
