Model: GRU
MSE: 7.546384908564121
MAE: 1.9428372383117676
EVS: 0.6792370084691808
