Model: GRU
MSE: 6.653256287734918
MAE: 1.830296565746439
EVS: 0.7031650955312853
