Model: GRU
MSE: 7.351260639170099
MAE: 2.015702975207362
EVS: 0.7168473108241595
