Model: GRU
MSE: 7.002463563255657
MAE: 1.7755882822234055
EVS: 0.675205647936389
