Model: GRU
MSE: 7.364154026121263
MAE: 2.073782509770887
EVS: 0.6673375125244604
