Model: GRU
MSE: 7.923769893095027
MAE: 2.172601399750545
EVS: 0.6779967813378474
