Model: GRU
MSE: 10.824969578105083
MAE: 2.5265723806003044
EVS: 0.6438183295641975
