Model: GRU
MSE: 180.54742771089565
MAE: 12.5350027742057
EVS: -0.08660568971379723
