Model: GRU
MSE: 7.446275873977027
MAE: 2.065089044899776
EVS: 0.6704865812537264
