Model: GRU
MSE: 7.509799300304996
MAE: 1.9693594924334823
EVS: 0.6562788889097348
