Model: GRU
MSE: 1269.637402579755
MAE: 35.23724565834835
EVS: -0.29782882428851054
