Model: GRU
MSE: 9.102961654606979
MAE: 2.2127891100686172
EVS: 0.6775969419354311
