Model: GRU
MSE: 7.792186329760719
MAE: 2.0052225836392106
EVS: 0.6646535739001851
