Model: GRU
MSE: 7.581671781058107
MAE: 2.0412314431420686
EVS: 0.6602330287077476
