Model: GRU
MSE: 6.868625728350992
MAE: 1.8293446055774032
EVS: 0.6955210652528445
