Model: GRU
MSE: 12.008268516942987
MAE: 3.021456981527394
EVS: 0.5461607702262694
