Model: GRU
MSE: 172.77198411897444
MAE: 12.400407708924392
EVS: 0.11842254060782775
