Model: GRU
MSE: 7.137629636104166
MAE: 1.9374519422136505
EVS: 0.6698313817015833
