Model: GRU
MSE: 7.5076565119401835
MAE: 2.0424291429848505
EVS: 0.657569270310814
