Model: GRU
MSE: 21.824654495778024
MAE: 4.003476866360368
EVS: 0.0
