Model: GRU
MSE: 7.095763057412883
MAE: 1.903438691435189
EVS: 0.6708699858801686
