Model: GRU
MSE: 8.03494906748749
MAE: 2.1166685203026083
EVS: 0.6716014977735185
