Model: GRU
MSE: 163.94838644382557
MAE: 11.86619139128718
EVS: -0.07365033681391142
