Model: GRU
MSE: 905.5670746448628
MAE: 29.532929617783118
EVS: -0.5483216221444662
