Model: GRU
MSE: 117.96276742259319
MAE: 9.682260784609564
EVS: -0.12351046912805708
