Model: GRU
MSE: 9.325058891370505
MAE: 2.3992508238759536
EVS: 0.6677154443825395
