Model: GRU
MSE: 6.688249992455483
MAE: 1.8661837660033127
EVS: 0.6921037971340633
