Model: GRU
MSE: 7.4236307783184525
MAE: 1.9790831146569088
EVS: 0.6660278117649263
