Model: GRU
MSE: 7.1483313681089475
MAE: 1.827864052920506
EVS: 0.673729607748137
