Model: GRU
MSE: 125.0102349294724
MAE: 10.028354554340757
EVS: -0.13398379918975234
