Model: GRU
MSE: 128.4267406716779
MAE: 10.346261098467071
EVS: 0.008015884189001787
