Model: GRU
MSE: 7.255075142003362
MAE: 2.0250760954001854
EVS: 0.6669651183333286
