Model: GRU
MSE: 7.121256066790749
MAE: 2.0214757754884918
EVS: 0.6696498094456513
