Model: GRU
MSE: 4087.966501264699
MAE: 63.777642085634426
EVS: 0.05453774119916022
