Model: GRU
MSE: 107.14588432041315
MAE: 9.133106087816172
EVS: -0.1010400675866483
