Model: GRU
MSE: 6.411976611920134
MAE: 1.8662699882326457
EVS: 0.7182011436809785
