Model: GRU
MSE: 7.917210983490106
MAE: 1.8484178596529468
EVS: 0.6505217167900519
