Model: GRU
MSE: 13.321848195717221
MAE: 3.093817012063388
EVS: 0.5300795107043885
