Model: GRU
MSE: 115.59324349856963
MAE: 9.580823379343954
EVS: -0.10423242574999403
