Model: GRU
MSE: 6.837894528176722
MAE: 1.961401154255045
EVS: 0.6853120346549233
