Model: GRU
MSE: 34.46282677160105
MAE: 4.404773317534348
EVS: 0.06551078448505487
