Model: GRU
MSE: 7.7206280677564445
MAE: 1.9784811118553425
EVS: 0.6859813133055549
