Model: GRU
MSE: 6.804538110488592
MAE: 1.8479202800783618
EVS: 0.6843166318578833
