Model: GRU
MSE: 9.85885214050279
MAE: 2.3374623224653046
EVS: 0.6472142963145224
