Model: GRU
MSE: 7.73615110151244
MAE: 2.052086000812465
EVS: 0.6640067267476861
