Model: GRU
MSE: 8.299177735521555
MAE: 2.0647798406666724
EVS: 0.6640732077929756
