Model: GRU
MSE: 8.551659269150333
MAE: 2.3171805184462975
EVS: 0.6240821271550692
