Model: GRU
MSE: 119.50384184176023
MAE: 9.825829857382281
EVS: -0.0650683833513106
