Model: GRU
MSE: 8.128488702427804
MAE: 2.0030345279594948
EVS: 0.6600414767921796
