Model: GRU
MSE: 6.794516311150856
MAE: 1.9044892171333578
EVS: 0.6942843050391646
