Model: GRU
MSE: 9.674086933908624
MAE: 2.400648232164054
EVS: 0.6442037020947173
