Model: GRU
MSE: 8.204099295832993
MAE: 2.162549923206198
EVS: 0.6232026535824506
