Model: GRU
MSE: 126.11952289631317
MAE: 10.259375321454016
EVS: 0.03199618777328128
