Model: GRU
MSE: 9.06817802085606
MAE: 2.282756936961207
EVS: 0.6634112394884732
