Model: GRU
MSE: 9.540924898344143
MAE: 2.406455945968628
EVS: 0.6491306344660517
