Model: GRU
MSE: 6.184649393989319
MAE: 1.740546859543899
EVS: 0.7133885356224907
