Model: GRU
MSE: 165.33860433983784
MAE: 12.012355253614228
EVS: 0.02377583857029697
