Model: GRU
MSE: 14.287544474220727
MAE: 3.1447360053144653
EVS: 0.6733936121029693
