Model: GRU
MSE: 7.638364671249907
MAE: 2.017674183023387
EVS: 0.6457082643271581
