Model: GRU
MSE: 7.325596068327474
MAE: 1.9141739154684132
EVS: 0.6771536426292402
