Model: GRU
MSE: 7.42981659009029
MAE: 1.9736723365454838
EVS: 0.6781186839210386
