Model: GRU
MSE: 15.449937329221315
MAE: 3.1494779669005295
EVS: 0.6043662252787172
