Model: GRU
MSE: 8.685923159030795
MAE: 2.2755731344223022
EVS: 0.6583462549294146
