Model: GRU
MSE: 6.960703074933586
MAE: 1.9541670063446308
EVS: 0.6790380180725037
