Model: GRU
MSE: 7.593042360126374
MAE: 1.9618293499124462
EVS: 0.6781006201899847
