Model: GRU
MSE: 7.9431353681512595
MAE: 2.2447813256033537
EVS: 0.6594499127947371
