Model: GRU
MSE: 6.772235342331976
MAE: 1.8982095882810395
EVS: 0.6879619230789061
