Model: GRU
MSE: 3044.1196122726633
MAE: 55.057688745959055
EVS: 0.4075213178026321
