Model: GRU
MSE: 7.460649218218908
MAE: 1.9653435513891022
EVS: 0.6552542245851382
