Model: GRU
MSE: 8.070066270729734
MAE: 1.9900153197091202
EVS: 0.660949407493719
