Model: GRU
MSE: 8.929208135438232
MAE: 2.1768359562446333
EVS: 0.6572990435222492
