Model: GRU
MSE: 7.46017170671923
MAE: 1.9349695166637157
EVS: 0.683693392265381
