Model: GRU
MSE: 7.360596489359619
MAE: 1.9331273169353091
EVS: 0.6809501030917657
