Model: GRU
MSE: 7.026521541422599
MAE: 2.005156780111379
EVS: 0.6745173580782664
