Model: GRU
MSE: 8.545979821613379
MAE: 2.220266708012285
EVS: 0.6414420185106374
