Model: GRU
MSE: 1377.4519998171484
MAE: 36.741821585030394
EVS: -0.2754030285025755
