Model: GRU
MSE: 8.640202406224425
MAE: 2.07508856263654
EVS: 0.6677714690892365
