Model: GRU
MSE: 7.995830996048449
MAE: 2.0261537535437224
EVS: 0.6349067180508039
