Model: GRU
MSE: 8.486021449095222
MAE: 2.250670261424163
EVS: 0.6383892983914898
