Model: GRU
MSE: 7.523769141065884
MAE: 2.0638483639421135
EVS: 0.6573730286101662
