Model: GRU
MSE: 7.043067650364052
MAE: 1.9439053915697955
EVS: 0.6835717347448473
