Model: GRU
MSE: 7.997587267099838
MAE: 2.117617754072979
EVS: 0.6743935524632554
