Model: GRU
MSE: 7.334004362807535
MAE: 2.0061018466949463
EVS: 0.6689187645583311
