Model: GRU
MSE: 7.43077073013323
MAE: 2.0677685737609863
EVS: 0.6558142666408928
