Model: GRU
MSE: 7.80040164648843
MAE: 2.073103485436275
EVS: 0.6381270964139252
