Model: GRU
MSE: 7.432400416509108
MAE: 2.057109766993029
EVS: 0.6767973064826762
