Model: GRU
MSE: 9.43753747975475
MAE: 2.3701100184999664
EVS: 0.6400916062505798
