Model: GRU
MSE: 7.0847494193121925
MAE: 1.9118130618128284
EVS: 0.6713165448867726
