Model: GRU
MSE: 7.67180335454816
MAE: 2.0536301557360024
EVS: 0.683359310261386
