Model: GRU
MSE: 7.3055884573096135
MAE: 2.0131718125836606
EVS: 0.6838027669032454
