Model: GRU
MSE: 7.154094167117541
MAE: 2.0551704990452735
EVS: 0.6775911146882251
