Model: GRU
MSE: 7.231435226866753
MAE: 1.8471993526508068
EVS: 0.672519466556426
