Model: GRU
MSE: 6.89000630977684
MAE: 1.7775934174143035
EVS: 0.6824770187812772
