Model: GRU
MSE: 8.856297728066346
MAE: 2.311239374094996
EVS: 0.6446899678498781
