Model: GRU
MSE: 8.030225001066176
MAE: 2.1901296007222144
EVS: 0.6639816061219288
