Model: GRU
MSE: 7.510187300390057
MAE: 1.9415442039226662
EVS: 0.6694568398372083
