Model: GRU
MSE: 8.340801234560347
MAE: 2.198143408216279
EVS: 0.681798905405089
