Model: GRU
MSE: 7.315340278485205
MAE: 1.793408751487732
EVS: 0.6640555045111365
