Model: GRU
MSE: 6.698972618739789
MAE: 1.8673363492406647
EVS: 0.6905882566637394
