Model: GRU
MSE: 7.570461542278752
MAE: 1.9772318375521694
EVS: 0.6489032017130805
