Model: GRU
MSE: 8.448367449356713
MAE: 2.2017409061563424
EVS: 0.6763170710255737
