Model: GRU
MSE: 6.922177984497797
MAE: 1.923496190843911
EVS: 0.6802936604307084
