Model: GRU
MSE: 6.990494832983712
MAE: 2.0239027286398
EVS: 0.6761045604830243
