Model: GRU
MSE: 119.0547252708373
MAE: 9.798279363533545
EVS: -0.06931518824843819
