Model: GRU
MSE: 7.047185471409174
MAE: 1.8596904113374908
EVS: 0.6818472765347072
