Model: GRU
MSE: 6.956209466489659
MAE: 1.901577295928166
EVS: 0.6914395503723267
