Model: GRU
MSE: 505.9310510724982
MAE: 21.873351919239965
EVS: -0.2752629391736945
