Model: GRU
MSE: 402.114513596002
MAE: 19.42626061932794
EVS: -0.1475574588834092
