Model: GRU
MSE: 8.374684804655628
MAE: 2.2697773185269585
EVS: 0.6224270437788952
