Model: GRU
MSE: 26.30924925035399
MAE: 3.9002278591024466
EVS: 0.11875605145712509
