Model: GRU
MSE: 7.731705151022793
MAE: 2.0998519042442583
EVS: 0.6416340400961202
