Model: GRU
MSE: 12.134940439164005
MAE: 2.8652587019163986
EVS: 0.6586902263241055
