Model: GRU
MSE: 22.715246593435463
MAE: 3.9997636696387984
EVS: -0.004902223329708022
