Model: GRU
MSE: 7.704716875827012
MAE: 2.013455473143479
EVS: 0.6800277420059115
