Model: GRU
MSE: 7.378834609210293
MAE: 1.9067296796831592
EVS: 0.66982101829823
