Model: GRU
MSE: 7.311730806655533
MAE: 1.8614175627971519
EVS: 0.6608640686492269
