Model: GRU
MSE: 168.51396382298066
MAE: 12.096583169082116
EVS: -0.029332291598715754
