Model: GRU
MSE: 3135.014875246884
MAE: 55.79590751384867
EVS: -0.012859575523803901
