Model: GRU
MSE: 6.929611354182199
MAE: 1.956884503364563
EVS: 0.6824150800590836
