Model: GRU
MSE: 162.05103477181746
MAE: 11.839100763715546
EVS: -0.015418121653346883
