Model: GRU
MSE: 8.320880136066028
MAE: 2.254789738819517
EVS: 0.6182767637688087
