Model: GRU
MSE: 6.511886985757581
MAE: 1.777606505772163
EVS: 0.7046887477228051
