Model: GRU
MSE: 114.61670147961938
MAE: 9.595785962096576
EVS: -0.045614526341225314
