Model: GRU
MSE: 7.072287367194137
MAE: 1.8946970711494315
EVS: 0.6775257906151566
