Model: GRU
MSE: 11.757110448929328
MAE: 2.8813781512194665
EVS: 0.6731181235087786
