Model: GRU
MSE: 750.6153640724673
MAE: 26.894910664393983
EVS: -0.2655951930316698
