Model: GRU
MSE: 133.01492545606754
MAE: 10.564111676709405
EVS: 0.006491926909769186
