Model: GRU
MSE: 6.994285080053969
MAE: 1.8170797372686451
EVS: 0.6780193961492669
