Model: GRU
MSE: 16.81074550886602
MAE: 3.3747510046794496
EVS: 0.6212638881594452
