Model: GRU
MSE: 6.745282717469205
MAE: 1.8762969826829845
EVS: 0.6892188451736141
