Model: GRU
MSE: 744.9165514920275
MAE: 26.827292869830952
EVS: -0.16973375852255512
