Model: GRU
MSE: 11.956399409973187
MAE: 2.7715807834575914
EVS: 0.6220528119128285
