Model: GRU
MSE: 24.185166633748253
MAE: 4.046257150584254
EVS: -0.024749276028597
