Model: GRU
MSE: 9.052216949336906
MAE: 2.394578051978144
EVS: 0.6153610455088029
