Model: GRU
MSE: 8.331347048806338
MAE: 2.233732013866819
EVS: 0.6342614902620951
