Model: GRU
MSE: 1076.651151492009
MAE: 32.48180514368518
EVS: -0.0013494495760577596
