Model: GRU
MSE: 146.08096897458705
MAE: 11.155919477857392
EVS: -0.0033417796534720434
