Model: GRU
MSE: 13.027351961245696
MAE: 2.9034050744155357
EVS: 0.6372194053038297
