Model: GRU
MSE: 9.344383032792404
MAE: 2.384588297071128
EVS: 0.7077584396262957
