Model: GRU
MSE: 17.052889074242298
MAE: 2.904534979113217
EVS: 0.2960526214597956
