Model: GRU
MSE: 7.382343921658334
MAE: 1.9082064053107952
EVS: 0.6602079147243632
