Model: GRU
MSE: 7.0622682977791635
MAE: 1.8819960191332061
EVS: 0.6723798738632223
