Model: GRU
MSE: 122.34891041675385
MAE: 9.91449796845173
EVS: -0.11585759664148765
