Model: GRU
MSE: 242.62437849211807
MAE: 14.872806244883044
EVS: 0.006049188702393127
