Model: GRU
MSE: 7.026182415068849
MAE: 1.8600422431682717
EVS: 0.6938586724624315
