Model: GRU
MSE: 7.913676860949766
MAE: 2.138327180311598
EVS: 0.6942547010146642
