Model: GRU
MSE: 9.144955389261927
MAE: 2.330106291277655
EVS: 0.6335090535668921
