Model: GRU
MSE: 26.501306234003536
MAE: 4.035081830517999
EVS: 0.0
