Model: GRU
MSE: 1220.7372794186713
MAE: 34.59928052178745
EVS: -0.0961598241979027
