Model: GRU
MSE: 8.232821179426425
MAE: 2.0618743320991255
EVS: 0.6206598293850613
