Model: GRU
MSE: 7.422747713906717
MAE: 2.111072375856597
EVS: 0.6685107035823654
