Model: GRU
MSE: 10.023209916897054
MAE: 2.50255011690074
EVS: 0.6192331587808684
