Model: GRU
MSE: 12.171652988762169
MAE: 2.6473140387699523
EVS: 0.6461704675950093
