Model: GRU
MSE: 13.412760973411967
MAE: 3.0827927383883247
EVS: 0.6884271773392142
