Model: GRU
MSE: 7.601648758133631
MAE: 1.861351991521901
EVS: 0.6666624565951548
