Model: GRU
MSE: 9.671800122188447
MAE: 2.3831570888387748
EVS: 0.6493095051084314
