Model: GRU
MSE: 10.293834986982747
MAE: 2.511074559441928
EVS: 0.5703096539577872
