Model: GRU
MSE: 7.65206485704258
MAE: 2.1607666673331427
EVS: 0.6668752700948586
