Model: GRU
MSE: 7.875209613670763
MAE: 2.11107702501889
EVS: 0.6713342317234797
