Model: GRU
MSE: 11.388074315648298
MAE: 2.4781425091727027
EVS: 0.4783942417878878
