Model: GRU
MSE: 667.494275601851
MAE: 25.484169532512798
EVS: 0.16251998486047659
