Model: GRU
MSE: 8.119528775260747
MAE: 2.218994559912846
EVS: 0.6255097755353496
