Model: GRU
MSE: 9.272358490181986
MAE: 2.347314740049428
EVS: 0.6822296854799126
