Model: GRU
MSE: 7.280777540557327
MAE: 1.8979872444580341
EVS: 0.6634578710286645
