Model: GRU
MSE: 7.451396570059651
MAE: 2.0297848880290985
EVS: 0.6897303805684758
