Model: GRU
MSE: 8.680040078045996
MAE: 2.2958043135445694
EVS: 0.6456295687391093
