Model: GRU
MSE: 7.401039468588174
MAE: 2.0396007587169778
EVS: 0.6566480610873888
