Model: GRU
MSE: 80.02406450807055
MAE: 7.734896955818965
EVS: 0.03648012243412202
