Model: GRU
MSE: 34.75093969656349
MAE: 4.526188324237692
EVS: 0.1823895571905818
