Model: GRU
MSE: 7.401585540989957
MAE: 2.0082911951788542
EVS: 0.6742373192223219
