Model: GRU
MSE: 26.135047255003883
MAE: 3.9420732300857018
EVS: 0.0462452399663148
