Model: GRU
MSE: 8.78031593651415
MAE: 2.2918360664926727
EVS: 0.6426290695910375
