Model: GRU
MSE: 23.425198159215206
MAE: 3.991278681261786
EVS: 0.0
