Model: GRU
MSE: 140.320773894396
MAE: 10.83912213711903
EVS: -0.059375612166284064
