Model: GRU
MSE: 8.754499505186123
MAE: 2.267691628686313
EVS: 0.6961141002659081
