Model: GRU
MSE: 8.767961748934868
MAE: 2.2648043611953996
EVS: 0.6916578683379482
