Model: GRU
MSE: 8.992909566993815
MAE: 2.4022093312493684
EVS: 0.6551376895527816
