Model: GRU
MSE: 6.748788578266419
MAE: 1.8935416196954662
EVS: 0.6924982804339919
