Model: GRU
MSE: 181.457342728743
MAE: 12.504043151592386
EVS: -0.16478529422571153
