Model: GRU
MSE: 946.5659689743974
MAE: 30.17519763420368
EVS: -0.6712790662717005
