Model: GRU
MSE: 8.254235911612442
MAE: 2.250044719926242
EVS: 0.6343967154876331
