Model: GRU
MSE: 7.040681906348629
MAE: 1.8214044981989368
EVS: 0.6750590919709814
