Model: GRU
MSE: 8.0215203269034
MAE: 2.2121878327994513
EVS: 0.6280154068596291
