Model: GRU
MSE: 7.05564582608274
MAE: 1.8423594113053947
EVS: 0.6798037759973883
