Model: GRU
MSE: 7.077066658568617
MAE: 1.8811060765693928
EVS: 0.6735671142352793
