Model: GRU
MSE: 6.970432027718006
MAE: 1.812045167232382
EVS: 0.6899757071831878
