Model: GRU
MSE: 7.222914566970243
MAE: 1.9206335811779416
EVS: 0.6677733402675676
