Model: GRU
MSE: 8.211764229863293
MAE: 2.095005647889499
EVS: 0.6454842683993709
