Model: GRU
MSE: 6.322565610135168
MAE: 1.8106205381196123
EVS: 0.7092643882151679
