Model: GRU
MSE: 6.652953557310068
MAE: 1.736925293659342
EVS: 0.6974836652451792
