Model: GRU
MSE: 2203.9901666998326
MAE: 46.721838983996165
EVS: 0.022940600616016105
