Model: GRU
MSE: 129.25113991649167
MAE: 10.202182649538434
EVS: -0.16758572065474642
