Model: GRU
MSE: 7.994403659780826
MAE: 1.9861340152806248
EVS: 0.6667627380503376
