Model: GRU
MSE: 7.113204887555214
MAE: 1.8857650756835938
EVS: 0.6964410706353956
