Model: GRU
MSE: 7.0297299747037645
MAE: 1.9274934150021652
EVS: 0.6832721668893089
