Model: GRU
MSE: 7.811383145367615
MAE: 1.9831463715125774
EVS: 0.6458672516851213
