Model: GRU
MSE: 6.63317993089341
MAE: 1.7755191161714754
EVS: 0.6935875867194454
