Model: GRU
MSE: 324.1669956611323
MAE: 17.26247558922603
EVS: -0.21431971059586652
