Model: GRU
MSE: 121.23022322975973
MAE: 9.840610470237403
EVS: -0.1316765644632436
