Model: GRU
MSE: 8.82166039781111
MAE: 2.286199390888214
EVS: 0.6418020882584996
