Model: GRU
MSE: 6.861396317045889
MAE: 1.7929539351627743
EVS: 0.6835578096370205
