Model: GRU
MSE: 8.685824500933471
MAE: 2.375939418529642
EVS: 0.617861914187483
