Model: GRU
MSE: 7.451689712168968
MAE: 2.0254538696387723
EVS: 0.6798924997549227
