Model: GRU
MSE: 8.003014384537138
MAE: 2.0633787081159394
EVS: 0.6861976958092921
