Model: GRU
MSE: 252.23129059793862
MAE: 14.999913396506473
EVS: -0.2634955877312015
