Model: GRU
MSE: 7.192155671144641
MAE: 1.9254061764684216
EVS: 0.6753758023030614
