Model: GRU
MSE: 2415.718845613364
MAE: 48.89254438466039
EVS: -0.17089549067866172
