Model: GRU
MSE: 7.344015784844393
MAE: 2.0758671246725937
EVS: 0.6612570012158041
