Model: GRU
MSE: 6.869327543744135
MAE: 1.9780331726731926
EVS: 0.6838982137629032
