Model: GRU
MSE: 123.94078465255615
MAE: 9.9856027816904
EVS: -0.12406386971964523
