Model: GRU
MSE: 7.3642675875201915
MAE: 1.926206613409108
EVS: 0.6775013207273443
