Model: GRU
MSE: 31.07965997111613
MAE: 4.183726277844659
EVS: 0.0
