Model: GRU
MSE: 3338.615423984443
MAE: 57.38751010237069
EVS: -1.101153789208003
