Model: GRU
MSE: 7.576632036688386
MAE: 2.0240498205711104
EVS: 0.6491211188517965
