Model: GRU
MSE: 7.022348813513041
MAE: 1.8799287450724635
EVS: 0.6747043250161153
