Model: GRU
MSE: 678.3103823313539
MAE: 25.505726189448914
EVS: -0.2882898384067991
