Model: GRU
MSE: 9.306502880933984
MAE: 2.4610702909272293
EVS: 0.6249459796528238
