Model: GRU
MSE: 7.825402820991737
MAE: 2.1279835824308724
EVS: 0.6398583768014872
