Model: GRU
MSE: 517.9819643665734
MAE: 22.00593065393382
EVS: -0.5644592827879202
