Model: GRU
MSE: 6.950249209620373
MAE: 1.8573457701452847
EVS: 0.6939817729280462
