Model: GRU
MSE: 8.695966340144816
MAE: 2.2440937387532203
EVS: 0.6695621346408205
