Model: GRU
MSE: 7.331702575906913
MAE: 1.9950512853162041
EVS: 0.6645184360162281
