Model: GRU
MSE: 7.007840629936374
MAE: 1.837885892596738
EVS: 0.6824408827166543
