Model: GRU
MSE: 7.749834089871657
MAE: 1.9434517991953884
EVS: 0.6680143653138235
