Model: GRU
MSE: 10.265898086128438
MAE: 2.459387211964048
EVS: 0.6584563647724571
