Model: GRU
MSE: 7.024084711912897
MAE: 1.9145303019161881
EVS: 0.6741370924178565
