Model: GRU
MSE: 299.5806294668972
MAE: 16.673838714073444
EVS: -0.0004329733044339257
