Model: GRU
MSE: 8.666326676926735
MAE: 2.2789757703912668
EVS: 0.686223289527566
