Model: GRU
MSE: 8.888261964201257
MAE: 2.268729489425133
EVS: 0.650406630560588
