Model: GRU
MSE: 7.615747055441592
MAE: 2.236940696321685
EVS: 0.6466731982273548
