Model: GRU
MSE: 260.7014987532386
MAE: 15.372101948179047
EVS: -0.13201856634580644
