Model: GRU
MSE: 128.2260025392123
MAE: 10.346092326887723
EVS: 0.017166955694126074
