Model: GRU
MSE: 8.79112261518762
MAE: 2.193734678728827
EVS: 0.6258938931338565
