Model: GRU
MSE: 8.042235048240416
MAE: 2.1297502846553407
EVS: 0.6747058705607493
