Model: GRU
MSE: 7.102379770622085
MAE: 1.8653466865934176
EVS: 0.6719726706269978
