Model: GRU
MSE: 7.490627638242043
MAE: 2.0984169655832754
EVS: 0.6544090090393428
