Model: GRU
MSE: 8.076813421859548
MAE: 2.250376750682962
EVS: 0.6293532626087932
