Model: GRU
MSE: 7.06865577066736
MAE: 1.9204883616546105
EVS: 0.6741235456189403
