Model: GRU
MSE: 6.539115753421961
MAE: 1.6669921320060204
EVS: 0.7031132616426734
