Model: GRU
MSE: 9.302951189976822
MAE: 2.393308451463436
EVS: 0.6731468879967935
