Model: GRU
MSE: 7.089920459003867
MAE: 1.9768964175520272
EVS: 0.6710780790366184
