Model: GRU
MSE: 8.749959021336066
MAE: 2.18605925296915
EVS: 0.6603864067184283
