Model: GRU
MSE: 6.941790637511213
MAE: 1.8435789552228203
EVS: 0.68114300621825
