Model: GRU
MSE: 11.340510158866778
MAE: 2.6692287202539116
EVS: 0.6694493822682646
