Model: GRU
MSE: 8.222232172742025
MAE: 2.1960053423355363
EVS: 0.6383034391273774
