Model: GRU
MSE: 145.86107852530893
MAE: 11.084235207787875
EVS: -0.06710504079378832
