Model: GRU
MSE: 7.2952645587251554
MAE: 2.0639276257876693
EVS: 0.6615664127597087
