Model: GRU
MSE: 7.342056596582838
MAE: 1.879841533200494
EVS: 0.6817920440524918
