Model: GRU
MSE: 6.711241311717125
MAE: 1.9143807322814548
EVS: 0.6886496891257479
