Model: GRU
MSE: 9.233521041380582
MAE: 2.325259438876448
EVS: 0.658210623306061
