Model: GRU
MSE: 2275.7911809234115
MAE: 46.76843235410493
EVS: -3.106118380279309
