Model: GRU
MSE: 6.699229893793896
MAE: 1.704908460378647
EVS: 0.6911258321542806
