Model: GRU
MSE: 6.801677673425482
MAE: 1.9457283533852676
EVS: 0.6848394415318018
