Model: GRU
MSE: 7.295496408326977
MAE: 1.8870420620359223
EVS: 0.6666804165843925
