Model: GRU
MSE: 7.073219266557129
MAE: 1.8389974503681576
EVS: 0.6736850252402953
