Model: GRU
MSE: 7.952952518412591
MAE: 2.049023981752067
EVS: 0.6888146003060371
