Model: GRU
MSE: 8.803477682769653
MAE: 2.062691458340349
EVS: 0.6209706323977249
