Model: GRU
MSE: 11.178239689572514
MAE: 2.5666355398194542
EVS: 0.6362316616386892
