Model: GRU
MSE: 8.390337842933233
MAE: 2.0292612643077454
EVS: 0.6480921538347588
