Model: GRU
MSE: 7.608677033163427
MAE: 1.9821709353348305
EVS: 0.6525948237602863
