Model: GRU
MSE: 6.903439108018853
MAE: 1.9710483468812088
EVS: 0.6813488465763582
