Model: GRU
MSE: 7.815125190296964
MAE: 2.147578083235642
EVS: 0.6673738377166835
