Model: GRU
MSE: 6.745071843940145
MAE: 1.8440396292456265
EVS: 0.6977914452694147
