Model: GRU
MSE: 7.710185522968935
MAE: 2.031670775906793
EVS: 0.655155740656317
