Model: GRU
MSE: 9.24461010135682
MAE: 2.139238810744779
EVS: 0.6665310299450401
