Model: GRU
MSE: 6.5877523150153765
MAE: 1.8185859301994587
EVS: 0.7043179990986794
