Model: GRU
MSE: 712.3039389247023
MAE: 26.26511077223153
EVS: -0.041453046359439805
