Model: GRU
MSE: 7.274513568721485
MAE: 2.040860583042276
EVS: 0.6834138212581714
