Model: GRU
MSE: 7.544473110495538
MAE: 1.9455266903186668
EVS: 0.6769957422640795
