Model: GRU
MSE: 8.274922555837989
MAE: 2.103895672436418
EVS: 0.665330282584744
