Model: GRU
MSE: 8.086885578471723
MAE: 1.921053800089606
EVS: 0.6665344219197251
