Model: GRU
MSE: 8.381307638763472
MAE: 2.251212983295835
EVS: 0.653473665138325
