Model: GRU
MSE: 8.216615820057067
MAE: 2.144915823278756
EVS: 0.6522215287572415
