Model: GRU
MSE: 2257.8719411838038
MAE: 47.25400885220232
EVS: -0.15663572773599288
