Model: GRU
MSE: 8.265965491207307
MAE: 1.8535594508565705
EVS: 0.6172058257526682
