Model: GRU
MSE: 10.469616120830928
MAE: 2.65290275935469
EVS: 0.5638213130214513
