Model: GRU
MSE: 7.767908134618194
MAE: 1.9450870937314526
EVS: 0.6558476343136161
