Model: GRU
MSE: 9.421247991589748
MAE: 2.413473474568334
EVS: 0.6137339591174344
