Model: GRU
MSE: 8.27566875868921
MAE: 2.1572404791568887
EVS: 0.6501450608136883
