Model: GRU
MSE: 6.990725282405597
MAE: 1.980962317565392
EVS: 0.6982012246087872
