Model: GRU
MSE: 175.12513719899627
MAE: 12.286696853308841
EVS: -0.1209877411134559
