Model: GRU
MSE: 7.187718539449049
MAE: 1.9992262988254945
EVS: 0.6961950819077288
