Model: GRU
MSE: 7.266854373083483
MAE: 1.83152093250176
EVS: 0.6693823283734138
