Model: GRU
MSE: 22.002242329832278
MAE: 4.203751695567164
EVS: 0.035065330684394436
