Model: GRU
MSE: 6.997539866105808
MAE: 1.8396818884487809
EVS: 0.6886567516986217
