Model: GRU
MSE: 11.933141973355706
MAE: 2.558938363620213
EVS: 0.6013727752062981
