Model: GRU
MSE: 4236.495869072776
MAE: 64.70046082858381
EVS: -1.3357754682393765
