Model: GRU
MSE: 7.423345862433829
MAE: 1.8694116493751263
EVS: 0.673654897911905
