Model: GRU
MSE: 667.0629636804908
MAE: 25.50628974519927
EVS: 0.23485935686667225
