Model: GRU
MSE: 8.617359496184859
MAE: 2.0733219919533563
EVS: 0.6488688753129137
