Model: GRU
MSE: 128.28691009719873
MAE: 10.244336358432111
EVS: -0.08286397151119917
