Model: GRU
MSE: 21.830943409961822
MAE: 4.003269491524532
EVS: 0.0
