Model: GRU
MSE: 1061.0655967774446
MAE: 32.19845048312483
EVS: -0.1285576865963527
