Model: GRU
MSE: 7136.198023075589
MAE: 84.34984009841392
EVS: 0.011686759192705898
