Model: GRU
MSE: 7.253486847257328
MAE: 1.9024096665711239
EVS: 0.6634842605421296
