Model: GRU
MSE: 129.37073009164232
MAE: 10.374722195082697
EVS: -0.008419160177475238
