Model: GRU
MSE: 8.279486894146396
MAE: 2.14077879950918
EVS: 0.6587070801868636
