Model: GRU
MSE: 7.602022116990567
MAE: 2.000512147771901
EVS: 0.6800465188448637
