Model: GRU
MSE: 239.78167595437688
MAE: 14.75410218074404
EVS: -0.025226648951653496
