Model: GRU
MSE: 1937.9108610913408
MAE: 43.62167075584675
EVS: -0.6266146278023437
