Model: GRU
MSE: 7.968142456229204
MAE: 2.1510562814515213
EVS: 0.6408204947135785
