Model: GRU
MSE: 2551.790662635537
MAE: 50.326856152764684
EVS: 0.11859236008945839
