Model: GRU
MSE: 7.3214894158316435
MAE: 2.0321985729809464
EVS: 0.6687426544009885
