Model: GRU
MSE: 243.5312331203244
MAE: 14.891332971638647
EVS: -0.010440370815336664
