Model: GRU
MSE: 7.652657977200694
MAE: 2.0821027837950608
EVS: 0.6473028128845282
