Model: GRU
MSE: 6.689344908630459
MAE: 1.9757334117231697
EVS: 0.6896531746664324
