Model: GRU
MSE: 7.500427207900348
MAE: 2.065330349165818
EVS: 0.6596599949147856
