Model: GRU
MSE: 8.380101876202259
MAE: 2.267561509691436
EVS: 0.6331970670352531
