Model: GRU
MSE: 7.989103526961647
MAE: 2.0710737828550667
EVS: 0.6672522752771242
