Model: GRU
MSE: 7.376158292978908
MAE: 2.036072879002012
EVS: 0.6656048560922503
