Model: GRU
MSE: 3109.268477512048
MAE: 55.56720325864595
EVS: 0.0
