Model: GRU
MSE: 7.6582009678943646
MAE: 1.9652548740650047
EVS: 0.6721460870263098
