Model: GRU
MSE: 10.15535545796789
MAE: 2.536736817195498
EVS: 0.5935383220374957
