Model: GRU
MSE: 7.2253530497293275
MAE: 1.8585836846252968
EVS: 0.6669999653185015
