Model: GRU
MSE: 6.9449114721611656
MAE: 1.8481980397783477
EVS: 0.6817256063297068
