Model: GRU
MSE: 1957.4613871391584
MAE: 43.9389422515343
EVS: -0.24479185444948404
