Model: GRU
MSE: 7.601542264074349
MAE: 2.168404998450444
EVS: 0.6576126553405867
