Model: GRU
MSE: 7.302515282134787
MAE: 1.8287209724557811
EVS: 0.6646121181105356
