Model: GRU
MSE: 7.574058410325769
MAE: 2.0170984185975174
EVS: 0.6886621996213147
