Model: GRU
MSE: 10.368140963450953
MAE: 2.536285375726634
EVS: 0.6291365043986147
