Model: GRU
MSE: 7.290530977399287
MAE: 2.003112735419438
EVS: 0.666611495704434
