Model: GRU
MSE: 7.579002353807865
MAE: 1.8630296464624077
EVS: 0.6622540712871785
