Model: GRU
MSE: 9.115937035432502
MAE: 2.2804482723104544
EVS: 0.6401817219004131
