Model: GRU
MSE: 7.262980716411581
MAE: 1.9367133091235984
EVS: 0.6757854948959989
