Model: GRU
MSE: 475.12630284636
MAE: 20.89072868741792
EVS: -0.7956314538609208
