Model: GRU
MSE: 6.986139283848139
MAE: 1.9298585786901672
EVS: 0.6977244175115427
