Model: GRU
MSE: 36.20746321897385
MAE: 4.456424746020087
EVS: 0.02736127071989536
