Model: GRU
MSE: 7.976883964899613
MAE: 2.0743216728341993
EVS: 0.6619183914066249
