Model: GRU
MSE: 7.110842301092993
MAE: 1.8386990037457696
EVS: 0.680106343456609
