Model: GRU
MSE: 8.923501816899211
MAE: 2.3507395623059106
EVS: 0.7067959523844614
