Model: GRU
MSE: 6.775331130788935
MAE: 1.8098688711380135
EVS: 0.6864545151618909
