Model: GRU
MSE: 7.824667844028905
MAE: 2.0772019789136693
EVS: 0.6458950314539946
