Model: GRU
MSE: 9.894485034320429
MAE: 2.3234600373676844
EVS: 0.627601524709505
