Model: GRU
MSE: 9.346962001339625
MAE: 2.2249626373422555
EVS: 0.6601481166589049
