Model: GRU
MSE: 7.206871289606399
MAE: 2.07004320210424
EVS: 0.688263319076734
