Model: GRU
MSE: 7.36907137492729
MAE: 1.9685796869212184
EVS: 0.6708380927379596
