Model: GRU
MSE: 10.13587412855706
MAE: 2.2705637280430113
EVS: 0.6457511914703831
