Model: GRU
MSE: 9.157756540222337
MAE: 2.298907592378814
EVS: 0.6489784241166485
