Model: GRU
MSE: 439.0054640351621
MAE: 20.45698573671538
EVS: 0.04812014921674268
