Model: GRU
MSE: 7.342639898700795
MAE: 1.9013374612249176
EVS: 0.6655817136979378
