Model: GRU
MSE: 7.232340988776212
MAE: 1.9031903846510525
EVS: 0.6816305684063609
