Model: GRU
MSE: 9.305927925593402
MAE: 2.3578824298135164
EVS: 0.6610525244043923
