Model: GRU
MSE: 1591.4933309624425
MAE: 39.256419905300795
EVS: -1.3395143587330476
