Model: GRU
MSE: 9.961855935280367
MAE: 2.5881733894348145
EVS: 0.5386226457673049
