Model: GRU
MSE: 8.668313460549767
MAE: 2.1086443004937006
EVS: 0.659087791893047
