Model: GRU
MSE: 7.740580493120697
MAE: 2.1171449833902822
EVS: 0.6918411947721339
