Model: GRU
MSE: 7.411617699642598
MAE: 1.9772258215937122
EVS: 0.6613695116196129
