Model: GRU
MSE: 6.896181843807764
MAE: 1.8106231648346476
EVS: 0.6933710458146843
