Model: GRU
MSE: 8.063857345667461
MAE: 2.036992706101516
EVS: 0.6383725796977566
