Model: GRU
MSE: 8.220249221516578
MAE: 2.1665508551844237
EVS: 0.6724743384477576
