Model: GRU
MSE: 8.370135931003862
MAE: 2.178537598971663
EVS: 0.6547567678367462
