Model: GRU
MSE: 115.3929305312325
MAE: 9.696451137805807
EVS: 0.00847315003103044
