Model: GRU
MSE: 6.98695392972032
MAE: 1.7736036592516407
EVS: 0.6801907504812323
