Model: GRU
MSE: 9.013990935899368
MAE: 2.2312499716364105
EVS: 0.6854452207886614
