Model: GRU
MSE: 7.672843058078462
MAE: 2.069577693939209
EVS: 0.6614946708744098
