Model: GRU
MSE: 518.6886604219465
MAE: 22.286027151962806
EVS: -0.021677926078101928
