Model: GRU
MSE: 2135.3330015791953
MAE: 45.906947694975756
EVS: -0.29371058926602234
