Model: GRU
MSE: 9.421886955198595
MAE: 2.447401762008667
EVS: 0.5629793723478675
