Model: GRU
MSE: 9.050915865392735
MAE: 2.196195660318647
EVS: 0.6515703789656262
