Model: GRU
MSE: 7.48359617197576
MAE: 1.8686188336076408
EVS: 0.6689286538089707
