Model: GRU
MSE: 6.987718028030003
MAE: 1.8289538663009117
EVS: 0.692596760142442
