Model: GRU
MSE: 6.633756222247057
MAE: 1.8071090311839664
EVS: 0.695533992059044
