Model: GRU
MSE: 195.10134629220775
MAE: 13.123760831767115
EVS: -0.06095499885865774
