Model: GRU
MSE: 9.40995641288921
MAE: 2.474566266454499
EVS: 0.6826443229646232
