Model: GRU
MSE: 6.968403758839061
MAE: 1.840798166291467
EVS: 0.6898667452171681
