Model: GRU
MSE: 7.343590240838396
MAE: 1.991283811371902
EVS: 0.6652212513370468
