Model: GRU
MSE: 12.202654507531186
MAE: 2.784768900994597
EVS: 0.6643822485007902
