Model: GRU
MSE: 4233.790421673407
MAE: 64.86970592367238
EVS: -0.1928736414389045
