Model: GRU
MSE: 8.849400702885278
MAE: 2.2500441321011246
EVS: 0.6597089808378303
