Model: GRU
MSE: 7.74184737959184
MAE: 2.016883529465774
EVS: 0.6810762042051548
