Model: GRU
MSE: 7.5432897992458905
MAE: 1.8980475037262357
EVS: 0.6579027031928306
