Model: GRU
MSE: 8.879603185058103
MAE: 2.2230183338296823
EVS: 0.6522760585054448
