Model: GRU
MSE: 6.904063717851321
MAE: 1.7947989743331383
EVS: 0.6862313505956481
