Model: GRU
MSE: 30.705895058008505
MAE: 4.173181764010725
EVS: 0.0
