Model: GRU
MSE: 10.18012294437283
MAE: 2.3137538603373935
EVS: 0.6122022454822997
