Model: GRU
MSE: 9.160515709011523
MAE: 2.437739898418558
EVS: 0.5752261109342383
