Model: GRU
MSE: 8.179959007700324
MAE: 2.2310127030158866
EVS: 0.670032718198297
