Model: GRU
MSE: 9.147174617836331
MAE: 2.4606243413070152
EVS: 0.6071423586232971
