Model: GRU
MSE: 10413.921172599012
MAE: 101.9213472563645
EVS: -0.20440126467985698
