Model: GRU
MSE: 8.043375178391015
MAE: 2.2233369514859955
EVS: 0.6287835134915999
