Model: GRU
MSE: 6.88273646499928
MAE: 1.8501405880368988
EVS: 0.6808366754752165
