Model: GRU
MSE: 8.193835298684121
MAE: 2.270145477919743
EVS: 0.6208867343276742
