Model: GRU
MSE: 2232.287148888445
MAE: 46.97119298662458
EVS: -0.005863377886603072
