Model: GRU
MSE: 6.766266405965295
MAE: 1.7788621577723274
EVS: 0.6889263477563465
