Model: GRU
MSE: 7.892890725931387
MAE: 2.051309404702022
EVS: 0.6882640062171692
