Model: GRU
MSE: 9.615708832321832
MAE: 2.3787120210713355
EVS: 0.6612768768654904
