Model: GRU
MSE: 7.374288494628886
MAE: 2.007274165235717
EVS: 0.6761048909048435
