Model: GRU
MSE: 134.08686309174442
MAE: 10.476281215404642
EVS: -0.12897577870284116
