Model: GRU
MSE: 7.4045452604475095
MAE: 1.9572442564471015
EVS: 0.6591115275119208
