Model: GRU
MSE: 8.86528673353546
MAE: 2.3580580908676674
EVS: 0.6171827040692919
