Model: GRU
MSE: 11.247989764866063
MAE: 2.6250225182237297
EVS: 0.6437686306567725
