Model: GRU
MSE: 4258.979249830148
MAE: 65.0382734496018
EVS: -0.3455367426112512
