Model: GRU
MSE: 9.336193745669949
MAE: 2.5277007283835577
EVS: 0.6797707569046427
