Model: GRU
MSE: 7.256245766410516
MAE: 1.95839632276831
EVS: 0.6642165934482954
