Model: GRU
MSE: 8.035830346811435
MAE: 2.0953234639661065
EVS: 0.6306610267398673
