Model: GRU
MSE: 8.714740043407307
MAE: 2.1700388480877053
EVS: 0.6630165238816565
