Model: GRU
MSE: 8.103437901424435
MAE: 2.1688951007251083
EVS: 0.6669733072423945
