Model: GRU
MSE: 6.744954074433694
MAE: 1.9074649235297894
EVS: 0.689252627507408
