Model: GRU
MSE: 8.64112033511733
MAE: 2.1741955023387383
EVS: 0.6543970960651534
