Model: GRU
MSE: 7.3960883747951165
MAE: 1.9120375699010388
EVS: 0.6592755000339138
