Model: GRU
MSE: 9.44053301319824
MAE: 2.3819388788321922
EVS: 0.6346253773034511
