Model: GRU
MSE: 7.193546870989498
MAE: 1.980853625412645
EVS: 0.6662624756670764
