Model: GRU
MSE: 8.1120197166259
MAE: 2.1627932622514923
EVS: 0.6332574682120184
