Model: GRU
MSE: 7.354866668824086
MAE: 2.0428012640311803
EVS: 0.696463076691413
