Model: GRU
MSE: 9.711833969547678
MAE: 2.445293235367742
EVS: 0.6601904441433828
