Model: GRU
MSE: 7.441997919946921
MAE: 2.0171628861591735
EVS: 0.6609105647998574
