Model: GRU
MSE: 7.07565091726332
MAE: 1.8767713513867608
EVS: 0.6773062835955095
