Model: GRU
MSE: 7.839607828500731
MAE: 2.0784184501088903
EVS: 0.6829933577465004
