Model: GRU
MSE: 8.277661075941392
MAE: 2.2396984799154875
EVS: 0.6577114719897197
