Model: GRU
MSE: 8.533949627220967
MAE: 2.2923990652478974
EVS: 0.6261838664598482
