Model: GRU
MSE: 6.925334729379898
MAE: 1.8004320243309284
EVS: 0.6787157031732656
