Model: GRU
MSE: 7.76366379687017
MAE: 2.1942074381071945
EVS: 0.6521059517990251
