Model: GRU
MSE: 8.116737798437468
MAE: 2.12914305719836
EVS: 0.6929177567015123
