Model: GRU
MSE: 7.423289218899154
MAE: 1.9920956903490532
EVS: 0.6704561265118425
