Model: GRU
MSE: 6.816271735775055
MAE: 1.8879203046190327
EVS: 0.6876735313860693
