Model: GRU
MSE: 7.231521944867468
MAE: 1.8521897155663063
EVS: 0.6897138806247523
