Model: GRU
MSE: 6.84012455207139
MAE: 1.8492625622913754
EVS: 0.682668395738502
