Model: GRU
MSE: 8.69579766875461
MAE: 2.3393303854712126
EVS: 0.6123096361385231
