Model: GRU
MSE: 10.766683155834103
MAE: 2.6172575868409256
EVS: 0.6969845194184585
