Model: GRU
MSE: 8.143732192169594
MAE: 2.1148039863027375
EVS: 0.6288433268881904
