Model: GRU
MSE: 8.638863277737554
MAE: 2.324170726126638
EVS: 0.6823869552836271
