Model: GRU
MSE: 7.446499386509094
MAE: 1.913793078784285
EVS: 0.6656168283416963
