Model: GRU
MSE: 22.808782501524004
MAE: 3.8622176153906462
EVS: 0.32527014613569805
