Model: GRU
MSE: 23.67080187928081
MAE: 4.020069188085095
EVS: -0.000719929363328875
