Model: GRU
MSE: 922.272893148982
MAE: 29.942666382625184
EVS: -0.19277844036966263
