Model: GRU
MSE: 116.35075851360486
MAE: 9.58208391584199
EVS: -0.1382560815772782
