Model: GRU
MSE: 605.5654698331283
MAE: 24.044825816976612
EVS: -0.271750634174867
