Model: GRU
MSE: 8.047784952009144
MAE: 2.1397040876848945
EVS: 0.6582701577524452
