Model: GRU
MSE: 7.151162125691706
MAE: 2.009899279166912
EVS: 0.6798178775537973
