Model: GRU
MSE: 6.4890912453437615
MAE: 1.7589986930633414
EVS: 0.7011286898602767
