Model: GRU
MSE: 7.800135878321277
MAE: 2.1416147741778144
EVS: 0.6395317643604645
