Model: GRU
MSE: 8.625394260348362
MAE: 2.3057393082256974
EVS: 0.671202868976502
