Model: GRU
MSE: 308.76058042827066
MAE: 16.911087603404603
EVS: -0.05666114579016179
