Model: GRU
MSE: 12.397690927029132
MAE: 2.857232490490223
EVS: 0.6576711176489275
