Model: GRU
MSE: 9.714980208510877
MAE: 2.513617651215915
EVS: 0.6517033502631975
