Model: GRU
MSE: 7.846095510879716
MAE: 2.124426685530564
EVS: 0.6726209034637279
