Model: GRU
MSE: 9.884507239590656
MAE: 2.3634668013145186
EVS: 0.6638498661964567
