Model: GRU
MSE: 7.823371436668018
MAE: 2.121581367377577
EVS: 0.6414728905688962
