Model: GRU
MSE: 7.453262190721622
MAE: 2.0060794928978227
EVS: 0.6668479173131003
