Model: GRU
MSE: 7.132715754076398
MAE: 1.938458508458631
EVS: 0.6855797367100704
