Model: GRU
MSE: 7.529426826648221
MAE: 1.972476313854086
EVS: 0.6648299315080376
