Model: GRU
MSE: 9.033292747052029
MAE: 2.360390067100525
EVS: 0.6405009711299847
