Model: GRU
MSE: 9.15420384302489
MAE: 2.3482686034564315
EVS: 0.6197697646626686
