Model: GRU
MSE: 6.878303170686724
MAE: 1.9345575776593438
EVS: 0.6864183145594903
