Model: GRU
MSE: 7.150301849612733
MAE: 1.8756284878171723
EVS: 0.669847161273744
