Model: GRU
MSE: 8.173171724860023
MAE: 2.0985157900843125
EVS: 0.6571562230263885
