Model: GRU
MSE: 7.401287810897962
MAE: 1.9536946395347858
EVS: 0.6678133616137683
