Model: GRU
MSE: 8.658058724202863
MAE: 2.260470955536283
EVS: 0.6690904801378418
