Model: GRU
MSE: 6.463494333183911
MAE: 1.8172734770281562
EVS: 0.7003795948466981
