Model: GRU
MSE: 7.473049803916399
MAE: 1.9547826914951718
EVS: 0.674692077890457
