Model: GRU
MSE: 7.038969095766094
MAE: 1.975928520334178
EVS: 0.688553796649112
