Model: GRU
MSE: 9.495160139839218
MAE: 2.285960115235427
EVS: 0.5962620892214703
