Model: GRU
MSE: 6.637507151251092
MAE: 1.8326864982473439
EVS: 0.6920713964291378
