Model: GRU
MSE: 7.534053226988833
MAE: 2.0162963209481073
EVS: 0.6708511940915906
