Model: GRU
MSE: 8.197586460434936
MAE: 2.077632369666264
EVS: 0.6675838918952262
