Model: GRU
MSE: 8.543434964673052
MAE: 2.35151338166204
EVS: 0.635891685664687
