Model: GRU
MSE: 7.091584548538747
MAE: 1.7869475360574394
EVS: 0.6738226558764877
