Model: GRU
MSE: 7.113159336681959
MAE: 1.993380119060648
EVS: 0.6749341924134635
