Model: GRU
MSE: 15.018968811118889
MAE: 3.3888440954274146
EVS: 0.4521747937095707
