Model: GRU
MSE: 7.981053500736055
MAE: 2.030096744668895
EVS: 0.6586215731073253
