Model: GRU
MSE: 7.5413175376937165
MAE: 2.037191793836396
EVS: 0.6734724969010955
