Model: GRU
MSE: 7.069387303043501
MAE: 1.8012211466657704
EVS: 0.675532086673214
