Model: GRU
MSE: 6.854210075924049
MAE: 1.8481289209990666
EVS: 0.6829841842801699
