Model: GRU
MSE: 6.938629062293838
MAE: 1.8266243359138226
EVS: 0.6922434572220263
