Model: GRU
MSE: 10.224276366733116
MAE: 2.506370574235916
EVS: 0.6357538920139956
