Model: GRU
MSE: 6.560952617756207
MAE: 1.7595979674109097
EVS: 0.702103196366453
