Model: GRU
MSE: 1045.6443590149693
MAE: 32.00345124869511
EVS: 0.006074506360664977
