Model: GRU
MSE: 7.820585495806205
MAE: 1.9805974271790734
EVS: 0.6379163567532736
