Model: GRU
MSE: 7.234519390922628
MAE: 2.0482091348746727
EVS: 0.6745088483567085
