Model: GRU
MSE: 7.6723632108703885
MAE: 2.005537411262249
EVS: 0.6525663532268385
