Model: GRU
MSE: 145.93868173318606
MAE: 11.141277198133798
EVS: -0.01188734591582885
