Model: GRU
MSE: 7.952302337076352
MAE: 2.237568197579219
EVS: 0.6569907266872412
