Model: GRU
MSE: 138.65162057155803
MAE: 10.678540024264105
EVS: -0.14224492748705408
