Model: GRU
MSE: 8.598007890355763
MAE: 2.186443032889531
EVS: 0.6771123287730559
