Model: GRU
MSE: 9.937672809006036
MAE: 2.3947916976336776
EVS: 0.6687190483761345
