Model: GRU
MSE: 7.8401205877483235
MAE: 2.1033849798399826
EVS: 0.6364073211223614
