Model: GRU
MSE: 150.60491029488003
MAE: 11.28706157207489
EVS: -0.07667816664646487
