Model: GRU
MSE: 14.431933217443246
MAE: 3.067903555672744
EVS: 0.6059784948997535
