Model: GRU
MSE: 6.936798485829841
MAE: 1.943496101889117
EVS: 0.6989300240874237
