Model: GRU
MSE: 8.737164210744144
MAE: 2.270713814373674
EVS: 0.6884159296210921
