Model: GRU
MSE: 7.38257926353757
MAE: 1.8392192659706905
EVS: 0.6577849796832371
