Model: GRU
MSE: 7.506921973169568
MAE: 2.0446744540642046
EVS: 0.6517662247112894
