Model: GRU
MSE: 14.026454489075455
MAE: 2.8415491334323226
EVS: 0.6154681651931758
