Model: GRU
MSE: 7.7709146886230425
MAE: 2.0164398900393783
EVS: 0.6658792016698067
