Model: GRU
MSE: 132.43397860438614
MAE: 10.374909489319242
EVS: -0.15035594773952599
