Model: GRU
MSE: 8.51622835487396
MAE: 2.2273184307690324
EVS: 0.6215260220966347
