Model: GRU
MSE: 7.749193797806525
MAE: 2.0138229028931978
EVS: 0.655030271354524
