Model: GRU
MSE: 13.659677668626438
MAE: 3.1759553284480653
EVS: 0.6802867029946544
