Model: GRU
MSE: 8.0744413052371
MAE: 2.0965425968170166
EVS: 0.6562582305080512
