Model: GRU
MSE: 6.952014133584009
MAE: 1.765714538508448
EVS: 0.6775656829512001
