Model: GRU
MSE: 7.73780641357794
MAE: 1.856663338069258
EVS: 0.6502417406662022
