Model: GRU
MSE: 3298.110284979328
MAE: 57.06389927041942
EVS: -0.940285322607012
