Model: GRU
MSE: 1487.2525384432934
MAE: 38.07181463570431
EVS: -0.7532137114341353
