Model: GRU
MSE: 7.541467558229536
MAE: 2.0638818411991515
EVS: 0.6648112937331703
