Model: GRU
MSE: 6214.323121669044
MAE: 78.63510789542363
EVS: -0.43093422339363685
