Model: GRU
MSE: 8.68243866578261
MAE: 2.490928263499819
EVS: 0.6030136571118012
