Model: GRU
MSE: 7.638860641409592
MAE: 2.0750156188833304
EVS: 0.6674094475570708
