Model: GRU
MSE: 10.951850318538643
MAE: 2.6931931397010542
EVS: 0.6214592213803303
