Model: GRU
MSE: 6.996773692146627
MAE: 1.8424904346466064
EVS: 0.6753921206483282
