Model: GRU
MSE: 7.0559885811214915
MAE: 1.8897994468952048
EVS: 0.6801395997734991
