Model: GRU
MSE: 6.784323960816038
MAE: 2.000103307181391
EVS: 0.6980320560588308
