Model: GRU
MSE: 204.5892183367676
MAE: 13.473982309472971
EVS: -0.06897058462334127
