Model: GRU
MSE: 7347.472096452021
MAE: 85.62815817471208
EVS: 0.2906031067477841
