Model: GRU
MSE: 9.72824398542388
MAE: 2.344566279444201
EVS: 0.6667054328746804
