Model: GRU
MSE: 7.777811917706538
MAE: 2.1921083968261192
EVS: 0.6417701855211069
