Model: GRU
MSE: 7.217161140295767
MAE: 1.8371239386755844
EVS: 0.6701425475830094
