Model: GRU
MSE: 10.611297504480124
MAE: 2.605078647876608
EVS: 0.6279803886712241
