Model: GRU
MSE: 12.85298703020714
MAE: 2.8296263752312494
EVS: 0.6369782207478532
