Model: GRU
MSE: 7.896469302349358
MAE: 1.9888895071786026
EVS: 0.6871631208642428
