Model: GRU
MSE: 9.524439505665692
MAE: 2.191569198880877
EVS: 0.6381664605497659
