Model: GRU
MSE: 7.843597970371748
MAE: 2.019185684878251
EVS: 0.6798609169744759
