Model: GRU
MSE: 6.979293823274256
MAE: 2.003988716109046
EVS: 0.7273891017467762
