Model: GRU
MSE: 7.501679475408245
MAE: 1.998791362704902
EVS: 0.6776569858053499
