Model: GRU
MSE: 8.408831139814819
MAE: 2.3487073224166344
EVS: 0.6159936639902033
