Model: GRU
MSE: 9.448761045780335
MAE: 2.1710186045745323
EVS: 0.6452488070008757
