Model: GRU
MSE: 8.086602667870768
MAE: 1.981310589560147
EVS: 0.6598692686909443
