Model: GRU
MSE: 6.647756828891339
MAE: 1.9055930951545978
EVS: 0.6992703019836232
