Model: GRU
MSE: 6.578554341208002
MAE: 1.789420148421978
EVS: 0.6955501122585045
