Model: GRU
MSE: 1158.5754255811162
MAE: 33.71931924491093
EVS: -0.0013238929011900602
