Model: GRU
MSE: 7.366941790552866
MAE: 1.9766454018395523
EVS: 0.6586648649104364
