Model: GRU
MSE: 7.5259354409390395
MAE: 2.20965052473134
EVS: 0.6754302857169807
