Model: GRU
MSE: 8.505313906109274
MAE: 2.239900662981231
EVS: 0.6352052465918402
