Model: GRU
MSE: 22.52994319224308
MAE: 3.849412983861463
EVS: 0.09143549153336317
