Model: GRU
MSE: 9.05706295448166
MAE: 2.4408883555182097
EVS: 0.5907584460442388
