Model: GRU
MSE: 7.4860698075613
MAE: 2.116525852474673
EVS: 0.6754110444253418
