Model: GRU
MSE: 120.10991902312118
MAE: 9.927313188026691
EVS: -0.00018429488477589295
