Model: GRU
MSE: 7.481927798650484
MAE: 2.0283830083649734
EVS: 0.6698155599035176
