Model: GRU
MSE: 171.5016278933184
MAE: 12.025548018258194
EVS: -0.24744012114452985
