Model: GRU
MSE: 9.150720874473885
MAE: 2.397545800126832
EVS: 0.6497013092057424
