Model: GRU
MSE: 1435.8182435484468
MAE: 37.49013243050411
EVS: -0.40612657093210336
