Model: GRU
MSE: 7.552452092146375
MAE: 2.092452020480715
EVS: 0.6496445960560046
