Model: GRU
MSE: 8.58123973224552
MAE: 2.2127761594180404
EVS: 0.6161551646107564
