Model: GRU
MSE: 465.5510563551736
MAE: 21.00882651888091
EVS: -0.12182501894309539
