Model: GRU
MSE: 7.3586191243587
MAE: 2.0837874248110015
EVS: 0.6794265429783002
