Model: GRU
MSE: 9.246993950754131
MAE: 2.4087925450555208
EVS: 0.5980300884141172
