Model: GRU
MSE: 104.04028368405037
MAE: 9.19115399492198
EVS: 0.09239077138027307
