Model: GRU
MSE: 8.691148949721796
MAE: 2.2209606869467375
EVS: 0.6471841915694705
