Model: GRU
MSE: 158.15991069029457
MAE: 11.619082335768075
EVS: -0.07434384051148979
