Model: GRU
MSE: 3538.4563514833635
MAE: 59.238297429578054
EVS: -0.3584451329806817
