Model: GRU
MSE: 6.872507268132138
MAE: 1.8219067762637962
EVS: 0.6828616778822081
