Model: GRU
MSE: 6.790867539804079
MAE: 1.9292160560344827
EVS: 0.7040317100302285
