Model: GRU
MSE: 7.434872251032755
MAE: 2.0601169980805496
EVS: 0.658093598590123
