Model: GRU
MSE: 8121.065009763213
MAE: 89.94924111201846
EVS: -0.4010612126322861
