Model: GRU
MSE: 43.83769325559203
MAE: 5.037807004205112
EVS: 0.0
