Model: GRU
MSE: 9.209672187795507
MAE: 2.324306838471314
EVS: 0.669126112698629
