Model: GRU
MSE: 10.25549686752312
MAE: 2.4988637463799837
EVS: 0.6538837603562313
