Model: GRU
MSE: 7.858781584844918
MAE: 2.1550119909746894
EVS: 0.656277688995583
