Model: GRU
MSE: 9.338828926189311
MAE: 2.2800417521904253
EVS: 0.6622167221523838
