Model: GRU
MSE: 2463.658105111733
MAE: 49.41844571869949
EVS: 0.003668469845378164
