Model: GRU
MSE: 10.848036899715982
MAE: 2.405746636719539
EVS: 0.6537357078638799
