Model: GRU
MSE: 12.463483562927042
MAE: 2.873379803937057
EVS: 0.6398043784021277
