Model: GRU
MSE: 9.006599657140322
MAE: 2.32136686094876
EVS: 0.6576008840890963
