Model: GRU
MSE: 10.472795533216523
MAE: 2.6558229512181777
EVS: 0.5244063173847691
