Model: GRU
MSE: 156.260913600041
MAE: 11.374497150552683
EVS: -0.24715736765060292
