Model: GRU
MSE: 7.540202007035462
MAE: 2.0905858915427635
EVS: 0.6617285479316908
