Model: GRU
MSE: 8.85318667752656
MAE: 2.3000121445491395
EVS: 0.6331727936935642
