Model: GRU
MSE: 6.890939334641342
MAE: 1.9384895974192127
EVS: 0.6808893239925868
