Model: GRU
MSE: 7.73657480603827
MAE: 2.0493533282444396
EVS: 0.6591802926714139
