Model: GRU
MSE: 7.656974954809295
MAE: 1.9919051959596834
EVS: 0.6531210625650095
