Model: GRU
MSE: 7.409071396932667
MAE: 1.9189754765609215
EVS: 0.6681118623365183
