Model: GRU
MSE: 6.736422359458777
MAE: 1.8155916066005313
EVS: 0.6913775747473154
