Model: GRU
MSE: 7.299499584933895
MAE: 1.993086103735299
EVS: 0.6641716992783945
