Model: GRU
MSE: 6.851530891078857
MAE: 1.7451086167631478
EVS: 0.6838000689500254
