Model: GRU
MSE: 7.8519450146571925
MAE: 2.2164911638046134
EVS: 0.6905394776852674
