Model: GRU
MSE: 4029.8243765190327
MAE: 63.26343990194386
EVS: -0.27869710594353325
