Model: GRU
MSE: 9.662376479232437
MAE: 2.427842524544946
EVS: 0.656982844447636
