Model: GRU
MSE: 6.470609024842291
MAE: 1.816304404160072
EVS: 0.7025947224228238
