Model: GRU
MSE: 6.8608115573411625
MAE: 1.9338837389288281
EVS: 0.6842601803730224
