Model: GRU
MSE: 6.900691616668204
MAE: 1.9531722294873204
EVS: 0.6860410461731277
