Model: GRU
MSE: 23.050293399776223
MAE: 3.811019239754512
EVS: 0.10258833297382242
