Model: GRU
MSE: 218.06706307014574
MAE: 14.175607434634504
EVS: 0.20576692893157866
