Model: GRU
MSE: 7.146587427326884
MAE: 1.8112965164513426
EVS: 0.6703098479333907
