Model: GRU
MSE: 8.428124532764985
MAE: 2.2536618298497695
EVS: 0.6334707359243558
