Model: GRU
MSE: 8.763327419740893
MAE: 2.193114704099195
EVS: 0.6541570143780744
