Model: GRU
MSE: 7.21167620071722
MAE: 1.8783661589540284
EVS: 0.6661070291056069
