Model: GRU
MSE: 129.81612411667365
MAE: 10.345803908232984
EVS: -0.05688240506549347
