Model: GRU
MSE: 8.322233904151707
MAE: 2.2953608118254563
EVS: 0.6196736658342366
