Model: GRU
MSE: 7.464090603292621
MAE: 2.0917166019308158
EVS: 0.6551347753446448
