Model: GRU
MSE: 8.458336982406134
MAE: 2.0487395812725198
EVS: 0.6492600363803096
