Model: GRU
MSE: 8.339201213800383
MAE: 2.144021081513372
EVS: 0.6548554567706933
