Model: GRU
MSE: 7.143206327425423
MAE: 1.9195492062075388
EVS: 0.6822490275149953
