Model: GRU
MSE: 12.598461306134755
MAE: 2.894287304631595
EVS: 0.5969278916495357
