Model: GRU
MSE: 7.858150257280119
MAE: 2.0850171220713647
EVS: 0.6633786285688812
