Model: GRU
MSE: 10.848920583971399
MAE: 2.593307345077909
EVS: 0.627769784681355
