Model: GRU
MSE: 8.810536907740795
MAE: 2.1871643148619553
EVS: 0.6402076686254663
