Model: GRU
MSE: 6.940730710725119
MAE: 1.7976342521864794
EVS: 0.679474870530668
