Model: GRU
MSE: 6.985678941195015
MAE: 1.9140289405296589
EVS: 0.6869188621252623
