Model: GRU
MSE: 12.82033766030369
MAE: 3.119007675812162
EVS: 0.40992800896759385
