Model: GRU
MSE: 8.835207421878636
MAE: 2.2615742107917525
EVS: 0.693287851861075
