Model: GRU
MSE: 7.280437889334014
MAE: 1.9749111276248406
EVS: 0.6625557620381457
