Model: GRU
MSE: 11.64049886843339
MAE: 2.5332040335450854
EVS: 0.5788459164517875
