Model: GRU
MSE: 7.115608697409105
MAE: 1.9360684444164407
EVS: 0.6710943112724834
