Model: GRU
MSE: 363.1502381904502
MAE: 18.42455403558139
EVS: -0.09889615591495526
