Model: GRU
MSE: 8.886313134992138
MAE: 2.2308460833697485
EVS: 0.6671673646080177
