Model: GRU
MSE: 8.932913893784143
MAE: 2.2063777508406806
EVS: 0.6619318348235168
