Model: GRU
MSE: 335.2789024455158
MAE: 17.594319162697627
EVS: -0.1932058518986619
