Model: GRU
MSE: 7.404096358112569
MAE: 1.9753342085871204
EVS: 0.6737245820083176
