Model: GRU
MSE: 556.3817455941321
MAE: 23.08392754916487
EVS: -0.09091577672796625
