Model: GRU
MSE: 6.721913768917122
MAE: 1.9034115795431465
EVS: 0.6910634076716247
