Model: GRU
MSE: 9.255520857648243
MAE: 2.42021382677144
EVS: 0.6136630507829419
