Model: GRU
MSE: 7.143541296354558
MAE: 1.933844724605824
EVS: 0.6930722650513206
