Model: GRU
MSE: 210.80692862056947
MAE: 13.809974177130337
EVS: 0.06786817118976807
