Model: GRU
MSE: 3755.1593858717333
MAE: 61.11172689240554
EVS: 0.048165453341972975
