Model: GRU
MSE: 13.564186222818472
MAE: 2.9548610685200525
EVS: 0.6416909190437372
