Model: GRU
MSE: 8.58400985133311
MAE: 2.3336860373102386
EVS: 0.6443670645257569
