Model: GRU
MSE: 8.039017605874427
MAE: 2.194312227183375
EVS: 0.6318028082966434
