Model: GRU
MSE: 9.398156525104786
MAE: 2.421123276496756
EVS: 0.670121216617755
