Model: GRU
MSE: 7.446855499486228
MAE: 2.101414104987835
EVS: 0.6581463572228775
