Model: GRU
MSE: 5779.545854984646
MAE: 75.86401998585669
EVS: -0.12257019931456337
