Model: GRU
MSE: 7.478301924167308
MAE: 2.0906394432330955
EVS: 0.6531353428384559
