Model: GRU
MSE: 8.630553047017996
MAE: 2.310090866582147
EVS: 0.6222180697164347
