Model: GRU
MSE: 1240.0352479659905
MAE: 34.820303555192616
EVS: -0.2796324137463839
