Model: GRU
MSE: 7.817916815109899
MAE: 2.2410489279648353
EVS: 0.6376774786903164
