Model: GRU
MSE: 8.353848596769664
MAE: 2.0917341462497054
EVS: 0.6705359603053198
