Model: GRU
MSE: 7.570734098201879
MAE: 1.976682946599763
EVS: 0.6754294707717358
