Model: GRU
MSE: 6358.521438711771
MAE: 79.58462669109475
EVS: -0.15097769820973128
