Model: GRU
MSE: 8.113700697853321
MAE: 2.133247899598089
EVS: 0.6237384027931935
