Model: GRU
MSE: 7.679812086563769
MAE: 2.0958127564397353
EVS: 0.6492966994633771
