Model: GRU
MSE: 6.9742997843996495
MAE: 1.8814083317230488
EVS: 0.6831779882045077
