Model: GRU
MSE: 13.66548678673805
MAE: 2.8668090331143348
EVS: 0.6136034453365877
