Model: GRU
MSE: 10.646973736456731
MAE: 2.4937912513469827
EVS: 0.5652863915806156
