Model: GRU
MSE: 448.50929296423794
MAE: 20.5979413164073
EVS: -0.12432297001235293
