Model: GRU
MSE: 331.9476285587653
MAE: 17.33024263381958
EVS: -0.4665367400265328
