Model: GRU
MSE: 6.4710655195547995
MAE: 1.8485970024404854
EVS: 0.7020421728556345
