Model: GRU
MSE: 122.12092242281773
MAE: 9.807127732889994
EVS: -0.003812108305592199
