Model: GRU
MSE: 6.922986933965338
MAE: 1.9006069939711998
EVS: 0.6790606203636976
