Model: GRU
MSE: 280.87210439539336
MAE: 15.937654289706
EVS: -0.2463014850787113
