Model: GRU
MSE: 300.6402594717819
MAE: 16.78598068500387
EVS: 0.12448909128191665
