Model: GRU
MSE: 8.126928355592467
MAE: 2.1404300434836028
EVS: 0.6304890227834922
