Model: GRU
MSE: 7.3350044862610355
MAE: 1.9267573644374978
EVS: 0.666446797068311
