Model: GRU
MSE: 7.610761376600094
MAE: 1.9658038246220555
EVS: 0.6721770147677996
