Model: GRU
MSE: 7.372892563644284
MAE: 1.8661601029593369
EVS: 0.671385539705218
