Model: GRU
MSE: 8.835293749486777
MAE: 2.3123651712105193
EVS: 0.6440515892880752
