Model: GRU
MSE: 6.8246138919558685
MAE: 1.9575328210304523
EVS: 0.7133662479005419
