Model: GRU
MSE: 9.348945950598104
MAE: 2.293221979305662
EVS: 0.666580710496604
