Model: GRU
MSE: 12.499636152293595
MAE: 2.8257359965094206
EVS: 0.666859713104198
