Model: GRU
MSE: 7.8882181314526045
MAE: 2.209795701092687
EVS: 0.6585393967902686
