Model: GRU
MSE: 8.041222940146945
MAE: 2.1270788065318404
EVS: 0.6442983611517312
