Model: GRU
MSE: 165.58302107733823
MAE: 11.96795420811094
EVS: -0.0369619958385361
