Model: GRU
MSE: 7.3658284346032
MAE: 1.9308637257280021
EVS: 0.6814150598912887
