Model: GRU
MSE: 6.854020752194647
MAE: 1.7665056452668946
EVS: 0.682341509553009
