Model: GRU
MSE: 171.02136449675302
MAE: 12.214194519766446
EVS: -0.013009743341144242
