Model: GRU
MSE: 122.16035441936147
MAE: 9.869981252941592
EVS: -0.14797094940920585
