Model: GRU
MSE: 4408.217857909815
MAE: 66.21611220261147
EVS: -0.0969613258882922
