Model: GRU
MSE: 6.40498435741562
MAE: 1.7553292800640237
EVS: 0.7083429881238215
