Model: GRU
MSE: 347.6971054569294
MAE: 18.07753896713257
EVS: 0.03037473509305233
