Model: GRU
MSE: 7.230102726191317
MAE: 1.8792477599505721
EVS: 0.6682367074676638
