Model: GRU
MSE: 7.849658068626868
MAE: 2.0084940421170203
EVS: 0.661155262489526
