Model: GRU
MSE: 7.054707288697654
MAE: 1.978636618318229
EVS: 0.6769798619967347
