Model: GRU
MSE: 1096.9400650585344
MAE: 32.796895191587254
EVS: 0.011629582791984006
