Model: GRU
MSE: 8.66587720514517
MAE: 2.071083161337622
EVS: 0.6604711089818147
