Model: GRU
MSE: 6.764038322069764
MAE: 1.7766995347779373
EVS: 0.6995030410821828
