Model: GRU
MSE: 7.383972316560695
MAE: 2.098744067652472
EVS: 0.6610370526921416
