Model: GRU
MSE: 6.457521847258021
MAE: 1.804880191539896
EVS: 0.70044729796278
