Model: GRU
MSE: 8.31147413242435
MAE: 2.1983025526178293
EVS: 0.6548398122060541
