Model: GRU
MSE: 8.586337119005513
MAE: 2.1966088188105615
EVS: 0.6725860393239398
