Model: GRU
MSE: 10.101932986483995
MAE: 2.3461357930610918
EVS: 0.5415746349169597
