Model: GRU
MSE: 6.973612930625364
MAE: 1.9034545216067085
EVS: 0.6764761696491157
