Model: GRU
MSE: 8.415234225027618
MAE: 2.0335446185079116
EVS: 0.6607133609609002
