Model: GRU
MSE: 423.6808913190979
MAE: 19.987269911272772
EVS: -0.12227356580598525
