Model: GRU
MSE: 8.006787519459914
MAE: 2.030139660013133
EVS: 0.6436483885398758
