Model: GRU
MSE: 179.56743945401757
MAE: 12.619948288490033
EVS: 0.057995346755403965
