Model: GRU
MSE: 7.142690670080832
MAE: 1.9592168269486263
EVS: 0.7088311666650793
