Model: GRU
MSE: 9.36743096949384
MAE: 2.4159242449135614
EVS: 0.6696322407630206
