Model: GRU
MSE: 7.742377258784527
MAE: 2.0036488401478736
EVS: 0.6714619227951428
