Model: GRU
MSE: 21.25394193393797
MAE: 3.9888921606129615
EVS: 0.02006519593253442
