Model: GRU
MSE: 7.509490897995321
MAE: 2.0660168991006653
EVS: 0.6698402614706449
