Model: GRU
MSE: 488.8738246897988
MAE: 21.447190514926252
EVS: -0.3404151516066407
