Model: GRU
MSE: 8.172082099001823
MAE: 2.141158447183412
EVS: 0.6539073196606311
