Model: GRU
MSE: 9.241188837747833
MAE: 2.156330264847854
EVS: 0.6830032283671646
