Model: GRU
MSE: 7.443602033149925
MAE: 1.9871362509398625
EVS: 0.6704127764157761
