Model: GRU
MSE: 777.4276332186708
MAE: 27.34900476192606
EVS: -0.3667544631666031
