Model: GRU
MSE: 7.625240634257561
MAE: 2.0822040376992064
EVS: 0.668094930930643
