Model: GRU
MSE: 8.710188568576758
MAE: 2.263442479330918
EVS: 0.6170892097369991
