Model: GRU
MSE: 6.7673532159011875
MAE: 1.8480107804824566
EVS: 0.6864475372711369
