Model: GRU
MSE: 7.440193138763487
MAE: 1.9882902523566937
EVS: 0.655260682380912
