Model: GRU
MSE: 137.43196507466237
MAE: 10.563088110808668
EVS: -0.19943655162918228
