Model: GRU
MSE: 233.3732829615612
MAE: 14.557537374825314
EVS: 0.004779116306808717
