Model: GRU
MSE: 7.827317554947064
MAE: 2.0343119892580757
EVS: 0.6398119309541159
