Model: GRU
MSE: 10.269184480704793
MAE: 2.345253327797199
EVS: 0.6490170922960428
