Model: GRU
MSE: 9.230018748769432
MAE: 2.2942480218821557
EVS: 0.623939843969874
