Model: GRU
MSE: 7.649008885168545
MAE: 2.038494919908458
EVS: 0.6609763357317633
