Model: GRU
MSE: 23.481201084158187
MAE: 3.9101554936376113
EVS: 0.08617222994224183
