Model: GRU
MSE: 114.66933613793002
MAE: 9.538127560040046
EVS: -0.09924003030285
