Model: GRU
MSE: 8.05975684225729
MAE: 2.082261679501369
EVS: 0.6628262813420066
