Model: GRU
MSE: 10.001753669286073
MAE: 2.4586882509034256
EVS: 0.6524079053698044
