Model: GRU
MSE: 7.350068079695926
MAE: 1.9547228730958084
EVS: 0.6620934705004721
