Model: GRU
MSE: 8.017285568766692
MAE: 2.109753806015541
EVS: 0.6513715914163487
