Model: GRU
MSE: 9.103137148170974
MAE: 2.124321880011723
EVS: 0.6785031559548994
