Model: GRU
MSE: 3317.620518490006
MAE: 57.39845118029364
EVS: -0.06884539128075495
