Model: GRU
MSE: 8.964182878114416
MAE: 2.2933875856728387
EVS: 0.6362571612721004
