Model: GRU
MSE: 8.549953962770756
MAE: 2.1236276051093794
EVS: 0.6640927333624532
