Model: GRU
MSE: 8.329184802122944
MAE: 2.2063792162928086
EVS: 0.6410193494958814
