Model: GRU
MSE: 7.975620416046086
MAE: 2.3146057786612677
EVS: 0.6352592809577895
