Model: GRU
MSE: 813.1533282123163
MAE: 28.135253248543574
EVS: -0.000299397264649226
