Model: GRU
MSE: 7.075195764891347
MAE: 1.978783973332109
EVS: 0.6774206857465337
