Model: GRU
MSE: 9.417324640188568
MAE: 2.2827388235500883
EVS: 0.6439507363778103
