Model: GRU
MSE: 6.792928244087146
MAE: 1.8324421603104164
EVS: 0.6865681312999503
