Model: GRU
MSE: 7.220115519365715
MAE: 2.015996793220783
EVS: 0.6660234052786027
