Model: GRU
MSE: 160.7669899487801
MAE: 11.721464025563208
EVS: -0.08443155745414477
