Model: GRU
MSE: 6.731272537023838
MAE: 1.9095514396141318
EVS: 0.6891123950470435
