Model: GRU
MSE: 3749.804895617676
MAE: 61.04519311312971
EVS: -0.08048908400527433
