Model: GRU
MSE: 7.9284527844354535
MAE: 2.1497494763341445
EVS: 0.6862419972114201
