Model: GRU
MSE: 3648.600372690291
MAE: 60.23787498474121
EVS: 0.0721713221301411
