Model: GRU
MSE: 6.872597888747958
MAE: 1.9799761525515853
EVS: 0.685405200846249
