Model: GRU
MSE: 9.494283716720618
MAE: 2.47026121205297
EVS: 0.6304624015141065
