Model: GRU
MSE: 6.9899602218357
MAE: 1.8235020144232388
EVS: 0.6890816389926564
