Model: GRU
MSE: 8.23870257532045
MAE: 2.0010955580349625
EVS: 0.6588838739429062
