Model: GRU
MSE: 7.437730952768004
MAE: 1.9227464486812722
EVS: 0.683054044850246
