Model: GRU
MSE: 8.228620064744154
MAE: 2.227521842923658
EVS: 0.6389552651260682
