Model: GRU
MSE: 8.27644270302186
MAE: 2.2703922719791017
EVS: 0.6446919354584926
