Model: GRU
MSE: 7.06719010328262
MAE: 1.8922465669697728
EVS: 0.6882898534529887
