Model: GRU
MSE: 7.3189879111714555
MAE: 1.9209296066185524
EVS: 0.6801273824354992
