Model: GRU
MSE: 7.121073655110716
MAE: 1.9622436001383026
EVS: 0.6703251209265659
