Model: GRU
MSE: 7.452223447779273
MAE: 2.0888931874571175
EVS: 0.6602901308990985
