Model: GRU
MSE: 412.07393681136926
MAE: 19.7444654497607
EVS: -0.031344941409082505
