Model: GRU
MSE: 8.48672071006193
MAE: 2.2204671296580085
EVS: 0.6648830117695133
