Model: GRU
MSE: 8.580875821149487
MAE: 2.1888135548295646
EVS: 0.6796027992788743
