Model: GRU
MSE: 9.836940831453227
MAE: 2.4757663648704002
EVS: 0.676150946615422
