Model: GRU
MSE: 134.70059623258038
MAE: 10.751785590730865
EVS: 0.11388378869321836
