Model: GRU
MSE: 7.8199756350115415
MAE: 2.164785004895309
EVS: 0.6513933714275553
