Model: GRU
MSE: 12.27869741100135
MAE: 2.7733550277249566
EVS: 0.6862275884513921
