Model: GRU
MSE: 6.710925986428892
MAE: 1.7955070117424274
EVS: 0.691131959979694
