Model: GRU
MSE: 7.142798165249965
MAE: 1.8979778947501347
EVS: 0.677286952157359
