Model: GRU
MSE: 6.577065064904859
MAE: 1.8926044127036785
EVS: 0.6948703979744006
