Model: GRU
MSE: 8.993201170023603
MAE: 2.373943702927951
EVS: 0.6928949275217432
