Model: GRU
MSE: 234.68069173243234
MAE: 14.421629741274078
EVS: -0.23860037519669852
