Model: GRU
MSE: 7.3511133050629285
MAE: 1.8829354047775269
EVS: 0.688348243035963
