Model: GRU
MSE: 7.689120745684106
MAE: 2.0853302725430196
EVS: 0.6811984751065441
