Model: GRU
MSE: 726.8581198959605
MAE: 26.611334356768378
EVS: 0.132659500576794
