Model: GRU
MSE: 6.787910799048036
MAE: 1.884005986410996
EVS: 0.6907332797774233
