Model: GRU
MSE: 9.112082686933588
MAE: 2.1879824769907983
EVS: 0.6711373891693369
