Model: GRU
MSE: 6.810633423082386
MAE: 1.876188845470034
EVS: 0.6900963340799151
