Model: GRU
MSE: 7.046673682329356
MAE: 1.897721997622786
EVS: 0.6942052591972828
