Model: GRU
MSE: 469.3450418190162
MAE: 21.148669966335955
EVS: -0.024329183888745165
