Model: GRU
MSE: 7.263814584974631
MAE: 1.9229025162499527
EVS: 0.6634468795732728
