Model: GRU
MSE: 29.63847775274048
MAE: 4.647466758201862
EVS: 0.5839071948576995
