Model: GRU
MSE: 7.599009858683723
MAE: 2.1145158800585517
EVS: 0.6517636591526432
