Model: GRU
MSE: 7.620879269965162
MAE: 2.0815798167524666
EVS: 0.6467028238851069
