Model: GRU
MSE: 7.251117254635343
MAE: 1.8630433473093757
EVS: 0.6806462298935252
