Model: GRU
MSE: 6.486899257575041
MAE: 1.7500701073942513
EVS: 0.7060392555203354
