Model: GRU
MSE: 9.208070449129744
MAE: 2.3129953104874184
EVS: 0.6329612939051192
