Model: GRU
MSE: 9.968748589299437
MAE: 2.7415902182973664
EVS: 0.5989487989450768
