Model: GRU
MSE: 8.663831462803598
MAE: 2.1538028634827713
EVS: 0.6678329268344487
