Model: GRU
MSE: 3125.681211771135
MAE: 55.65571318001583
EVS: -0.3047360546112423
