Model: GRU
MSE: 6.758362885775958
MAE: 1.8100852318878835
EVS: 0.6892998279385241
