Model: GRU
MSE: 6.85388150794841
MAE: 1.8745319452779046
EVS: 0.6869219609020033
