Model: GRU
MSE: 449.17400407428613
MAE: 20.53850745332652
EVS: -0.2685909265537276
