Model: GRU
MSE: 115.29324405805579
MAE: 9.60978945164845
EVS: -0.06452470304697777
