Model: GRU
MSE: 7.40078651750029
MAE: 1.9186681632337899
EVS: 0.6781916513293849
