Model: GRU
MSE: 7.6141394111025535
MAE: 2.088285386562348
EVS: 0.6533137474017042
