Model: GRU
MSE: 3562.1640529108176
MAE: 59.47514514265389
EVS: -0.15387873101935234
