Model: GRU
MSE: 8.397397726513582
MAE: 2.210167543641452
EVS: 0.6523104402679897
