Model: GRU
MSE: 8.698342988238334
MAE: 2.258735691678935
EVS: 0.7027358053772756
