Model: GRU
MSE: 10.401802059953779
MAE: 2.39768608274131
EVS: 0.615421543098691
