Model: GRU
MSE: 8.627272942268192
MAE: 2.3737470857028304
EVS: 0.627492813245392
