Model: GRU
MSE: 14.066203794378065
MAE: 3.1565657443013686
EVS: 0.3998073387584522
