Model: GRU
MSE: 128.26403719084908
MAE: 10.28885386318996
EVS: -0.03939445621920856
