Model: GRU
MSE: 7.502185330817434
MAE: 1.9109880924224854
EVS: 0.6659615903337359
