Model: GRU
MSE: 9.62742389619836
MAE: 2.528475621650959
EVS: 0.595954009622919
