Model: GRU
MSE: 7.398044765932205
MAE: 1.943131446838379
EVS: 0.6921645446459892
