Model: GRU
MSE: 7.783428534279421
MAE: 2.0817220950948783
EVS: 0.6802050828178192
