Model: GRU
MSE: 2312.3485972501408
MAE: 47.8742350874276
EVS: 0.0532692863570845
