Model: GRU
MSE: 10.174776849216547
MAE: 2.4826871896612235
EVS: 0.6463959930230531
