Model: GRU
MSE: 10.17494356795914
MAE: 2.3467240114297185
EVS: 0.6671246081150912
