Model: GRU
MSE: 10.399702764712783
MAE: 2.4931094317600646
EVS: 0.6359775759483475
