Model: GRU
MSE: 3956.3409401143367
MAE: 62.738329657192885
EVS: 0.06084454281197993
