Model: GRU
MSE: 7.952649401083739
MAE: 2.1174215941593566
EVS: 0.6804378915325011
