Model: GRU
MSE: 9.100364933584634
MAE: 2.356624652599466
EVS: 0.6614114527554702
