Model: GRU
MSE: 8.078684584297603
MAE: 2.088988526114102
EVS: 0.6528079188660834
