Model: GRU
MSE: 551.2138698680853
MAE: 22.96908294743505
EVS: -0.09653244550862805
