Model: GRU
MSE: 9.501537954678996
MAE: 2.1305310417865884
EVS: 0.6083330133646296
