Model: GRU
MSE: 7.571560814914442
MAE: 2.017257546556407
EVS: 0.6608193015320958
