Model: GRU
MSE: 7.536969916694658
MAE: 2.03691559618917
EVS: 0.658896057217679
