Model: GRU
MSE: 7.106696097863951
MAE: 1.9206675085528144
EVS: 0.6704857565704485
