Model: GRU
MSE: 7.404430730446073
MAE: 1.962765948525791
EVS: 0.6783877868725268
