Model: GRU
MSE: 427.5907108474967
MAE: 20.14103570477716
EVS: -0.017397471991207336
