Model: GRU
MSE: 7.279491557096035
MAE: 1.9366633028819644
EVS: 0.6623515512149769
