Model: GRU
MSE: 132.9749582138434
MAE: 10.634451853817907
EVS: 0.07752512612628237
