Model: GRU
MSE: 7.8056388509418575
MAE: 2.153031143648871
EVS: 0.6582231348375265
