Model: GRU
MSE: 400.75748356260834
MAE: 19.384413752062567
EVS: -0.1599482056172028
