Model: GRU
MSE: 163.91768096186638
MAE: 11.828350104134659
EVS: -0.11382433775219325
