Model: GRU
MSE: 7.901578124172187
MAE: 1.9987381470614467
EVS: 0.661069061071236
