Model: GRU
MSE: 7.087280726687337
MAE: 1.981371838470985
EVS: 0.6838434249151352
