Model: GRU
MSE: 319.9585471762732
MAE: 17.315127775586884
EVS: 0.06539278588618991
