Model: GRU
MSE: 1736.2994584560029
MAE: 41.417266582620556
EVS: 0.02992021389883115
