Model: GRU
MSE: 7.0445216612001715
MAE: 1.9627738327815616
EVS: 0.6734903599101354
