Model: GRU
MSE: 8.352040096092066
MAE: 2.2246716351344666
EVS: 0.6693012712188943
