Model: GRU
MSE: 207.03290153771766
MAE: 13.624603452353641
EVS: 0.007020247554274328
