Model: GRU
MSE: 7.293353486175605
MAE: 2.0203464853352515
EVS: 0.663181852947055
