Model: GRU
MSE: 8.718074010075927
MAE: 2.1847485622455336
EVS: 0.6526990132489798
