Model: GRU
MSE: 7.215887998010017
MAE: 1.9578986630357544
EVS: 0.6942395052439354
