Model: GRU
MSE: 8.196251274160733
MAE: 2.303639033745075
EVS: 0.649975778795864
