Model: GRU
MSE: 2551.3185902382247
MAE: 50.29782051875674
EVS: 0.004943687858088852
