Model: GRU
MSE: 23.41574794472214
MAE: 3.991159406201593
EVS: 0.0
