Model: GRU
MSE: 152.17081496722082
MAE: 11.387534108655206
EVS: -0.04363296532551475
