Model: GRU
MSE: 143.83474865673213
MAE: 11.040602174298517
EVS: -0.0178827881888044
