Model: GRU
MSE: 8.023184104497092
MAE: 1.9579580385109474
EVS: 0.6599338534055784
