Model: GRU
MSE: 7.616196063038584
MAE: 1.9916012410459847
EVS: 0.6594522535645548
