Model: GRU
MSE: 8.141597231446331
MAE: 2.0615763129859137
EVS: 0.676223300143938
