Model: GRU
MSE: 7.204272567739087
MAE: 1.926916739036297
EVS: 0.6674221143422975
