Model: GRU
MSE: 7.004230216102574
MAE: 1.9088073270074255
EVS: 0.6750493935272346
