Model: GRU
MSE: 9.059215049293604
MAE: 2.20773419429516
EVS: 0.6554048601192515
