Model: GRU
MSE: 7.231918545828684
MAE: 1.798091929534386
EVS: 0.6736837985448831
