Model: GRU
MSE: 8.071809797809166
MAE: 2.1066880226135254
EVS: 0.6977653260005958
