Model: GRU
MSE: 7.783206098228904
MAE: 2.0147527250750312
EVS: 0.6547362410083064
