Model: GRU
MSE: 239.38815691138404
MAE: 14.52512449231641
EVS: -0.3180100592441244
