Model: GRU
MSE: 7.496375166457707
MAE: 2.006062721383983
EVS: 0.6720974039073055
