Model: GRU
MSE: 8.41537790300617
MAE: 2.2685064385677207
EVS: 0.6478326407010525
