Model: GRU
MSE: 12.935230674123632
MAE: 2.850406792657129
EVS: 0.589834243554193
