Model: GRU
MSE: 9.587755935268294
MAE: 2.369889679653891
EVS: 0.644344510421566
