Model: GRU
MSE: 11.119264670230027
MAE: 2.6929671353307265
EVS: 0.6903034562785664
