Model: GRU
MSE: 7.063948906664167
MAE: 2.0015363672683977
EVS: 0.6750685437243172
