Model: GRU
MSE: 19.355587215522565
MAE: 3.379770246045343
EVS: 0.29068315857929694
