Model: GRU
MSE: 7.733803345823526
MAE: 2.191130827213156
EVS: 0.6503596825860282
