Model: GRU
MSE: 7.41740315952049
MAE: 1.9917284918242488
EVS: 0.655893973145438
