Model: GRU
MSE: 21.823620303364525
MAE: 4.003511198635759
EVS: 0.0
