Model: GRU
MSE: 6.911741591526066
MAE: 1.8321861563057735
EVS: 0.7023826720711073
