Model: GRU
MSE: 1384.780749753912
MAE: 36.98913985285266
EVS: 0.23058479633060125
