Model: GRU
MSE: 7.761046190606578
MAE: 2.000129222869873
EVS: 0.6478383574987543
