Model: GRU
MSE: 6.616575908295194
MAE: 1.7284437417984009
EVS: 0.694439301974562
