Model: GRU
MSE: 131.9839928659399
MAE: 10.419470289657855
EVS: -0.08648963857207659
