Model: GRU
MSE: 10.966929857250403
MAE: 2.6187453331618475
EVS: 0.6237223478923757
