Model: GRU
MSE: 8.811154066544997
MAE: 2.1284247924541604
EVS: 0.6806124987137734
