Model: GRU
MSE: 584.5844433172934
MAE: 23.793107378071753
EVS: 0.14298310226872213
