Model: GRU
MSE: 7.732930900885806
MAE: 1.9628013660167825
EVS: 0.6573349082971998
