Model: GRU
MSE: 7.925179196104362
MAE: 2.0807943179689605
EVS: 0.6608033481583002
