Model: GRU
MSE: 130.07649882097874
MAE: 10.188198814104343
EVS: -0.2191062764492675
