Model: GRU
MSE: 1313.305655522285
MAE: 35.82227904221107
EVS: -0.3950738785483021
