Model: GRU
MSE: 7.468070534534808
MAE: 2.132326940010334
EVS: 0.6651533566170074
