Model: GRU
MSE: 7.816738570178778
MAE: 2.0492704243495545
EVS: 0.6649834136104487
