Model: GRU
MSE: 6.613784644471699
MAE: 1.7773354485117157
EVS: 0.6932806809867601
