Model: GRU
MSE: 9.755520453747613
MAE: 2.532580135197475
EVS: 0.575032810149323
