Model: GRU
MSE: 8.577906151059114
MAE: 2.178977082515585
EVS: 0.6665057881018621
