Model: GRU
MSE: 9.154054326236299
MAE: 2.3014736011110504
EVS: 0.670607445988542
