Model: GRU
MSE: 10.00676957356274
MAE: 2.535676964398088
EVS: 0.6173531024474359
