Model: GRU
MSE: 26.5712691133581
MAE: 4.037784017365555
EVS: 0.0
