Model: GRU
MSE: 124.44936190809388
MAE: 10.115161328480161
EVS: -0.026837847274909565
