Model: GRU
MSE: 7.847339838156309
MAE: 2.218475263694237
EVS: 0.6610168010035353
