Model: GRU
MSE: 6.792005949697391
MAE: 1.7914325594902039
EVS: 0.6868006148968593
