Model: GRU
MSE: 7.339296618248896
MAE: 1.9388761355959137
EVS: 0.6766748318194862
