Model: GRU
MSE: 8.302427907996849
MAE: 2.304253261664818
EVS: 0.6367537179587969
