Model: GRU
MSE: 7.237321228473422
MAE: 1.9591036623921887
EVS: 0.6841877157705794
