Model: GRU
MSE: 6.919885658070541
MAE: 1.9238426973079812
EVS: 0.6799702712239564
