Model: GRU
MSE: 7.338896976634891
MAE: 1.966551344970177
EVS: 0.6752896887905924
