Model: GRU
MSE: 7.225139342744578
MAE: 2.0457619469741295
EVS: 0.6674365433031293
