Model: GRU
MSE: 9.323896180115739
MAE: 2.3989846459750472
EVS: 0.6619035475620549
