Model: GRU
MSE: 7.063327894777728
MAE: 1.8999199970015164
EVS: 0.6843014333577682
