Model: GRU
MSE: 7.079054657664356
MAE: 1.8493477270520966
EVS: 0.6715845469043072
