Model: GRU
MSE: 9.164402824325826
MAE: 2.152538480077471
EVS: 0.6469510471868495
