Model: GRU
MSE: 8.236006026873309
MAE: 2.3005023228711097
EVS: 0.6363006948593235
