Model: GRU
MSE: 8.05296846082952
MAE: 2.1698697599871406
EVS: 0.6776776428799228
