Model: GRU
MSE: 8.111672636342373
MAE: 2.197104630799129
EVS: 0.6265443685011645
