Model: GRU
MSE: 7.380080466947558
MAE: 1.999144835718747
EVS: 0.6892233631220545
