Model: GRU
MSE: 6.976327782759928
MAE: 1.8184875373182625
EVS: 0.676847993257235
