Model: GRU
MSE: 7.881895006325473
MAE: 2.013548189196093
EVS: 0.6657400053951168
