Model: GRU
MSE: 7.5740608649095025
MAE: 1.9662443553579265
EVS: 0.6493712707803005
