Model: GRU
MSE: 13.490068544111796
MAE: 3.1656143213140555
EVS: 0.40616397455912023
