Model: GRU
MSE: 312.23782614583416
MAE: 17.034333327720905
EVS: -0.02388907661161821
