Model: GRU
MSE: 8.080039015327312
MAE: 2.107079526473736
EVS: 0.6739519783348755
