Model: GRU
MSE: 8.607916332935874
MAE: 2.207497278164173
EVS: 0.661129646762946
