Model: GRU
MSE: 23.123457664498567
MAE: 3.977790043271821
EVS: 0.008729694404438604
