Model: GRU
MSE: 7.681165237966316
MAE: 2.0815963765670515
EVS: 0.6438026806756172
