Model: GRU
MSE: 7.952889110840421
MAE: 2.0643457790900923
EVS: 0.6737195768247515
