Model: GRU
MSE: 7.543788025491287
MAE: 1.9727527355325634
EVS: 0.6595036046491909
