Model: GRU
MSE: 7.976957640428101
MAE: 1.9842284794511467
EVS: 0.6881203642693641
