Model: GRU
MSE: 157.83944443178697
MAE: 11.519124844978595
EVS: -0.16677837437051934
