Model: GRU
MSE: 7.25025516957884
MAE: 2.0925198094598176
EVS: 0.6660911457996535
