Model: GRU
MSE: 6.8401550674945915
MAE: 1.819726746657799
EVS: 0.6830110622767386
