Model: GRU
MSE: 7.013523965624126
MAE: 1.978191614151001
EVS: 0.6746283179535488
