Model: GRU
MSE: 8.831502077679922
MAE: 2.2434582792479416
EVS: 0.6792615856704742
