Model: GRU
MSE: 8.842280147161263
MAE: 2.2324285342775543
EVS: 0.6523004239867456
