Model: GRU
MSE: 7.860713984922797
MAE: 1.9787755855198563
EVS: 0.6594652265742528
