Model: GRU
MSE: 7.118936323649989
MAE: 1.834175574368444
EVS: 0.6697224278642285
