Model: GRU
MSE: 7.4312515831822985
MAE: 1.9773575067520142
EVS: 0.6555510157367562
