Model: GRU
MSE: 9.558688367298997
MAE: 2.3426407411180694
EVS: 0.7034782605026697
