Model: GRU
MSE: 6.88997557281425
MAE: 1.8848952959323753
EVS: 0.7032304683180665
