Model: GRU
MSE: 7.427434929147227
MAE: 2.0730044430699843
EVS: 0.6681855010909925
