Model: GRU
MSE: 13.289401391852186
MAE: 3.222118509226832
EVS: 0.4529966517838213
