Model: GRU
MSE: 7.447763354178543
MAE: 2.0823606375990247
EVS: 0.6865961060056417
