Model: GRU
MSE: 11.904390210752906
MAE: 2.9009577837483635
EVS: 0.6016386802702339
