Model: GRU
MSE: 7.576485626443544
MAE: 2.2196256160736083
EVS: 0.8728805424749962
