Model: GRU
MSE: 23.76095540710095
MAE: 4.206440796617602
EVS: 0.7824763603391967
