Model: GRU
MSE: 8.223205471893984
MAE: 2.646140786579677
EVS: 0.7882420009511241
