Model: GRU
MSE: 1.6060376817596014
MAE: 0.6917726516723631
EVS: 0.757359316829832
