Model: GRU
MSE: 6.3309871631507
MAE: 2.051300835609436
EVS: 0.76224613087959
