Model: GRU
MSE: 256.12751853040754
MAE: 15.75658140523093
EVS: -0.22928829407165385
