Model: GRU
MSE: 2.8289859260038215
MAE: 1.2196422717610345
EVS: 0.9109444363663106
