Model: GRU
MSE: 2.2761282822261912
MAE: 1.2898368446194395
EVS: 0.8043841498518579
