Model: GRU
MSE: 3.226206961266463
MAE: 1.483075891222273
EVS: 0.7900012630668451
