Model: GRU
MSE: 1.7589485191730416
MAE: 0.8374287060328895
EVS: 0.7694061106099873
