Model: GRU
MSE: 1.8219284030233507
MAE: 0.831818737302508
EVS: 0.7586565425056628
