Model: GRU
MSE: 3.1392357232791217
MAE: 1.3802617566060211
EVS: 0.8423064011285715
