Model: GRU
MSE: 24.289491341186416
MAE: 4.304616451263428
EVS: 0.18321575950460633
