Model: GRU
MSE: 0.9805639706676096
MAE: 0.8175605905467066
EVS: -0.3653449086174727
