Model: GRU
MSE: 2476.175820078763
MAE: 49.697247641427175
EVS: 0.005106955953574022
