Model: GRU
MSE: 1.950911518657326
MAE: 0.9661517007010327
EVS: 0.775814796756461
