Model: GRU
MSE: 2577.4328948823195
MAE: 50.69469887869699
EVS: 0.046078098904826725
