Model: GRU
MSE: 2.004889797774138
MAE: 1.097433294568743
EVS: 0.7477841240814928
