Model: GRU
MSE: 1.6060378048819368
MAE: 0.6917726312364849
EVS: 0.7573593020695082
