Model: GRU
MSE: 1.768899473308342
MAE: 0.7978720120021277
EVS: 0.760249418685695
