Model: GRU
MSE: 2.488028131225096
MAE: 1.286357484545026
EVS: 0.7337566482007107
