Model: GRU
MSE: 4.237438912979452
MAE: 1.5132999936739604
EVS: 0.8820949208919943
