Model: GRU
MSE: 1.964342336630609
MAE: 0.9339246817997525
EVS: 0.7585030857219381
