Model: GRU
MSE: 1.4799759142313924
MAE: 0.6757614067622594
EVS: 0.774012889678171
