Model: GRU
MSE: 4.495625218704012
MAE: 1.9162862505231584
EVS: 0.7544443767978226
