Model: GRU
MSE: 133.60187707907494
MAE: 11.26573127756516
EVS: 0.16435301740437758
