Model: GRU
MSE: 513.6221486958615
MAE: 22.452940940856934
EVS: -0.4842821056491169
