Model: GRU
MSE: 4.450766435756889
MAE: 1.7156510231446247
EVS: 0.4423122184944345
