Model: GRU
MSE: 2.07100504504455
MAE: 1.171862372036638
EVS: -1.002524224107638
