Model: GRU
MSE: 5.6423512189057865
MAE: 2.3271697998046874
EVS: 0.4849274050390957
