Model: GRU
MSE: 2.9287670664356233
MAE: 1.3738817000875667
EVS: 0.697832196839561
