Model: GRU
MSE: 6.552540560077806
MAE: 1.90611452167317
EVS: 0.8296597452617435
