Model: GRU
MSE: 38.78523438910484
MAE: 5.784844676653544
EVS: 0.6880308918248735
