Model: GRU
MSE: 3.352720961301128
MAE: 1.515818480082921
EVS: 0.7774546611173745
