Model: GRU
MSE: 15.662393189753336
MAE: 3.6431944710867747
EVS: 0.0
