Model: GRU
MSE: 1.9521036312066469
MAE: 0.8783710684095113
EVS: 0.755758673807341
