Model: GRU
MSE: 1.5992029212761691
MAE: 1.264474391937254
EVS: 0.9987702663556774
