Model: GRU
MSE: 0.8387934513643348
MAE: 0.7548807299866969
EVS: 0.9184224944373367
