Model: GRU
MSE: 141.22574149312342
MAE: 10.481545926168048
EVS: -0.03537661373729262
