Model: GRU
MSE: 3.573590923885462
MAE: 1.2846243229585808
EVS: 0.901630619085561
