Model: GRU
MSE: 4.107550756381252
MAE: 1.4364524875313809
EVS: 0.8707367275829545
