Model: GRU
MSE: 11.100030488703874
MAE: 2.006032739089444
EVS: 0.6198819560132369
