Model: GRU
MSE: 10.518718573209707
MAE: 2.7139163674062985
EVS: 0.8340891756149043
