Model: GRU
MSE: 3.143237845693665
MAE: 1.1269283101701453
EVS: 0.8881971005402096
