Model: GRU
MSE: 7.8510015905829045
MAE: 1.5592453296842246
EVS: 0.7509709179376021
