Model: GRU
MSE: 3.1145314827019384
MAE: 1.1915584738912253
EVS: 0.8972824078513035
