Model: GRU
MSE: 31.113056801142505
MAE: 2.699688421577967
EVS: -1.0871342470613667
