Model: GRU
MSE: 3.1954802591205023
MAE: 1.2207247251556033
EVS: 0.8984340585694396
