Model: GRU
MSE: 2502.498132093163
MAE: 49.69114977080247
EVS: -0.09892053693306369
