Model: GRU
MSE: 8.163833465274523
MAE: 1.9204176791783036
EVS: 0.7317109672824745
