Model: GRU
MSE: 5.231987070744642
MAE: 1.8340269356004653
EVS: 0.9019860352038047
