Model: GRU
MSE: 4.172531718490133
MAE: 1.438043175985257
EVS: 0.8534029205205458
