Model: GRU
MSE: 11.456141105959055
MAE: 1.8620957230699473
EVS: 0.6421654111701385
