Model: GRU
MSE: 12.963101340746684
MAE: 2.99522579019996
EVS: 0.5461860826195735
