Model: GRU
MSE: 0.3176275132178749
MAE: 0.4311466217041018
EVS: 0.940377871160849
