Model: GRU
MSE: 0.6380318368993101
MAE: 0.5266389165605819
EVS: 0.9344623149269167
