Model: GRU
MSE: 1.9558301869520218
MAE: 1.2838795449998643
EVS: 0.3410283523218177
