Model: GRU
MSE: 4.301025380415593
MAE: 1.8036093057370652
EVS: 0.7667716772609724
