Model: GRU
MSE: 43.306778797988045
MAE: 6.378083864847819
EVS: 0.24347439684468541
