Model: GRU
MSE: 2.884527815540295
MAE: 1.5349425375461578
EVS: 0.6866027217841519
