Model: GRU
MSE: 4.158741018960275
MAE: 1.5320547421773274
EVS: -0.13021649150117942
