Model: GRU
MSE: 4.498126846094818
MAE: 1.8606726889516798
EVS: 0.7842271819898552
