Model: GRU
MSE: 2577.9034496465392
MAE: 50.626987083285464
EVS: -0.7129855833045369
