Model: GRU
MSE: 19.207773199842745
MAE: 3.9276712081011604
EVS: -1.3287977567204465
