Model: GRU
MSE: 5.747378802424071
MAE: 2.0796972723568183
EVS: 0.7761331494990541
