Model: GRU
MSE: 2.487677149683862
MAE: 1.0885693325715904
EVS: 0.7432088084961821
