Model: GRU
MSE: 39.340678948612094
MAE: 6.179014682769775
EVS: 0.6657885283664435
