Model: GRU
MSE: 3.2834087255211934
MAE: 1.4370733429403861
EVS: 0.7670576518956216
