Model: GRU
MSE: 5.968886532106103
MAE: 2.1819535844466267
EVS: 0.7282739084125937
