Model: GRU
MSE: 3.3712568181085265
MAE: 1.571157455444336
EVS: 0.37373083612168845
