Model: GRU
MSE: 9.066434088743197
MAE: 2.867545313305325
EVS: 0.5889741043272612
