Model: GRU
MSE: 4.876051199872838
MAE: 1.895922698226629
EVS: 0.768731416862711
