Model: GRU
MSE: 220.82304466703098
MAE: 14.53721438669691
EVS: -0.0978142753390483
