Model: GRU
MSE: 5.747379189590669
MAE: 2.079697216258329
EVS: 0.776133096278296
