Model: GRU
MSE: 7812.072619685741
MAE: 88.20906246409697
EVS: -2.612246466648311
