Model: GRU
MSE: 2.0720939949890624
MAE: 0.9160552772821164
EVS: 0.7713579292547289
