Model: GRU
MSE: 2.662393300156643
MAE: 1.1553840824201997
EVS: 0.7439021880741488
