Model: GRU
MSE: 4.2277579734267805
MAE: 1.7533743241254027
EVS: 0.7638763415847496
