Model: GRU
MSE: 2829.8719346485764
MAE: 53.19524874005999
EVS: 0.3265139545605028
