Model: GRU
MSE: 9.625628829322485
MAE: 3.0844251768929616
EVS: 0.4514442283905713
