Model: GRU
MSE: 46.375725217439744
MAE: 6.691358248392741
EVS: 0.5387823973774212
