Model: GRU
MSE: 46.7735196192228
MAE: 6.46581236521403
EVS: 0.006641984586369554
