Model: GRU
MSE: 3.436231098759136
MAE: 1.4135831103605376
EVS: 0.7384567469677883
