Model: GRU
MSE: 3.4362754040527457
MAE: 1.5921451780531142
EVS: 0.2701037072625615
