Model: GRU
MSE: 1.909449291456439
MAE: 0.860878084220138
EVS: 0.7918489630916277
