Model: GRU
MSE: 43.809530350932924
MAE: 6.452905654907227
EVS: 0.37517277957781325
