Model: GRU
MSE: 122.41055214016917
MAE: 11.017449061075846
EVS: 0.7044059218907787
