Model: GRU
MSE: 2.0154462042308907
MAE: 0.8298192772210812
EVS: 0.7678357580585286
