Model: GRU
MSE: 251.0104936126278
MAE: 15.538737124087763
EVS: -0.10541253290906472
