Model: GRU
MSE: 3.603351466644549
MAE: 1.48039671819504
EVS: 0.823855912957626
