Model: GRU
MSE: 3.5118833271672294
MAE: 1.4584877490997314
EVS: 0.8039441241225749
