Model: GRU
MSE: 2727.381524157713
MAE: 52.06294473012289
EVS: 0.06333239606211472
