Model: GRU
MSE: 3.392874258977906
MAE: 1.538599106891096
EVS: 0.9076497082679043
