Model: GRU
MSE: 4.526316023020812
MAE: 1.6525629800516408
EVS: 0.7982227727367903
