Model: GRU
MSE: 7.585628770443388
MAE: 2.3683383067448935
EVS: 0.762555437243409
