Model: GRU
MSE: 13.32443379431115
MAE: 3.0187055572005344
EVS: 0.30368766844562667
