Model: GRU
MSE: 3.486099118566827
MAE: 1.5035640104957249
EVS: 0.8042209970679561
