Model: GRU
MSE: 3.1197913288767802
MAE: 1.3738842416316905
EVS: 0.8206224151968583
