Model: GRU
MSE: 1.1637724421746158
MAE: 0.8049033284187316
EVS: 0.9397301011423977
