Model: GRU
MSE: 1.2439714436290858
MAE: 0.8120543759716444
EVS: 0.9359235704130462
