Model: GRU
MSE: 4.705631581577987
MAE: 1.7056057271030214
EVS: 0.7791429810792891
