Model: GRU
MSE: 1.0913607196990416
MAE: 0.7074604645248287
EVS: 0.9425303831176103
