Model: GRU
MSE: 1.3923144977954476
MAE: 0.8709501412289203
EVS: 0.9308225255387481
