Model: GRU
MSE: 5.88422049802001
MAE: 1.9044515834727758
EVS: 0.7467492715827263
