Model: GRU
MSE: 6.147946068254178
MAE: 1.9853167451661209
EVS: 0.5492590713079497
