Model: GRU
MSE: 5.105905737489713
MAE: 1.3440590829684818
EVS: 0.3861844529980012
