Model: GRU
MSE: 1339.4406166486579
MAE: 36.487510681152344
EVS: 0.01873067802986561
