Model: GRU
MSE: 225.39197731106506
MAE: 14.662310994904617
EVS: -0.2606054201327386
