Model: GRU
MSE: 19.879168708904942
MAE: 3.543111183520021
EVS: -0.4395477518123603
