Model: GRU
MSE: 130.28688271306925
MAE: 10.978556550782303
EVS: -0.18183011941582738
