Model: GRU
MSE: 1107.3848223868472
MAE: 33.18864381724391
EVS: 0.28559278953201517
