Model: GRU
MSE: 271.32303137433115
MAE: 16.20537892703352
EVS: -0.05472895995108984
