Model: GRU
MSE: 129.4746411471702
MAE: 10.580149820872716
EVS: -0.03608927496750902
