Model: GRU
MSE: 138.3761979253093
MAE: 11.349966805556726
EVS: -0.15715634496208253
