Model: GRU
MSE: 4.332024416013715
MAE: 1.2194760462333416
EVS: 0.497298631755246
