Model: GRU
MSE: 5.206315122744067
MAE: 1.41546919428069
EVS: 0.3833295426096336
