Model: GRU
MSE: 4.598695023320481
MAE: 1.4267498419202607
EVS: 0.5342645664154029
