Model: GRU
MSE: 4.523272769153513
MAE: 1.2740742029814884
EVS: 0.48341991902511805
