Model: GRU
MSE: 4.280785760260613
MAE: 1.3515308725422825
EVS: 0.5563644608351427
