Model: GRU
MSE: 5.708298387273752
MAE: 1.777389250952622
EVS: 0.5072833819778957
