Model: GRU
MSE: 12.381894233768802
MAE: 3.271627294606176
EVS: 0.5523785617759331
