Model: GRU
MSE: 4.644766989367338
MAE: 1.2480378520899806
EVS: 0.4374881443226212
