Model: GRU
MSE: 4.845861508244652
MAE: 1.2270096869304263
EVS: 0.4139742351437533
