Model: GRU
MSE: 485.92068036575523
MAE: 21.721592146774817
EVS: -0.7068418338007771
