Model: GRU
MSE: 28.42770028384377
MAE: 4.331787299493263
EVS: -0.1703414952104838
