Model: GRU
MSE: 6.123646586764804
MAE: 1.778026229348676
EVS: 0.4571986541736366
