Model: GRU
MSE: 957.8726515576875
MAE: 30.805379275617927
EVS: -0.07804709438035973
