Model: GRU
MSE: 5.628969480421621
MAE: 1.666537173863115
EVS: 0.4839749442757645
