Model: GRU
MSE: 4.010403254022893
MAE: 1.0551189759681965
EVS: 0.5161406262188959
