Model: GRU
MSE: 4.537746584919858
MAE: 1.2459212438813572
EVS: 0.4722409469734913
