Model: GRU
MSE: 7.585544703443899
MAE: 2.2458659944863153
EVS: 0.46956891020958547
