Model: GRU
MSE: 1337.270747918197
MAE: 36.426681452784045
EVS: -0.25564137110545126
