Model: GRU
MSE: 8.617418876705436
MAE: 2.556389335928292
EVS: 0.5302790828566974
