Model: GRU
MSE: 33.84794624142002
MAE: 5.05804443359375
EVS: -0.0008835890101812627
