Model: GRU
MSE: 4.174544136219233
MAE: 1.1649412759419144
EVS: 0.5045167266205324
