Model: GRU
MSE: 5.06595272230857
MAE: 1.5902613894692783
EVS: 0.5151433160349865
