Model: GRU
MSE: 5.311278459693569
MAE: 1.606479204934219
EVS: 0.49679878290915247
