Model: GRU
MSE: 4.477900227393715
MAE: 1.4131758192489887
EVS: 0.5246178206083754
