Model: GRU
MSE: 4.293012411095367
MAE: 1.3639368476538822
EVS: 0.5598671360693319
