Model: GRU
MSE: 5.057217618281488
MAE: 1.695987450665441
EVS: 0.5347105981078555
