Model: GRU
MSE: 4.590765493253976
MAE: 1.3228389970187484
EVS: 0.49900841962707543
