Model: GRU
MSE: 4.318568606130155
MAE: 1.2270267133055062
EVS: 0.5019513763867846
