Model: GRU
MSE: 5.356400437123845
MAE: 1.6623949829874367
EVS: 0.5080084167272183
