Model: GRU
MSE: 6.004939793132662
MAE: 1.8287002547033901
EVS: 0.4919705062646843
