Model: GRU
MSE: 4.890959443494838
MAE: 1.2547040663916489
EVS: 0.41221424454368816
