Model: GRU
MSE: 4.222027747323052
MAE: 1.322745090928571
EVS: 0.5530354312203365
