Model: GRU
MSE: 4.074675194774205
MAE: 1.1442148027748897
EVS: 0.5257470295952675
