Model: GRU
MSE: 3.938685825341676
MAE: 1.0136415876191238
EVS: 0.5233397144100875
