Model: GRU
MSE: 4.944520025187819
MAE: 1.4885917860886146
EVS: 0.4952664866711557
