Model: GRU
MSE: 5.554707992005907
MAE: 1.3997860407007152
EVS: 0.4307885762399706
