Model: GRU
MSE: 68.79925489558724
MAE: 7.684573485933501
EVS: -0.18042600554866772
