Model: GRU
MSE: 4.420509867372818
MAE: 1.1510213654616783
EVS: 0.4696792958438958
