Model: GRU
MSE: 6.286859150164285
MAE: 2.082070046457751
EVS: 0.5536783600984758
