Model: GRU
MSE: 3.933510482023525
MAE: 1.034358043095161
EVS: 0.531139759851043
