Model: GRU
MSE: 5.208846480102206
MAE: 1.56565103859737
EVS: 0.4788850916812991
