Model: GRU
MSE: 7.959498625545261
MAE: 2.42381529150338
EVS: 0.5184745543326879
