Model: GRU
MSE: 33.411189533397135
MAE: 4.881565949012494
EVS: -0.1604326577251587
