Model: GRU
MSE: 3.888697992285923
MAE: 1.1306894174937545
EVS: 0.53564522411062
