Model: GRU
MSE: 34.34906672609373
MAE: 5.615446123583563
EVS: 0.05120388450803459
