Model: GRU
MSE: 30.496682388287596
MAE: 4.55136258643249
EVS: -0.18468862570386468
