Model: GRU
MSE: 4.2395883213461385
MAE: 1.2818475715045272
EVS: 0.5416010684586159
