Model: GRU
MSE: 2239.0997936119793
MAE: 47.175910752395104
EVS: -0.6390341885484336
