Model: GRU
MSE: 1510.972756903876
MAE: 36.5971118006213
EVS: -19.785703133696135
