Model: GRU
MSE: 7.022282470542892
MAE: 2.1445655863860558
EVS: 0.5152076964355508
