Model: GRU
MSE: 4.657366930089955
MAE: 1.496782927677549
EVS: 0.5521648871339748
