Model: GRU
MSE: 8.843605697031217
MAE: 2.639557119073539
EVS: 0.28366799424053135
