Model: GRU
MSE: 354.27903317656495
MAE: 18.551862716674805
EVS: -0.224127689259775
