Model: GRU
MSE: 577.9929316431364
MAE: 23.846324131406586
EVS: -0.13188100374571476
