Model: GRU
MSE: 4.659838271617636
MAE: 1.240777306515595
EVS: 0.43566477011660965
