Model: GRU
MSE: 4.980992726301863
MAE: 1.3226344667632004
EVS: 0.4280430873617159
