Model: GRU
MSE: 1715.238099647275
MAE: 39.13011261512493
EVS: -21.293329052607152
