Model: GRU
MSE: 5.389601494482309
MAE: 1.4619172934828133
EVS: 0.4120390147917117
