Model: GRU
MSE: 6.929088129200814
MAE: 2.102173591482228
EVS: 0.5088406121179504
