Model: GRU
MSE: 1435.8784072125593
MAE: 37.76537770238416
EVS: -0.16929207799849744
