Model: GRU
MSE: 3.9750119619713815
MAE: 1.1093343866282497
EVS: 0.5365140296412623
