Model: GRU
MSE: 5.33817675618243
MAE: 1.3097771057060787
EVS: 0.6899393736421338
