Model: GRU
MSE: 5.260388300071987
MAE: 1.5841489393135597
EVS: 0.484978991596386
