Model: GRU
MSE: 8.638263136109053
MAE: 2.5592130545912117
EVS: 0.5181524438029932
