Model: GRU
MSE: 4.342417398681806
MAE: 1.267621212992175
EVS: 0.5087151236531182
