Model: GRU
MSE: 113.35495393163525
MAE: 10.174385202342066
EVS: -0.19135688017343777
