Model: GRU
MSE: 4.857379178678365
MAE: 1.316339657224458
EVS: 0.444820273566748
