Model: GRU
MSE: 5.167307468397857
MAE: 1.6460802524254239
EVS: 0.5322282765843696
