Model: GRU
MSE: 4.162621590237801
MAE: 1.2954684290392646
EVS: 0.5381341090069036
