Model: GRU
MSE: 455.69909746774823
MAE: 21.1251053645693
EVS: -0.14196522117254728
