Model: GRU
MSE: 4.045786759891032
MAE: 1.1235403798777481
EVS: 0.5119519937957457
