Model: GRU
MSE: 4.058916261063017
MAE: 1.0481020746559933
EVS: 0.5106762959532409
