Model: GRU
MSE: 3.9988379110775725
MAE: 1.1514211923911655
EVS: 0.5201630344702514
