Model: GRU
MSE: 33.53960756744519
MAE: 5.016021580531679
EVS: -0.014811721598939398
