Model: GRU
MSE: 3.9332023479080322
MAE: 1.0067919780468118
EVS: 0.533839410763756
