Model: GRU
MSE: 4.304904536814606
MAE: 1.3246201831718971
EVS: 0.5296560421045311
