Model: GRU
MSE: 5.881761551250065
MAE: 1.621738513995861
EVS: 0.3893602213923122
