Model: GRU
MSE: 5.6048607709057325
MAE: 1.6261303897561699
EVS: 0.46820082759650683
