Model: GRU
MSE: 3.8721321921304
MAE: 1.1030801226352822
EVS: 0.5545697991618594
