Model: GRU
MSE: 4.942735862258173
MAE: 1.5567952682232034
EVS: 0.5339372473717577
