Model: GRU
MSE: 5.091703801072874
MAE: 1.6135991647325714
EVS: 0.5344419022830339
