Model: GRU
MSE: 25.435238373062248
MAE: 3.9606988471129845
EVS: -0.18060982662287506
