Model: GRU
MSE: 4.186811443742338
MAE: 1.3307425482519741
EVS: 0.5651216307629532
