Model: GRU
MSE: 498.95829085535473
MAE: 22.115144400761046
EVS: -0.1964241114078651
