Model: GRU
MSE: 6.724368643638624
MAE: 1.7653144145834034
EVS: 0.18791011789461076
