Model: GRU
MSE: 219.71057887141723
MAE: 14.293300809531376
EVS: -0.8665901549769419
