Model: GRU
MSE: 4.9099700854708015
MAE: 1.3585490276073586
EVS: 0.47766619932962473
