Model: GRU
MSE: 4748.548679910293
MAE: 68.84898876321726
EVS: -0.013151415328343852
