Model: GRU
MSE: 79.74935260216394
MAE: 8.427278806423319
EVS: -0.05734489086084471
