Model: GRU
MSE: 4768.210902638551
MAE: 68.98690453891096
EVS: -0.09217423935432056
