Model: GRU
MSE: 4.367236221824114
MAE: 1.1924204661928375
EVS: 0.49035618442341533
