Model: GRU
MSE: 3.778297925090969
MAE: 1.0894012780025089
EVS: 0.5524730056144509
