Model: GRU
MSE: 4.6333965132104495
MAE: 1.3634355273740044
EVS: 0.5106409170161917
