Model: GRU
MSE: 3.597331675128621
MAE: 1.020727550161296
EVS: 0.5744866514468225
