Model: GRU
MSE: 5.480925250391464
MAE: 1.6723386665870403
EVS: 0.5054449149809292
