Model: GRU
MSE: 4.317598262196513
MAE: 1.4198997123488064
EVS: 0.5625906385989476
