Model: GRU
MSE: 4.632351554557182
MAE: 1.4683008358396332
EVS: 0.5189660582603812
