Model: GRU
MSE: 112.8499411960801
MAE: 10.221919224180024
EVS: -0.012773834637433756
