Model: GRU
MSE: 4.225265766966541
MAE: 1.1514837988491715
EVS: 0.49276969321318376
