Model: GRU
MSE: 169.1250820203571
MAE: 12.655976903849634
EVS: -0.08411132768983798
