Model: GRU
MSE: 29.597696113912058
MAE: 4.632541319419598
EVS: 0.014482550579662745
