Model: GRU
MSE: 1155.3114383014247
MAE: 33.8239651712878
EVS: -0.3626063174622651
