Model: GRU
MSE: 4.897718489237322
MAE: 1.4134163527653134
EVS: 0.4113210724817884
