Model: GRU
MSE: 4.819108253639282
MAE: 1.419769279915711
EVS: 0.5018713123676325
