Model: GRU
MSE: 444.7556984498886
MAE: 20.85479414051977
EVS: -0.1909233146901601
