Model: GRU
MSE: 714.0725581772977
MAE: 26.571401201445482
EVS: 0.02708552038748424
