Model: GRU
MSE: 177.21778968684646
MAE: 13.010232859644397
EVS: 0.03696409053107419
