Model: GRU
MSE: 5.491308119234785
MAE: 1.7218398760105003
EVS: 0.5166168729841092
