Model: GRU
MSE: 4.742972188257315
MAE: 1.3581441116744075
EVS: 0.4926542262944821
