Model: GRU
MSE: 24.447000306379767
MAE: 3.960435628890991
EVS: -0.06117510023039752
