Model: GRU
MSE: 4.316796704130309
MAE: 1.095561751003923
EVS: 0.4772141024143174
