Model: GRU
MSE: 5.036683555969865
MAE: 1.4453188663926617
EVS: 0.45902929587707963
