Model: GRU
MSE: 3.948429485518959
MAE: 1.157964961282138
EVS: 0.5483057358910868
