Model: GRU
MSE: 6.303817794949626
MAE: 1.7442025398385936
EVS: 0.39162275295304294
