Model: GRU
MSE: 124.9349886913542
MAE: 10.609033749021332
EVS: -0.4997742422994189
