Model: GRU
MSE: 124.51262517157224
MAE: 10.772134517801218
EVS: -0.026269865892118105
