Model: GRU
MSE: 5.789433532780283
MAE: 1.2820155158125122
EVS: 0.30397012372453436
