Model: GRU
MSE: 4.653253215300714
MAE: 1.4609423834702064
EVS: 0.5364842144527735
