Model: GRU
MSE: 3.921602367500711
MAE: 1.18582638378801
EVS: 0.5548136375979291
