Model: GRU
MSE: 3862.0070231611717
MAE: 62.07411608202704
EVS: -0.06713208591704456
