Model: GRU
MSE: 5.128446283697516
MAE: 1.2065629815233165
EVS: 0.40336477870710186
