Model: GRU
MSE: 4.184286393705003
MAE: 1.0064303874969482
EVS: 0.4932489287131081
