Model: GRU
MSE: 2185.1743168781836
MAE: 46.610290987738246
EVS: -0.5326802218920854
