Model: GRU
MSE: 24.33234108147164
MAE: 4.001056625925261
EVS: -0.008120525828199776
