Model: GRU
MSE: 4.126262972512485
MAE: 1.248092195083355
EVS: 0.537088524278697
