Model: GRU
MSE: 3.7342214989029197
MAE: 1.0204731955610473
EVS: 0.5477624438153776
