Model: GRU
MSE: 2102.970424167686
MAE: 45.47657604875236
EVS: -3.220920751270506
