Model: GRU
MSE: 4371.015442201451
MAE: 66.02377799461628
EVS: -0.4383451407749783
