Model: GRU
MSE: 390.1511918775791
MAE: 19.422556022117877
EVS: -0.5642199659379996
