Model: GRU
MSE: 6.197806424369363
MAE: 1.9402777902011215
EVS: 0.5112054587511863
