Model: GRU
MSE: 973.636959070383
MAE: 31.09089838225266
EVS: 0.15306590511158014
