Model: GRU
MSE: 4.567136147899981
MAE: 1.3497976414088546
EVS: 0.4952066260715028
