Model: GRU
MSE: 3.7734458577164736
MAE: 1.0343993799439792
EVS: 0.5430850868049344
