Model: GRU
MSE: 3.855770117840238
MAE: 1.3237931687256386
EVS: 0.592847521785981
