Model: GRU
MSE: 350.8127886639575
MAE: 18.48876012604812
EVS: -0.08740641944272598
