Model: GRU
MSE: 3.662340876797649
MAE: 1.0341459050260742
EVS: 0.5587179922909726
