Model: GRU
MSE: 34.129723381578785
MAE: 5.046062432486435
EVS: -0.0496727990916519
