Model: GRU
MSE: 2426.581762692251
MAE: 49.17129168017157
EVS: -0.061645893090112036
