Model: GRU
MSE: 4.101225835981254
MAE: 1.2607724070549011
EVS: 0.5496384602971567
