Model: GRU
MSE: 312.08226129977777
MAE: 17.44107047442732
EVS: 0.044268172968146446
