Model: GRU
MSE: 5.73983809443707
MAE: 1.6957088832197518
EVS: 0.47497900521218483
