Model: GRU
MSE: 5.824886769083925
MAE: 1.5296533724357342
EVS: 0.3976022734557769
