Model: GRU
MSE: 34.906851905637346
MAE: 5.673179083857043
EVS: 0.06051550802851191
