Model: GRU
MSE: 1002.2589958056928
MAE: 31.525709086451037
EVS: -0.0159655933481182
