Model: GRU
MSE: 4.594851221749046
MAE: 1.4824218277273506
EVS: 0.5531077050933848
