Model: GRU
MSE: 5.300364254757267
MAE: 1.6326107341667702
EVS: 0.5086588842495733
