Model: GRU
MSE: 8.804172889206649
MAE: 2.5562016080165733
EVS: 0.493111050695343
