Model: GRU
MSE: 4.410739846104554
MAE: 1.495658960835687
EVS: 0.5882775626979395
