Model: GRU
MSE: 536.3194867546418
MAE: 22.90571482428189
EVS: -0.4106751779273703
