Model: GRU
MSE: 3.6024818765313555
MAE: 1.0067924055559883
EVS: 0.5645188061206166
