Model: GRU
MSE: 608.3257972109536
MAE: 24.45608895400475
EVS: -0.23842945701089824
