Model: GRU
MSE: 5.28932789002186
MAE: 1.7512216835186398
EVS: 0.5628216517666621
