Model: GRU
MSE: 4.022151016306682
MAE: 1.1173136398710053
EVS: 0.5497749095079458
