Model: GRU
MSE: 4.748734192461913
MAE: 1.4064720324401199
EVS: 0.4996346236874868
