Model: GRU
MSE: 7.595003813214335
MAE: 1.9637174236363377
EVS: 0.14026398485070746
