Model: GRU
MSE: 5.28739832442802
MAE: 1.6335667248429924
EVS: 0.4514025889297053
