Model: GRU
MSE: 6.471987181440255
MAE: 1.8678932385198002
EVS: 0.48028547942763333
