Model: GRU
MSE: 46.24492755543224
MAE: 6.176163648736888
EVS: 0.019003276601349706
