Model: GRU
MSE: 23.195339372183636
MAE: 3.7540388261449746
EVS: -0.10242357396412993
