Model: GRU
MSE: 4.729699174401636
MAE: 1.2955423932650993
EVS: 0.44263992776520145
