Model: GRU
MSE: 462.61863950561565
MAE: 20.94195702416556
EVS: -0.42121658247090576
