Model: GRU
MSE: 2932.5307694067433
MAE: 54.0862518836712
EVS: 0.1270111670292814
