Model: GRU
MSE: 5.8409402739762415
MAE: 1.9843837392741237
EVS: 0.5807946114978464
