Model: GRU
MSE: 1329.0504838509844
MAE: 36.24099659097606
EVS: -0.8942665038557818
