Model: GRU
MSE: 4.80513704341821
MAE: 1.468844607986253
EVS: 0.46067141738955264
