Model: GRU
MSE: 140.57476170342161
MAE: 11.450674352974728
EVS: -0.14533185680101224
