Model: GRU
MSE: 106.25345574701106
MAE: 9.81409532448341
EVS: -0.2034861037210045
