Model: GRU
MSE: 5.404347876292575
MAE: 1.4737895480517684
EVS: 0.4335439120393687
