Model: GRU
MSE: 4.387671551572936
MAE: 1.3093625101549873
EVS: 0.5214686512534698
