Model: GRU
MSE: 4.118302941331789
MAE: 1.1991252159250194
EVS: 0.5261688805401293
