Model: GRU
MSE: 4.561271090233506
MAE: 1.3168135799210647
EVS: 0.49010317314064555
