Model: GRU
MSE: 4.217800448881005
MAE: 1.2199013705911308
EVS: 0.522287248576335
