Model: GRU
MSE: 174.73095627497554
MAE: 12.898891103678736
EVS: -0.01123038648004493
