Model: GRU
MSE: 4.831593988289789
MAE: 1.10314129138815
EVS: 0.4159533378438359
