Model: GRU
MSE: 6.670680575439042
MAE: 1.8531210052556004
EVS: 0.40369205429515764
