Model: GRU
MSE: 26.723342818712503
MAE: 4.304237086197426
EVS: 0.007260791688179835
