Model: GRU
MSE: 4.669942020488609
MAE: 1.3303541541099548
EVS: 0.4487451215252226
