Model: GRU
MSE: 4.574236166063862
MAE: 1.39162199250583
EVS: 0.5128257614864427
