Model: GRU
MSE: 4.435841102523489
MAE: 1.2259215897527234
EVS: 0.4907370724532235
