Model: GRU
MSE: 4.103634840879597
MAE: 1.0272322307372916
EVS: 0.503001864646949
