Model: GRU
MSE: 426.1787423407905
MAE: 20.411189457465863
EVS: -0.15808113420811676
