Model: GRU
MSE: 4.94274944968081
MAE: 1.425846985701857
EVS: 0.4867011537447945
