Model: GRU
MSE: 4.387282936116145
MAE: 1.2691582359116653
EVS: 0.5361078427141679
