Model: GRU
MSE: 3.7457314215203312
MAE: 0.9723131122260258
EVS: 0.546442483146388
