Model: GRU
MSE: 5.805645766578785
MAE: 1.716422438621521
EVS: 0.4790994318400954
