Model: GRU
MSE: 5.932289245470938
MAE: 1.528129215898185
EVS: 0.3780932336037698
