Model: GRU
MSE: 7.339972561052217
MAE: 2.115492595680829
EVS: 0.44207258405593797
