Model: GRU
MSE: 922.6952476876918
MAE: 30.224013821832067
EVS: -0.1147411624306045
