Model: GRU
MSE: 5.0299407049854326
MAE: 1.267609900441663
EVS: 0.4073948186799391
