Model: GRU
MSE: 4.203412459888988
MAE: 1.3239255496140183
EVS: 0.5484655409425767
