Model: GRU
MSE: 65.06947284988706
MAE: 7.435198011069462
EVS: -0.18535745214425958
