Model: GRU
MSE: 5.462426022776034
MAE: 1.8176630324330822
EVS: 0.5496107894310907
