Model: GRU
MSE: 4.328829452246207
MAE: 1.0686485068551426
EVS: 0.4765284012687676
