Model: GRU
MSE: 1084.0982483926905
MAE: 32.7983755900942
EVS: -0.013076429124207367
