Model: GRU
MSE: 3.7105484773900974
MAE: 0.9786197358164294
EVS: 0.5520347186326419
