Model: GRU
MSE: 5.432760432591988
MAE: 1.5995320616097286
EVS: 0.4820718823205419
