Model: GRU
MSE: 5.14590400019708
MAE: 1.5220953061662872
EVS: 0.48911754897941695
