Model: GRU
MSE: 6.547395489028508
MAE: 1.5719616988609577
EVS: 0.2149185072608638
