Model: GRU
MSE: 4.9998983295273485
MAE: 1.6403155008266712
EVS: 0.54903753046552
