Model: GRU
MSE: 214.8610234811288
MAE: 14.415622415213749
EVS: 0.14605874152069365
