Model: GRU
MSE: 4.735170060875961
MAE: 1.4263665974140167
EVS: 0.5147465162961729
