Model: GRU
MSE: 6.513584785322327
MAE: 1.7363265773345684
EVS: 0.2114773360817609
