Model: GRU
MSE: 5.237866266484843
MAE: 1.4613277377753422
EVS: 0.3701894655479311
