Model: GRU
MSE: 8.626369321929678
MAE: 2.4963128402315338
EVS: 0.1468761155425794
