Model: GRU
MSE: 5.192723715410826
MAE: 1.7296638653196137
EVS: 0.5572835654130261
