Model: GRU
MSE: 4.947503758928057
MAE: 1.3306043518000636
EVS: 0.44331791935603826
