Model: GRU
MSE: 2948.638652603728
MAE: 54.225287601865574
EVS: 2.220446049250313e-16
