Model: GRU
MSE: 4.6010060397968635
MAE: 1.2137006685651581
EVS: 0.47601896156426093
