Model: GRU
MSE: 276.51442938434195
MAE: 16.244876039439234
EVS: -0.528240377855336
