Model: GRU
MSE: 2018.1701904420918
MAE: 44.82546990493248
EVS: -0.07152873895085388
