Model: GRU
MSE: 23.478489383771695
MAE: 3.972979726462529
EVS: 0.06817569670737234
