Model: GRU
MSE: 4.00592077120435
MAE: 1.115947795325312
EVS: 0.52679315716363
