Model: GRU
MSE: 4.231412969915528
MAE: 1.096475636136943
EVS: 0.488650553161475
