Model: GRU
MSE: 4.869623376102508
MAE: 1.3912796891968826
EVS: 0.47941533639116696
