Model: GRU
MSE: 1006.6331133207086
MAE: 31.61208511220998
EVS: 0.11477142012904251
