Model: GRU
MSE: 46.68980775373409
MAE: 6.173456973042981
EVS: -0.0389252752824647
