Model: GRU
MSE: 4.368243019470633
MAE: 1.2479863547045609
EVS: 0.48645830465134743
