Model: GRU
MSE: 6.327095367614997
MAE: 1.9721226836072987
EVS: 0.50235648447874
