Model: GRU
MSE: 5.248814147525727
MAE: 1.3991791235989537
EVS: 0.4338143709551402
