Model: GRU
MSE: 33.80534178899174
MAE: 5.573090125774515
EVS: 2.220446049250313e-16
