Model: GRU
MSE: 4.081633244390136
MAE: 1.0550890472428551
EVS: 0.5057489544278085
