Model: GRU
MSE: 1032.4174431835318
MAE: 31.907055953453327
EVS: -0.7388284878485314
