Model: GRU
MSE: 6.356400529385597
MAE: 2.0264696006117195
EVS: 0.5238731064003089
