Model: GRU
MSE: 4.621063578039347
MAE: 1.2201491943721114
EVS: 0.46240126638914947
