Model: GRU
MSE: 4.7664672982282825
MAE: 1.3149875936837032
EVS: 0.4366945775608906
