Model: GRU
MSE: 4.79289944333221
MAE: 1.3857304988236263
EVS: 0.4866087000765915
