Model: GRU
MSE: 5.3650044289537115
MAE: 1.406105559447716
EVS: 0.36712181570767644
