Model: GRU
MSE: 8.143773074500261
MAE: 2.3842977737558297
EVS: 0.47731684148928366
