Model: GRU
MSE: 4.1899254511053385
MAE: 1.0820340288096462
EVS: 0.497654215245528
