Model: GRU
MSE: 3218.7549802925155
MAE: 56.66188489979711
EVS: 0.008605862412303544
