Model: GRU
MSE: 219.74457937705057
MAE: 14.513475483861463
EVS: -0.10255399829130063
