Model: GRU
MSE: 4.7023413646038765
MAE: 1.2886841071063075
EVS: 0.4471512815091805
