Model: GRU
MSE: 4.4457562096306
MAE: 1.1789775501037467
EVS: 0.48089823732076964
