Model: GRU
MSE: 4.513812768826723
MAE: 1.467491843577089
EVS: 0.556282416674306
