Model: GRU
MSE: 4.816196733108225
MAE: 1.2274856855129372
EVS: 0.42998573688401953
