Model: GRU
MSE: 5.287174355461358
MAE: 1.632002513984154
EVS: 0.4918465521815544
