Model: GRU
MSE: 4.0768003389802026
MAE: 1.3033029416511799
EVS: 0.5592987027230789
