Model: GRU
MSE: 7.504820986702585
MAE: 2.2542952463544648
EVS: 0.4921430635556191
