Model: GRU
MSE: 8.352390948159677
MAE: 2.5562133871275803
EVS: 0.5622779760786676
