Model: GRU
MSE: 16.37794719934002
MAE: 3.8311639366478754
EVS: 0.13922899610698825
