Model: GRU
MSE: 4.406126497396764
MAE: 1.3785232654933273
EVS: 0.5519213696920756
