Model: GRU
MSE: 4.779295116141688
MAE: 1.3990205855205142
EVS: 0.4431917083955257
