Model: GRU
MSE: 2716.5242416088745
MAE: 52.04881391854122
EVS: 0.09829742394650842
