Model: GRU
MSE: 294.74904192843275
MAE: 16.682150742103314
EVS: -0.9928803668394175
