Model: GRU
MSE: 31.414926721331547
MAE: 4.825454450886825
EVS: 0.015371628800096127
