Model: GRU
MSE: 1774.7354666925257
MAE: 42.02867672361177
EVS: -0.008352163806055746
