Model: GRU
MSE: 5.927810434632169
MAE: 1.928633587113742
EVS: 0.5351931381198888
