Model: GRU
MSE: 6.397329852068487
MAE: 2.0530661591168107
EVS: 0.5343664821182181
