Model: GRU
MSE: 4.6225646323269105
MAE: 1.3238538873606716
EVS: 0.4956126913275821
