Model: GRU
MSE: 5.027474273687642
MAE: 1.5160522255404243
EVS: 0.5004912971390834
