Model: GRU
MSE: 4.153956886338531
MAE: 1.0343173228461167
EVS: 0.49748823770144457
