Model: GRU
MSE: 9.950945678754517
MAE: 2.8589208865987845
EVS: 0.5560027964593637
