Model: GRU
MSE: 5.564280336819886
MAE: 1.7290229530170047
EVS: 0.4998215867987862
