Model: GRU
MSE: 6.135292547904372
MAE: 2.0524547963306823
EVS: 0.5765998831290327
