Model: GRU
MSE: 4.0533488440077985
MAE: 1.1168479097300563
EVS: 0.5211848525412945
