Model: GRU
MSE: 4.648953277680729
MAE: 1.418622594455193
EVS: 0.5165764212578889
