Model: GRU
MSE: 6.34071465854057
MAE: 1.9151486240584275
EVS: 0.49015022054310486
