Model: GRU
MSE: 24.923469389179182
MAE: 4.014753904835931
EVS: -0.06641567073893939
