Model: GRU
MSE: 5.558866492317197
MAE: 1.571699157871049
EVS: 0.3965623521007784
