Model: GRU
MSE: 4.5341220721683735
MAE: 1.2617732409773201
EVS: 0.49354260464539523
