Model: GRU
MSE: 3.9001674914913056
MAE: 0.9654715472254259
EVS: 0.5310144657153351
