Model: GRU
MSE: 5.762689362071256
MAE: 1.688967160109816
EVS: 0.456793768558417
