Model: GRU
MSE: 4.9046624484999395
MAE: 1.4590608457039143
EVS: 0.496656777805664
