Model: GRU
MSE: 4.368511651275245
MAE: 1.349359183475889
EVS: 0.5401106066181196
