Model: GRU
MSE: 4.419441005518053
MAE: 1.294905004830196
EVS: 0.49773599673529045
