Model: GRU
MSE: 3.8885480243746793
MAE: 1.1307039548610818
EVS: 0.5483340914217124
