Model: GRU
MSE: 5.243320792983269
MAE: 1.447513108623439
EVS: 0.42949523136668555
