Model: GRU
MSE: 429.34006836013253
MAE: 20.5177243331383
EVS: -0.012864423690973181
