Model: GRU
MSE: 5.094014796715487
MAE: 1.53691186576054
EVS: 0.5022224552660055
