Model: GRU
MSE: 4.025105844000921
MAE: 1.1717345015756016
EVS: 0.5282057484757453
