Model: GRU
MSE: 5.284474777057675
MAE: 1.5292973600584885
EVS: 0.38099489645215157
