Model: GRU
MSE: 5.859462327853013
MAE: 1.8386317573744675
EVS: 0.49724257953273154
