Model: GRU
MSE: 455.81211774086876
MAE: 21.104778914616027
EVS: -0.2596136488747083
