Model: GRU
MSE: 5.519921554872169
MAE: 1.4544336343633717
EVS: 0.36843136068878035
