Model: GRU
MSE: 7.219724318821377
MAE: 2.1363313814689375
EVS: 0.45671250619533277
