Model: GRU
MSE: 4.778993176656675
MAE: 1.46058634642897
EVS: 0.5181969333988756
