Model: GRU
MSE: 5.131494131435014
MAE: 1.5296778185614224
EVS: 0.5008755092969073
