Model: GRU
MSE: 734.7013941142271
MAE: 26.944924091470654
EVS: -0.050336795488585606
