Model: GRU
MSE: 4.390713268684197
MAE: 1.2893252475508328
EVS: 0.5257619157861472
