Model: GRU
MSE: 4.041413899440724
MAE: 1.054460147331501
EVS: 0.5137749200775894
