Model: GRU
MSE: 4.8756530891811245
MAE: 1.1516648294596836
EVS: 0.4411892446735499
