Model: GRU
MSE: 5.0176781232356555
MAE: 1.4750483755407662
EVS: 0.4778408417808354
