Model: GRU
MSE: 91.08514723396831
MAE: 9.03145355191724
EVS: -0.15274091758907615
