Model: GRU
MSE: 4.405616703775602
MAE: 1.28200089109355
EVS: 0.5069158702113192
