Model: GRU
MSE: 4.78054868759542
MAE: 1.3700361858154166
EVS: 0.4736444576343697
