Model: GRU
MSE: 4.894959111013599
MAE: 1.5313742756843567
EVS: 0.5267022642884505
