Model: GRU
MSE: 643.3365563609575
MAE: 24.9720564217403
EVS: -1.3898926664669649
