Model: GRU
MSE: 5.507629876181851
MAE: 1.7008200770822064
EVS: 0.49852328258117484
