Model: GRU
MSE: 4.030178939806597
MAE: 1.1712902085534458
EVS: 0.5190331575489624
