Model: GRU
MSE: 6.649796630961332
MAE: 2.0529473074551285
EVS: 0.5037397315757302
