Model: GRU
MSE: 4.06678189689597
MAE: 1.1502290203653533
EVS: 0.5293601801094683
