Model: GRU
MSE: 5.784593340402483
MAE: 1.8337368492422432
EVS: 0.5204429824434591
