Model: GRU
MSE: 4.003487959953884
MAE: 1.1303843054278144
EVS: 0.537150793970083
