Model: GRU
MSE: 21.516408756846133
MAE: 3.658239790077867
EVS: 0.01491451291613366
