Model: GRU
MSE: 3.508800256667458
MAE: 1.0344827627313549
EVS: 0.5802034049442932
