Model: GRU
MSE: 4.09313584018575
MAE: 1.0688063985314862
EVS: 0.5135472453820191
