Model: GRU
MSE: 26.32603974440078
MAE: 4.193356139906522
EVS: -0.0587351940967622
