Model: GRU
MSE: 1707.940438929701
MAE: 41.21316903212975
EVS: -0.14028376075072124
