Model: GRU
MSE: 4.216387451622128
MAE: 1.2053877444102847
EVS: 0.5173327982769482
