Model: GRU
MSE: 4.218051034064305
MAE: 1.4543509658040672
EVS: 0.583286492667125
