Model: GRU
MSE: 21.951929937656807
MAE: 3.6038189715352553
EVS: -0.08569645384906943
