Model: GRU
MSE: 6.985442917254771
MAE: 2.1218151511817145
EVS: 0.490311435874049
