Model: GRU
MSE: 2472.82708243149
MAE: 49.636540314246865
EVS: -0.0949650520618397
