Model: GRU
MSE: 4.8689927944613025
MAE: 1.426858394310392
EVS: 0.4903501501787
