Model: GRU
MSE: 4.433480200482595
MAE: 1.1373039319597442
EVS: 0.4704622603682669
