Model: GRU
MSE: 4.347505495337745
MAE: 1.1448065926288735
EVS: 0.4793667537023377
