Model: GRU
MSE: 6.092391090473457
MAE: 1.9686611767472892
EVS: 0.5394397268682178
