Model: GRU
MSE: 19.606114258042986
MAE: 3.9379830648159158
EVS: 0.051026750964109246
