Model: GRU
MSE: 5.096583657107074
MAE: 1.3775915883738419
EVS: 0.409142238396343
