Model: GRU
MSE: 4.345286450543097
MAE: 1.1717336835532353
EVS: 0.4858392639488094
