Model: GRU
MSE: 4.49998986950829
MAE: 1.254624971028032
EVS: 0.48314090611345073
