Model: GRU
MSE: 45.74172468386981
MAE: 6.117729273335687
EVS: -0.007057923349198747
