Model: GRU
MSE: 4.421806629498499
MAE: 1.3423216260712723
EVS: 0.519094604291872
