Model: GRU
MSE: 7.6361348942744325
MAE: 2.149150858606611
EVS: 0.6663170049290439
