Model: GRU
MSE: 4.551915538894934
MAE: 1.4256015851579864
EVS: 0.5396971230556438
