Model: GRU
MSE: 5.056154258521799
MAE: 1.638697233693353
EVS: 0.5198967992956736
