Model: GRU
MSE: 3.750572187796336
MAE: 1.082457924711293
EVS: 0.5549206696767934
