Model: GRU
MSE: 5.3503229244789186
MAE: 1.4552559359320278
EVS: 0.5071826217222668
