Model: GRU
MSE: 5.030799689481225
MAE: 1.4342263659526562
EVS: 0.4708596448120709
