Model: GRU
MSE: 4.167405623406147
MAE: 1.3505398055602764
EVS: 0.5572848693446606
