Model: GRU
MSE: 4.6431388251424615
MAE: 1.033853633650418
EVS: 0.43776038666946593
