Model: GRU
MSE: 91.8760191988723
MAE: 9.116476223386567
EVS: -0.06165113378442433
