Model: GRU
MSE: 13.626295251109195
MAE: 2.950981207962694
EVS: -0.06780569023572913
