Model: GRU
MSE: 4.842617920259967
MAE: 1.5581980491506642
EVS: 0.5429735545252699
