Model: GRU
MSE: 27.679955880714523
MAE: 4.385814674969377
EVS: -0.022738539782441336
