Model: GRU
MSE: 4.477825991612328
MAE: 1.2959158533606037
EVS: 0.5062971994296421
