Model: GRU
MSE: 86.39584146875379
MAE: 8.505953525674753
EVS: -0.7009656264188393
