Model: GRU
MSE: 9.75337772465317
MAE: 2.7850825046670846
EVS: 0.491813854401806
