Model: GRU
MSE: 4.872071147630834
MAE: 1.6674218979375115
EVS: 0.5918754986565106
