Model: GRU
MSE: 4.158961097849822
MAE: 1.289317620211634
EVS: 0.5428724641580354
