Model: GRU
MSE: 5.570924552713139
MAE: 1.7912428214632232
EVS: 0.5196301469010098
