Model: GRU
MSE: 4.6734085491694115
MAE: 1.4122720093562686
EVS: 0.5111484831771087
