Model: GRU
MSE: 828.6403167889484
MAE: 28.525260497783794
EVS: -0.8106001297872396
