Model: GRU
MSE: 6.2773835235833175
MAE: 2.0948192538886237
EVS: 0.57631868001991
