Model: GRU
MSE: 5.978959188744064
MAE: 1.8534046812304135
EVS: 0.5010675858887634
