Model: GRU
MSE: 7.58659422202763
MAE: 2.2862067304808518
EVS: 0.49941116236997185
