Model: GRU
MSE: 6.14142705864864
MAE: 1.8332619153220078
EVS: 0.46372566068432886
