Model: GRU
MSE: 4.448947928515355
MAE: 1.1506836414337158
EVS: 0.47785198781001026
