Model: GRU
MSE: 4.932504462419076
MAE: 1.6189338626532719
EVS: 0.5532012501667752
