Model: GRU
MSE: 4.3134403146541835
MAE: 1.23417008539726
EVS: 0.510803281081543
