Model: GRU
MSE: 5.791187326794912
MAE: 1.4717185506863253
EVS: 0.6905178167126391
