Model: GRU
MSE: 4.515141423627193
MAE: 1.323321589108171
EVS: 0.4954974163875252
