Model: GRU
MSE: 833.8866002689555
MAE: 28.721751574812263
EVS: -0.08365789911758514
