Model: GRU
MSE: 929.2099006968449
MAE: 30.25799266270229
EVS: 0.19265244327765496
