Model: GRU
MSE: 4.713046548888173
MAE: 1.502238644608136
EVS: 0.5354144532462985
