Model: GRU
MSE: 664.0307783382041
MAE: 25.56598452864022
EVS: -0.260920288857607
