Model: GRU
MSE: 4.870654466247087
MAE: 1.296306930739304
EVS: 0.4547963546749304
