Model: GRU
MSE: 5.055601500465062
MAE: 1.3163429704205742
EVS: 0.414198365683758
