Model: GRU
MSE: 6.393298678428913
MAE: 1.8400553804019402
EVS: 0.4419933601341782
