Model: GRU
MSE: 5.229444849915776
MAE: 1.6466306746006012
EVS: 0.5287252968158723
