Model: GRU
MSE: 4.5848157600407715
MAE: 1.179307488531902
EVS: 0.4447479622530567
