Model: GRU
MSE: 5.339788793845321
MAE: 1.7501071383213174
EVS: 0.5518905132823653
