Model: GRU
MSE: 4.335689121972593
MAE: 1.0480533509418881
EVS: 0.47510895619976734
