Model: GRU
MSE: 4.532128951746919
MAE: 1.3577106163419526
EVS: 0.5156276635526158
