Model: GRU
MSE: 5.7369917598212785
MAE: 1.6385807816324562
EVS: 0.4518084698816436
