Model: GRU
MSE: 4.43319701503547
MAE: 1.295625505776241
EVS: 0.5116516707441833
