Model: GRU
MSE: 4.851809610664154
MAE: 1.5025129462110585
EVS: 0.5218269616695719
