Model: GRU
MSE: 6.168641588376755
MAE: 1.9559667603722934
EVS: 0.5156806986293734
