Model: GRU
MSE: 7.330348707164291
MAE: 1.985869970814935
EVS: 0.28272020800717357
