Model: GRU
MSE: 6.215284692044518
MAE: 1.8850866638380905
EVS: 0.47603139396491634
