Model: GRU
MSE: 4.421434307859194
MAE: 1.3230277957587406
EVS: 0.47033921547864965
