Model: GRU
MSE: 4.737158245184412
MAE: 1.4257623203869523
EVS: 0.5032530132864232
