Model: GRU
MSE: 1069.1286142567415
MAE: 32.58509517538136
EVS: 0.11101713884576547
