Model: GRU
MSE: 32.16205481712546
MAE: 4.8812352213366275
EVS: -0.009538813891419196
