Model: GRU
MSE: 164.8160499458637
MAE: 12.470645345490555
EVS: -0.12622478822206107
