Model: GRU
MSE: 36.17554821710716
MAE: 5.171377465642732
EVS: -0.14237488425730316
