Model: GRU
MSE: 870.3413178504245
MAE: 29.35772780714364
EVS: -0.025227426786786022
