Model: GRU
MSE: 5.514070803599796
MAE: 1.7715732475806927
EVS: 0.5269156221788446
