Model: GRU
MSE: 7.894670222878779
MAE: 2.4733562510589073
EVS: 0.5748525467999672
