Model: GRU
MSE: 1038.9694054779989
MAE: 32.11102337672793
EVS: 0.04908101208933513
