Model: GRU
MSE: 4.160749770500566
MAE: 1.3022671999602482
EVS: 0.5423112048917955
