Model: GRU
MSE: 4.895789404631299
MAE: 1.2542400976707195
EVS: 0.42906291389068685
