Model: GRU
MSE: 4.150396209897258
MAE: 1.2260442108943546
EVS: 0.5321141668170385
