Model: GRU
MSE: 31.602152103497215
MAE: 4.811798710247566
EVS: -0.023242335360527555
