Model: GRU
MSE: 473.0542951271651
MAE: 21.566235969806538
EVS: 0.03694827368613496
