Model: GRU
MSE: 4.531939068760903
MAE: 1.5506641350943466
EVS: 0.566875438677849
