Model: GRU
MSE: 4.822063307509494
MAE: 1.44669089646175
EVS: 0.5013416075930146
