Model: GRU
MSE: 4.737810564148238
MAE: 1.5428304590027908
EVS: 0.5385374077284639
