Model: GRU
MSE: 200.27551050856314
MAE: 13.900932690192914
EVS: 0.14742403572376217
