Model: GRU
MSE: 6.5573595303394026
MAE: 2.0371206546651908
EVS: 0.5087714146306385
