Model: GRU
MSE: 1467.4464332097955
MAE: 38.11350789563409
EVS: -0.7932955346277637
