Model: GRU
MSE: 4.746775442001344
MAE: 1.1785502536543484
EVS: 0.4333422389632775
