Model: GRU
MSE: 4.255600192112918
MAE: 1.1713196655799603
EVS: 0.5038124808990601
