Model: GRU
MSE: 898.368006450956
MAE: 29.244876828686944
EVS: -4.220544526997372
