Model: GRU
MSE: 4.10391891779443
MAE: 1.0549070393217022
EVS: 0.5035301706893316
