Model: GRU
MSE: 20.103106312284236
MAE: 3.411144419990737
EVS: -0.025477426409634463
