Model: GRU
MSE: 181.61753934404598
MAE: 13.095970416891165
EVS: -0.22481503063194497
