Model: GRU
MSE: 9.214813458343672
MAE: 2.6238424161384843
EVS: 0.4791023433171523
