Model: GRU
MSE: 5.254365290195524
MAE: 1.3646443465660358
EVS: 0.41013370056789156
