Model: GRU
MSE: 4.264132498620596
MAE: 1.1655046302696754
EVS: 0.518705052073815
