Model: GRU
MSE: 4.350094969367256
MAE: 1.144016362469772
EVS: 0.48323556202598994
