Model: GRU
MSE: 6071.2391905262375
MAE: 77.86350052932212
EVS: -0.03120307991039284
