Model: GRU
MSE: 4.850197125522909
MAE: 1.2056213206258313
EVS: 0.4291915728736616
