Model: GRU
MSE: 4.431807143436895
MAE: 1.1561488221431602
EVS: 0.46938947540050857
