Model: GRU
MSE: 7.515331340935138
MAE: 2.122166362302057
EVS: 0.4152503518883961
