Model: GRU
MSE: 4.946880901035394
MAE: 1.4958932009236565
EVS: 0.5010556774521385
