Model: GRU
MSE: 4.244402408765995
MAE: 1.267697757688062
EVS: 0.517170554820541
