Model: GRU
MSE: 4.457774619157087
MAE: 1.418877373481619
EVS: 0.5481834736644652
