Model: GRU
MSE: 384.87487438580513
MAE: 19.411984871173726
EVS: 0.025084587365465594
