Model: GRU
MSE: 5.6574927335474
MAE: 1.8956895614492482
EVS: 0.5311944062137105
