Model: GRU
MSE: 174.29854610881262
MAE: 12.779995309895483
EVS: -0.3286281243940177
