Model: GRU
MSE: 4.8164805146321275
MAE: 1.3379217262925773
EVS: 0.44653297434620864
