Model: GRU
MSE: 4.837503580081881
MAE: 1.365524002190294
EVS: 0.46732509835361224
