Model: GRU
MSE: 1358.9150949283776
MAE: 36.73498949511298
EVS: -0.14518932725639644
