Model: GRU
MSE: 3.772501532596551
MAE: 1.17904571007038
EVS: 0.5437056959902002
