Model: GRU
MSE: 4.391330665939777
MAE: 1.419155478477478
EVS: 0.5534686704475387
