Model: GRU
MSE: 132.13867664298013
MAE: 11.032092752127811
EVS: -0.26339008832832933
