Model: GRU
MSE: 5.7273945963277955
MAE: 1.7077250192905296
EVS: 0.48392475368268983
