Model: GRU
MSE: 5.5972447525707825
MAE: 1.7150175314525078
EVS: 0.5038933387929152
