Model: GRU
MSE: 4.439560541212768
MAE: 1.2270342882337242
EVS: 0.4689288197581474
