Model: GRU
MSE: 6.166780100290162
MAE: 1.6490010742483467
EVS: 0.2830920580795022
