Model: GRU
MSE: 4.192334470793239
MAE: 1.1584471813563644
EVS: 0.4937227506998608
