Model: GRU
MSE: 145.68607972385306
MAE: 11.492668365610056
EVS: -0.6476834167061452
