Model: GRU
MSE: 570.2438000167157
MAE: 23.33885564475224
EVS: -2.093389987575066
