Model: GRU
MSE: 5.65322402399708
MAE: 1.7305243642165744
EVS: 0.5017956006345037
