Model: GRU
MSE: 229.85779039108118
MAE: 14.810553797360125
EVS: -0.27231365727766876
