Model: GRU
MSE: 6.411659408529414
MAE: 1.9988880321897309
EVS: 0.5120516828651471
