Model: GRU
MSE: 6.063582374686929
MAE: 1.6387195182698113
EVS: 0.6838515664913647
