Model: GRU
MSE: 4.531686668342133
MAE: 1.350751252009951
EVS: 0.5061816325102082
