Model: GRU
MSE: 63.96847100218189
MAE: 7.425976276397705
EVS: -0.068611047922706
