Model: GRU
MSE: 7.0536954062778285
MAE: 2.0338645680197356
EVS: 0.18451630102905658
