Model: GRU
MSE: 5.309355272606218
MAE: 1.7351759631058266
EVS: 0.5553221363125274
