Model: GRU
MSE: 2317.699518453906
MAE: 48.05320667398387
EVS: -0.04021027648210862
