Model: GRU
MSE: 3591.5549925483588
MAE: 59.06580234396046
EVS: -11.448590759872843
