Model: GRU
MSE: 1324.4195405500195
MAE: 36.24869583392965
EVS: -0.2658104749246146
