Model: GRU
MSE: 4.931169545314445
MAE: 1.3997150628731168
EVS: 0.41839390160286927
