Model: GRU
MSE: 4.0914665839874536
MAE: 1.1306945589081994
EVS: 0.5046402543459267
