Model: GRU
MSE: 6.677398759536456
MAE: 2.149550565357866
EVS: 0.5503194242652217
