Model: GRU
MSE: 4121.762317241678
MAE: 64.13625888166756
EVS: -0.005544109222219706
