Model: GRU
MSE: 2192.0219751482355
MAE: 46.71095690233954
EVS: -0.2242557646698553
