Model: GRU
MSE: 18.056925457412465
MAE: 3.0690749308158614
EVS: -0.04612752113256402
