Model: GRU
MSE: 5.613998907199499
MAE: 1.7631436175313489
EVS: 0.5058543079491079
