Model: GRU
MSE: 4.995551609402072
MAE: 1.557745571794181
EVS: 0.517522363242702
