Model: GRU
MSE: 2371.547143091925
MAE: 48.60931666144009
EVS: -0.05142885780608619
