Model: GRU
MSE: 5304.531109786691
MAE: 72.77649215172077
EVS: 0.017384044248481056
