Model: GRU
MSE: 7.409325373963213
MAE: 2.322764548762091
EVS: 0.5156687028948377
