Model: GRU
MSE: 5.333146580156265
MAE: 1.5703727335765445
EVS: 0.47298087127220767
