Model: GRU
MSE: 2253.6503172619373
MAE: 46.11765401116733
EVS: -14.358460419218806
