Model: GRU
MSE: 26.294401438153727
MAE: 4.904824618635507
EVS: 2.220446049250313e-16
