Model: GRU
MSE: 941.0386668111157
MAE: 30.253869878834692
EVS: -2.117661624901439
