Model: GRU
MSE: 5.305473984616647
MAE: 1.3718217611312866
EVS: 0.36136875134734514
