Model: GRU
MSE: 4.762415520124999
MAE: 1.378286600112915
EVS: 0.42788608032852127
