Model: GRU
MSE: 6.23680979198082
MAE: 2.0529926316491487
EVS: 0.5645370432994152
