Model: GRU
MSE: 4.083918913334774
MAE: 1.411955177783966
EVS: 0.5797221066296093
