Model: GRU
MSE: 4.450013438122444
MAE: 1.309543490409851
EVS: 0.520816614111156
