Model: GRU
MSE: 5.4427936532005265
MAE: 1.4061579704284668
EVS: 0.3453654838780552
