Model: GRU
MSE: 5.175970485377987
MAE: 1.3988833746005749
EVS: 0.37464845341149144
