Model: GRU
MSE: 4.48677492977132
MAE: 1.3847094034326488
EVS: 0.5337729661367476
