Model: GRU
MSE: 6.820213457474865
MAE: 2.150753670725329
EVS: 0.5335718939172345
