Model: GRU
MSE: 2703.371669984178
MAE: 51.90350657495959
EVS: -0.13816890111505176
