Model: GRU
MSE: 61.640975280827234
MAE: 7.261602907345213
EVS: -0.07911763189251331
