Model: GRU
MSE: 4.882729841249327
MAE: 1.4862123563371856
EVS: 0.5111182835331294
