Model: GRU
MSE: 30.984546475034627
MAE: 4.728879361317076
EVS: -0.04425536777392458
