Model: GRU
MSE: 4.821933852316554
MAE: 1.4123538074822262
EVS: 0.48794089556682263
