Model: GRU
MSE: 4.284674505945991
MAE: 1.3065553173936646
EVS: 0.5378954360826983
