Model: GRU
MSE: 4.911142142007379
MAE: 1.6262338654748325
EVS: 0.5485608895407437
