Model: GRU
MSE: 4.77296576169089
MAE: 1.2678907112828617
EVS: 0.42417430426619696
