Model: GRU
MSE: 5.892664446151965
MAE: 1.7194500642163413
EVS: 0.7048471385470152
