Model: GRU
MSE: 28.125980080583485
MAE: 4.332851015288254
EVS: -0.13268338082878528
