Model: GRU
MSE: 4.6676655654592585
MAE: 1.3225943631139294
EVS: 0.4919202494522683
