Model: GRU
MSE: 202.80310295694704
MAE: 13.942072671035241
EVS: -0.019968359779484413
