Model: GRU
MSE: 5.151081282354746
MAE: 1.5580860489401325
EVS: 0.5055962473291
