Model: GRU
MSE: 9.786518920726179
MAE: 2.3722214739898155
EVS: 0.19818838448796827
