Model: GRU
MSE: 1613.1483127876954
MAE: 40.04786090193124
EVS: -0.12841634828169224
