Model: GRU
MSE: 7.444269474514518
MAE: 2.1302154557458284
EVS: 0.4466489193922921
