Model: GRU
MSE: 4.016131953286102
MAE: 1.027453615747649
EVS: 0.5141695612546697
