Model: GRU
MSE: 5.5769076594071425
MAE: 1.6812648937619965
EVS: 0.486616255695953
