Model: GRU
MSE: 5.303579941720508
MAE: 1.5852298798232243
EVS: 0.4801763846605913
