Model: GRU
MSE: 5.596978395639917
MAE: 1.4820101158372287
EVS: 0.37102798386533853
