Model: GRU
MSE: 608.540036093335
MAE: 24.50289430289433
EVS: 0.01315639667707913
