Model: GRU
MSE: 5.3808312232144715
MAE: 1.5802533112723252
EVS: 0.4723279231671911
