Model: GRU
MSE: 4.9178804695516884
MAE: 1.371250501994429
EVS: 0.4044052241249131
