Model: GRU
MSE: 3.2540949971893807
MAE: 1.047852990956142
EVS: 0.618003807268874
