Model: GRU
MSE: 5.2190671050654895
MAE: 1.7362101961826455
EVS: 0.5539154181535751
