Model: GRU
MSE: 5.07887704712153
MAE: 1.5221616153059334
EVS: 0.4908856496614751
