Model: GRU
MSE: 27.314026706534897
MAE: 4.3440537781550965
EVS: -0.022573580913787916
