Model: GRU
MSE: 1875.3463280978888
MAE: 43.11290849958147
EVS: 0.017775456805690704
