Model: GRU
MSE: 35.61773737654378
MAE: 5.154705175038042
EVS: -0.09566796908381581
