Model: GRU
MSE: 4.583081452955553
MAE: 1.445568675624913
EVS: 0.5216210075919486
