Model: GRU
MSE: 745.738243283656
MAE: 27.161608104048103
EVS: 0.032887728034564856
