Model: GRU
MSE: 4.131903412590919
MAE: 1.165444304203165
EVS: 0.504122411365798
