Model: GRU
MSE: 284.02579804553994
MAE: 16.60601887209662
EVS: -0.0011018948672507634
