Model: GRU
MSE: 5.387164097846411
MAE: 1.626768061826969
EVS: 0.48040238929422374
