Model: GRU
MSE: 5.231591234370977
MAE: 1.2818850021937798
EVS: 0.37647609357922074
