Model: GRU
MSE: 966.4032783547697
MAE: 30.93738131687559
EVS: -0.12412483110236461
