Model: GRU
MSE: 4.847645161348783
MAE: 1.3788317154193748
EVS: 0.47039119328379175
