Model: GRU
MSE: 5.035790056735645
MAE: 1.37650990826743
EVS: 0.7169032081926552
