Model: GRU
MSE: 2790.834755215058
MAE: 52.74321602130758
EVS: -0.08854260261051272
