Model: GRU
MSE: 102.7566040088203
MAE: 9.815415382385254
EVS: 0.22316199249330915
