Model: GRU
MSE: 3.7288258301901323
MAE: 1.034523265115146
EVS: 0.5543543502513654
