Model: GRU
MSE: 6.307249021119115
MAE: 1.8943050308474179
EVS: 0.4796985358376592
