Model: GRU
MSE: 1167.504728811055
MAE: 34.05780710023025
EVS: 0.08312296293696031
