Model: GRU
MSE: 625.3716004594194
MAE: 24.89369668631718
EVS: 0.3126344045276681
