Model: GRU
MSE: 3.4522179285901684
MAE: 1.047590888779739
EVS: 0.5910138103835627
