Model: GRU
MSE: 6.635750447669163
MAE: 2.024888301717824
EVS: 0.5052325958355361
