Model: GRU
MSE: 3.8173843485299312
MAE: 1.1446747327673024
EVS: 0.5570008227826235
