Model: GRU
MSE: 5.786084269893476
MAE: 1.7362259472238606
EVS: 0.48117644075212107
