Model: GRU
MSE: 4.444129105785987
MAE: 1.3955091885451614
EVS: 0.537725458214783
