Model: GRU
MSE: 28.42069190155727
MAE: 4.495836821095697
EVS: 0.00589740580716247
