Model: GRU
MSE: 4.005303264901052
MAE: 1.2137456515739704
EVS: 0.5241602695441068
