Model: GRU
MSE: 154.98880528846723
MAE: 12.120401859283447
EVS: 0.020852178465976312
