Model: GRU
MSE: 4.410419791731113
MAE: 1.2886144786045468
EVS: 0.5063011989753491
