Model: GRU
MSE: 4.278668952656181
MAE: 1.252901486281691
EVS: 0.5199625716790819
