Model: GRU
MSE: 122.58390576092873
MAE: 10.682289337289744
EVS: -0.026131456159733446
