Model: GRU
MSE: 6.193532461641057
MAE: 1.8535590603433807
EVS: 0.4843361714160398
