Model: GRU
MSE: 5.06023203234542
MAE: 1.398610312363197
EVS: 0.39839646120230954
