Model: GRU
MSE: 4.1282914894593965
MAE: 1.1436875565298672
EVS: 0.5166221800668116
