Model: GRU
MSE: 31.748283992131142
MAE: 4.838488155397876
EVS: -0.009746984535558001
