Model: GRU
MSE: 2416.14039114472
MAE: 49.07259230778135
EVS: 0.02855351957109431
