Model: GRU
MSE: 423.8187683086783
MAE: 20.36103232153531
EVS: -0.1199362418737373
