Model: GRU
MSE: 2923.41878126211
MAE: 53.9921277802566
EVS: -0.0014632629561353028
