Model: GRU
MSE: 4.05840299857025
MAE: 1.1583422638218979
EVS: 0.5239051678617189
