Model: GRU
MSE: 3.704969180364839
MAE: 1.1782652396580269
EVS: 0.5879104297219402
