Model: GRU
MSE: 4.581630304439707
MAE: 1.529946993137228
EVS: 0.5709942126173555
