Model: GRU
MSE: 5.642559961257309
MAE: 1.6534952048597664
EVS: 0.4748257278438045
