Model: GRU
MSE: 2780.6653086178103
MAE: 52.62962466272815
EVS: -0.3065434559532054
