Model: GRU
MSE: 4.544497076748064
MAE: 1.2547260337862476
EVS: 0.47463218056050216
