Model: GRU
MSE: 5.002785282525517
MAE: 1.1721468300654971
EVS: 0.3974454755943898
