Model: GRU
MSE: 852.8702267453893
MAE: 29.043951922449573
EVS: -0.12865051840533792
