Model: GRU
MSE: 991.3335476717949
MAE: 31.343536080985235
EVS: -0.07986793310771656
