Model: GRU
MSE: 3.9333399636912403
MAE: 1.151598988935865
EVS: 0.5236518936589402
