Model: GRU
MSE: 5.976056993512577
MAE: 1.9023017595554221
EVS: 0.5154815777771149
