Model: GRU
MSE: 361.52866184278156
MAE: 18.817897993942786
EVS: 0.10191071427093079
