Model: GRU
MSE: 6.384277246028092
MAE: 2.0056860899103097
EVS: 0.5257460153219075
