Model: GRU
MSE: 4.824950129099474
MAE: 1.4046046333066349
EVS: 0.4926198290164837
