Model: GRU
MSE: 1171.525382559062
MAE: 34.119241681592214
EVS: 0.10344245094346849
