Model: GRU
MSE: 9950.231510021771
MAE: 99.707981504243
EVS: -0.03549752394449568
