Model: GRU
MSE: 7.261308125175294
MAE: 2.180595874786377
EVS: 0.4170149894837142
