Model: GRU
MSE: 729.0192100950253
MAE: 26.66238051447375
EVS: -1.1965645173390613
