Model: GRU
MSE: 398.1065667624288
MAE: 19.71388316976613
EVS: -0.14685284668394583
