Model: GRU
MSE: 21.676100970386837
MAE: 3.6446218798900474
EVS: -0.016470619765900807
