Model: GRU
MSE: 4.38587639114643
MAE: 1.1296916758191997
EVS: 0.4705943519883782
