Model: GRU
MSE: 7.408104824635892
MAE: 2.267199450525744
EVS: 0.5218734818102418
