Model: GRU
MSE: 5.377829825031868
MAE: 1.7072482828436226
EVS: 0.5300369046841511
