Model: GRU
MSE: 136.18233637374263
MAE: 11.31294980542413
EVS: 0.006943824167775725
