Model: GRU
MSE: 3947.7469365812663
MAE: 62.77129146970552
EVS: 0.09022017550377859
