Model: GRU
MSE: 6.079797029972189
MAE: 1.5161045964421898
EVS: 0.3382721269885618
