Model: GRU
MSE: 4.034802366550961
MAE: 1.1039772526971225
EVS: 0.5132305557381227
