Model: GRU
MSE: 4.627649600466704
MAE: 1.4598123492865727
EVS: 0.5362758692327576
