Model: GRU
MSE: 8.011805994720966
MAE: 2.397914352088139
EVS: 0.4997681523022163
