Model: GRU
MSE: 4.168829444686787
MAE: 1.116579376418015
EVS: 0.5143820379172286
