Model: GRU
MSE: 4.805014965870294
MAE: 1.5702032200221359
EVS: 0.5612207868566862
