Model: GRU
MSE: 4.335421440201587
MAE: 1.3376286461435516
EVS: 0.5324264883983917
