Model: GRU
MSE: 6.171550697721304
MAE: 1.8589509314504162
EVS: 0.4682441935404261
