Model: GRU
MSE: 5.754772040464788
MAE: 1.8897947175749417
EVS: 0.5496651845421225
