Model: GRU
MSE: 5.616139124915949
MAE: 1.4137108346511578
EVS: 0.3309800969921497
