Model: GRU
MSE: 85.36880573036399
MAE: 8.73962740240426
EVS: -0.08851833820632327
