Model: GRU
MSE: 240.38465555439075
MAE: 14.831905315662253
EVS: -1.470587710256757
