Model: GRU
MSE: 4.822361425518918
MAE: 1.4330334457857856
EVS: 0.4958117601858404
