Model: GRU
MSE: 6.714648009655429
MAE: 1.886535562317947
EVS: 0.41602262758636077
