Model: GRU
MSE: 5019.94543393166
MAE: 70.77050754941743
EVS: -0.3904470915781124
