Model: GRU
MSE: 35.84062864111501
MAE: 5.210004921617179
EVS: -0.053245601662335273
