Model: GRU
MSE: 4.020464278461433
MAE: 1.1858467572721942
EVS: 0.5188931205832839
