Model: GRU
MSE: 7070.8129080496965
MAE: 84.02563871186355
EVS: -0.2722725406243618
