Model: GRU
MSE: 232.47061667405163
MAE: 14.890522792421539
EVS: -0.3010972015092914
