Model: GRU
MSE: 716.3381145203058
MAE: 26.595846636541957
EVS: -0.08989145580589675
