Model: GRU
MSE: 181.69482234319196
MAE: 13.01163494175878
EVS: -0.500838436979337
