Model: GRU
MSE: 312.44415331671075
MAE: 17.45823177798041
EVS: 0.07297474668135318
