Model: GRU
MSE: 4.410576672806739
MAE: 1.1645274902212208
EVS: 0.48251033155050094
