Model: GRU
MSE: 3.9498502884487543
MAE: 1.17232332969534
EVS: 0.525504238274653
