Model: GRU
MSE: 776.9659482288424
MAE: 27.725556538022797
EVS: -0.0003180136680032142
