Model: GRU
MSE: 20.193843960596094
MAE: 4.26335701449164
EVS: 0.0
