Model: GRU
MSE: 4.568093312125486
MAE: 1.5201780611071094
EVS: 0.5553049076215677
