Model: GRU
MSE: 112.99154180833122
MAE: 10.183898087205558
EVS: -0.12388817253185458
