Model: GRU
MSE: 5.233556502031679
MAE: 1.6874403131419216
EVS: 0.5479366241792769
