Model: GRU
MSE: 25.915914845851088
MAE: 4.207214528116687
EVS: 0.005035383154603501
