Model: GRU
MSE: 6.14827824287103
MAE: 1.6610640862892414
EVS: 0.3154225120686214
