Model: GRU
MSE: 12.610899067661538
MAE: 3.2498061739165207
EVS: 0.031697268074295515
