Model: GRU
MSE: 6.25713764120856
MAE: 1.9562920085315048
EVS: 0.5099254550415395
