Model: GRU
MSE: 4.060182517243492
MAE: 1.2136067152023315
EVS: 0.5488674668561131
