Model: GRU
MSE: 4.384213221489025
MAE: 1.082355445828931
EVS: 0.48129826939672815
