Model: GRU
MSE: 3.7416349666242734
MAE: 1.1578742882301067
EVS: 0.5671068679517337
