Model: GRU
MSE: 1654.685471670181
MAE: 40.57347600213413
EVS: -0.02684801372310819
