Model: GRU
MSE: 3.8260628600046136
MAE: 1.068032611033012
EVS: 0.5439705153717619
