Model: GRU
MSE: 686.3136646948782
MAE: 25.93078064096385
EVS: -0.6844561517746146
