Model: GRU
MSE: 3.838748587835936
MAE: 1.1786929656719338
EVS: 0.5600293999077053
