Model: GRU
MSE: 5.40746947054493
MAE: 1.6384204307506824
EVS: 0.4991467693791216
