Model: GRU
MSE: 6.328265985673076
MAE: 1.8195530011736114
EVS: 0.4455199320046558
