Model: GRU
MSE: 4.2168398328742915
MAE: 1.4058064756722286
EVS: 0.574749708790979
