Model: GRU
MSE: 934.7116261145469
MAE: 30.32890142243484
EVS: -0.8008547879831995
