Model: GRU
MSE: 4.62660362769675
MAE: 1.1786342910651504
EVS: 0.4455079875635576
