Model: GRU
MSE: 4.14942912462075
MAE: 1.4001576366095707
EVS: 0.5777009646759707
