Model: GRU
MSE: 5.837580677598629
MAE: 1.7367712197632625
EVS: 0.47924990715029625
