Model: GRU
MSE: 5.6608733070097825
MAE: 1.5931458082692376
EVS: 0.40012711342960006
