Model: GRU
MSE: 4.082642948254213
MAE: 1.1310047034559578
EVS: 0.5188109409378023
