Model: GRU
MSE: 4.396230425933891
MAE: 1.0414493289487115
EVS: 0.4857483699177979
