Model: GRU
MSE: 2117.708428436642
MAE: 45.83931317822687
EVS: -0.9942013616433429
