Model: GRU
MSE: 793.949823512628
MAE: 28.00993955546412
EVS: -0.13761595385749836
