Model: GRU
MSE: 5.431382759867717
MAE: 1.5508992548646598
EVS: 0.4581267958819534
