Model: GRU
MSE: 4.086795880939399
MAE: 1.0339586149001945
EVS: 0.5058544543232169
