Model: GRU
MSE: 1337.7060825080528
MAE: 36.44925084607355
EVS: -0.1091650663073449
