Model: GRU
MSE: 5.180971529827103
MAE: 1.2897205208909923
EVS: 0.4023951592066247
