Model: GRU
MSE: 4.082818278308961
MAE: 1.227610220169199
EVS: 0.55218673238782
