Model: GRU
MSE: 6.8986231842249675
MAE: 1.985549338932695
EVS: 0.4430296220117472
