Model: GRU
MSE: 4.6501789825648725
MAE: 1.5307809916035882
EVS: 0.5629124060863602
