Model: GRU
MSE: 75.85727373211517
MAE: 8.159671298388776
EVS: -0.12355832184640869
