Model: GRU
MSE: 5.050967990070159
MAE: 1.4751805375362266
EVS: 0.47954828946551653
