Model: GRU
MSE: 69.03804482821043
MAE: 7.581353023134429
EVS: -0.4001888409124934
