Model: GRU
MSE: 5.814279894452208
MAE: 1.6342969505951321
EVS: 0.43253884139084287
