Model: GRU
MSE: 4.324172155624448
MAE: 1.1306989624582489
EVS: 0.4766539688754421
