Model: GRU
MSE: 4.022634695018018
MAE: 1.124321148313325
EVS: 0.5156130102561226
