Model: GRU
MSE: 6.632894885618635
MAE: 2.046235174968325
EVS: 0.495180165557379
