Model: GRU
MSE: 125.39806775626306
MAE: 10.810645983136933
EVS: -0.03284115716649705
