Model: GRU
MSE: 6.249721123895887
MAE: 2.054858645488476
EVS: 0.5637792156570679
