Model: GRU
MSE: 31.06516378449044
MAE: 4.823807847910914
EVS: 0.0558077460243841
