Model: GRU
MSE: 4.543004093311904
MAE: 1.433326244354248
EVS: 0.5380116922496733
