Model: GRU
MSE: 4.465926789716997
MAE: 1.4335824528644825
EVS: 0.5503236745434682
