Model: GRU
MSE: 4.710188477999846
MAE: 1.3427941922483773
EVS: 0.4962923493468816
