Model: GRU
MSE: 850.2494522428804
MAE: 28.988665745176117
EVS: -0.19981906375535252
