Model: GRU
MSE: 4.691474278575972
MAE: 1.3230135687466325
EVS: 0.48687302044089276
