Model: GRU
MSE: 414.1266198994279
MAE: 19.983818679020324
EVS: -0.7892578873581859
