Model: GRU
MSE: 1486.0437977200295
MAE: 38.431634968724744
EVS: -0.09645270247090565
