Model: GRU
MSE: 5.66968546778489
MAE: 1.9565871255151157
EVS: 0.5912243854060368
