Model: GRU
MSE: 4.125081082135476
MAE: 1.2200830393824085
EVS: 0.537149991931156
