Model: GRU
MSE: 238.53828305593058
MAE: 14.75538079491977
EVS: -1.521185825034752
