Model: GRU
MSE: 3.8661069319141177
MAE: 1.089291644507441
EVS: 0.5400243713643891
