Model: GRU
MSE: 34.444852319688515
MAE: 5.074842818852129
EVS: -0.052560754167017
