Model: GRU
MSE: 3.689275029254133
MAE: 1.1302184811953842
EVS: 0.5766276885586019
