Model: GRU
MSE: 256.00543562912185
MAE: 15.669491652784677
EVS: -0.26833881391363934
