Model: GRU
MSE: 863.882505043775
MAE: 29.255675644710145
EVS: 0.032565676201353755
