Model: GRU
MSE: 5.464345394032248
MAE: 1.7975958051352665
EVS: 0.5453169977319896
