Model: GRU
MSE: 619.2003924571437
MAE: 24.102750021835853
EVS: -3.6334732518939843
