Model: GRU
MSE: 6.046085194180783
MAE: 1.8593796676602856
EVS: 0.5064703195207034
