Model: GRU
MSE: 59.59420343084664
MAE: 7.107546518588888
EVS: -0.09932965958351114
