Model: GRU
MSE: 4.132522741274729
MAE: 1.089666837248309
EVS: 0.4998955640902133
