Model: GRU
MSE: 3285.4964969755392
MAE: 57.13886491183577
EVS: -1.5005475239172839
