Model: GRU
MSE: 5.325377895646793
MAE: 1.6593818818700725
EVS: 0.509147006560061
