Model: GRU
MSE: 23.60643896339426
MAE: 3.8241585698621026
EVS: -0.08785605051689527
