Model: GRU
MSE: 5.808949131036617
MAE: 1.591445690598981
EVS: 0.34131599915424116
