Model: GRU
MSE: 3.745127877790669
MAE: 1.0755515139678429
EVS: 0.5508982495843067
