Model: GRU
MSE: 4.672527330910637
MAE: 1.4669429546800152
EVS: 0.5401315129177031
