Model: GRU
MSE: 5.047907783129357
MAE: 1.591317778003627
EVS: 0.5283148034460229
