Model: GRU
MSE: 40.7641547124724
MAE: 5.623495044379399
EVS: -0.1070168987299851
