Model: GRU
MSE: 5.204202977022886
MAE: 1.494200924347187
EVS: 0.466457195921241
