Model: GRU
MSE: 4.748472103682347
MAE: 1.4890251324094574
EVS: 0.5408857776480056
