Model: GRU
MSE: 28.480815881691953
MAE: 4.359095971132147
EVS: -0.1480301818783638
