Model: GRU
MSE: 4.510010008072465
MAE: 1.2818054782933201
EVS: 0.4576285646807273
