Model: GRU
MSE: 4.17915402531939
MAE: 1.3161158808346451
EVS: 0.5444239345754829
