Model: GRU
MSE: 172.27292239646064
MAE: 12.734842941678803
EVS: -0.22282873290955818
