Model: GRU
MSE: 5.0325973798668215
MAE: 1.288695255230213
EVS: 0.4235858984910099
