Model: GRU
MSE: 4.1093687126217375
MAE: 1.1652069944759895
EVS: 0.5273466481233731
