Model: GRU
MSE: 4.683759029106387
MAE: 1.3654271723895237
EVS: 0.5186023502833741
