Model: GRU
MSE: 4.434786123194881
MAE: 1.14466052630852
EVS: 0.46618729947187565
