Model: GRU
MSE: 26.26089253999664
MAE: 4.901558316987137
EVS: 2.220446049250313e-16
