Model: GRU
MSE: 6.244088138259044
MAE: 1.5229081655370778
EVS: 0.3378310138904981
