Model: GRU
MSE: 4.888271922889866
MAE: 1.508686921719847
EVS: 0.5236087303846975
