Model: GRU
MSE: 241.21541255423222
MAE: 15.162573699293466
EVS: -0.3699884389772157
