Model: GRU
MSE: 6.240584512251871
MAE: 1.8625970215632999
EVS: 0.4722838870819376
