Model: GRU
MSE: 6.654587508015959
MAE: 1.9142775194985526
EVS: 0.6809793773246711
