Model: GRU
MSE: 5.4029686281135145
MAE: 1.7438605530508633
EVS: 0.5319477944368305
