Model: GRU
MSE: 66.38184407341609
MAE: 7.634834684174637
EVS: 0.020067451733813413
