Model: GRU
MSE: 3.837112924641971
MAE: 1.1853928607085655
EVS: 0.5719371576970328
