Model: GRU
MSE: 5.087831670363724
MAE: 1.60567163187882
EVS: 0.530901337292116
