Model: GRU
MSE: 3.662354092701223
MAE: 1.1650695862441227
EVS: 0.5878742762054552
