Model: GRU
MSE: 6.18281408780658
MAE: 1.9843800150114914
EVS: 0.5191532599589554
