Model: GRU
MSE: 5.790096391907375
MAE: 1.8600246248574093
EVS: 0.5377134957620728
