Model: GRU
MSE: 2254.4280262336074
MAE: 47.374413852033946
EVS: -0.2223734450835615
