Model: GRU
MSE: 4.9981656861728005
MAE: 1.4674143544558822
EVS: 0.4664475514797267
