Model: GRU
MSE: 3.6002882061259225
MAE: 1.0893134577520962
EVS: 0.5713061427799502
