Model: GRU
MSE: 1366.5281724130693
MAE: 36.85537995963261
EVS: 0.005776625352008513
