Model: GRU
MSE: 3.943527274068087
MAE: 1.130802472089899
EVS: 0.5268013849729114
