Model: GRU
MSE: 50.17431387823497
MAE: 6.502939306456467
EVS: 0.0449013150534745
