Model: GRU
MSE: 4.579482637828641
MAE: 1.474146825486216
EVS: 0.5483090375161892
