Model: GRU
MSE: 4.3022849345889345
MAE: 1.2618917925604458
EVS: 0.4958253218553791
