Model: GRU
MSE: 7.144756057714449
MAE: 1.903435887961552
EVS: 0.360511011349686
