Model: GRU
MSE: 5.341446930990855
MAE: 1.6457931789858589
EVS: 0.4996737461932763
