Model: GRU
MSE: 4.803191727600825
MAE: 1.2614462642834103
EVS: 0.4514466033398752
