Model: GRU
MSE: 4.866017581630793
MAE: 1.260776113958231
EVS: 0.7146874410646179
