Model: GRU
MSE: 2006.9573806057467
MAE: 44.70339163418474
EVS: -0.03722005219228541
