Model: GRU
MSE: 819.825207845757
MAE: 28.382518702539905
EVS: -0.7267919634733064
