Model: GRU
MSE: 6.620923623686834
MAE: 2.0401619056175493
EVS: 0.502342819404145
