Model: GRU
MSE: 1986.1592320157533
MAE: 44.369188440257105
EVS: -1.1236157331342094
