Model: GRU
MSE: 2235.1211448415443
MAE: 47.17920382269497
EVS: -0.11954146456542714
