Model: GRU
MSE: 4.660322430200978
MAE: 1.1721612821365226
EVS: 0.45007264072672903
