Model: GRU
MSE: 5.587317905782686
MAE: 1.8876906551163772
EVS: 0.5717813269597318
