Model: GRU
MSE: 4.6160421629783475
MAE: 1.3357546658351505
EVS: 0.5004032968302725
