Model: GRU
MSE: 4.1096238733358454
MAE: 1.227349343998679
EVS: 0.5448296777113275
