Model: GRU
MSE: 5.99462561569011
MAE: 1.7235937159636925
EVS: 0.42127913223020874
