Model: GRU
MSE: 4.872303784726494
MAE: 1.4881975733000656
EVS: 0.5038079302977309
