Model: GRU
MSE: 5.5790330746941414
MAE: 1.6232620642102997
EVS: 0.4115309472793458
