Model: GRU
MSE: 7.2328205221708
MAE: 2.2873130091305436
EVS: 0.5428003852828707
