Model: GRU
MSE: 5.771810241176643
MAE: 1.5849655578876365
EVS: 0.3062085113557905
