Model: GRU
MSE: 6.823275425501424
MAE: 2.019257434483232
EVS: 0.47245451227891233
