Model: GRU
MSE: 1992.1513690531035
MAE: 44.53227174693141
EVS: -0.09341410065950795
