Model: GRU
MSE: 5.048496011507304
MAE: 1.5848044095368221
EVS: 0.510897488253614
