Model: GRU
MSE: 6.14947549780311
MAE: 1.9580697807772407
EVS: 0.5287631933027228
