Model: GRU
MSE: 4.255371462048095
MAE: 1.2677830334367424
EVS: 0.5290127455466767
