Model: GRU
MSE: 5.17193986777241
MAE: 1.412409395830972
EVS: 0.7013875723882126
