Model: GRU
MSE: 6.2704157606096125
MAE: 1.6603252045039474
EVS: 0.24342569834011807
