Model: GRU
MSE: 6.217839807020609
MAE: 1.771192086154017
EVS: 0.42900608982584576
