Model: GRU
MSE: 4.072414696678685
MAE: 1.1847551362267856
EVS: 0.5331617059645044
