Model: GRU
MSE: 4.217516209574112
MAE: 1.1782883117938865
EVS: 0.508418764450216
