Model: GRU
MSE: 1071.2704372395624
MAE: 32.59104166359737
EVS: -0.10144361727365836
