Model: GRU
MSE: 4.412749331963428
MAE: 1.2140111974601089
EVS: 0.49902693060462344
