Model: GRU
MSE: 4.958753602847758
MAE: 1.3445307776845734
EVS: 0.4150570853213914
