Model: GRU
MSE: 5.551094951458879
MAE: 1.6954704862216423
EVS: 0.4938177153691732
