Model: GRU
MSE: 4.0714514254417535
MAE: 1.1033801662510838
EVS: 0.51207646793847
