Model: GRU
MSE: 4.09650300889716
MAE: 1.2543388892864358
EVS: 0.5443031908806506
