Model: GRU
MSE: 3.508998674039371
MAE: 0.9932723990802107
EVS: 0.5789503391711709
