Model: GRU
MSE: 2511.636153853733
MAE: 50.030654709914636
EVS: -0.03789659994479888
