Model: GRU
MSE: 6.115239904028766
MAE: 1.6889357248256947
EVS: 0.4178792769178651
