Model: GRU
MSE: 5.170461266884461
MAE: 1.3505457763014168
EVS: 0.378247607009216
