Model: GRU
MSE: 91.04192319006842
MAE: 9.055161311708648
EVS: -0.09557409221944257
