Model: GRU
MSE: 3.9104416864255227
MAE: 1.0412419993301918
EVS: 0.527848320613576
