Model: GRU
MSE: 4.45773660083769
MAE: 1.1792694576855363
EVS: 0.46530602202058324
