Model: GRU
MSE: 370.7495518909353
MAE: 19.041286040996685
EVS: 0.009429676507020202
