Model: GRU
MSE: 107.98641393896041
MAE: 10.010624342951282
EVS: 0.05849974871090868
