Model: GRU
MSE: 4.489498739977545
MAE: 1.1236631233116676
EVS: 0.4577262682694965
