Model: GRU
MSE: 38.012227013467154
MAE: 5.387788591713741
EVS: -0.0880632616440471
