Model: GRU
MSE: 6.131316470451
MAE: 1.7344480633735657
EVS: 0.6932931218032719
