Model: GRU
MSE: 28.61810351119562
MAE: 4.404406810628957
EVS: -0.116566070940326
