Model: GRU
MSE: 4.688783262087024
MAE: 1.5652326550976983
EVS: 0.5616533791187694
