Model: GRU
MSE: 27.041524687503887
MAE: 4.344877925412408
EVS: 0.011296892116105184
