Model: GRU
MSE: 1317.9906825129265
MAE: 36.162406789845434
EVS: -0.2439409371773047
