Model: GRU
MSE: 123.23283285159123
MAE: 10.662798610226861
EVS: -0.15511042973661016
