Model: GRU
MSE: 5.7453870033894345
MAE: 1.5303093174408222
EVS: 0.3788516072999041
