Model: GRU
MSE: 4.343424922407445
MAE: 1.2881920317123676
EVS: 0.5289699942121454
