Model: GRU
MSE: 6.135779663782574
MAE: 1.6324633884018864
EVS: 0.39288365491691357
