Model: GRU
MSE: 98.22685526986882
MAE: 9.361648189610449
EVS: -0.28213725392611155
