Model: GRU
MSE: 6.581326064174687
MAE: 2.1086820692851624
EVS: 0.5339971009490434
