Model: GRU
MSE: 5.140484515257854
MAE: 1.3099776948320454
EVS: 0.40891263182020376
