Model: GRU
MSE: 1099.8923517983274
MAE: 32.984436495550746
EVS: -0.44356740079025103
