Model: GRU
MSE: 5.678694505275381
MAE: 1.771311796944717
EVS: 0.5111535131181669
