Model: GRU
MSE: 4.269059592674264
MAE: 1.3239004200902478
EVS: 0.5021820894920617
