Model: GRU
MSE: 2453.960079460719
MAE: 49.388384720374795
EVS: -0.7860996888632794
