Model: GRU
MSE: 3.922361428781229
MAE: 1.0689655223797108
EVS: 0.5301211317809789
