Model: GRU
MSE: 8.443214883003124
MAE: 2.5372131322992257
EVS: 0.5305931597848355
