Model: GRU
MSE: 7292.602158252203
MAE: 85.34717625585095
EVS: -0.02480687262852177
