Model: GRU
MSE: 28.50903582563258
MAE: 4.372258174008336
EVS: -0.13752931942156343
