Model: GRU
MSE: 109.66573967146147
MAE: 9.948567209572628
EVS: -0.2948965833141428
