Model: GRU
MSE: 5.776172548741696
MAE: 1.8673731129744957
EVS: 0.5121568072889273
