Model: GRU
MSE: 4.250367676231795
MAE: 1.1989538248243004
EVS: 0.5101586845501638
