Model: GRU
MSE: 5.71964001743185
MAE: 1.6947198489616657
EVS: 0.4654629943997054
