Model: GRU
MSE: 8.596878299380098
MAE: 2.1511767403832796
EVS: 0.30752056923902094
