Model: GRU
MSE: 630.5721676610448
MAE: 24.90859893272663
EVS: -0.22733036252100547
