Model: GRU
MSE: 6.046209954900916
MAE: 1.695135264561094
EVS: 0.42986782968889226
