Model: GRU
MSE: 5.754722403500748
MAE: 1.9021045668371792
EVS: 0.5516846866489034
