Model: GRU
MSE: 3.927703054022242
MAE: 1.0690459958438217
EVS: 0.5326965978803411
