Model: GRU
MSE: 4.839017494849463
MAE: 1.2746004462242126
EVS: 0.4205026332267342
