Model: GRU
MSE: 25.90815173025541
MAE: 4.234452500425536
EVS: 0.03382328408064894
