Model: GRU
MSE: 4.530406683422306
MAE: 1.584758392695723
EVS: 0.6056759136142871
