Model: GRU
MSE: 4.273933951801625
MAE: 1.1373680706681877
EVS: 0.493458806462844
