Model: GRU
MSE: 4.318685758048181
MAE: 1.0134751241782616
EVS: 0.4771702020373195
