Model: GRU
MSE: 3.5643356671023283
MAE: 1.0347058464740884
EVS: 0.5750637708216558
