Model: GRU
MSE: 2140.3669110696915
MAE: 46.168582587406554
EVS: -0.06928268463846732
