Model: GRU
MSE: 3158.7881571210296
MAE: 56.13239781609897
EVS: 0.038121687359565115
