Model: GRU
MSE: 190.14486790469678
MAE: 13.50371479165965
EVS: 0.05598782717369355
