Model: GRU
MSE: 4.451733605426576
MAE: 1.4618671556998943
EVS: 0.5673084856891113
