Model: GRU
MSE: 4.161093628888447
MAE: 1.1712068905090463
EVS: 0.5126602517343828
