Model: GRU
MSE: 22.252886081492303
MAE: 3.685325115919113
EVS: -0.050192073286960515
