Model: GRU
MSE: 4.020947408404107
MAE: 1.0135942286458508
EVS: 0.5131148598111529
