Model: GRU
MSE: 495.47755207492787
MAE: 22.075914514475855
EVS: 0.015173688509583672
