Model: GRU
MSE: 268.2070912455383
MAE: 16.078618427802777
EVS: -0.17298192793382428
