Model: GRU
MSE: 2631.8811440899326
MAE: 51.22099804056102
EVS: -0.004077435425001497
