Model: GRU
MSE: 69.64023782767494
MAE: 7.846121886680866
EVS: 0.021585496908719137
