Model: GRU
MSE: 4.154040229805796
MAE: 1.1722722002144517
EVS: 0.5112814648432954
