Model: GRU
MSE: 21.82192421655446
MAE: 3.6588978602968414
EVS: -0.02150382327462319
