Model: GRU
MSE: 5.263074085166295
MAE: 1.7224455804660403
EVS: 0.5486621303938748
