Model: GRU
MSE: 4.550755085110441
MAE: 1.2413793062341625
EVS: 0.4741253026516081
