Model: GRU
MSE: 119.44330863036713
MAE: 10.563977644361298
EVS: 0.04979535553091308
