Model: GRU
MSE: 4.407485318840148
MAE: 1.1652384009854546
EVS: 0.4928772075161427
