Model: GRU
MSE: 1300.362753231079
MAE: 35.96454640092521
EVS: 0.1626145309476893
