Model: GRU
MSE: 6.501136496770904
MAE: 1.9233219366649101
EVS: 0.46152917102863145
