Model: GRU
MSE: 4159.089342477699
MAE: 64.39761188112456
EVS: -0.4578132451770698
