Model: GRU
MSE: 6.02321893231531
MAE: 1.8466629283181553
EVS: 0.4867269856553518
