Model: GRU
MSE: 1164.590792036533
MAE: 33.97188518787252
EVS: -0.27189245627772096
