Model: GRU
MSE: 79.5068121835562
MAE: 8.461133480072021
EVS: 0.041275451926439444
