Model: GRU
MSE: 526.3242786818159
MAE: 22.688002882332636
EVS: -0.40232921573759994
