Model: GRU
MSE: 5.16676059940213
MAE: 1.5371535605397717
EVS: 0.4743891808941847
