Model: GRU
MSE: 4405.123804929475
MAE: 66.30564630442652
EVS: -0.051864409816300805
