Model: GRU
MSE: 5.8563926599943015
MAE: 1.9012113213539124
EVS: 0.5343352668592578
