Model: GRU
MSE: 4.753917017654355
MAE: 1.2960692438586006
EVS: 0.42444487657589536
