Model: GRU
MSE: 345.33883319157104
MAE: 18.289335020657244
EVS: -0.31273725812619113
