Model: GRU
MSE: 4.11448930991044
MAE: 1.2133832717763966
EVS: 0.5422319662903874
