Model: GRU
MSE: 4.053714430889625
MAE: 1.0755480260684573
EVS: 0.5092476705201301
