Model: GRU
MSE: 3.988236057725786
MAE: 1.0757050370347911
EVS: 0.5173524133397728
