Model: GRU
MSE: 4.487842198106914
MAE: 1.343808860614382
EVS: 0.5209725521919784
