Model: GRU
MSE: 4.415109683347951
MAE: 1.212730732457391
EVS: 0.46550450811166866
