Model: GRU
MSE: 6.052091153306208
MAE: 2.034146000599039
EVS: 0.5631535835594653
