Model: GRU
MSE: 2085.0972922231163
MAE: 45.50582958089894
EVS: -0.7339286467897896
