Model: GRU
MSE: 951.450609949713
MAE: 30.700232735995588
EVS: -0.08350447011181727
