Model: GRU
MSE: 196.37051740504586
MAE: 13.673813079965525
EVS: -0.13812990941751524
