Model: GRU
MSE: 5.028336511118447
MAE: 1.5300420224666595
EVS: 0.5203401450612692
