Model: GRU
MSE: 4.829154101459175
MAE: 1.1370378003038208
EVS: 0.41515131134189
