Model: GRU
MSE: 4.280469576950681
MAE: 1.1859483821638699
EVS: 0.49482331532253887
