Model: GRU
MSE: 289.1517139922275
MAE: 16.739286817353346
EVS: -0.08370683975652393
