Model: GRU
MSE: 6.937918841445756
MAE: 1.8684782745509312
EVS: 0.3899651357807248
