Model: GRU
MSE: 5.241238819582116
MAE: 1.7500255313412896
EVS: 0.551309484353061
