Model: GRU
MSE: 31.322584575484452
MAE: 4.756782342647684
EVS: -0.053140108763576555
