Model: GRU
MSE: 4.572844774014189
MAE: 1.3238463843690937
EVS: 0.48688505654500747
