Model: GRU
MSE: 4.385850094388319
MAE: 1.1309670847037743
EVS: 0.47547454744033213
