Model: GRU
MSE: 24.745261524753946
MAE: 3.9325683527979356
EVS: -0.12393735814361051
