Model: GRU
MSE: 4.354873699795739
MAE: 1.3299791782066739
EVS: 0.5275578491816557
