Model: GRU
MSE: 1135.6818536405597
MAE: 33.59932034591149
EVS: 0.18037308324150536
