Model: GRU
MSE: 669.9275646066272
MAE: 25.23851677467083
EVS: -2.990006733511219
