Model: GRU
MSE: 26.59995767270119
MAE: 4.233928154254782
EVS: -0.05050032520126968
