Model: GRU
MSE: 2.74772393887819
MAE: 0.9035338307249134
EVS: 0.6680532804552015
