Model: GRU
MSE: 3.6454136131953807
MAE: 1.0616470493119339
EVS: 0.5676278106062393
