Model: GRU
MSE: 22.61140089923758
MAE: 3.7276840549090813
EVS: -0.05558246842423964
