Model: GRU
MSE: 266.84780837499954
MAE: 16.088251393416833
EVS: 0.02917117276169623
