Model: GRU
MSE: 9.782335576795576
MAE: 2.4059129788957794
EVS: 0.24147706948700043
