Model: GRU
MSE: 5.084025806651419
MAE: 1.3441844438684398
EVS: 0.397473035911328
