Model: GRU
MSE: 5.538478895518941
MAE: 1.6604801663037003
EVS: 0.4912540763266263
