Model: GRU
MSE: 65.18708577451491
MAE: 7.575973782046088
EVS: 0.05633271734288059
