Model: GRU
MSE: 4.032604976168412
MAE: 1.1860269205323581
EVS: 0.5366688925944854
