Model: GRU
MSE: 4.496618872555659
MAE: 1.4151633772356758
EVS: 0.542625835843822
