Model: GRU
MSE: 2424.020116065168
MAE: 49.15770063729122
EVS: 0.08674665256242009
