Model: GRU
MSE: 4.528337641308093
MAE: 1.3237559857039616
EVS: 0.511415239845664
