Model: GRU
MSE: 6.315587082366625
MAE: 1.9929132173801292
EVS: 0.5111000618654447
