Model: GRU
MSE: 4.470022391115352
MAE: 1.191814675413329
EVS: 0.4625985741931048
