Model: GRU
MSE: 22.303968653996893
MAE: 3.781707234423736
EVS: 0.030783948932240457
