Model: GRU
MSE: 27.108023481745075
MAE: 4.331257655702788
EVS: -0.011068827188501773
