Model: GRU
MSE: 22.210719654355515
MAE: 3.6993477262299637
EVS: -0.03254381222359859
