Model: GRU
MSE: 17.94736406672931
MAE: 3.069072624732708
EVS: -0.03286006359463478
