Model: GRU
MSE: 844.2599788334297
MAE: 28.212820809462976
EVS: -4.8493004317855855
