Model: GRU
MSE: 4.760571053130923
MAE: 1.3361956621038502
EVS: 0.47185381297286155
