Model: GRU
MSE: 5.6606389323355835
MAE: 1.7074516518362637
EVS: 0.4919206955466071
