Model: GRU
MSE: 6.913539309324749
MAE: 2.0609281165846465
EVS: 0.4830410498549753
