Model: GRU
MSE: 4.300536204848542
MAE: 1.1162032176708352
EVS: 0.4803147515362486
