Model: GRU
MSE: 4.740138065584766
MAE: 1.2333016765528713
EVS: 0.43033396820921543
