Model: GRU
MSE: 3.992651312210559
MAE: 1.0408250525079925
EVS: 0.5175413686818862
