Model: GRU
MSE: 4.180858305799171
MAE: 1.3956560718602147
EVS: 0.5644731044362692
