Model: GRU
MSE: 6.198717599647478
MAE: 1.6329793601200497
EVS: 0.2772874040838804
