Model: GRU
MSE: 4.227892326208394
MAE: 1.247205849351554
EVS: 0.5209703842460056
