Model: GRU
MSE: 4.890578726191457
MAE: 1.5548472075626767
EVS: 0.5259523626348672
