Model: GRU
MSE: 33.65960305413843
MAE: 5.561142099314723
EVS: 2.220446049250313e-16
