Model: GRU
MSE: 1535.8259659374073
MAE: 39.08669169195767
EVS: 0.024263356663436486
