Model: GRU
MSE: 7.4619327563476014
MAE: 2.322318964991076
EVS: 0.5405572209973744
