Model: GRU
MSE: 4.173515152119922
MAE: 1.1921009996841694
EVS: 0.5179887772634171
