Model: GRU
MSE: 4.222943578482767
MAE: 1.3715152319135337
EVS: 0.5578759843273986
