Model: GRU
MSE: 4.1241310143786505
MAE: 1.1991203951424565
EVS: 0.5371899711035875
