Model: GRU
MSE: 6.25681512157038
MAE: 1.6736683681093414
EVS: 0.3927152743641784
