Model: GRU
MSE: 6.869302478927791
MAE: 2.094328498018199
EVS: 0.49337669944677887
