Model: GRU
MSE: 3.8566764896631343
MAE: 0.9590262318479603
EVS: 0.5566298155716345
