Model: GRU
MSE: 5.051553072247531
MAE: 1.668316808240167
EVS: 0.5281516425935529
