Model: GRU
MSE: 26.44230667172879
MAE: 4.275943303930348
EVS: 0.01189578578528383
