Model: GRU
MSE: 29.01865288471017
MAE: 4.536503639714471
EVS: -0.022036345237368415
