Model: GRU
MSE: 343.53940389290887
MAE: 18.31382110201079
EVS: 0.013743345167480325
