Model: GRU
MSE: 5.2745142136499075
MAE: 1.492751672350127
EVS: 0.44049351150002203
