Model: GRU
MSE: 6.634925217716028
MAE: 1.7917234465993683
EVS: 0.3909686279236335
