Model: GRU
MSE: 4.221185877337065
MAE: 1.205269914248894
EVS: 0.5217185821937005
