Model: GRU
MSE: 4.515990735132876
MAE: 1.516488371224239
EVS: 0.582397652849101
