Model: GRU
MSE: 4.777627170239536
MAE: 1.4933892529586266
EVS: 0.523963184341799
