Model: GRU
MSE: 4.714728836654351
MAE: 1.2751845409130227
EVS: 0.45551063563047156
