Model: GRU
MSE: 3.772072117568693
MAE: 1.0410502265239585
EVS: 0.5445892739144493
