Model: GRU
MSE: 4.263663966673651
MAE: 0.9932887307528792
EVS: 0.4993563039491534
