Model: GRU
MSE: 695.5136863539622
MAE: 26.00328666142055
EVS: -0.1429001781518695
