Model: GRU
MSE: 4.538716336924823
MAE: 1.1029585969859157
EVS: 0.4615339606143518
