Model: GRU
MSE: 5.136939112140611
MAE: 1.433181682537342
EVS: 0.4604533187816743
