Model: GRU
MSE: 5.460094109273968
MAE: 1.5292592644691467
EVS: 0.43263760196099155
