Model: GRU
MSE: 4.391450687406308
MAE: 1.3979454677680443
EVS: 0.5506251768247599
