Model: GRU
MSE: 9.249089895731615
MAE: 2.365017301049726
EVS: 0.37100637900497413
