Model: GRU
MSE: 8.759600639712126
MAE: 2.4479575033845573
EVS: 0.443642540332263
