Model: GRU
MSE: 6.299252716080082
MAE: 1.9829827978693206
EVS: 0.5196785061391167
