Model: GRU
MSE: 7.912983320852212
MAE: 2.3704614598175575
EVS: 0.498731975523488
