Model: GRU
MSE: 5.028404677862263
MAE: 1.612875798652912
EVS: 0.5418999992199458
