Model: GRU
MSE: 14.70845337837591
MAE: 3.5343174523320693
EVS: 0.007133812962296759
