Model: GRU
MSE: 5.115410161454512
MAE: 1.5848227780440758
EVS: 0.5131555451328158
