Model: GRU
MSE: 4.883022558797861
MAE: 1.2471058697536075
EVS: 0.4350691624794527
