Model: GRU
MSE: 6.487077712126139
MAE: 1.9889585437445805
EVS: 0.48128483396031096
