Model: GRU
MSE: 4.344373312914123
MAE: 1.2886078111056625
EVS: 0.5383498468136696
