Model: GRU
MSE: 6.840998199800011
MAE: 1.8333001177886437
EVS: 0.3833982294141356
