Model: GRU
MSE: 4.3720540338083085
MAE: 1.3093051643207156
EVS: 0.5302092849274729
