Model: GRU
MSE: 7.912286404402534
MAE: 2.514984833783117
EVS: 0.5940521090029409
