Model: GRU
MSE: 3.287228008669483
MAE: 0.9723404234853285
EVS: 0.6029726148755898
