Model: GRU
MSE: 4.945548331864644
MAE: 1.3369315061075935
EVS: 0.46313721216595316
