Model: GRU
MSE: 111.523071428034
MAE: 10.152673606214853
EVS: -0.022944981564464006
