Model: GRU
MSE: 3.9476015091197403
MAE: 1.0063316339048847
EVS: 0.5237246852285522
