Model: GRU
MSE: 4.084851045375027
MAE: 1.1784451213376275
EVS: 0.5231821346598877
