Model: GRU
MSE: 5.158019425611009
MAE: 1.365457698188979
EVS: 0.46393505781171296
