Model: GRU
MSE: 4.427124264176712
MAE: 1.1853803067371762
EVS: 0.4858491510017159
