Model: GRU
MSE: 634.7016905624879
MAE: 25.020652770996094
EVS: -0.049872411447550835
