Model: GRU
MSE: 4.5627451321856825
MAE: 1.315370880324265
EVS: 0.5046319629145704
