Model: GRU
MSE: 636.8383839853773
MAE: 25.01051251641635
EVS: -0.3700945672466085
