Model: GRU
MSE: 6.191891691492912
MAE: 1.8748715417138462
EVS: 0.49416366143426127
