Model: GRU
MSE: 1775.613743654976
MAE: 42.021878406919285
EVS: -0.1839253569160757
