Model: GRU
MSE: 4.631930225362549
MAE: 1.2407473079089462
EVS: 0.46878052595727393
