Model: GRU
MSE: 5.195809682671154
MAE: 1.3500675661810513
EVS: 0.39033476658470634
