Model: GRU
MSE: 4.230930202812254
MAE: 1.4204245065820629
EVS: 0.557180715592763
