Model: GRU
MSE: 242.22169641174546
MAE: 15.188739793053989
EVS: -0.3956772760442673
