Model: GRU
MSE: 4.130487340422766
MAE: 1.082027690163974
EVS: 0.514242801544688
