Model: GRU
MSE: 7.401002248830412
MAE: 2.192468626745816
EVS: 0.4691682262099003
