Model: GRU
MSE: 4.027681535145221
MAE: 1.2000368103898804
EVS: 0.5404335469720254
