Model: GRU
MSE: 4.664408843358961
MAE: 1.390196393276083
EVS: 0.514634701734688
