Model: GRU
MSE: 7.152702974716658
MAE: 2.0120931740464836
EVS: 0.4169363590021573
