Model: GRU
MSE: 612.5538735059255
MAE: 24.55736232626027
EVS: -0.1493298183394529
