Model: GRU
MSE: 4.59402999379161
MAE: 1.2407704355387852
EVS: 0.45924440637055386
