Model: GRU
MSE: 20.990391882284065
MAE: 3.575858508718425
EVS: 0.0064442703841588456
