Model: GRU
MSE: 5.870011076303875
MAE: 1.5427066704322552
EVS: 0.3350410521503242
