Model: GRU
MSE: 115.41374338460182
MAE: 10.27553546839747
EVS: -0.19017901223509925
