Model: GRU
MSE: 4.834174493657663
MAE: 1.4263671287174882
EVS: 0.49440272535491514
