Model: GRU
MSE: 5.284038257383726
MAE: 1.501920422603344
EVS: 0.4371297381816929
