Model: GRU
MSE: 3.9494927794556607
MAE: 1.110051940227377
EVS: 0.5239568332862967
