Model: GRU
MSE: 2359.0020979958213
MAE: 48.48909627980199
EVS: 0.0541608281031849
