Model: GRU
MSE: 5.506191837354718
MAE: 1.531045409112141
EVS: 0.5197951538933597
