Model: GRU
MSE: 19.289378700867523
MAE: 3.1377056867911897
EVS: -0.14380138678548104
