Model: GRU
MSE: 6.092016936164784
MAE: 1.8024224707058498
EVS: 0.7059585822682424
