Model: GRU
MSE: 7.195659991451845
MAE: 2.14964524219776
EVS: 0.4761883747320904
