Model: GRU
MSE: 247.98551606349878
MAE: 15.261683825788827
EVS: -0.8247329679716191
