Model: GRU
MSE: 5.07316973170118
MAE: 1.6681157145006904
EVS: 0.5439937443241818
