Model: GRU
MSE: 5.090241779079813
MAE: 1.6406778467112575
EVS: 0.5458777798106557
