Model: GRU
MSE: 6.398285546644196
MAE: 2.0602104910488785
EVS: 0.5451440989020044
