Model: GRU
MSE: 4.091967461878272
MAE: 1.2270595451881146
EVS: 0.5293770335915224
