Model: GRU
MSE: 519.4795717382978
MAE: 22.47568916452342
EVS: -0.734679774691344
