Model: GRU
MSE: 7.643189418200179
MAE: 2.3291781935198554
EVS: 0.512190065195502
