Model: GRU
MSE: 140.38867047152613
MAE: 11.485105892707562
EVS: -0.027150348668456115
