Model: GRU
MSE: 4491.548864971129
MAE: 66.9096288352177
EVS: -0.774339729537971
