Model: GRU
MSE: 897.6709835653071
MAE: 29.745528122474408
EVS: -0.5592581186360996
