Model: GRU
MSE: 4.944917020802545
MAE: 1.4610700812833062
EVS: 0.4731400859767364
