Model: GRU
MSE: 4.32729614539819
MAE: 1.286647518133295
EVS: 0.525993097730959
