Model: GRU
MSE: 4.787424846584181
MAE: 1.1443769037723541
EVS: 0.4247316264176366
