Model: GRU
MSE: 5.371696315791124
MAE: 1.7606327143208733
EVS: 0.5513096602215772
