Model: GRU
MSE: 22.954037877390423
MAE: 3.700575838828909
EVS: -0.12146772762817148
