Model: GRU
MSE: 5.328403989520962
MAE: 1.5996802973336186
EVS: 0.48766194192004353
