Model: GRU
MSE: 4.985394101313667
MAE: 1.4477286554616073
EVS: 0.39732544339412934
