Model: GRU
MSE: 4.257730009322159
MAE: 1.3145414467515617
EVS: 0.5304509168572813
