Model: GRU
MSE: 5.067665048737181
MAE: 1.4806753643627824
EVS: 0.47144492942924177
