Model: GRU
MSE: 5.888944607021194
MAE: 1.716467562420615
EVS: 0.4491096047067704
