Model: GRU
MSE: 5594.546793365251
MAE: 74.74370101402546
EVS: 0.04007406268482916
