Model: GRU
MSE: 3.650439282467297
MAE: 1.0337627468437984
EVS: 0.5636684640674046
