Model: GRU
MSE: 20.11815430150057
MAE: 3.452122984261348
EVS: 0.006762383100156311
