Model: GRU
MSE: 4.112304962089971
MAE: 1.2058317085792278
EVS: 0.5268234777817181
