Model: GRU
MSE: 1026.2883447231022
MAE: 31.745912617650525
EVS: -1.238796354420968
