Model: GRU
MSE: 6.604783228232265
MAE: 2.051662323803737
EVS: 0.5193972253580933
