Model: GRU
MSE: 663.3249122819433
MAE: 25.54381406718287
EVS: -0.3126667092476363
