Model: GRU
MSE: 5.910592282099602
MAE: 1.7990351113779792
EVS: 0.4788524961767173
