Model: GRU
MSE: 5.376090906435732
MAE: 1.5087074699073002
EVS: 0.43688507745473804
