Model: GRU
MSE: 4.374925108266297
MAE: 1.5033667241704876
EVS: 0.5798142009209908
