Model: GRU
MSE: 1556.6121002459006
MAE: 39.044212078226025
EVS: -2.89514811204213
