Model: GRU
MSE: 6.796656386303447
MAE: 2.10199774133748
EVS: 0.5025278908066111
