Model: GRU
MSE: 5.8419194802437
MAE: 1.8742401106604214
EVS: 0.5315838457827176
