Model: GRU
MSE: 5513.545880740976
MAE: 74.19291476545662
EVS: -0.08483178723279217
