Model: GRU
MSE: 147.3766374704701
MAE: 11.800366237245758
EVS: 0.015604396672903253
