Model: GRU
MSE: 5.1327758212270265
MAE: 1.3714702622643833
EVS: 0.4312526249540404
