Model: GRU
MSE: 8.143605084653695
MAE: 2.287740781389434
EVS: 0.4203738665966853
