Model: GRU
MSE: 94.29837913166689
MAE: 9.303519775127542
EVS: 0.06224395214189227
