Model: GRU
MSE: 6.621925898007639
MAE: 2.1218725566206307
EVS: 0.5343627953051304
