Model: GRU
MSE: 30.185309503386065
MAE: 4.564690051407649
EVS: -0.132263374730629
