Model: GRU
MSE: 5.656586110336374
MAE: 1.7426156134440982
EVS: 0.5008135489333418
