Model: GRU
MSE: 69.40954948788641
MAE: 7.8687080679268675
EVS: 0.09251172815120656
