Model: GRU
MSE: 4.2292582719789
MAE: 1.0273774985609383
EVS: 0.48786686163227333
