Model: GRU
MSE: 61.96315048314431
MAE: 7.343726495216632
EVS: 0.027129692570774577
