Model: GRU
MSE: 3.9483418046074585
MAE: 1.3235867198171287
EVS: 0.5838690631145032
