Model: GRU
MSE: 4.8216079338661055
MAE: 1.5137432094278007
EVS: 0.5186124328509669
