Model: GRU
MSE: 7.027152298984211
MAE: 2.2189036813275567
EVS: 0.5256131036396103
