Model: GRU
MSE: 7.708543037028035
MAE: 2.3783250389427972
EVS: 0.5240018580180643
