Model: GRU
MSE: 4.91271893860944
MAE: 1.4335986170275459
EVS: 0.47707520747742804
