Model: GRU
MSE: 3.939167046515563
MAE: 1.2068278871733567
EVS: 0.5240237516768667
