Model: GRU
MSE: 4.312544140404429
MAE: 1.4408988962913383
EVS: 0.557687468143884
