Model: GRU
MSE: 8.679947451358235
MAE: 2.5005486998064765
EVS: 0.4936140165671177
