Model: GRU
MSE: 6.311805427388657
MAE: 1.9642716841451053
EVS: 0.5088232237387436
