Model: GRU
MSE: 5.009675640000889
MAE: 1.4676128964999626
EVS: 0.49629312894638566
