Model: GRU
MSE: 4.984483844613414
MAE: 1.4183522586164803
EVS: 0.4787201652502222
