Model: GRU
MSE: 57.2217490506197
MAE: 6.346452042034694
EVS: -0.0011823136778381649
