Model: GRU
MSE: 1744.5115400629074
MAE: 41.641686735482054
EVS: -0.26942868820143984
