Model: GRU
MSE: 566.7832975094996
MAE: 23.461348566515692
EVS: -0.9799858898198912
