Model: GRU
MSE: 1701.2868542203394
MAE: 40.94294857156688
EVS: -2.023169306600882
