Model: GRU
MSE: 45.1892736731639
MAE: 6.063192038700499
EVS: -0.020605817249042424
