Model: GRU
MSE: 93.08667696955017
MAE: 9.19674613558013
EVS: -0.030241651320655816
