Model: GRU
MSE: 7.4288795837590165
MAE: 2.217685654245574
EVS: 0.46472161158373126
