Model: GRU
MSE: 4.728405930424336
MAE: 1.2124191872004806
EVS: 0.42850797125319573
