Model: GRU
MSE: 6.103005657434237
MAE: 1.6612335299623424
EVS: 0.35254398395651865
