Model: GRU
MSE: 4.235000889473046
MAE: 1.1510811859163745
EVS: 0.49816103526469835
