Model: GRU
MSE: 5.364665788443881
MAE: 1.6460665824084446
EVS: 0.47904790591794033
