Model: GRU
MSE: 332.51235643355943
MAE: 18.007790335293475
EVS: 0.0030269974716622405
