Model: GRU
MSE: 4.196513698338783
MAE: 1.2339637926940261
EVS: 0.5198187670020349
