Model: GRU
MSE: 5.445105450863174
MAE: 1.3861210140688667
EVS: 0.38312092556421473
