Model: GRU
MSE: 4.376355135830571
MAE: 1.4261623908733498
EVS: 0.5609766410110731
