Model: GRU
MSE: 4.0504706972881666
MAE: 1.3775203412976758
EVS: 0.6032782667554119
