Model: GRU
MSE: 4.035645213401589
MAE: 1.309234018983512
EVS: 0.5756675414824354
