Model: GRU
MSE: 32.01218321707698
MAE: 4.770302608095366
EVS: -0.12105835850168756
