Model: GRU
MSE: 6.509556678773694
MAE: 1.9711226060472686
EVS: 0.47979698793540293
