Model: GRU
MSE: 41.81101061557804
MAE: 5.746833127120445
EVS: -0.06395699946662492
