Model: GRU
MSE: 7.115906047126869
MAE: 2.0871599645450196
EVS: 0.45793203352107725
