Model: GRU
MSE: 5.5514190456086485
MAE: 1.3685285466057913
EVS: 0.6759348135868034
