Model: GRU
MSE: 3130.0381061491535
MAE: 55.86907432819235
EVS: -0.051811941578413956
