Model: GRU
MSE: 4.405586808944939
MAE: 1.1786468666175316
EVS: 0.4831439099906747
