Model: GRU
MSE: 4.901054940136777
MAE: 1.2612064008055062
EVS: 0.4185103208812815
