Model: GRU
MSE: 108.75640297169959
MAE: 10.03296605471907
EVS: 0.01947985411545261
