Model: GRU
MSE: 4.020780667025238
MAE: 1.2409888773128903
EVS: 0.5555389990591029
