Model: GRU
MSE: 4.707335491835891
MAE: 1.5210007840189441
EVS: 0.5323936555819639
