Model: GRU
MSE: 6.296649342419999
MAE: 1.9990618866065453
EVS: 0.5260515993305144
