Model: GRU
MSE: 19.604204096106702
MAE: 3.31576347967674
EVS: -0.042762081900901805
