Model: GRU
MSE: 8429.715836968426
MAE: 91.77158460945918
EVS: 0.06839687578216136
