Model: GRU
MSE: 7.699096550466354
MAE: 2.3086139333659204
EVS: 0.4928922164554308
