Model: GRU
MSE: 6.634911719034891
MAE: 2.0190282114620866
EVS: 0.48996226675166277
