Model: GRU
MSE: 4.359085154665324
MAE: 1.3141706359797511
EVS: 0.5201087124113835
