Model: GRU
MSE: 3.9920673824261494
MAE: 1.2059867094303
EVS: 0.5589558159619357
