Model: GRU
MSE: 24.554957750135515
MAE: 3.973980895404158
EVS: -0.06123367681389036
