Model: GRU
MSE: 5.2036457104064695
MAE: 1.6935408135940289
EVS: 0.5353119935056618
