Model: GRU
MSE: 5.559534622252204
MAE: 1.7650958566830075
EVS: 0.5301217537739287
