Model: GRU
MSE: 7.055007670815748
MAE: 2.2466313818405412
EVS: 0.5341829792886936
