Model: GRU
MSE: 6.805202157267441
MAE: 1.7719459102071564
EVS: 0.37098164952875157
