Model: GRU
MSE: 4.26785373188614
MAE: 1.2404964216824235
EVS: 0.5095972775317958
