Model: GRU
MSE: 4.235728142968406
MAE: 1.2546243277089348
EVS: 0.5399868123941917
