Model: GRU
MSE: 4.005101453705942
MAE: 1.0274661738297035
EVS: 0.5164030203369879
