Model: GRU
MSE: 4.491064977951453
MAE: 1.2277381296815544
EVS: 0.525954323637717
