Model: GRU
MSE: 4.478127874876103
MAE: 0.9999452706041008
EVS: 0.46890546076591877
