Model: GRU
MSE: 5.652098087671677
MAE: 1.6393071063633622
EVS: 0.4586396640050381
