Model: GRU
MSE: 3.982036430779769
MAE: 1.2256980641134854
EVS: 0.5455098871919701
