Model: GRU
MSE: 31.44029610519793
MAE: 4.716982964811654
EVS: -0.11306153979111833
