Model: GRU
MSE: 6.304904107327812
MAE: 1.6045710547217007
EVS: 0.34865871841777296
