Model: GRU
MSE: 11846.178779638669
MAE: 108.80221478692417
EVS: 2.220446049250313e-16
