Model: GRU
MSE: 192.7760297893478
MAE: 13.459980422052844
EVS: -0.40549664339875613
