Model: GRU
MSE: 4.59525687832069
MAE: 1.1032752918786015
EVS: 0.4493452680683404
