Model: GRU
MSE: 4.416651808944258
MAE: 1.2061100910449851
EVS: 0.47424015858847246
