Model: GRU
MSE: 4.378922099208853
MAE: 1.0893248463499134
EVS: 0.47004703017602534
