Model: GRU
MSE: 89.80983206544636
MAE: 9.024856057660333
EVS: -0.012712871043870866
