Model: GRU
MSE: 4.01658289750385
MAE: 0.9724217858807794
EVS: 0.5135675449988685
