Model: GRU
MSE: 1784.549065703073
MAE: 41.99024042589911
EVS: -1.5880097212582887
