Model: GRU
MSE: 4.049654987099642
MAE: 1.0965518715052769
EVS: 0.5561969806371705
