Model: GRU
MSE: 5.874483408442052
MAE: 1.5997334533724292
EVS: 0.4079018402443355
