Model: GRU
MSE: 2534.6214398694947
MAE: 50.266901147776636
EVS: 0.048050872846729265
