Model: GRU
MSE: 4.511437446018116
MAE: 1.4201626767372262
EVS: 0.542017774002918
