Model: GRU
MSE: 136.73785050471548
MAE: 11.377718423974924
EVS: 0.11765560076132542
