Model: GRU
MSE: 6.036573246617024
MAE: 1.8471382712495739
EVS: 0.4897790525808636
