Model: GRU
MSE: 5.533302235623214
MAE: 1.707206520540961
EVS: 0.5113485189886389
