Model: GRU
MSE: 18.59439574898419
MAE: 3.2605535860719352
EVS: 0.03556459136161472
