Model: GRU
MSE: 4.424538571452665
MAE: 1.1999426031934803
EVS: 0.4763391850468588
