Model: GRU
MSE: 4.14111515403395
MAE: 1.1028817172708183
EVS: 0.5035778986500565
