Model: GRU
MSE: 37.2670492460224
MAE: 5.387990075966408
EVS: 0.002449474434384591
