Model: GRU
MSE: 4.445069556689444
MAE: 1.2063223894300132
EVS: 0.46558329855018543
