Model: GRU
MSE: 25.9175051578261
MAE: 4.179250846649039
EVS: -0.02355991980854011
