Model: GRU
MSE: 4.2779139933261074
MAE: 1.26782036855303
EVS: 0.5242971920457455
