Model: GRU
MSE: 4855.452891901778
MAE: 69.62361802725957
EVS: 0.030536196807991023
