Model: GRU
MSE: 5.077567215020487
MAE: 1.550669032951881
EVS: 0.5041649540387243
