Model: GRU
MSE: 152.6188067627556
MAE: 11.968840993683914
EVS: -0.13429051811506398
