Model: GRU
MSE: 3.8943515173572316
MAE: 1.041396741209359
EVS: 0.5283669968118474
