Model: GRU
MSE: 544.7513935194947
MAE: 23.165921507210566
EVS: 0.020027385239876128
