Model: GRU
MSE: 4.820993747935943
MAE: 1.343262742305624
EVS: 0.46045229000425725
