Model: GRU
MSE: 6.478049552145599
MAE: 1.9701080260605648
EVS: 0.4933105715031
