Model: GRU
MSE: 6.687538513493356
MAE: 2.2056938039845435
EVS: 0.5729276684679194
