Model: GRU
MSE: 23.45814307275369
MAE: 3.7416669418071877
EVS: -0.14548361028452295
