Model: GRU
MSE: 557.7399691144042
MAE: 23.311818024207806
EVS: -0.7317901939580902
