Model: GRU
MSE: 29.735225228080353
MAE: 4.550132809014156
EVS: -0.09382279684844241
