Model: GRU
MSE: 5.628022321108516
MAE: 1.5766950588801811
EVS: 0.43058609654542
