Model: GRU
MSE: 4.729997001842385
MAE: 1.3299988076604645
EVS: 0.46568163991127487
