Model: GRU
MSE: 4.617522348191161
MAE: 1.2068135060113052
EVS: 0.4659677506196286
