Model: GRU
MSE: 3.7286457113716045
MAE: 0.9929517394509809
EVS: 0.5490106333680498
