Model: GRU
MSE: 4.596138230206215
MAE: 1.3017303923080707
EVS: 0.44528233875316736
