Model: GRU
MSE: 4.296662724439652
MAE: 1.034155771650117
EVS: 0.4829124991465432
