Model: GRU
MSE: 4.053006011618455
MAE: 0.9925479683382757
EVS: 0.5106548006267129
