Model: GRU
MSE: 65.59679991799082
MAE: 7.4711209987771925
EVS: -0.1843700950779843
