Model: GRU
MSE: 5.040065599480132
MAE: 1.4598587155342102
EVS: 0.4748038490724231
