Model: GRU
MSE: 5.077504186424755
MAE: 1.3989657153343331
EVS: 0.4340299036832217
