Model: GRU
MSE: 3.7661075179029564
MAE: 1.0476671333970695
EVS: 0.5471186619667319
