Model: GRU
MSE: 5.392585933439686
MAE: 1.4336039197855983
EVS: 0.3803132053026278
