Model: GRU
MSE: 6.833998775266538
MAE: 2.094987791160057
EVS: 0.4979370380061101
