Model: GRU
MSE: 5.036464277048036
MAE: 1.6742819383226593
EVS: 0.5720011881875036
