Model: GRU
MSE: 6.173403623030263
MAE: 2.0386435286752107
EVS: 0.5665712048245983
