Model: GRU
MSE: 4.080714019532595
MAE: 1.3509246213682766
EVS: 0.5857843218926757
