Model: GRU
MSE: 3.9546835343226183
MAE: 1.2133475624281784
EVS: 0.5615864359571388
