Model: GRU
MSE: 4.175835579289583
MAE: 1.1997715481396378
EVS: 0.501705338622821
