Model: GRU
MSE: 3.761351862208522
MAE: 1.2339974271840062
EVS: 0.5811583865191279
