Model: GRU
MSE: 4.660723826418155
MAE: 1.3263117660736214
EVS: 0.47720745511621965
