Model: GRU
MSE: 127.45815554252222
MAE: 10.84231344584761
EVS: -0.19929636084052094
