Model: GRU
MSE: 4.229542277113683
MAE: 1.2475327726068168
EVS: 0.5263410089270166
