Model: GRU
MSE: 3100.734430362362
MAE: 55.60220244835163
EVS: -0.10569133746483694
