Model: GRU
MSE: 7.9630814367837015
MAE: 2.4049715708042014
EVS: 0.5190327017637221
