Model: GRU
MSE: 33.3173095564244
MAE: 5.043830994901986
EVS: 0.0459932348019495
