Model: GRU
MSE: 3.8945405804345286
MAE: 0.9999226434477444
EVS: 0.5287045159237505
