Model: GRU
MSE: 4.147341649668986
MAE: 1.0892573595046997
EVS: 0.5051271974106112
