Model: GRU
MSE: 6.554275946071446
MAE: 2.0538106026320624
EVS: 0.5156721001183392
