Model: GRU
MSE: 5.2364802738568965
MAE: 1.6883039762233865
EVS: 0.5318371111803492
