Model: GRU
MSE: 4.208330016750193
MAE: 1.0754204628796413
EVS: 0.4914704966702349
