Model: GRU
MSE: 6.946890373991283
MAE: 2.252667316075029
EVS: 0.5711875147608967
