Model: GRU
MSE: 5.987512388856898
MAE: 1.8803833147575115
EVS: 0.5183044135106165
