Model: GRU
MSE: 4.4936237739582285
MAE: 1.564534150320908
EVS: 0.581598992018827
