Model: GRU
MSE: 6.575261845998353
MAE: 2.012284114443023
EVS: 0.49725479822295837
