Model: GRU
MSE: 548.1570690429861
MAE: 23.147784561946473
EVS: -0.49417249840775757
