Model: GRU
MSE: 4.913043504656892
MAE: 1.3924185530892734
EVS: 0.441987454710148
