Model: GRU
MSE: 4.389733177739105
MAE: 1.3492385703941872
EVS: 0.5400090540211234
