Model: GRU
MSE: 5.396486167299823
MAE: 1.5081601050393334
EVS: 0.39683387487112454
