Model: GRU
MSE: 4.383791334717323
MAE: 1.0755293852296368
EVS: 0.47024188830957026
