Model: GRU
MSE: 4.451065674606005
MAE: 1.1651467023224666
EVS: 0.49607751725912785
