Model: GRU
MSE: 3.6287417706289027
MAE: 1.0478241772487247
EVS: 0.5715861859097344
