Model: GRU
MSE: 2428.9201404968667
MAE: 49.193626732661805
EVS: -0.07877014865892673
