Model: GRU
MSE: 28.10777083272604
MAE: 4.46762754177225
EVS: 0.013172370566107539
