Model: GRU
MSE: 4.522796133214483
MAE: 1.3582918417864833
EVS: 0.4545628814568251
