Model: GRU
MSE: 5.40056753605008
MAE: 1.7483021061995934
EVS: 0.535469330311928
