Model: GRU
MSE: 4.7138141229268316
MAE: 1.3838534570973495
EVS: 0.500753819395755
