Model: GRU
MSE: 139.08604427750188
MAE: 11.461429694603229
EVS: 0.06481458446208299
