Model: GRU
MSE: 5.389818209780316
MAE: 1.4745935242751549
EVS: 0.4244279868199975
