Model: GRU
MSE: 76.60137598677026
MAE: 8.28635966366735
EVS: 0.038661001029753006
