Model: GRU
MSE: 468.51835103905324
MAE: 21.451043096081964
EVS: -0.013838716814897012
