Model: GRU
MSE: 5.658328641478291
MAE: 1.7979984160127311
EVS: 0.5131300608321522
