Model: GRU
MSE: 4.173464737657955
MAE: 1.2472667560495179
EVS: 0.5369051586061957
