Model: GRU
MSE: 4.888866272126565
MAE: 1.4951113092488255
EVS: 0.5078594336794076
