Model: GRU
MSE: 169.3604226470618
MAE: 12.474865321455331
EVS: -0.6638523558602407
