Model: GRU
MSE: 5.243516686894244
MAE: 1.6543035836055362
EVS: 0.5430930951573905
