Model: GRU
MSE: 5.279639280745281
MAE: 1.556989819839083
EVS: 0.48629431576147764
