Model: GRU
MSE: 5.643766419223351
MAE: 1.4399657989370411
EVS: 0.3173320284543949
