Model: GRU
MSE: 4.759373757033026
MAE: 1.323533535003662
EVS: 0.44726580178314823
