Model: GRU
MSE: 5.272273948806836
MAE: 1.7097191378988068
EVS: 0.5316627608918172
