Model: GRU
MSE: 5.941404713406274
MAE: 1.5308791686748635
EVS: 0.32920334028181797
