Model: GRU
MSE: 6.872598254753425
MAE: 2.2603680964173942
EVS: 0.5744041525023678
