Model: GRU
MSE: 7.440953405102579
MAE: 2.303051566255504
EVS: 0.5123536038242311
