Model: GRU
MSE: 5.223994047913852
MAE: 1.5706768323635232
EVS: 0.4929943540349282
