Model: GRU
MSE: 4104.620126556061
MAE: 64.00537135683257
EVS: 0.039273279198572486
