Model: GRU
MSE: 60.28298594364822
MAE: 7.12794122202643
EVS: -0.14758711668001534
