Model: GRU
MSE: 5.503157215719363
MAE: 1.9026003747150815
EVS: 0.5969712595870357
