Model: GRU
MSE: 162.50252672048416
MAE: 12.214236654084305
EVS: -0.6125968720657997
