Model: GRU
MSE: 31.167343310276223
MAE: 4.688875687533412
EVS: -0.11202243515120158
