Model: GRU
MSE: 5.9679275905985225
MAE: 1.8384328135128678
EVS: 0.525331371556085
