Model: GRU
MSE: 3.7948909418327217
MAE: 0.9997698849645155
EVS: 0.5412101564765268
