Model: GRU
MSE: 4.164535906580218
MAE: 1.0756073624923312
EVS: 0.4959879356226671
