Model: GRU
MSE: 5.008301527654752
MAE: 1.4411889592121387
EVS: 0.47651944261896617
