Model: GRU
MSE: 5.007724920766399
MAE: 1.689092285674194
EVS: 0.5558706397609563
