Model: GRU
MSE: 400.15512628078625
MAE: 19.79619055780871
EVS: -0.0011055784327973495
