Model: GRU
MSE: 4.583993417703768
MAE: 1.4049803182996552
EVS: 0.5329099912601762
