Model: GRU
MSE: 5.976593227574482
MAE: 2.0609867079504607
EVS: 0.6186383415590828
