Model: GRU
MSE: 33.320170978349424
MAE: 4.921410128988069
EVS: -0.10210401536014091
