Model: GRU
MSE: 4.303420629251144
MAE: 1.3982636969665
EVS: 0.5640125481390127
