Model: GRU
MSE: 6.207765083301803
MAE: 1.79897386555014
EVS: 0.44284054458046285
