Model: GRU
MSE: 4.777282736142846
MAE: 1.3239532462481796
EVS: 0.4767003518488725
