Model: GRU
MSE: 1626.4468062705532
MAE: 40.26211554428627
EVS: 0.34492371540767386
