Model: GRU
MSE: 5.528839187205655
MAE: 1.349426937514338
EVS: 0.3376918454713679
