Model: GRU
MSE: 5.799185821555524
MAE: 1.5920079638218056
EVS: 0.4135061027814033
