Model: GRU
MSE: 5.038011315042079
MAE: 1.5365590473701214
EVS: 0.5023783541551261
