Model: GRU
MSE: 6.952311660316747
MAE: 2.0944330527864654
EVS: 0.48336844427342873
