Model: GRU
MSE: 5.0448553974777415
MAE: 1.447375138258112
EVS: 0.46366858880636996
