Model: GRU
MSE: 4.339569972543035
MAE: 1.3647192079445412
EVS: 0.5464988499468098
