Model: GRU
MSE: 4.157454214655202
MAE: 1.082310335389499
EVS: 0.5049092592085
