Model: GRU
MSE: 807.4183067171892
MAE: 28.223922926804114
EVS: -0.31145633728509825
