Model: GRU
MSE: 5.322916611555999
MAE: 1.5222081315928493
EVS: 0.46137005002109355
