Model: GRU
MSE: 5.430752700842115
MAE: 1.8196925048170418
EVS: 0.54544973012428
