Model: GRU
MSE: 5.394710377142784
MAE: 1.7913954956778164
EVS: 0.558244821374521
