Model: GRU
MSE: 20.141978720660024
MAE: 4.257397635229703
EVS: 0.0
