Model: GRU
MSE: 4.945455083672766
MAE: 1.349862174741153
EVS: 0.4070955937432579
