Model: GRU
MSE: 5.194733966808866
MAE: 1.4890376288315346
EVS: 0.46805003373322196
