Model: GRU
MSE: 26.25301117196376
MAE: 4.111298487104219
EVS: -0.1324234461861309
