Model: GRU
MSE: 4.96812368954317
MAE: 1.40619119693493
EVS: 0.4095251170264377
