Model: GRU
MSE: 4.033488130403272
MAE: 1.2898088056465675
EVS: 0.5381658029487093
