Model: GRU
MSE: 6.327986112109175
MAE: 1.6216319634996612
EVS: 0.2868801603697292
