Model: GRU
MSE: 5.720727866044542
MAE: 1.6663138660891303
EVS: 0.4612686094032422
