Model: GRU
MSE: 4.3790936183526785
MAE: 1.1237651746848534
EVS: 0.47973948931009003
