Model: GRU
MSE: 5.149725198776492
MAE: 1.4803901921058524
EVS: 0.4700870919928707
