Model: GRU
MSE: 5.177023603907912
MAE: 1.6127578575035622
EVS: 0.5165020090968302
