Model: GRU
MSE: 4.781464827322025
MAE: 1.616599909190474
EVS: 0.5668211182993363
