Model: GRU
MSE: 142.04806391257983
MAE: 11.560086143427881
EVS: -0.01884924802974841
