Model: GRU
MSE: 46.67644385915269
MAE: 6.132529114854747
EVS: -0.09830561100062085
