Model: GRU
MSE: 1758.1612144397086
MAE: 41.80599436266669
EVS: -0.26199047696367206
