Model: GRU
MSE: 4.10206138626249
MAE: 1.082068418634349
EVS: 0.5049982365200412
