Model: GRU
MSE: 4.125415916861687
MAE: 1.289052206894447
EVS: 0.5447974854142625
