Model: GRU
MSE: 5308.410829109642
MAE: 72.80115745807517
EVS: -0.017617493691356678
