Model: GRU
MSE: 4.926133280869749
MAE: 1.2945019905056274
EVS: 0.7094323070919761
