Model: GRU
MSE: 4.586870945732775
MAE: 1.2956324682153504
EVS: 0.4889040198806228
