Model: GRU
MSE: 4.938158873752754
MAE: 1.4383180449748862
EVS: 0.4897680379287839
