Model: GRU
MSE: 4.0684173005721025
MAE: 1.1920783488914883
EVS: 0.5385975732080599
