Model: GRU
MSE: 5.354924674518776
MAE: 1.343358032662293
EVS: 0.3515643544503114
