Model: GRU
MSE: 5.071090038295331
MAE: 1.6194538330209667
EVS: 0.5114887599984539
