Model: GRU
MSE: 5.331437406944823
MAE: 1.604592565832467
EVS: 0.48674202052218085
