Model: GRU
MSE: 134.31360715270145
MAE: 11.035780758693301
EVS: -0.5169428740141058
