Model: GRU
MSE: 5.125952922284032
MAE: 1.750268845722593
EVS: 0.577917815826885
