Model: GRU
MSE: 1262.8324081818178
MAE: 35.41136182587722
EVS: -0.07400227382805169
