Model: GRU
MSE: 5.12418983326767
MAE: 1.5499092607662595
EVS: 0.5050747754933536
