Model: GRU
MSE: 5.588063548638447
MAE: 1.8726412222303193
EVS: 0.5664566507004812
