Model: GRU
MSE: 4.221089338829121
MAE: 1.2139517356609475
EVS: 0.5055567569771542
