Model: GRU
MSE: 3.82325760559921
MAE: 0.9172033996417605
EVS: 0.5453000009126068
