Model: GRU
MSE: 5.987645418348054
MAE: 1.7277048990644257
EVS: 0.42857754875951803
