Model: GRU
MSE: 5.0244081850028595
MAE: 1.792625922581245
EVS: 0.5696656910398993
