Model: GRU
MSE: 5.398752003979784
MAE: 1.5705835274581252
EVS: 0.4650664808714937
