Model: GRU
MSE: 4.439873424570642
MAE: 1.4545975533025017
EVS: 0.5686795121023875
