Model: GRU
MSE: 3.827072484432894
MAE: 1.109603972270571
EVS: 0.5496745044415434
