Model: GRU
MSE: 6.039390091430991
MAE: 2.0808706941275763
EVS: 0.6106594921906965
