Model: GRU
MSE: 9.053269054244671
MAE: 2.6688716617123833
EVS: 0.5307868812164522
