Model: GRU
MSE: 744.8534640059609
MAE: 27.1419855643963
EVS: 0.010991311750929933
