Model: GRU
MSE: 4.706061743003257
MAE: 1.5654727960455006
EVS: 0.5666375446360992
