Model: GRU
MSE: 3.898421304340894
MAE: 1.1235050887897098
EVS: 0.5527916181446965
