Model: GRU
MSE: 5.503544386969014
MAE: 1.6751902432277286
EVS: 0.4997168584203011
