Model: GRU
MSE: 4.196313361379074
MAE: 1.1026661457686588
EVS: 0.4921626053021235
