Model: GRU
MSE: 4.042165632671416
MAE: 0.999852343879897
EVS: 0.5116269605514983
