Model: GRU
MSE: 3.8385527629358065
MAE: 1.0823045599049534
EVS: 0.5416980993139398
