Model: GRU
MSE: 133.74692319725935
MAE: 10.906515532526477
EVS: -0.7918292391116328
