Model: GRU
MSE: 7.006502187415169
MAE: 2.1504715845502655
EVS: 0.5108813783435486
