Model: GRU
MSE: 1499.4385266182728
MAE: 38.134960338987156
EVS: -4.469809567794888
