Model: GRU
MSE: 3536.466499409249
MAE: 59.39693714010304
EVS: -0.025859864092371287
