Model: GRU
MSE: 691.3157219199844
MAE: 26.15423902971991
EVS: 0.11933557494889624
