Model: GRU
MSE: 4.834021877124681
MAE: 1.27499278454945
EVS: 0.414623553078322
