Model: GRU
MSE: 108.41355053620599
MAE: 9.969927179402319
EVS: -0.09171374775564378
