Model: GRU
MSE: 3.996676847542575
MAE: 1.2058288968842605
EVS: 0.5544020736504729
