Model: GRU
MSE: 5.3561161563004465
MAE: 1.5982154412516232
EVS: 0.48740774933107156
