Model: GRU
MSE: 6.321555456539249
MAE: 1.921165243305009
EVS: 0.47769605956179617
