Model: GRU
MSE: 25.127309300870056
MAE: 4.014846826421803
EVS: -0.09101271510707587
