Model: GRU
MSE: 5.0777325791554
MAE: 1.3821262511713752
EVS: 0.4538455381192602
