Model: GRU
MSE: 3.992504435797827
MAE: 1.0891781397934617
EVS: 0.5238423515714463
