Model: GRU
MSE: 5.449586303239233
MAE: 1.323477449088261
EVS: 0.3400531846236562
