Model: GRU
MSE: 6.753107285231198
MAE: 1.7928559739014198
EVS: 0.446345963400378
