Model: GRU
MSE: 5.077610449336584
MAE: 1.502460639024603
EVS: 0.4944794379127727
