Model: GRU
MSE: 8.047852605147536
MAE: 2.144977367530435
EVS: 0.6680983402839595
