Model: GRU
MSE: 11.402430503383405
MAE: 2.719282375063215
EVS: 0.24746917791284573
