Model: GRU
MSE: 19.980799874375663
MAE: 3.621362408813165
EVS: 0.42178245431327677
