Model: GRU
MSE: 511.42178930100636
MAE: 22.35174153191703
EVS: -0.025657889683590396
