Model: GRU
MSE: 9.906275925261706
MAE: 2.5698051588875908
EVS: 0.28129129367276073
