Model: GRU
MSE: 17.521714488791357
MAE: 2.611792728818696
EVS: 0.23215778585181435
