Model: GRU
MSE: 228.94083905128753
MAE: 14.549927022992348
EVS: 0.027845211667453906
