Model: GRU
MSE: 9.341222085612241
MAE: 2.3400176763534546
EVS: 0.6864145919157719
