Model: GRU
MSE: 11.380294830891515
MAE: 2.862879249027797
EVS: 0.27902141342428843
