Model: GRU
MSE: 634.3108372605091
MAE: 24.625526960690816
EVS: -0.10386093378852235
