Model: GRU
MSE: 9.650321326007802
MAE: 2.551874569484166
EVS: 0.281407317551262
