Model: GRU
MSE: 18.034901803340613
MAE: 3.864662837982178
EVS: 0.2885298097362945
