Model: GRU
MSE: 55.69713960860717
MAE: 6.496243476867676
EVS: -0.12092693503831775
