Model: GRU
MSE: 21.873190077639386
MAE: 4.349105310440064
EVS: 0.29726176549936345
