Model: GRU
MSE: 25.078114010024166
MAE: 4.352136143183304
EVS: 0.5786473533460837
