Model: GRU
MSE: 4086.993879469245
MAE: 63.78518954912821
EVS: -0.049332361022650595
