Model: GRU
MSE: 11.578184801261298
MAE: 2.5941753971333408
EVS: 0.447023339984575
