Model: GRU
MSE: 9.912808609236981
MAE: 2.574922902243478
EVS: 0.2707029962241958
