Model: GRU
MSE: 37.50226390164728
MAE: 5.342350969509202
EVS: 0.46803141616111443
