Model: GRU
MSE: 7.453017920635289
MAE: 1.9869773505163975
EVS: 0.7505137642953443
