Model: GRU
MSE: 18.530867581836798
MAE: 3.513141865632972
EVS: 0.5576890652585729
