Model: GRU
MSE: 12.278407111438739
MAE: 2.9960542133876253
EVS: 0.29638904470803773
