Model: GRU
MSE: 7.3077662625251225
MAE: 1.9020600954691569
EVS: 0.6998131367069604
