Model: GRU
MSE: 17.107151817135648
MAE: 3.722164808000837
EVS: 0.2629645324490324
