Model: GRU
MSE: 12.5215877547137
MAE: 3.073848731177194
EVS: 0.29393331152207325
