Model: GRU
MSE: 17.591965624095383
MAE: 2.8438923276703933
EVS: 0.14626679004800003
