Model: GRU
MSE: 28.90619038660937
MAE: 4.061463991800944
EVS: 0.06894419094046644
