Model: GRU
MSE: 48.1640231786512
MAE: 6.502440616062709
EVS: -0.0017244156799303134
