Model: GRU
MSE: 88.02919948889186
MAE: 8.668485913957868
EVS: -2.9887196646638494
