Model: GRU
MSE: 2.9604254737732845
MAE: 1.4159517288208008
EVS: 0.04449382457733009
