Model: GRU
MSE: 3138.5102945756976
MAE: 55.896908732822965
EVS: -0.21865667862051041
