Model: GRU
MSE: 10.15900854461721
MAE: 2.455579560143607
EVS: 0.23895842164543446
