Model: GRU
MSE: 12.853758710602275
MAE: 3.0676686355045866
EVS: 0.26717673740954184
