Model: GRU
MSE: 19.60933289503515
MAE: 3.616169960772405
EVS: 0.6554199058864933
