Model: GRU
MSE: 13.69710339168192
MAE: 2.9855305512746173
EVS: 0.6662376598020168
