Model: GRU
MSE: 2713.685293501856
MAE: 51.95575727735247
EVS: -0.23936607177548752
