Model: GRU
MSE: 14.631257474651603
MAE: 3.1815226320654917
EVS: 0.6753885539133689
