Model: GRU
MSE: 14.672858679086934
MAE: 2.764214469168287
EVS: 0.6477420895806252
