Model: GRU
MSE: 11.939254891426046
MAE: 2.482998837331298
EVS: 0.6724165273765803
