Model: GRU
MSE: 393.3948340767782
MAE: 18.953365060378765
EVS: -0.03497250482192471
