Model: GRU
MSE: 4876.3286765781595
MAE: 69.56831959691542
EVS: -0.10806471141705032
