Model: GRU
MSE: 12.297666909276138
MAE: 2.705562873559583
EVS: 0.6716507612962503
