Model: GRU
MSE: 14.968483883089482
MAE: 2.7956485002759903
EVS: 0.6670139979520189
