Model: GRU
MSE: 0.7182157781924389
MAE: 0.6647991521017892
EVS: 0.9467155127946152
