Model: GRU
MSE: 14.384364423635315
MAE: 2.7938859122140065
EVS: 0.014647719256245084
