Model: GRU
MSE: 7.947841404363569
MAE: 2.0632780151120547
EVS: 0.7868703474293431
