Model: GRU
MSE: 15.690048491231604
MAE: 3.0061046301319614
EVS: 0.6553373449741899
