Model: GRU
MSE: 9.444917589635779
MAE: 2.413818693417927
EVS: 0.7451735086694662
