Model: GRU
MSE: 5.15856063030614
MAE: 1.619730492599872
EVS: 0.7628521906660969
