Model: GRU
MSE: 7.327537986479017
MAE: 1.9707566897416937
EVS: 0.7890513801917418
