Model: GRU
MSE: 13.49519439513287
MAE: 2.921531043631246
EVS: 0.6622812737866195
