Model: GRU
MSE: 12.421345083119583
MAE: 2.813619261403238
EVS: 0.6707308444495986
