Model: GRU
MSE: 617.1905227038077
MAE: 24.171044668069662
EVS: -7.14093212528244e-05
