Model: GRU
MSE: 7.1626506305922515
MAE: 1.8739330346728194
EVS: 0.7885046572596025
