Model: GRU
MSE: 1.4147327042808986
MAE: 0.8963948431469145
EVS: 0.881708746401809
