Model: GRU
MSE: 17.052674727736743
MAE: 3.356866963704427
EVS: 0.5320139787908753
