Model: GRU
MSE: 20.690403707950708
MAE: 3.69068375314985
EVS: 0.5107531274952757
