Model: GRU
MSE: 2593.899779165345
MAE: 50.54845788138253
EVS: 0.0033506374396410354
