Model: GRU
MSE: 16.987631621242798
MAE: 3.1854233741760254
EVS: 0.4190528297285415
