Model: GRU
MSE: 16.681636023662573
MAE: 3.453186551078421
EVS: 0.53149807946805
