Model: GRU
MSE: 30.195137497292063
MAE: 4.31924037138621
EVS: -1.5342980440654546
