Model: GRU
MSE: 533.2251637785365
MAE: 22.221119219916208
EVS: -0.014493434200331778
