Model: GRU
MSE: 15.234575116342283
MAE: 3.013378377755483
EVS: 0.4252618464043112
