Model: GRU
MSE: 20.81721234709481
MAE: 3.645566671235221
EVS: 0.5070049083374292
