Model: GRU
MSE: 28.88829701982803
MAE: 4.758049468199412
EVS: -0.0008494057484487172
