Model: GRU
MSE: 754.3375389047642
MAE: 26.806651306152343
EVS: 0.08081801295281599
