Model: GRU
MSE: 18.385315972077873
MAE: 3.1392290047236853
EVS: 0.5362447274734274
