Model: GRU
MSE: 19.67147418866355
MAE: 3.4805535452706473
EVS: 0.532401065485764
