Model: GRU
MSE: 15.173843794625466
MAE: 3.118089568858244
EVS: 0.48244916351932243
