Model: GRU
MSE: 27.579635937863756
MAE: 4.273137774960748
EVS: 0.07248181868471837
