Model: GRU
MSE: 19.899898664680798
MAE: 3.6741258450916834
EVS: 0.5476490092774631
