Model: GRU
MSE: 7325.965132549938
MAE: 85.3436640058245
EVS: -0.09105867554694203
