Model: GRU
MSE: 7266.383848350064
MAE: 81.87086479031309
EVS: -18.27288804025353
