Model: GRU
MSE: 17.73332800033597
MAE: 3.7064680809877357
EVS: 0.5242438520478812
