Model: GRU
MSE: 17.554834202831323
MAE: 3.0245793001992363
EVS: 0.5485395430023329
