Model: GRU
MSE: 15.418843565589349
MAE: 3.071928600470225
EVS: 0.5201101490541391
