Model: GRU
MSE: 19.367520439300684
MAE: 3.5434547764914375
EVS: 0.543846881973226
