Model: GRU
MSE: 19.54969712233835
MAE: 3.5822095530373708
EVS: 0.5377828240642898
