Model: GRU
MSE: 14.444117779562186
MAE: 2.9703305373757574
EVS: 0.4364629168984294
