Model: GRU
MSE: 16.592295590806746
MAE: 3.0545743703842163
EVS: 0.43843245783767826
