Model: GRU
MSE: 14.426489611743369
MAE: 3.031184380171729
EVS: 0.5621071535125086
