Model: GRU
MSE: 15.086914632377148
MAE: 2.9874390101028703
EVS: 0.423695948578229
