Model: GRU
MSE: 17.85049433286851
MAE: 3.1645011697496686
EVS: 0.540923811779868
