Model: GRU
MSE: 115.09225530635389
MAE: 10.096020426068987
EVS: -4.465836578600275
