Model: GRU
MSE: 79.80481787991494
MAE: 8.91790246963501
EVS: 0.7241665780072708
