Model: GRU
MSE: 22.835372100396615
MAE: 3.4848371914454868
EVS: 0.3953810094785154
