Model: GRU
MSE: 19.428047453653647
MAE: 3.3642979758126397
EVS: 0.5155077915230892
