Model: GRU
MSE: 17.704320050271406
MAE: 2.9717879942485266
EVS: 0.5446847279185165
