Model: GRU
MSE: 25.421676633938375
MAE: 4.314521026611328
EVS: 0.45699231031108745
