Model: GRU
MSE: 19.549696922328582
MAE: 3.5822094917297362
EVS: 0.5377828164477468
