Model: GRU
MSE: 70.6908816942336
MAE: 7.865232610702515
EVS: 0.11039344895269221
