Model: GRU
MSE: 700.2410559901473
MAE: 25.93015512926825
EVS: -0.015559464391888156
