Model: GRU
MSE: 16.274274127163256
MAE: 2.8766938944657645
EVS: 0.602200943841749
