Model: GRU
MSE: 10.308208520149446
MAE: 2.3896023772913835
EVS: 0.755907067533613
