Model: GRU
MSE: 16.271961429495175
MAE: 3.1951439549183025
EVS: 0.636369167511063
