Model: GRU
MSE: 797.5562537616651
MAE: 27.48172634273934
EVS: -0.09982188354707322
