Model: GRU
MSE: 16.377326070949504
MAE: 3.083804026052549
EVS: 0.6096402704698899
