Model: GRU
MSE: 9.805701458931114
MAE: 2.1755246236210777
EVS: 0.7363562074902947
