Model: GRU
MSE: 13.92629480671536
MAE: 3.009712507395909
EVS: 0.7223049994354506
