Model: GRU
MSE: 13.020014877910818
MAE: 2.549053642930103
EVS: 0.7057128198537995
