Model: GRU
MSE: 16.12469121244483
MAE: 3.1264242389399532
EVS: 0.6151291897275979
