Model: GRU
MSE: 16.32358899833559
MAE: 3.2187898485202355
EVS: 0.6066264146987634
