Model: GRU
MSE: 10.08449884095197
MAE: 2.3194207253127264
EVS: 0.7621632772529163
