Model: GRU
MSE: 18.342728621933425
MAE: 3.3816897233327228
EVS: 0.5639583801843131
