Model: GRU
MSE: 20.368254123352195
MAE: 3.654232972746442
EVS: 0.5898858586062361
