Model: GRU
MSE: 0.2997062455263838
MAE: 0.4013561910512496
EVS: 0.990661769129375
