Model: GRU
MSE: 42.599697193942795
MAE: 5.790740756330819
EVS: 0.0004361830319774551
