Model: GRU
MSE: 9375.526340111419
MAE: 94.06429699864881
EVS: -11.489544854649184
