Model: GRU
MSE: 23.845039735804544
MAE: 4.051395525251116
EVS: 0.3645064684064493
