Model: GRU
MSE: 16.874709382520862
MAE: 3.2188604616349745
EVS: 0.6095348909962437
