Model: GRU
MSE: 16.398253975057635
MAE: 3.1388882029170806
EVS: 0.6021224989192174
