Model: GRU
MSE: 647.9323949747002
MAE: 25.238701327093715
EVS: 0.0782804879339597
