Model: GRU
MSE: 3.3042760527246013
MAE: 1.4342417552553375
EVS: 0.7218241602957425
