Model: GRU
MSE: 2.516079725041828
MAE: 1.2355043805878738
EVS: 0.7912629386275182
