Model: GRU
MSE: 50.403812352663536
MAE: 6.433140524502458
EVS: 0.023935815735391386
