Model: GRU
MSE: 453.0349257428313
MAE: 20.967729042316304
EVS: -0.1280394186935523
