Model: GRU
MSE: 20.123642471906162
MAE: 4.26044802830137
EVS: 0.05100113597907263
