Model: GRU
MSE: 3.006906547191976
MAE: 1.4323709915424216
EVS: 0.7724618215429921
