Model: GRU
MSE: 15.581078236793395
MAE: 3.6242610832740523
EVS: 0.7653939520980249
