Model: GRU
MSE: 13.3776656046762
MAE: 3.3292014516633133
EVS: 0.7638230881939512
