Model: GRU
MSE: 3.6600878169243076
MAE: 1.6497854364329372
EVS: 0.7892761992785077
