Model: GRU
MSE: 3.5683450310891267
MAE: 1.6314524288835197
EVS: 0.7806785049692311
