Model: GRU
MSE: 3.368955709270008
MAE: 1.5931257050612877
EVS: 0.7966353922629538
