Model: GRU
MSE: 3.8691927098938055
MAE: 1.7197539230872845
EVS: 0.7905030663957725
