Model: GRU
MSE: 3.0108575280648187
MAE: 1.4473639521105537
EVS: 0.7912535964175407
