Model: GRU
MSE: 6.7838606603794185
MAE: 2.293068195211476
EVS: 0.7722567696809131
