Model: GRU
MSE: 2.287536856242217
MAE: 1.279604484295023
EVS: 0.8225838785358427
