Model: GRU
MSE: 2.831555607033492
MAE: 1.3180762981546337
EVS: 0.763283675903317
