Model: GRU
MSE: 3.838503302381053
MAE: 1.6950036410627694
EVS: 0.7480903739905179
