Model: GRU
MSE: 7.990969562295621
MAE: 2.527784594174089
EVS: 0.766387243071766
