Model: GRU
MSE: 3.1376258287126766
MAE: 1.263285702672498
EVS: 0.7833059521058234
