Model: GRU
MSE: 3.8286279730464114
MAE: 1.68399977684021
EVS: 0.7751049541346243
