Model: GRU
MSE: 2.9963514350290468
MAE: 1.3279720996988231
EVS: 0.7633522140526717
