Model: GRU
MSE: 2.724191255725827
MAE: 1.350471940533868
EVS: 0.7856491261817087
