Model: GRU
MSE: 4.125066220686457
MAE: 1.7734396375458816
EVS: 0.7856282251615634
