Model: GRU
MSE: 3.510583612544953
MAE: 1.5923254243258773
EVS: 0.7416064313694916
