Model: GRU
MSE: 3.828968049950461
MAE: 1.6753919042389969
EVS: 0.7691900792501003
