Model: GRU
MSE: 2.7030097178955557
MAE: 1.3347919069487473
EVS: 0.7770959753673155
