Model: GRU
MSE: 2.6619191872667463
MAE: 1.2952498731942013
EVS: 0.7794708912143079
