Model: GRU
MSE: 2.5648968553214293
MAE: 1.1949747513080466
EVS: 0.789129810728421
