Model: GRU
MSE: 4.228411904546317
MAE: 1.8374461798832333
EVS: 0.784912974824453
