Model: GRU
MSE: 4.305304355701279
MAE: 1.8297227168905323
EVS: 0.8105379115487763
