Model: GRU
MSE: 4.4523540992085895
MAE: 1.8466450756993786
EVS: 0.7695557189210135
