Model: GRU
MSE: 9.691288676299983
MAE: 2.824401452623565
EVS: 0.7452919369754062
