Model: GRU
MSE: 5.018504639247081
MAE: 2.016833338244208
EVS: 0.7996677527064675
