Model: GRU
MSE: 3.9090069132973975
MAE: 1.7259652861233414
EVS: 0.7764253092495212
