Model: GRU
MSE: 3.4933878396971774
MAE: 1.6293513692658523
EVS: 0.7596017531401157
