Model: GRU
MSE: 4.9065847795659465
MAE: 1.987005085780703
EVS: 0.8055314753268921
