Model: GRU
MSE: 2.3343493847203884
MAE: 1.095368845709439
EVS: 0.8158245150496516
