Model: GRU
MSE: 2.995385438481113
MAE: 1.4679733473679115
EVS: 0.7788696690595946
