Model: GRU
MSE: 9.273848172417251
MAE: 2.733357807685589
EVS: 0.7431530557313557
