Model: GRU
MSE: 7.195286548488114
MAE: 2.3831215398064973
EVS: 0.7712570706683924
