Model: GRU
MSE: 26.032242763766213
MAE: 4.683396997122929
EVS: 0.0044499132583025736
