Model: GRU
MSE: 5.109327340474014
MAE: 2.027448497969529
EVS: 0.8234609344668933
