Model: GRU
MSE: 2.7383911857827394
MAE: 1.217991878246439
EVS: 0.7811881668693821
