Model: GRU
MSE: 2.4515540661017248
MAE: 1.1405348284491177
EVS: 0.7959997359700454
