Model: GRU
MSE: 3.5716492083709626
MAE: 1.6763777897275727
EVS: 0.7963494586591533
