Model: GRU
MSE: 2.481468875717084
MAE: 1.242474260001347
EVS: 0.7937665771784475
