Model: GRU
MSE: 21.516195940185472
MAE: 4.302956679771686
EVS: -2.220446049250313e-16
