Model: GRU
MSE: 4.483826813711638
MAE: 1.5961804883233432
EVS: 0.7839313776836674
