Model: GRU
MSE: 2.722630811385113
MAE: 1.2209276659735318
EVS: 0.7843552167964744
