Model: GRU
MSE: 2.8729963605617397
MAE: 1.4339407805738777
EVS: 0.7977358748574133
