Model: GRU
MSE: 3.0943430069205684
MAE: 1.338766229563746
EVS: 0.7702749722137419
