Model: GRU
MSE: 16.79951854477575
MAE: 3.753305829804519
EVS: -2.220446049250313e-16
