Model: GRU
MSE: 3.4010398357714333
MAE: 1.3098417150563206
EVS: 0.8039455940341746
