Model: GRU
MSE: 392.02415691101424
MAE: 19.47754848414454
EVS: -0.06569453854209328
