Model: GRU
MSE: 11.669574815893238
MAE: 3.1502164890026223
EVS: 0.7770028876702075
