Model: GRU
MSE: 2.7493752842127797
MAE: 1.218397173388251
EVS: 0.776102705397701
