Model: GRU
MSE: 4.958159270497132
MAE: 1.6608527611041892
EVS: 0.7912949411166592
