Model: GRU
MSE: 4.721912133168236
MAE: 1.9219718637137577
EVS: 0.7535831579628534
