Model: GRU
MSE: 2.538387720684834
MAE: 1.1675449239796605
EVS: 0.7973285548657203
