Model: GRU
MSE: 4.161602455046191
MAE: 1.7332979317369133
EVS: 0.7759612492024919
