Model: GRU
MSE: 4.102196717754827
MAE: 1.7763057083919132
EVS: 0.8026547359125805
