Model: GRU
MSE: 2.678578505865469
MAE: 1.368488229554275
EVS: 0.7865549813600992
