Model: GRU
MSE: 7.035079960292776
MAE: 2.3890076341300177
EVS: 0.7852091315715082
