Model: GRU
MSE: 8.668436052552822
MAE: 2.6401713141079606
EVS: 0.8013943304139326
