Model: GRU
MSE: 8.828798370987732
MAE: 2.7139183570598733
EVS: 0.7580566258701527
