Model: GRU
MSE: 2.7228241967176947
MAE: 1.3461122101750866
EVS: 0.7971960994200561
