Model: GRU
MSE: 4.4323696787296285
MAE: 1.8538004447673928
EVS: 0.79794279287536
