Model: GRU
MSE: 4.213961268982436
MAE: 1.8024120988516972
EVS: 0.7922476495969799
