Model: GRU
MSE: 3.173930154684438
MAE: 1.586680683596381
EVS: 0.7897787960367908
