Model: GRU
MSE: 9.641026177628286
MAE: 2.8051556225480705
EVS: 0.7661121880206669
