Model: GRU
MSE: 3.796036074744106
MAE: 1.41553546642435
EVS: 0.7639658885781777
