Model: GRU
MSE: 3.308156410059359
MAE: 1.5738834348218194
EVS: 0.78777314041213
