Model: GRU
MSE: 4.687017255737346
MAE: 1.9225776688805942
EVS: 0.794781317889596
