Model: GRU
MSE: 8.536019780458822
MAE: 2.6358244008031386
EVS: 0.8013134890429902
