Model: GRU
MSE: 4.187638011861022
MAE: 1.5400995057204674
EVS: 0.7973179513925285
