Model: GRU
MSE: 3.3976954183288495
MAE: 1.579735410624537
EVS: 0.7984694992699393
