Model: GRU
MSE: 1400.2608185030217
MAE: 37.239496362620386
EVS: -0.13574527032897632
