Model: GRU
MSE: 3870.9558153163816
MAE: 62.1069371453647
EVS: -0.1528853829289618
