Model: GRU
MSE: 3.0235537228147753
MAE: 1.4384559598462334
EVS: 0.7508088476508155
