Model: GRU
MSE: 2.447988533010441
MAE: 1.1510900464551201
EVS: 0.8073229400304034
