Model: GRU
MSE: 3.168311549184636
MAE: 1.2458101963174755
EVS: 0.7798441384840616
