Model: GRU
MSE: 2.771923326169238
MAE: 1.3590414606291672
EVS: 0.7943351940364509
