Model: GRU
MSE: 4.985056665635849
MAE: 1.9619276770229996
EVS: 0.7950899670717506
