Model: GRU
MSE: 3.829169007038582
MAE: 1.677210256971162
EVS: 0.7853688737357967
