Model: GRU
MSE: 2617.2221144108034
MAE: 51.02701160825532
EVS: -0.13452125761601796
