Model: GRU
MSE: 2.783582448263336
MAE: 1.3752831097306877
EVS: 0.7669857055724276
