Model: GRU
MSE: 2.7876397995788027
MAE: 1.4194360108211124
EVS: 0.8168470507306602
