Model: GRU
MSE: 3.1418956340683595
MAE: 1.2900281610160038
EVS: 0.8058643222400188
