Model: GRU
MSE: 3.5348619958416556
MAE: 1.4158611626460635
EVS: 0.7428623980605342
