Model: GRU
MSE: 3.514794280872373
MAE: 1.3599840032643284
EVS: 0.807502055089469
