Model: GRU
MSE: 340.5090238614835
MAE: 18.13431414345215
EVS: 0.018014758477208903
