Model: GRU
MSE: 2.9682295175851254
MAE: 1.3769300066191574
EVS: 0.7516573982169013
