Model: GRU
MSE: 2.412288636159756
MAE: 1.3040817359398151
EVS: 0.8172115292449152
