Model: GRU
MSE: 2.887435399200967
MAE: 1.3043364656382594
EVS: 0.7660613767348529
