Model: GRU
MSE: 7.885978941776635
MAE: 2.477388858795166
EVS: 0.7323169176902722
