Model: GRU
MSE: 2.3374026577961837
MAE: 1.1743983400279079
EVS: 0.8035427663550163
