Model: GRU
MSE: 10.011634204740874
MAE: 2.8461977860023238
EVS: 0.5465889454142472
