Model: GRU
MSE: 10.46827891644838
MAE: 2.944885492324829
EVS: 0.7727514101940731
