Model: GRU
MSE: 392.410028595813
MAE: 19.447529560533063
EVS: -0.19664871111350246
