Model: GRU
MSE: 6.3480943668665795
MAE: 2.2633255267965384
EVS: 0.7910742435227639
