Model: GRU
MSE: 3.463074222195449
MAE: 1.3930367601328884
EVS: 0.7213146093657725
