Model: GRU
MSE: 2.495384452059993
MAE: 1.224442218912059
EVS: 0.7926198427722068
