Model: GRU
MSE: 2.516553609695032
MAE: 1.1954268915899868
EVS: 0.7886549248688937
