Model: GRU
MSE: 869.2554878653093
MAE: 28.142529027215367
EVS: -5.50857609403127
