Model: GRU
MSE: 2.8533749464613245
MAE: 1.3279295789784398
EVS: 0.7611605054079498
