Model: GRU
MSE: 411.5120917489358
MAE: 19.970295363459094
EVS: -0.06991821130133569
