Model: GRU
MSE: 2.884902336072941
MAE: 1.4489586928795124
EVS: 0.8003562689293845
