Model: GRU
MSE: 4.302207927034652
MAE: 1.8103776142514985
EVS: 0.7726932059302506
