Model: GRU
MSE: 6.937647898863192
MAE: 2.373398016239035
EVS: 0.7535218276282899
