Model: GRU
MSE: 2.365084865481235
MAE: 1.2807538920435413
EVS: 0.8142646922774541
