Model: GRU
MSE: 2.430181238023786
MAE: 1.2576362922273834
EVS: 0.8004058794114606
