Model: GRU
MSE: 3.9267975276768223
MAE: 1.7206683816580937
EVS: 0.7692788632652997
