Model: GRU
MSE: 2.701763486081541
MAE: 1.3355789842276737
EVS: 0.7822898939683722
