Model: GRU
MSE: 2.5789707014710617
MAE: 1.2792611944264378
EVS: 0.7899590715710827
