Model: GRU
MSE: 4.691438500972081
MAE: 1.9031074622581745
EVS: 0.7751748210641589
