Model: GRU
MSE: 2.4140929988377513
MAE: 1.2594415237163674
EVS: 0.8134337268585845
