Model: GRU
MSE: 2.8249756418366623
MAE: 1.26877603859737
EVS: 0.7833099031313657
