Model: GRU
MSE: 2.454702378879589
MAE: 1.2366668109236092
EVS: 0.7974597188462413
