Model: GRU
MSE: 2.775342551494304
MAE: 1.2557063431575382
EVS: 0.7738009599685491
