Model: GRU
MSE: 3459.2054412969505
MAE: 58.672626955755824
EVS: -0.40935056824332294
