Model: GRU
MSE: 6.596958932419503
MAE: 2.271898335423963
EVS: 0.811687128035268
