Model: GRU
MSE: 376.5402434614571
MAE: 19.072862822433997
EVS: -0.07554206821094334
