Model: GRU
MSE: 718.3375535068418
MAE: 26.519411366561364
EVS: -0.26866115031638715
