Model: GRU
MSE: 3.1508016851962406
MAE: 1.4027742846258755
EVS: 0.7351682386400445
