Model: GRU
MSE: 2.8235474109377683
MAE: 1.2515796135211814
EVS: 0.8278719151100477
