Model: GRU
MSE: 3.1116768438022637
MAE: 1.5283240449839626
EVS: 0.7899966655693472
