Model: GRU
MSE: 9.618995657675484
MAE: 2.815419649255687
EVS: 0.7850467289333112
