Model: GRU
MSE: 4.03754480818327
MAE: 1.7353347498795082
EVS: 0.7870421439497156
