Model: GRU
MSE: 4.981477469501192
MAE: 1.6514842921289905
EVS: 0.7620395069803819
