Model: GRU
MSE: 3.553053664153077
MAE: 1.6336638845246414
EVS: 0.7714340763200689
