Model: GRU
MSE: 2.2706913653543053
MAE: 1.1911489552464978
EVS: 0.8103954360191089
