Model: GRU
MSE: 14.056450775439927
MAE: 3.3036747307612977
EVS: -0.005502825488630458
