Model: GRU
MSE: 4.314198779013811
MAE: 1.8365197839408085
EVS: 0.804067385628696
