Model: GRU
MSE: 2.549405101438992
MAE: 1.215110918571209
EVS: 0.7853383932472051
