Model: GRU
MSE: 2.8697932434001494
MAE: 1.2222015939909836
EVS: 0.7877483048060689
