Model: GRU
MSE: 6.605355211980686
MAE: 2.3207109221096696
EVS: 0.7886201082847658
