Model: GRU
MSE: 2.7139657222469706
MAE: 1.292401774176236
EVS: 0.7730551924001964
