Model: GRU
MSE: 5.593184972845055
MAE: 2.1095034500648238
EVS: 0.8020068620985693
