Model: GRU
MSE: 13.276435567578165
MAE: 3.345731357048298
EVS: 0.782006469775334
