Model: GRU
MSE: 2.745080508417945
MAE: 1.3958270631987473
EVS: 0.8021260288060661
