Model: GRU
MSE: 1579.6829798785616
MAE: 39.46411889174889
EVS: -0.8759255959539449
