Model: GRU
MSE: 2.123177352802964
MAE: 1.087185053989805
EVS: 0.8230006042480575
