Model: GRU
MSE: 14.323685251188236
MAE: 3.4837503104374328
EVS: 0.7298300277781472
