Model: GRU
MSE: 7.1283489411961725
MAE: 2.2592762256490775
EVS: 0.8188730626419202
