Model: GRU
MSE: 2.92444345466552
MAE: 1.273096725858491
EVS: 0.7596984856910599
