Model: GRU
MSE: 2.661405408323738
MAE: 1.1584480137660587
EVS: 0.7777553331342719
