Model: GRU
MSE: 441.79241977825137
MAE: 20.708567968730268
EVS: -0.09083211712349182
