Model: GRU
MSE: 3.650337038101129
MAE: 1.6795720231944118
EVS: 0.7854537267632273
