Model: GRU
MSE: 3.754780621840437
MAE: 1.6859277692334405
EVS: 0.793978677466668
