Model: GRU
MSE: 5.060144600337672
MAE: 2.0007216930389404
EVS: 0.7687384649985738
