Model: GRU
MSE: 2.4742767856741446
MAE: 1.3108939960085113
EVS: 0.7949713976253706
