Model: GRU
MSE: 346.30125691681593
MAE: 18.264526564499427
EVS: -0.07067068157584222
