Model: GRU
MSE: 3.4298510202991497
MAE: 1.3384321969130943
EVS: 0.7583297877856725
