Model: GRU
MSE: 6.853165226084786
MAE: 2.345854775658969
EVS: 0.7561896067021938
