Model: GRU
MSE: 2.6872936488014143
MAE: 1.3632875968670022
EVS: 0.7769512417290034
