Model: GRU
MSE: 21.196758464198048
MAE: 4.270769579657193
EVS: -2.220446049250313e-16
