Model: GRU
MSE: 3.1964943338381593
MAE: 1.5187482011729274
EVS: 0.792738841168935
