Model: GRU
MSE: 13.903676382078944
MAE: 3.352569843160695
EVS: 0.09249322297944274
