Model: GRU
MSE: 3.348180107943178
MAE: 1.3808520086880387
EVS: 0.7641891054575931
