Model: GRU
MSE: 4.884049185621029
MAE: 1.933905157549628
EVS: 0.7487392173549132
