Model: GRU
MSE: 2.9134934923027638
MAE: 1.4602436032788506
EVS: 0.8026370447960487
