Model: GRU
MSE: 2.5596154722866697
MAE: 1.287583088052684
EVS: 0.7884437370344204
