Model: GRU
MSE: 4.052570323764849
MAE: 1.7526724667384708
EVS: 0.7705847713054687
