Model: GRU
MSE: 6.774256786915685
MAE: 2.28959164948299
EVS: 0.7521435325414256
