Model: GRU
MSE: 3.541931323410922
MAE: 1.6126674783640895
EVS: 0.7936910100933545
