Model: GRU
MSE: 2.1104551768246513
MAE: 1.0963716178104794
EVS: 0.8222050986757725
