Model: GRU
MSE: 2.783987398523534
MAE: 1.2431410427751213
EVS: 0.7921324131937612
