Model: GRU
MSE: 3.313602728281819
MAE: 1.3355088727227573
EVS: 0.787838609504014
