Model: GRU
MSE: 3.0000465305722432
MAE: 1.4942819414467647
EVS: 0.7942486653380373
