Model: GRU
MSE: 500.44309816306975
MAE: 22.040718629442413
EVS: -0.2342406779583357
