Model: GRU
MSE: 425.16884601934703
MAE: 20.273387510201026
EVS: -0.1928559898380635
