Model: GRU
MSE: 9.667855718970799
MAE: 2.5872193166187833
EVS: 0.630538597875668
