Model: GRU
MSE: 3.574185138161628
MAE: 1.3812580273069184
EVS: 0.7644022248717273
