Model: GRU
MSE: 2.407225692482421
MAE: 1.1665243198131692
EVS: 0.7977474603926309
