Model: GRU
MSE: 8413.662131346491
MAE: 91.51226464633284
EVS: -2.299848239957209
