Model: GRU
MSE: 3.1004851429557703
MAE: 1.5167488722965634
EVS: 0.7845576068767727
