Model: GRU
MSE: 5.909092317715069
MAE: 2.1817789735465216
EVS: 0.7731862077365942
