Model: GRU
MSE: 2.473709514871902
MAE: 1.2225434533480941
EVS: 0.7919365820980295
