Model: GRU
MSE: 16.85088254116347
MAE: 3.7604664769665948
EVS: -2.220446049250313e-16
