Model: GRU
MSE: 2.9435046200932886
MAE: 1.4588240097308982
EVS: 0.8114999978374366
