Model: GRU
MSE: 2.6943508978504345
MAE: 1.213349983609956
EVS: 0.7881709724099966
