Model: GRU
MSE: 4.840207650653768
MAE: 1.9405421881840146
EVS: 0.7633900142059356
