Model: GRU
MSE: 3.6807594454927965
MAE: 1.3911291155321845
EVS: 0.7468733564020449
