Model: GRU
MSE: 3.2979862407063876
MAE: 1.5607614517211914
EVS: 0.7614844396518581
