Model: GRU
MSE: 2.5710430382945564
MAE: 1.2417344635930554
EVS: 0.7844457888411063
