Model: GRU
MSE: 4.037502581588639
MAE: 1.7192050177475502
EVS: 0.7774495577526813
