Model: GRU
MSE: 2.8268017297012165
MAE: 1.2644684479154389
EVS: 0.7675841255086477
