Model: GRU
MSE: 4.866889519306785
MAE: 1.9337958631844356
EVS: 0.7900385839373265
