Model: GRU
MSE: 14.681123586279039
MAE: 3.517898411586367
EVS: 0.7673835923068728
