Model: GRU
MSE: 2.3598653148190833
MAE: 1.133179598841174
EVS: 0.8022593647065861
