Model: GRU
MSE: 4.193456019755809
MAE: 1.799180507659912
EVS: 0.7933529125873335
