Model: GRU
MSE: 2.454141545780128
MAE: 1.2293520549248005
EVS: 0.7984732167496946
