Model: GRU
MSE: 6.193553625581554
MAE: 2.197783355055184
EVS: 0.788291127829022
