Model: GRU
MSE: 2.688670413863637
MAE: 1.3675512116530846
EVS: 0.7975646992858365
