Model: GRU
MSE: 2.965864032652054
MAE: 1.4576416673331425
EVS: 0.757038833481751
