Model: GRU
MSE: 2.970833294362474
MAE: 1.2116823525264346
EVS: 0.7739520307558829
