Model: GRU
MSE: 12.115660831693763
MAE: 2.8675076221597604
EVS: 0.0025723969870201646
