Model: GRU
MSE: 2.673420260291052
MAE: 1.2675831482328217
EVS: 0.7781705802538478
