Model: GRU
MSE: 3.444731168195388
MAE: 1.576681005543676
EVS: 0.7763433073270093
