Model: GRU
MSE: 3.1841335317102324
MAE: 1.3192933510089744
EVS: 0.7880083360378256
