Model: GRU
MSE: 2.978737655583966
MAE: 1.2417301309519801
EVS: 0.7910684927915392
