Model: GRU
MSE: 2.924499362813423
MAE: 1.4189197934907058
EVS: 0.7668574417111479
