Model: GRU
MSE: 2.9854635729753083
MAE: 1.3388590319403286
EVS: 0.7613034320790784
