Model: GRU
MSE: 4.418087255606718
MAE: 1.8288561722327923
EVS: 0.7658472965810468
