Model: GRU
MSE: 13289.947526676877
MAE: 115.23054293928475
EVS: 0.0
