Model: GRU
MSE: 4.48771736411505
MAE: 1.8860470673133587
EVS: 0.7901777678242402
