Model: GRU
MSE: 10.092273870058511
MAE: 2.547594481501086
EVS: 0.16253016912198393
