Model: GRU
MSE: 3.258915018683865
MAE: 1.531774981268521
EVS: 0.8026881636956569
