Model: GRU
MSE: 3.6873793088806144
MAE: 1.6510072494375294
EVS: 0.803820487961167
