Model: GRU
MSE: 2.8291338709815164
MAE: 1.29223659120757
EVS: 0.7904084289146642
