Model: GRU
MSE: 2.533943819686528
MAE: 1.3342969417572021
EVS: 0.8096636857221207
