Model: GRU
MSE: 424.41644026188965
MAE: 20.229195767435534
EVS: -0.2802626988081167
