Model: GRU
MSE: 2.973854408959145
MAE: 1.4954629519890095
EVS: 0.7841053828574285
