Model: GRU
MSE: 3.795736164716549
MAE: 1.687078936346646
EVS: 0.7846089884553802
