Model: GRU
MSE: 486.98833878907493
MAE: 21.812422365977845
EVS: 0.055851657109436736
