Model: GRU
MSE: 6.097774136097644
MAE: 2.1903006619420546
EVS: 0.785269734462394
