Model: GRU
MSE: 3.2068207934511563
MAE: 1.2958200060088059
EVS: 0.7718571403722662
