Model: GRU
MSE: 3.717189083884011
MAE: 1.6658197189199513
EVS: 0.762100473268351
