Model: GRU
MSE: 2.971824774716894
MAE: 1.2786298455863163
EVS: 0.7817609033149141
