Model: GRU
MSE: 6.72621890975106
MAE: 1.5858680316380092
EVS: 0.6544712772719441
