Model: GRU
MSE: 4.222211530767913
MAE: 1.805720247071365
EVS: 0.7926558909868302
