Model: GRU
MSE: 2.9184508218058047
MAE: 1.4495334131964321
EVS: 0.7949130156489629
