Model: GRU
MSE: 4.423883482056406
MAE: 1.8918524446158573
EVS: 0.7902815579691644
