Model: GRU
MSE: 3.0267285701560587
MAE: 1.365200371577822
EVS: 0.7481778082154914
