Model: GRU
MSE: 2.8799256999746543
MAE: 1.4601707787349307
EVS: 0.7983288335817172
