Model: GRU
MSE: 2.6857187372815567
MAE: 1.3664595998566726
EVS: 0.7977974773119186
