Model: GRU
MSE: 12.402767118195369
MAE: 3.2155325166110336
EVS: 0.7654026222676692
