Model: GRU
MSE: 393.8268960730103
MAE: 19.506855471380824
EVS: -0.12131808627259888
