Model: GRU
MSE: 2.370157968020603
MAE: 1.1847800961856185
EVS: 0.8012187756443098
