Model: GRU
MSE: 426.841922930095
MAE: 20.28804538989889
EVS: -0.2837218437411635
