Model: GRU
MSE: 4.42517758714388
MAE: 1.8468680546201508
EVS: 0.7910278577220986
