Model: GRU
MSE: 5.823546065705919
MAE: 2.1230459706536653
EVS: 0.7956038057238328
