Model: GRU
MSE: 2.7273522903345198
MAE: 1.2488072165127457
EVS: 0.7742897828542703
