Model: GRU
MSE: 1185.1728412400835
MAE: 34.2281347143239
EVS: -0.14643704760832077
