Model: GRU
MSE: 4.6744489412693415
MAE: 1.8821423464807971
EVS: 0.78432222144067
