Model: GRU
MSE: 5.852134489706447
MAE: 2.159243715220484
EVS: 0.7864275270183853
