Model: GRU
MSE: 3.222850187046349
MAE: 1.5371217727661133
EVS: 0.7931835872588932
