Model: GRU
MSE: 2.8836430012919823
MAE: 1.355585714866375
EVS: 0.7618462438959898
