Model: GRU
MSE: 2.5719830036397644
MAE: 1.3029162308265423
EVS: 0.8037838699961057
