Model: GRU
MSE: 3.526208008814733
MAE: 1.3658122687504208
EVS: 0.7534447694116043
