Model: GRU
MSE: 3.2863498903948156
MAE: 1.5573517043015053
EVS: 0.7917095548957501
