Model: GRU
MSE: 3.2377978290804816
MAE: 1.5590214071602657
EVS: 0.7847920364316359
