Model: GRU
MSE: 4.011175544480732
MAE: 1.723020602916849
EVS: 0.7575950097483185
