Model: GRU
MSE: 14.678724841177647
MAE: 3.3041428861946893
EVS: -0.12749451016699598
