Model: GRU
MSE: 5.332615889509247
MAE: 2.0374667726714035
EVS: 0.7745314940511472
