Model: GRU
MSE: 3.0216642657080763
MAE: 1.5013081287515575
EVS: 0.7935925111371347
