Model: GRU
MSE: 3.964474405705789
MAE: 1.4649929507025357
EVS: 0.6959196785858928
