Model: GRU
MSE: 19.99171121066892
MAE: 4.183025442320725
EVS: 0.7636449186394071
