Model: GRU
MSE: 5.673107519822427
MAE: 1.7238546404345283
EVS: 0.7015288192142906
