Model: GRU
MSE: 8.585140386386982
MAE: 2.6408181026064117
EVS: 0.7132308089984989
