Model: GRU
MSE: 2.194073120553882
MAE: 1.1325092151247222
EVS: 0.8162028175278846
