Model: GRU
MSE: 7.46664966626746
MAE: 2.4523002032575936
EVS: 0.7710063618646409
