Model: GRU
MSE: 3.032228169757821
MAE: 1.472452081482986
EVS: 0.7744049705664212
