Model: GRU
MSE: 3.9371253521668566
MAE: 1.7234248128430596
EVS: 0.7561745832534823
