Model: GRU
MSE: 14.31910448369785
MAE: 2.64263731857826
EVS: 0.2884342191304332
