Model: GRU
MSE: 8.25963339657776
MAE: 2.6087226703249176
EVS: 0.7779406217963368
