Model: GRU
MSE: 9.778053689040258
MAE: 2.8345274596378722
EVS: 0.7697614280494658
