Model: GRU
MSE: 2.964851201458918
MAE: 1.4925926800431877
EVS: 0.8151217218892997
