Model: GRU
MSE: 2.639535798700496
MAE: 1.2557630210087216
EVS: 0.7776998633450378
