Model: GRU
MSE: 1168.3673791849835
MAE: 33.939603871312634
EVS: -0.3876462713986315
