Model: GRU
MSE: 2.627712582708901
MAE: 1.2337505241920208
EVS: 0.7792570197957571
