Model: GRU
MSE: 4.742730659408427
MAE: 1.9036023699004074
EVS: 0.7677276497495912
