Model: GRU
MSE: 5.0045120922140365
MAE: 1.9953690890608162
EVS: 0.7804297679001337
