Model: GRU
MSE: 3.9550341735473387
MAE: 1.7476906776428223
EVS: 0.806808135817505
