Model: GRU
MSE: 775.3994023790741
MAE: 27.611315924545814
EVS: -0.09647707503332326
