Model: GRU
MSE: 3.976332233189451
MAE: 1.7838794774022595
EVS: 0.7893081968132134
