Model: GRU
MSE: 3.293308028555316
MAE: 1.5651816253004402
EVS: 0.7920580688320544
