Model: GRU
MSE: 2.731219175440832
MAE: 1.2525205118902798
EVS: 0.7699696285849956
