Model: GRU
MSE: 8.091593997835064
MAE: 2.5772417084924104
EVS: 0.8026599344415939
