Model: GRU
MSE: 4.40793267718987
MAE: 1.7965775111625935
EVS: 0.7817587058758008
