Model: GRU
MSE: 8.093744399637373
MAE: 2.049299667621481
EVS: 0.4755141799480075
