Model: GRU
MSE: 4.289423498839749
MAE: 1.8247964711024844
EVS: 0.7896884727977035
