Model: GRU
MSE: 2.8010111934827986
MAE: 1.379861173958614
EVS: 0.7790226109157327
