Model: GRU
MSE: 5.757667483198176
MAE: 1.567030688694545
EVS: 0.656245435755637
