Model: GRU
MSE: 5.66118903357958
MAE: 2.1246501001818427
EVS: 0.79444893451624
