Model: GRU
MSE: 2.3828665384181034
MAE: 1.1531994096164047
EVS: 0.8048967757891262
