Model: GRU
MSE: 2.61703599956779
MAE: 1.215445847346865
EVS: 0.7843865702273113
