Model: GRU
MSE: 16.126236989682937
MAE: 3.586645718278556
EVS: -0.002297913339858404
