Model: GRU
MSE: 8.96337432236836
MAE: 2.696119423570304
EVS: 0.7542280548051499
