Model: GRU
MSE: 2.9692228159807383
MAE: 1.2385868532904263
EVS: 0.7779891356679719
