Model: GRU
MSE: 3.875775805508777
MAE: 1.7071083331930226
EVS: 0.7873119626755226
