Model: GRU
MSE: 2.2081664114037864
MAE: 1.173088788986206
EVS: 0.8143879803711999
