Model: GRU
MSE: 27.156933214183105
MAE: 4.814494593390103
EVS: 0.038073718225125286
