Model: GRU
MSE: 2.310116909707301
MAE: 1.180551792013234
EVS: 0.8070763504797498
