Model: GRU
MSE: 3.831029039109471
MAE: 1.7217648604820515
EVS: 0.8119328418992061
