Model: GRU
MSE: 5.049626678249066
MAE: 2.007086186573423
EVS: 0.7638380195025313
