Model: GRU
MSE: 4.198500530476331
MAE: 1.4841105526891247
EVS: 0.7467284907345475
