Model: GRU
MSE: 3.0182143196048026
MAE: 1.4676470592104156
EVS: 0.7799329376609244
