Model: GRU
MSE: 3.0959664695662217
MAE: 1.4880958590014228
EVS: 0.7895321828320446
