Model: GRU
MSE: 441.80136507831224
MAE: 20.692463180114483
EVS: -0.14775954636174848
