Model: GRU
MSE: 2.970679163802358
MAE: 1.185984414199303
EVS: 0.7911724072620477
