Model: GRU
MSE: 2.3223323312817192
MAE: 1.117463884682491
EVS: 0.8044010477053819
