Model: GRU
MSE: 3.8965032333082394
MAE: 1.682432355551884
EVS: 0.823861072812718
