Model: GRU
MSE: 4.2039934237407826
MAE: 1.8111556480670798
EVS: 0.7772829054581141
