Model: GRU
MSE: 3.4544406665396377
MAE: 1.4874613778344516
EVS: 0.7130480253251155
