Model: GRU
MSE: 39.17092892043654
MAE: 5.225076872726967
EVS: -2.220446049250313e-16
