Model: GRU
MSE: 6.3156533374579515
MAE: 2.2195537665794633
EVS: 0.7602167989388483
