Model: GRU
MSE: 28.397208401444633
MAE: 4.98956716471705
EVS: -0.14920451590625827
