Model: GRU
MSE: 2.876423285281675
MAE: 1.254499682064714
EVS: 0.7672888817741224
