Model: GRU
MSE: 4.808739696376349
MAE: 1.9317981785741345
EVS: 0.7700111067219556
