Model: GRU
MSE: 2.897350424219768
MAE: 1.4538960456848145
EVS: 0.7925974189668277
