Model: GRU
MSE: 2.921827163465046
MAE: 1.3987956540337925
EVS: 0.7845989913587105
