Model: GRU
MSE: 3.290456097304114
MAE: 1.5518185188030373
EVS: 0.7812469152723129
