Model: GRU
MSE: 3.1256716722399496
MAE: 1.289138152681548
EVS: 0.765538959582218
