Model: GRU
MSE: 7.70533040506968
MAE: 2.5231987525676858
EVS: 0.7771985709341958
