Model: GRU
MSE: 2.801746011662136
MAE: 1.2963928683050747
EVS: 0.7650004839056876
