Model: GRU
MSE: 8.058580916281612
MAE: 2.5452008905081915
EVS: 0.8021475393231631
