Model: GRU
MSE: 370.5653984637556
MAE: 18.900526276950178
EVS: -0.12351019420452469
