Model: GRU
MSE: 2.175383501839178
MAE: 1.1522816789561305
EVS: 0.8208238348724287
