Model: GRU
MSE: 4.4705093732430194
MAE: 1.850185698476331
EVS: 0.7399198236120528
