Model: GRU
MSE: 2.0279422075293807
MAE: 1.082554241706585
EVS: 0.8291728826440825
