Model: GRU
MSE: 3.719004799833728
MAE: 1.725351646028716
EVS: 0.7810096966618307
