Model: GRU
MSE: 6.187413568795974
MAE: 1.9816703138680294
EVS: 0.7862056527645624
