Model: GRU
MSE: 6.756423316797142
MAE: 1.662092992237636
EVS: 0.6266551487918344
