Model: GRU
MSE: 2.6744887374133492
MAE: 1.1934571759454136
EVS: 0.7877567973600088
