Model: GRU
MSE: 449.62002706852377
MAE: 20.811126972066944
EVS: -0.3915514885809752
