Model: GRU
MSE: 2.9258536616787447
MAE: 1.4887635625641922
EVS: 0.7970405695403296
