Model: GRU
MSE: 3594.6353050660127
MAE: 59.7960955521156
EVS: -0.6059868430402029
