Model: GRU
MSE: 3.7126656511160774
MAE: 1.690412028082486
EVS: 0.8090746338271553
