Model: GRU
MSE: 2.649806295594622
MAE: 1.3425356437420022
EVS: 0.7914884972716477
