Model: GRU
MSE: 3.119729251262266
MAE: 1.524748160921294
EVS: 0.7914172600923532
