Model: GRU
MSE: 3.329150640622962
MAE: 1.5905867856124352
EVS: 0.7926105740459624
