Model: GRU
MSE: 2.2384150094313657
MAE: 1.1760487227604306
EVS: 0.8123179370397048
