Model: GRU
MSE: 2.9346657935827096
MAE: 1.349221607734417
EVS: 0.7527557489724256
