Model: GRU
MSE: 3.8624841228031763
MAE: 1.7004481019644901
EVS: 0.7191130460785378
