Model: GRU
MSE: 22.016237403915337
MAE: 4.375382341187576
EVS: 0.1585570444908978
