Model: GRU
MSE: 2.5322014481229065
MAE: 1.2116772388589794
EVS: 0.7870212865783964
