Model: GRU
MSE: 3.131170675914745
MAE: 1.2821428200294231
EVS: 0.7773087878042328
