Model: GRU
MSE: 420.58403670587535
MAE: 20.156260971365302
EVS: -0.20554190516533155
