Model: GRU
MSE: 5.045984744077267
MAE: 1.9889813949321877
EVS: 0.7790414876434616
