Model: GRU
MSE: 4.035405243877158
MAE: 1.7492845140654465
EVS: 0.7821038454525467
