Model: GRU
MSE: 4.301718641712694
MAE: 1.8157013202535695
EVS: 0.7854353668561327
