Model: GRU
MSE: 3.576890023758786
MAE: 1.5830539506057213
EVS: 0.7353494641462885
