Model: GRU
MSE: 2.5706109656011114
MAE: 1.2157096040659938
EVS: 0.7879378536663019
