Model: GRU
MSE: 3.481653920223442
MAE: 1.393342560735242
EVS: 0.7867930659305236
