Model: GRU
MSE: 10.968173197199466
MAE: 2.5373812215081575
EVS: 0.07650626603718114
