Model: GRU
MSE: 9.547494632711121
MAE: 2.7910276610275795
EVS: 0.7678118904862831
