Model: GRU
MSE: 2937.7532826317083
MAE: 53.425586009847706
EVS: -6.031470403610155
