Model: GRU
MSE: 3.0485056023314487
MAE: 1.5060601563289249
EVS: 0.7822247292503279
