Model: GRU
MSE: 2.7257559005867162
MAE: 1.2722101540401065
EVS: 0.7793581895704802
