Model: GRU
MSE: 2.548480387546705
MAE: 1.2495035631903286
EVS: 0.785320586769991
