Model: GRU
MSE: 4.086001839986419
MAE: 1.76699921180462
EVS: 0.8004631403359402
