Model: GRU
MSE: 2.4888199045554784
MAE: 1.1628197308244377
EVS: 0.7905844700978033
