Model: GRU
MSE: 1038.8799378707247
MAE: 31.840795188114562
EVS: -1.1099202497876042
