Model: GRU
MSE: 2.6255311769327894
MAE: 1.2352591054192905
EVS: 0.7790744630874052
