Model: GRU
MSE: 2.0290682988774593
MAE: 1.1132240706476673
EVS: 0.8297349669945456
