Model: GRU
MSE: 14.488966084593091
MAE: 3.4400222383696457
EVS: -0.012216154645134036
