Model: GRU
MSE: 3.340514497581258
MAE: 1.318430834803088
EVS: 0.7830891387408027
