Model: GRU
MSE: 3.151041569206066
MAE: 1.478810425462394
EVS: 0.7688210263340365
