Model: GRU
MSE: 13.491945983754977
MAE: 3.3469630931985788
EVS: 0.7812284705992059
