Model: GRU
MSE: 4.089311213817884
MAE: 1.7486136535118366
EVS: 0.7833147937683979
