Model: GRU
MSE: 2.764204524845703
MAE: 1.3987251890116725
EVS: 0.7873871452888295
