Model: GRU
MSE: 9.598331929498025
MAE: 2.8127906815759065
EVS: 0.7358514253657444
