Model: GRU
MSE: 15.891436292992694
MAE: 3.624256199803846
EVS: -0.05920889283011066
