Model: GRU
MSE: 4.200714488871803
MAE: 1.7778532587248703
EVS: 0.7680091994342185
