Model: GRU
MSE: 4.156783400224636
MAE: 1.7827445474164239
EVS: 0.8047243407525336
