Model: GRU
MSE: 2.5841621742008787
MAE: 1.3150463597527866
EVS: 0.7948181922129911
