Model: GRU
MSE: 2.9458256924909723
MAE: 1.4221235637007088
EVS: 0.769635338029808
