Model: GRU
MSE: 2.780139846493088
MAE: 1.297902222337394
EVS: 0.7728852831848757
