Model: GRU
MSE: 5.181186190425235
MAE: 1.9993353054441254
EVS: 0.7727655321269533
