Model: GRU
MSE: 3.1439252701139306
MAE: 1.298846540779903
EVS: 0.7754011860705492
