Model: GRU
MSE: 2.582437026731597
MAE: 1.3902498935831005
EVS: 0.8066742670210322
