Model: GRU
MSE: 5.185374431121443
MAE: 2.040495987596183
EVS: 0.7545020794601937
