Model: GRU
MSE: 6.442286648091309
MAE: 2.261813706365125
EVS: 0.7729384944770659
