Model: GRU
MSE: 2461.861383529133
MAE: 49.442812360566236
EVS: -0.4549634392310038
