Model: GRU
MSE: 6.986981114281465
MAE: 2.296924788376381
EVS: 0.7528153124939785
