Model: GRU
MSE: 7.610054834863242
MAE: 2.213396664323478
EVS: 0.7611941586945342
