Model: GRU
MSE: 2.4770742968223103
MAE: 1.256995776603962
EVS: 0.7922316362944227
