Model: GRU
MSE: 2.9527514707819256
MAE: 1.4265401445586106
EVS: 0.7548350961351817
