Model: GRU
MSE: 5.742794220099238
MAE: 2.1048927553768815
EVS: 0.7666395345289361
