Model: GRU
MSE: 5.5753455295594545
MAE: 2.0792152306129195
EVS: 0.8162317927845024
