Model: GRU
MSE: 3.0151807510483817
MAE: 1.2765669658266265
EVS: 0.7803708715258326
