Model: GRU
MSE: 10361.97180572986
MAE: 101.70426046437231
EVS: -0.5346230433123114
