Model: GRU
MSE: 3.3739733331167994
MAE: 1.3517268279503132
EVS: 0.7776154057218357
