Model: GRU
MSE: 3.5769573747542545
MAE: 1.6318344329965526
EVS: 0.7872653752049521
