Model: GRU
MSE: 4.536234988035494
MAE: 1.8853758861278664
EVS: 0.7840283545132923
