Model: GRU
MSE: 3.254443680945032
MAE: 1.5675580419343094
EVS: 0.7762923564505697
