Model: GRU
MSE: 2.749615422096071
MAE: 1.2052885417280526
EVS: 0.8006905443281749
