Model: GRU
MSE: 2.467102735604353
MAE: 1.1746148405403927
EVS: 0.7993718146158157
