Model: GRU
MSE: 2.86282541781655
MAE: 1.3999310690781166
EVS: 0.7732457738824976
