Model: GRU
MSE: 2.8222510455805465
MAE: 1.3568165220063308
EVS: 0.7702329301220001
