Model: GRU
MSE: 5.467801132095152
MAE: 2.0735016691273658
EVS: 0.7791872927763382
