Model: GRU
MSE: 6.135878678943347
MAE: 2.2014613151550293
EVS: 0.7754461237858945
