Model: GRU
MSE: 14.33069438341998
MAE: 3.451681531708816
EVS: 0.10621165307690617
