Model: GRU
MSE: 4298.8071627310055
MAE: 65.47473368151435
EVS: 0.0002602071358449587
