Model: GRU
MSE: 4.28793937324207
MAE: 1.7945444337252914
EVS: 0.8116673453590979
