Model: GRU
MSE: 4.796105416046618
MAE: 1.9147574490514294
EVS: 0.761423772466857
