Model: GRU
MSE: 2.9504410047128937
MAE: 1.2671373959245353
EVS: 0.7884674529043076
