Model: GRU
MSE: 2.6419030659906295
MAE: 1.2091018167035332
EVS: 0.7920217331104532
