Model: GRU
MSE: 2.754146419820511
MAE: 1.2729392709403202
EVS: 0.7730021137850128
