Model: GRU
MSE: 396.8335960394941
MAE: 19.593877841686382
EVS: -0.08796044633220701
