Model: GRU
MSE: 1806.256935366603
MAE: 42.22534521694841
EVS: -0.9610898108772705
