Model: GRU
MSE: 3.657517259498616
MAE: 1.651294938449202
EVS: 0.7678205968551652
