Model: GRU
MSE: 3.7255318944854356
MAE: 1.336168075429982
EVS: 0.7408057836230157
