Model: GRU
MSE: 3.0272822319042274
MAE: 1.47528783206282
EVS: 0.7796423637459406
