Model: GRU
MSE: 2.680531670185422
MAE: 1.2161296236103978
EVS: 0.7865802547705212
