Model: GRU
MSE: 2.3259561803506816
MAE: 1.170741081237793
EVS: 0.8040396694820279
