Model: GRU
MSE: 2.6532925161037095
MAE: 1.3315971966447502
EVS: 0.7829440687372271
