Model: GRU
MSE: 909.2652783708741
MAE: 29.920323355444545
EVS: -0.18282387407127776
