Model: GRU
MSE: 2.970021096501788
MAE: 1.444747020458353
EVS: 0.7687843885181715
