Model: GRU
MSE: 2204.6142587135896
MAE: 46.8144768024313
EVS: -0.09684652058658938
