Model: GRU
MSE: 3786.2307430151336
MAE: 61.422735148462756
EVS: -0.13554481838459398
