Model: GRU
MSE: 4.974778596853522
MAE: 1.9795436530277646
EVS: 0.8000707488614834
