Model: GRU
MSE: 2.6614441362315207
MAE: 1.3504118590519345
EVS: 0.7859457882204157
