Model: GRU
MSE: 3.0334635496538507
MAE: 1.3282828495420258
EVS: 0.7455885829654092
