Model: GRU
MSE: 2.4532457066818076
MAE: 1.163799055691423
EVS: 0.7963558233721773
