Model: GRU
MSE: 3.133823189500993
MAE: 1.289575511011584
EVS: 0.7764165703623046
