Model: GRU
MSE: 3.90583860489005
MAE: 1.7448508821684738
EVS: 0.8184095396108537
