Model: GRU
MSE: 4.653820988930373
MAE: 1.923838237236286
EVS: 0.7841013499718339
