Model: GRU
MSE: 405.5421468160029
MAE: 19.810911322462147
EVS: -0.10113641980579957
