Model: GRU
MSE: 5.270622415453035
MAE: 2.021202909535375
EVS: 0.801894819823163
