Model: GRU
MSE: 22.214657228334058
MAE: 4.264859577705121
EVS: 0.5900156922457374
