Model: GRU
MSE: 3.6035953209114204
MAE: 1.646528622199749
EVS: 0.7757575815226244
