Model: GRU
MSE: 2.5945553910452146
MAE: 1.3166613578796387
EVS: 0.7962715410581288
