Model: GRU
MSE: 5.798740263594943
MAE: 1.5745807238987515
EVS: 0.6527995631319844
