Model: GRU
MSE: 3.5260686888496147
MAE: 1.6497445928639378
EVS: 0.8062744022683139
