Model: GRU
MSE: 2.6999960165132877
MAE: 1.2085708420852135
EVS: 0.8018035450748144
