Model: GRU
MSE: 15.974213429497954
MAE: 3.6577408395964524
EVS: 0.035858604783393866
