Model: GRU
MSE: 2.6534542439727087
MAE: 1.2076468796565616
EVS: 0.78947776292354
