Model: GRU
MSE: 9.545920928368378
MAE: 2.824124500669282
EVS: 0.7849870296387789
