Model: GRU
MSE: 7.333701198864485
MAE: 2.4232419277059623
EVS: 0.809141985876945
