Model: GRU
MSE: 338.0864693287493
MAE: 18.01913058757782
EVS: -0.12872501162689254
