Model: GRU
MSE: 3.091894503985619
MAE: 1.3339867427431304
EVS: 0.7498363791153934
