Model: GRU
MSE: 3.4474742578957778
MAE: 1.3508497271044502
EVS: 0.7545469148443757
