Model: GRU
MSE: 2.517253648321351
MAE: 1.2252075836576264
EVS: 0.7909204496020816
