Model: GRU
MSE: 2.725987053911161
MAE: 1.2402624919496734
EVS: 0.7718341491074785
