Model: GRU
MSE: 6.050262019749888
MAE: 2.16508437847269
EVS: 0.786143162987995
