Model: GRU
MSE: 4.952662748443564
MAE: 1.9673889258812214
EVS: 0.7828145725581956
