Model: GRU
MSE: 3.2236718905993755
MAE: 1.5201952704067887
EVS: 0.7566151996910058
