Model: GRU
MSE: 5.780279880973772
MAE: 2.1423554584897797
EVS: 0.7870276325024209
