Model: GRU
MSE: 3.843990905366024
MAE: 1.402657804817989
EVS: 0.7625168205658599
