Model: GRU
MSE: 2.8659172002584263
MAE: 1.2335544125787143
EVS: 0.789092431309671
