Model: GRU
MSE: 4.067732229532716
MAE: 1.5010711735692517
EVS: 0.7886561140909654
