Model: GRU
MSE: 2.868164981305724
MAE: 1.3497356217482994
EVS: 0.7655700071155586
