Model: GRU
MSE: 3.1342478051938127
MAE: 1.5233524338952427
EVS: 0.7879444773274417
