Model: GRU
MSE: 7.452892498547718
MAE: 2.444038308899978
EVS: 0.7803624005938932
