Model: GRU
MSE: 2.5348758533680362
MAE: 1.2846296409080769
EVS: 0.795622074074891
