Model: GRU
MSE: 337.12633569220526
MAE: 18.004932686172683
EVS: -0.09092497662140975
