Model: GRU
MSE: 8.687870418282571
MAE: 2.1197072390852303
EVS: 0.35694907508084583
