Model: GRU
MSE: 2.523873882264132
MAE: 1.1727638409055512
EVS: 0.8080494613720577
