Model: GRU
MSE: 2.357713825571895
MAE: 1.165036415231639
EVS: 0.8016589712330479
