Model: GRU
MSE: 2.4859562844068717
MAE: 1.3248540204146813
EVS: 0.8081314373307185
