Model: GRU
MSE: 357.7292330559287
MAE: 18.6255368405375
EVS: 0.08853701370598688
