Model: GRU
MSE: 3.6258401905336006
MAE: 1.6135515015700768
EVS: 0.7527031625685618
