Model: GRU
MSE: 4.052565388017373
MAE: 1.736143810995694
EVS: 0.784080455990663
