Model: GRU
MSE: 401.67612792201584
MAE: 19.72333312034607
EVS: -0.06712649323362174
