Model: GRU
MSE: 4.348840487013451
MAE: 1.8453348505085911
EVS: 0.7839031694813638
