Model: GRU
MSE: 3.2709838299480967
MAE: 1.290257717001027
EVS: 0.8121651255179145
