Model: GRU
MSE: 2.8171795889338362
MAE: 1.35112818356218
EVS: 0.768333568401011
