Model: GRU
MSE: 12.09003674578244
MAE: 3.195639528077224
EVS: 0.763376849025739
