Model: GRU
MSE: 2.7556927029843097
MAE: 1.1907045759003738
EVS: 0.7973348661797226
