Model: GRU
MSE: 4.863231408271126
MAE: 1.7096591571281696
EVS: 0.781594701282269
