Model: GRU
MSE: 34.4516629980027
MAE: 5.381700581517713
EVS: -2.220446049250313e-16
