Model: GRU
MSE: 2.530992782036315
MAE: 1.2582730507028514
EVS: 0.7954732504597555
