Model: GRU
MSE: 2.7694608136308045
MAE: 1.2748553670685867
EVS: 0.7685286289840084
