Model: GRU
MSE: 4.186995222812792
MAE: 1.7847415907629605
EVS: 0.7659655648864058
