Model: GRU
MSE: 3.396000327869027
MAE: 1.6138053762501683
EVS: 0.800581624510738
