Model: GRU
MSE: 2.456449902665789
MAE: 1.283321397057895
EVS: 0.7951803056167239
