Model: GRU
MSE: 2298.8497695700157
MAE: 47.74807127590837
EVS: -0.5983367496970973
