Model: GRU
MSE: 2.795168096106161
MAE: 1.4374222015512401
EVS: 0.8024012346856966
