Model: GRU
MSE: 2.688554534053529
MAE: 1.1866444719248805
EVS: 0.8022224198806577
