Model: GRU
MSE: 7.187295281946032
MAE: 2.377714757261605
EVS: 0.8123315082346372
