Model: GRU
MSE: 27.194089456938087
MAE: 4.827583033463051
EVS: -0.014547027756108388
