Model: GRU
MSE: 3.7879652655080407
MAE: 1.722237595196428
EVS: 0.8219902392051079
