Model: GRU
MSE: 601.2141757588215
MAE: 24.160211374019756
EVS: -0.4742290109131919
