Model: GRU
MSE: 2.296230780383243
MAE: 1.1349780148473279
EVS: 0.8066746213519517
