Model: GRU
MSE: 2.8802520911640537
MAE: 1.2286558644524936
EVS: 0.7962444748264743
