Model: GRU
MSE: 2.950179997432299
MAE: 1.4498450673859695
EVS: 0.7758295155008816
