Model: GRU
MSE: 2.7114220272851055
MAE: 1.3679713380747829
EVS: 0.7897208772070785
