Model: GRU
MSE: 5.2205090890355645
MAE: 1.977935034653236
EVS: 0.7382547978629574
