Model: GRU
MSE: 2.5770141357923353
MAE: 1.2965326309204102
EVS: 0.7885718085986263
