Model: GRU
MSE: 2.704979022655262
MAE: 1.3584487520415207
EVS: 0.7922503525708606
