Model: GRU
MSE: 2.835477124880322
MAE: 1.4006654311870705
EVS: 0.7870423803360977
