Model: GRU
MSE: 2.379001195321177
MAE: 1.1651874246268437
EVS: 0.8067358862643454
