Model: GRU
MSE: 2.8084416070849576
MAE: 1.3546125477757947
EVS: 0.7639736776358487
