Model: GRU
MSE: 4.555584699018466
MAE: 1.8994363916331325
EVS: 0.7848428288198035
