Model: GRU
MSE: 2.656445802334019
MAE: 1.3463451122415477
EVS: 0.7831542262269819
