Model: GRU
MSE: 3.130718323863126
MAE: 1.3171981943064723
EVS: 0.7721486249364075
