Model: GRU
MSE: 430.37150888026224
MAE: 20.461913363686925
EVS: 0.015829664929980614
