Model: GRU
MSE: 375.1514046440885
MAE: 19.058535403218762
EVS: -0.004560624382139
