Model: GRU
MSE: 3.1707875642599164
MAE: 1.5344313095355857
EVS: 0.8155701474480695
