Model: GRU
MSE: 2.543470263181108
MAE: 1.1597528293214996
EVS: 0.7907990657488674
