Model: GRU
MSE: 341.3193295959837
MAE: 18.13440095145127
EVS: -0.04998787680503347
