Model: GRU
MSE: 2.955206416517457
MAE: 1.3611190236847976
EVS: 0.7579645531110467
