Model: GRU
MSE: 4.700138372856592
MAE: 1.9293898220719963
EVS: 0.7854095891432358
