Model: GRU
MSE: 2.9752432294675093
MAE: 1.3630703564347892
EVS: 0.7539967557073242
