Model: GRU
MSE: 3.4186793990251756
MAE: 1.6070141627870758
EVS: 0.7925840852524089
