Model: GRU
MSE: 5.904130574087409
MAE: 2.174472743067248
EVS: 0.7704978080563609
