Model: GRU
MSE: 6.123815076283313
MAE: 2.1621134527798356
EVS: 0.7367059121619102
