Model: GRU
MSE: 2.1269654235229605
MAE: 1.1852651135674839
EVS: 0.8265088144685417
