Model: GRU
MSE: 3.76747190553466
MAE: 1.6729666035750816
EVS: 0.7826046276343639
