Model: GRU
MSE: 6.8189982707028225
MAE: 2.3438388396953713
EVS: 0.7647174126956104
