Model: GRU
MSE: 3.6133692074660027
MAE: 1.394895158965012
EVS: 0.7213122619274315
