Model: GRU
MSE: 11.151679825240253
MAE: 2.810173199094575
EVS: 0.09230824679298322
