Model: GRU
MSE: 2.5137694670190656
MAE: 1.2665294285478264
EVS: 0.7931628788990456
