Model: GRU
MSE: 3.139543373495457
MAE: 1.3182544050545528
EVS: 0.7641054181037853
