Model: GRU
MSE: 3.8145542725212636
MAE: 1.708243961991935
EVS: 0.7871865750084058
