Model: GRU
MSE: 18.068349208154658
MAE: 3.924423102674813
EVS: -0.12711455038909802
