Model: GRU
MSE: 2.316312635940605
MAE: 1.2159982549733128
EVS: 0.8147680140181497
