Model: GRU
MSE: 3.300220069648213
MAE: 1.5029736880598397
EVS: 0.7577888749352755
