Model: GRU
MSE: 2.4114526072498137
MAE: 1.2974617070165173
EVS: 0.809950387432931
