Model: GRU
MSE: 4.642712653879824
MAE: 1.565663189723574
EVS: 0.7865174304555792
