Model: GRU
MSE: 2.384547053939827
MAE: 1.254560059514539
EVS: 0.8021695185459043
