Model: GRU
MSE: 7.160574770265157
MAE: 2.355455234132964
EVS: 0.7719869295146589
