Model: GRU
MSE: 4.164801732299973
MAE: 1.7856860325254242
EVS: 0.7861271239655172
