Model: GRU
MSE: 16.044275673211313
MAE: 3.682496892994848
EVS: 0.0923223416619412
