Model: GRU
MSE: 3.564028485978121
MAE: 1.6558611475188156
EVS: 0.8100355149584268
