Model: GRU
MSE: 2.8350473069683235
MAE: 1.3007833382178997
EVS: 0.7669355190089434
