Model: GRU
MSE: 2.919897982081661
MAE: 1.2864921668480183
EVS: 0.765615208978235
