Model: GRU
MSE: 12.06424278525473
MAE: 2.8596898605083596
EVS: 0.007640720145722035
