Model: GRU
MSE: 3.3547149411765376
MAE: 1.5361030183989426
EVS: 0.7751299208496304
