Model: GRU
MSE: 3.295283894666352
MAE: 1.5550188031689873
EVS: 0.7933465480229132
