Model: GRU
MSE: 2.401507258638558
MAE: 1.305459006079312
EVS: 0.8234388305956375
