Model: GRU
MSE: 4.571051636576291
MAE: 1.9179955350941624
EVS: 0.7967058710643081
