Model: GRU
MSE: 2.4115589385309564
MAE: 1.1703842672808418
EVS: 0.8003185796524914
