Model: GRU
MSE: 1197.4943355709975
MAE: 34.27352438301876
EVS: -0.9225629381687763
