Model: GRU
MSE: 2.9942042354867784
MAE: 1.2779470969890725
EVS: 0.7957935290080561
