Model: GRU
MSE: 6.282377560320544
MAE: 2.2456949661517966
EVS: 0.7802051970837144
