Model: GRU
MSE: 3.4118260737286965
MAE: 1.5509805761534592
EVS: 0.7437790895067624
