Model: GRU
MSE: 3.757600624516366
MAE: 1.6348912469271957
EVS: 0.7836146561096782
