Model: GRU
MSE: 26.805759420924506
MAE: 4.7586125340955014
EVS: 0.0698444725824311
