Model: GRU
MSE: 10.595406418099095
MAE: 2.806202066355738
EVS: 0.770787628408427
