Model: GRU
MSE: 3.1430308842027284
MAE: 1.5130532527792042
EVS: 0.7780072645757671
