Model: GRU
MSE: 3.1084815801638266
MAE: 1.4389956161893647
EVS: 0.7394604769181451
