Model: GRU
MSE: 17.056962769414238
MAE: 3.7888314477328597
EVS: -2.220446049250313e-16
