Model: GRU
MSE: 3.9866949778475584
MAE: 1.726974051574181
EVS: 0.7701754556719447
