Model: GRU
MSE: 2.0943029712299372
MAE: 1.1408379900044407
EVS: 0.8256602263309423
