Model: GRU
MSE: 7.849896427050563
MAE: 2.4582463297350654
EVS: 0.7823798714213036
