Model: GRU
MSE: 4.017747868611164
MAE: 1.7493306357285072
EVS: 0.7956932966794507
