Model: GRU
MSE: 5.403721457857783
MAE: 2.084195071253283
EVS: 0.819429190442674
