Model: GRU
MSE: 3.6179741954129763
MAE: 1.3871029985362087
EVS: 0.7847799677488171
