Model: GRU
MSE: 6.172509595919251
MAE: 2.18961763381958
EVS: 0.7854069462365268
