Model: GRU
MSE: 3.192276775795876
MAE: 1.5310536581894447
EVS: 0.7999449156086499
