Model: GRU
MSE: 5.986881478893181
MAE: 2.2032185258536505
EVS: 0.7686134540333789
