Model: GRU
MSE: 2.772445674577017
MAE: 1.3690956543231834
EVS: 0.7760370111098873
