Model: GRU
MSE: 2.820703652908417
MAE: 1.4155955972342655
EVS: 0.7920981222360577
