Model: GRU
MSE: 2.535023495100709
MAE: 1.1540176128518993
EVS: 0.7941678991948928
