Model: GRU
MSE: 4.880127435293087
MAE: 1.9418854631226639
EVS: 0.7918318469579702
