Model: GRU
MSE: 2.7219642268044884
MAE: 1.3208041191101074
EVS: 0.7900481661799069
