Model: GRU
MSE: 372.7232229676607
MAE: 18.987511400518745
EVS: -0.02764507113739012
