Model: GRU
MSE: 3.424480524151241
MAE: 1.3669937890151451
EVS: 0.7611880961433013
