Model: GRU
MSE: 4.5091579565310616
MAE: 1.831711456693452
EVS: 0.7227911378732699
