Model: GRU
MSE: 2.8993707544520144
MAE: 1.4369198536050731
EVS: 0.7889929505438231
