Model: GRU
MSE: 3.163105861739558
MAE: 1.553223313956425
EVS: 0.7895833884309441
