Model: GRU
MSE: 2.83243909418302
MAE: 1.21874240349079
EVS: 0.7929377034177424
