Model: GRU
MSE: 3.335972590372378
MAE: 1.5801156060449009
EVS: 0.7813628342308823
