Model: GRU
MSE: 2.5441060954804326
MAE: 1.333526562000143
EVS: 0.8098264769418151
