Model: GRU
MSE: 2.8261046947194193
MAE: 1.2616829049998317
EVS: 0.7866903542194776
