Model: GRU
MSE: 5.886278658226733
MAE: 2.1615842210835425
EVS: 0.7729847608335298
