Model: GRU
MSE: 3.2097632490712034
MAE: 1.472682130747828
EVS: 0.7304139258339821
