Model: GRU
MSE: 6.092507809879705
MAE: 2.2028044010030814
EVS: 0.7895164317943577
