Model: GRU
MSE: 2.553384586524571
MAE: 1.267286128011243
EVS: 0.8001560392363385
