Model: GRU
MSE: 2.9902012598820495
MAE: 1.5234056670090248
EVS: 0.7984517245318274
