Model: GRU
MSE: 2.532675387132093
MAE: 1.2188853230969658
EVS: 0.7866975803755699
