Model: GRU
MSE: 4.562721762238182
MAE: 1.8671027874124462
EVS: 0.7633728552882393
