Model: GRU
MSE: 2.440068260400682
MAE: 1.235336944974702
EVS: 0.7948182486207279
