Model: GRU
MSE: 4.675198263073275
MAE: 1.9196363481982002
EVS: 0.7878950669366142
