Model: GRU
MSE: 5.483709428807884
MAE: 1.9123825040356865
EVS: 0.8237006711555712
