Model: GRU
MSE: 2.759863210353697
MAE: 1.3450013111377586
EVS: 0.786931872022047
