Model: GRU
MSE: 418.90744765139084
MAE: 20.15690354643197
EVS: -0.062107623722487126
