Model: GRU
MSE: 2.5185126958110997
MAE: 1.216321583451896
EVS: 0.7878218776877096
