Model: GRU
MSE: 3.987809918622102
MAE: 1.6866177690440212
EVS: 0.7572961485619686
