Model: GRU
MSE: 7.163501100902275
MAE: 2.390359344153569
EVS: 0.7646708847170645
