Model: GRU
MSE: 4.198198991059865
MAE: 1.7612788430575668
EVS: 0.748519007607801
