Model: GRU
MSE: 4.89499980028952
MAE: 1.966633780249234
EVS: 0.7742619153291415
