Model: GRU
MSE: 4.012155073055604
MAE: 1.7669312707309066
EVS: 0.7825310603303389
