Model: GRU
MSE: 8.652414842750597
MAE: 2.4616254280353416
EVS: 0.3001714540085789
