Model: GRU
MSE: 2075.3483641213793
MAE: 45.00633808662151
EVS: -3.193764999433884
