Model: GRU
MSE: 2.85120633092855
MAE: 1.3997622605027824
EVS: 0.77590493198795
