Model: GRU
MSE: 2.975185354509088
MAE: 1.3980057650598987
EVS: 0.7497550043257889
