Model: GRU
MSE: 4.13513894649171
MAE: 1.6727625419353616
EVS: 0.6545643980070359
