Model: GRU
MSE: 2.655542719946738
MAE: 1.3056441997659618
EVS: 0.7773857779700908
