Model: GRU
MSE: 3.415806423771598
MAE: 1.6034680070548222
EVS: 0.7698236481136684
