Model: GRU
MSE: 4.199836224857305
MAE: 1.7516514186201424
EVS: 0.7749980138330881
