Model: GRU
MSE: 6.288049383627611
MAE: 2.2754591580094963
EVS: 0.7903148233979707
