Model: GRU
MSE: 4.065990751766188
MAE: 1.779792571889943
EVS: 0.7925049028211952
