Model: GRU
MSE: 5.032754706973328
MAE: 2.0120151618431352
EVS: 0.7982943261509802
