Model: GRU
MSE: 3.8028382473350164
MAE: 1.3971154278722302
EVS: 0.7620451713484975
