Model: GRU
MSE: 3.24855860072907
MAE: 1.5630752300393993
EVS: 0.7909374615308781
