Model: GRU
MSE: 8.490398780697173
MAE: 2.623148671511946
EVS: 0.7848128775185502
