Model: GRU
MSE: 334.0200359908471
MAE: 17.947098879978576
EVS: -0.0043959042904109236
