Model: GRU
MSE: 4.135906074099035
MAE: 1.7929587528623383
EVS: 0.8067686764452648
