Model: GRU
MSE: 1244.9673897580315
MAE: 35.115493577102136
EVS: 0.0
