Model: GRU
MSE: 4.429368637924878
MAE: 1.852961120934322
EVS: 0.7841977212396991
