Model: GRU
MSE: 10.080510506208407
MAE: 2.8141178591498015
EVS: 0.2717387949579969
