Model: GRU
MSE: 3.78089371563805
MAE: 1.6545785048912311
EVS: 0.7502819138037258
