Model: GRU
MSE: 4.100615758445452
MAE: 1.7891696732619713
EVS: 0.7609492716968067
