Model: GRU
MSE: 6.376767236468587
MAE: 2.247473387882627
EVS: 0.7814612522393226
