Model: GRU
MSE: 7.948166750814575
MAE: 2.1716597829546247
EVS: 0.6267332760082109
