Model: GRU
MSE: 3.7969795972592157
MAE: 1.7115941705374882
EVS: 0.7394923142187007
