Model: GRU
MSE: 7.068227627086615
MAE: 2.3543936712988494
EVS: 0.7161553357881014
