Model: GRU
MSE: 5.004521173694656
MAE: 1.9705523540233743
EVS: 0.7944170538559678
