Model: GRU
MSE: 392.43215326041013
MAE: 19.462800180089886
EVS: -0.14845290260863853
