Model: GRU
MSE: 2.684147301485232
MAE: 1.2181481328503838
EVS: 0.7958999569703906
