Model: GRU
MSE: 937.7516298769755
MAE: 30.126880497768006
EVS: -1.5378238208322252
