Model: GRU
MSE: 2.8484913564248364
MAE: 1.3812676380420554
EVS: 0.7851008298998323
