Model: GRU
MSE: 4.813426523092999
MAE: 1.959663670638512
EVS: 0.7780847485505713
