Model: GRU
MSE: 2.8511071221505278
MAE: 1.3785117248008991
EVS: 0.766121454680717
