Model: GRU
MSE: 2.364331256738829
MAE: 1.2758403646534886
EVS: 0.8226002543262558
