Model: GRU
MSE: 428.31731972973097
MAE: 20.39219755961977
EVS: -0.05106346470190637
