Model: GRU
MSE: 4.096904168851959
MAE: 1.8013162777341645
EVS: 0.7864727760094057
