Model: GRU
MSE: 4.122439897304016
MAE: 1.4730259961095349
EVS: 0.7998865800258572
