Model: GRU
MSE: 2.770671390313462
MAE: 1.3345003621331577
EVS: 0.7793963895729219
