Model: GRU
MSE: 3.2490233543802365
MAE: 1.5364195067307045
EVS: 0.7969355552068521
