Model: GRU
MSE: 6.33303102050857
MAE: 2.2490080225056617
EVS: 0.7972738522916387
