Model: GRU
MSE: 2.713149798017623
MAE: 1.2738652393735688
EVS: 0.7721176429293887
