Model: GRU
MSE: 2614.0243785669554
MAE: 51.01473880636281
EVS: 0.029377605756602643
