Model: GRU
MSE: 8.788056632266203
MAE: 2.707017347730439
EVS: 0.8207991906949088
