Model: GRU
MSE: 4.645061916301945
MAE: 1.9046845436096191
EVS: 0.76403748616269
