Model: GRU
MSE: 4.726013976468008
MAE: 1.9305193177584945
EVS: 0.801389492175408
