Model: GRU
MSE: 3.4311008408553
MAE: 1.5925818476183662
EVS: 0.7658838953699
