Model: GRU
MSE: 2.6485759061698473
MAE: 1.2637803965601428
EVS: 0.7768635776242679
