Model: GRU
MSE: 7.920603964425438
MAE: 2.512666907803766
EVS: 0.7914598481543496
