Model: GRU
MSE: 2.703323759122934
MAE: 1.3490310208550815
EVS: 0.7952391054052107
