Model: GRU
MSE: 5.562517030309405
MAE: 2.0690471221660744
EVS: 0.7481998032999085
