Model: GRU
MSE: 3.8649458537750836
MAE: 1.4753644219760238
EVS: 0.7499484070262525
