Model: GRU
MSE: 3.1276324164609597
MAE: 1.5353457845490555
EVS: 0.7893053722418352
