Model: GRU
MSE: 8.978748737387495
MAE: 2.777953789151948
EVS: 0.7778570966907419
