Model: GRU
MSE: 3.4444767562497804
MAE: 1.3378255449492356
EVS: 0.789790846275543
