Model: GRU
MSE: 3.332973811085437
MAE: 1.3354854090460415
EVS: 0.7827509150016472
