Model: GRU
MSE: 3.698277061891719
MAE: 1.4158867474260002
EVS: 0.8016558424627617
