Model: GRU
MSE: 2.929878062267436
MAE: 1.4622834633136619
EVS: 0.7894962630209024
