Model: GRU
MSE: 3997.691666449962
MAE: 63.1050836628881
EVS: -0.3008198809114935
