Model: GRU
MSE: 5.512426608173569
MAE: 2.062817639318006
EVS: 0.7677868048243244
