Model: GRU
MSE: 2.9254615508974426
MAE: 1.4031451241723423
EVS: 0.7710945975254433
