Model: GRU
MSE: 2.8574721424821474
MAE: 1.4303109892483414
EVS: 0.7851869462304734
