Model: GRU
MSE: 2.9536232939479863
MAE: 1.388800522376751
EVS: 0.7603296833818896
