Model: GRU
MSE: 2.831106496962155
MAE: 1.295207714212352
EVS: 0.7654280073440227
