Model: GRU
MSE: 356.63346561802314
MAE: 18.53866957796031
EVS: -0.09113233485157668
