Model: GRU
MSE: 417.28071689422035
MAE: 20.085195101540663
EVS: -0.1681750648933651
