Model: GRU
MSE: 2.528005428790171
MAE: 1.1563002158855569
EVS: 0.7983863773758588
