Model: GRU
MSE: 3.9154130175734045
MAE: 1.7240137560614224
EVS: 0.799433975183509
