Model: GRU
MSE: 3.036559697695918
MAE: 1.356373902024894
EVS: 0.7495269824433807
