Model: GRU
MSE: 2.68551020563813
MAE: 1.270962484951677
EVS: 0.7787633969620358
