Model: GRU
MSE: 5.413233866675541
MAE: 2.008788059497702
EVS: 0.7680803133944201
