Model: GRU
MSE: 3.344271578660012
MAE: 1.5827595940951644
EVS: 0.7957190265322668
