Model: GRU
MSE: 2.7608240337893624
MAE: 1.3541180018720955
EVS: 0.7824131307052143
