Model: GRU
MSE: 3.0264113694674957
MAE: 1.2839720166962723
EVS: 0.7702926178733354
