Model: GRU
MSE: 4.614945750299104
MAE: 1.847591728999697
EVS: 0.7281137569727506
