Model: GRU
MSE: 2.4210229524499263
MAE: 1.3206895630935143
EVS: 0.8128339492537155
