Model: GRU
MSE: 2.6850586342875427
MAE: 1.4062170324654415
EVS: 0.7982472784482456
