Model: GRU
MSE: 357.5197540318574
MAE: 18.55281696237367
EVS: -0.12159199003302179
