Model: GRU
MSE: 2.380599756827395
MAE: 1.1231777256932751
EVS: 0.8102918804593846
