Model: GRU
MSE: 2.91001386723397
MAE: 1.446944680707208
EVS: 0.7962648602060384
