Model: GRU
MSE: 3.645247642666335
MAE: 1.6165652110658844
EVS: 0.7225649791900035
