Model: GRU
MSE: 2.993565015527439
MAE: 1.376440508612271
EVS: 0.7543688899919354
