Model: GRU
MSE: 2.3460235053688105
MAE: 1.1970765672881027
EVS: 0.8040824166219519
