Model: GRU
MSE: 2.6939923747403673
MAE: 1.2020981394011399
EVS: 0.8151911215090325
