Model: GRU
MSE: 2.5811289331503096
MAE: 1.2917590963429417
EVS: 0.7865453271763069
