Model: GRU
MSE: 2.707451116825268
MAE: 1.3354750830551674
EVS: 0.7816314518633538
