Model: GRU
MSE: 2.7819490643958895
MAE: 1.3883013067574337
EVS: 0.7956484392615106
