Model: GRU
MSE: 2.7775732580337493
MAE: 1.212162264462175
EVS: 0.7863292752750067
