Model: GRU
MSE: 2.398901325247199
MAE: 1.131884870858028
EVS: 0.8080790512516905
