Model: GRU
MSE: 21.231356926660425
MAE: 4.274282126591124
EVS: -2.220446049250313e-16
