Model: GRU
MSE: 1248.7869489348604
MAE: 35.066632632551524
EVS: -0.6107016968635894
