Model: GRU
MSE: 2.9541285428622985
MAE: 1.3556842475101865
EVS: 0.7605953423330265
