Model: GRU
MSE: 4.1676186779623094
MAE: 1.7793502149910763
EVS: 0.7337483723319411
