Model: GRU
MSE: 4.372826186976407
MAE: 1.8525796265437686
EVS: 0.7763563027535618
