Model: GRU
MSE: 20.76514260152105
MAE: 4.2232883058745285
EVS: 0.01538914946654879
