Model: GRU
MSE: 4.370682150758073
MAE: 1.5438030506002491
EVS: 0.7773483205602675
