Model: GRU
MSE: 3883.6458354527354
MAE: 62.210695003641064
EVS: -0.13528471643482254
