Model: GRU
MSE: 5.858635602778122
MAE: 2.128490053374192
EVS: 0.7735183661211545
