Model: GRU
MSE: 2.5324972446332965
MAE: 1.2961248529368434
EVS: 0.7945836302464213
