Model: GRU
MSE: 3.0473429334770428
MAE: 1.4879168148698478
EVS: 0.7688938283146789
