Model: GRU
MSE: 7.3297192154832995
MAE: 2.2507007204253098
EVS: 0.7949704741982667
