Model: GRU
MSE: 4.2397738112667085
MAE: 1.7840027151436642
EVS: 0.7916017191566795
