Model: GRU
MSE: 10.582964616762371
MAE: 2.3747935130678375
EVS: 0.1905946402472979
