Model: GRU
MSE: 398.2488339872641
MAE: 19.592814414665618
EVS: -0.2107044593230416
