Model: GRU
MSE: 4.2179977639983885
MAE: 1.8236035149672936
EVS: 0.8019068312086244
