Model: GRU
MSE: 2.722876844394563
MAE: 1.2672526096475536
EVS: 0.7722130672956453
