Model: GRU
MSE: 2.29825580904968
MAE: 1.053681307825549
EVS: 0.8297867915054242
