Model: GRU
MSE: 3.9719728090815973
MAE: 1.6393434754733383
EVS: 0.6694127098576489
