Model: GRU
MSE: 3.4250293068508366
MAE: 1.6059854112822434
EVS: 0.7776089912582462
