Model: GRU
MSE: 2.5974648108397416
MAE: 1.335833927680706
EVS: 0.7984483597706697
