Model: GRU
MSE: 412.6592866548283
MAE: 19.98447457675276
EVS: -0.11883919969392509
