Model: GRU
MSE: 2.4616628182176283
MAE: 1.1529129784682701
EVS: 0.7969083751868334
