Model: GRU
MSE: 3.6719778394522895
MAE: 1.6236435133835365
EVS: 0.7742330058037917
