Model: GRU
MSE: 2.588373339583603
MAE: 1.3281787181722706
EVS: 0.7874560504313045
