Model: GRU
MSE: 2.9417137088714513
MAE: 1.4744001421435127
EVS: 0.7850202896413779
