Model: GRU
MSE: 2.282286832328595
MAE: 1.1953098034036571
EVS: 0.8112468654862622
