Model: GRU
MSE: 2.2743923670699
MAE: 1.201174176972488
EVS: 0.8163969082957334
