Model: GRU
MSE: 3.1240311926126347
MAE: 1.4093974540973533
EVS: 0.7396200883660293
