Model: GRU
MSE: 3940.114508854749
MAE: 62.674415588378906
EVS: -0.013702254285317794
