Model: GRU
MSE: 6.6940422632616805
MAE: 2.3245701789855957
EVS: 0.7919229302631396
