Model: GRU
MSE: 3.5349306047269393
MAE: 1.6164178848266602
EVS: 0.7747808017102461
