Model: GRU
MSE: 2.4982557516874477
MAE: 1.1995982466072872
EVS: 0.7916567386124158
