Model: GRU
MSE: 7.591191515266285
MAE: 2.4429119373189994
EVS: 0.5850131935989588
