Model: GRU
MSE: 6.610172772136266
MAE: 1.7041058710643224
EVS: 0.6078819450261916
