Model: GRU
MSE: 3.178156616573523
MAE: 1.5342151378763134
EVS: 0.8054709269842496
