Model: GRU
MSE: 3.8844578696375094
MAE: 1.74860719154621
EVS: 0.7890817007688236
