Model: GRU
MSE: 4.5662933502561245
MAE: 1.8772267802008267
EVS: 0.7939339850802465
