Model: GRU
MSE: 371.43355846874243
MAE: 18.958022179274725
EVS: -0.01326533690999332
