Model: GRU
MSE: 4.593422524368791
MAE: 1.6189770040840938
EVS: 0.7795646471539602
