Model: GRU
MSE: 34.370261513956144
MAE: 5.375492852309654
EVS: -2.220446049250313e-16
