Model: GRU
MSE: 4.441837713189529
MAE: 1.8121220983307937
EVS: 0.8085411554288741
