Model: GRU
MSE: 3.542632261493438
MAE: 1.3645631362651955
EVS: 0.7939930952409614
