Model: GRU
MSE: 2.425586975182866
MAE: 1.1664689820388268
EVS: 0.7961020513426379
