Model: GRU
MSE: 4.237058035661033
MAE: 1.751280636622988
EVS: 0.7420630762106943
