Model: GRU
MSE: 2.0953368656066917
MAE: 1.1432288597370017
EVS: 0.825105180683599
