Model: GRU
MSE: 388.465599236213
MAE: 19.420872384104236
EVS: 0.048374867451828396
