Model: GRU
MSE: 2.380356482792782
MAE: 1.1860368169587234
EVS: 0.8013074373666508
