Model: GRU
MSE: 4.179598616682585
MAE: 1.7711233188366067
EVS: 0.7406407213347783
