Model: GRU
MSE: 2.8661172126252934
MAE: 1.3998250632450497
EVS: 0.8080730382559267
