Model: GRU
MSE: 4.388491975967177
MAE: 1.80698457257501
EVS: 0.7239838807060455
