Model: GRU
MSE: 7.632311355136999
MAE: 2.468521183934705
EVS: 0.7739980713919159
