Model: GRU
MSE: 352.0015629600897
MAE: 18.39431264379929
EVS: -0.15007579413626715
