Model: GRU
MSE: 353.3911629947202
MAE: 18.452242111337597
EVS: -0.08731820319777928
