Model: GRU
MSE: 4.113477415773779
MAE: 1.7474986438093514
EVS: 0.7648609211328001
