Model: GRU
MSE: 452.5702780946109
MAE: 20.955690392132464
EVS: -0.13141392738011337
