Model: GRU
MSE: 2.8255843376016943
MAE: 1.3505416245296085
EVS: 0.7676944346378844
