Model: GRU
MSE: 2.652016533419916
MAE: 1.3601488080517998
EVS: 0.8098681213968997
