Model: GRU
MSE: 17.09451820519079
MAE: 3.845518473921151
EVS: 0.1281913307181607
