Model: GRU
MSE: 2.1985041297283208
MAE: 1.1365177384738265
EVS: 0.8211499624122585
