Model: GRU
MSE: 5.340991782220624
MAE: 1.7604535694780021
EVS: 0.7802995498613204
