Model: GRU
MSE: 6.146547900291486
MAE: 2.1580263992835738
EVS: 0.7629713395668357
