Model: GRU
MSE: 365.8392813613555
MAE: 18.784309222780426
EVS: -0.09431801960626895
