Model: GRU
MSE: 5.295101229707715
MAE: 2.0175867573968294
EVS: 0.7521685175609307
