Model: GRU
MSE: 2.849206559096336
MAE: 1.4643511278875943
EVS: 0.8034774782193779
