Model: GRU
MSE: 4.115817515770592
MAE: 1.787335231386382
EVS: 0.7767150232144995
