Model: GRU
MSE: 3.0816950223398663
MAE: 1.3078121974550445
EVS: 0.7809064794536507
