Model: GRU
MSE: 3.1437476949404686
MAE: 1.5356052497337604
EVS: 0.7914912589156822
