Model: GRU
MSE: 2.3305413278504785
MAE: 1.1119074163765743
EVS: 0.8036535582440669
