Model: GRU
MSE: 4.216673177176509
MAE: 1.8246601861098717
EVS: 0.7829323269259824
