Model: GRU
MSE: 10.806778373856325
MAE: 3.0190016647865034
EVS: 0.7554313457003277
