Model: GRU
MSE: 3.1722546952843977
MAE: 1.5778550772831357
EVS: 0.8082746820972708
