Model: GRU
MSE: 2.5772869534217135
MAE: 1.3007289541178737
EVS: 0.7945053958181203
