Model: GRU
MSE: 3.6296800317432387
MAE: 1.651022927514438
EVS: 0.8086864491785639
