Model: GRU
MSE: 4.110359344580659
MAE: 1.529626122836409
EVS: 0.7733685145355957
