Model: GRU
MSE: 4.641983809645965
MAE: 1.6168587290007492
EVS: 0.7886474208581986
