Model: GRU
MSE: 360.7528840444576
MAE: 18.640521690763276
EVS: -0.11915703907229935
