Model: GRU
MSE: 3.9858959615531946
MAE: 1.7200499896345467
EVS: 0.7220524521717125
