Model: GRU
MSE: 681.1382405641923
MAE: 25.874780852219153
EVS: 0.01984448956627205
