Model: GRU
MSE: 25.78119279710513
MAE: 4.66745871510999
EVS: 0.2436245333024818
