Model: GRU
MSE: 438.9535735138415
MAE: 20.620537486569635
EVS: -0.15817908001561154
