Model: GRU
MSE: 449.6594485178273
MAE: 20.82429588663167
EVS: -0.3486792655134545
