Model: GRU
MSE: 376.0754508279206
MAE: 19.0734068237502
EVS: -0.03463518669850352
