Model: GRU
MSE: 2.862149766824653
MAE: 1.3758067015943856
EVS: 0.7752094698205809
