Model: GRU
MSE: 4.610979440791119
MAE: 1.5391871518102185
EVS: 0.7643425443182019
