Model: GRU
MSE: 3.636879272661825
MAE: 1.639958118570262
EVS: 0.7952533380417055
