Model: GRU
MSE: 3.5470808549587964
MAE: 1.6308572621181094
EVS: 0.7528830794139154
