Model: GRU
MSE: 2.6770500176286105
MAE: 1.3072867393493652
EVS: 0.7831166854681609
