Model: GRU
MSE: 3.1020276759972623
MAE: 1.4942968878252754
EVS: 0.7697890573371231
