Model: GRU
MSE: 8.968008466947477
MAE: 2.7053920482767038
EVS: 0.7942381308627354
