Model: GRU
MSE: 4.860148150870129
MAE: 1.9359610162932297
EVS: 0.797360962476196
