Model: GRU
MSE: 347.67541970243235
MAE: 18.3078232983063
EVS: -0.053037209180067935
