Model: GRU
MSE: 4.1726722746515685
MAE: 1.8060688808046539
EVS: 0.7986105343048726
