Model: GRU
MSE: 2203.5099973445167
MAE: 46.788804646196034
EVS: -0.2062644936568765
