Model: GRU
MSE: 3.7245067720873912
MAE: 1.6612876037071491
EVS: 0.776533738966408
