Model: GRU
MSE: 2.743576582168696
MAE: 1.4272756658751389
EVS: 0.80022165538822
