Model: GRU
MSE: 7.5886552413836394
MAE: 2.4392412366538214
EVS: 0.7777399867431583
