Model: GRU
MSE: 2.4779691235247028
MAE: 1.3226828986200794
EVS: 0.8098626568439714
