Model: GRU
MSE: 12.370199883343142
MAE: 3.0123392302414467
EVS: 0.014702130401805458
