Model: GRU
MSE: 433.87458324483293
MAE: 20.55232630104854
EVS: 0.03311291248851045
