Model: GRU
MSE: 5.547402443565089
MAE: 2.0602881497350234
EVS: 0.7372154579118105
