Model: GRU
MSE: 2.3316634403983914
MAE: 1.1218566730104644
EVS: 0.8044624329229199
