Model: GRU
MSE: 5.450727742278873
MAE: 2.063780373540418
EVS: 0.7815983088289918
