Model: GRU
MSE: 2.8265138507931775
MAE: 1.3982723992446373
EVS: 0.7962479643799932
