Model: GRU
MSE: 6.018097296040446
MAE: 2.1801450170319656
EVS: 0.7812381441104537
