Model: GRU
MSE: 4.3617734943301665
MAE: 1.8402804670662716
EVS: 0.7806626135474913
