Model: GRU
MSE: 3.8806448744196236
MAE: 1.705988382471019
EVS: 0.7809386233385021
