Model: GRU
MSE: 2.839770365915291
MAE: 1.4343280627809722
EVS: 0.8258988581939579
