Model: GRU
MSE: 2.9700006119896973
MAE: 1.498294238386483
EVS: 0.7952003451242418
