Model: GRU
MSE: 3.3060381385430446
MAE: 1.5490741072029903
EVS: 0.7817190534894434
