Model: GRU
MSE: 1720.3824082701387
MAE: 41.279028267695985
EVS: -0.3837341692760943
