Model: GRU
MSE: 3.9194747708936966
MAE: 1.732872749197072
EVS: 0.7942366930142862
