Model: GRU
MSE: 3.18992565816977
MAE: 1.4606366157531738
EVS: 0.7526520805882767
