Model: GRU
MSE: 1151.0698756371862
MAE: 33.768636243096715
EVS: 0.09439476134701741
