Model: GRU
MSE: 2.882446547915966
MAE: 1.307425383863778
EVS: 0.757351462758034
