Model: GRU
MSE: 3.881197911047746
MAE: 1.7525035512858425
EVS: 0.7844334331186216
