Model: GRU
MSE: 469.19656357048257
MAE: 21.346308214911097
EVS: -0.14003862729803362
