Model: GRU
MSE: 4.271266301937234
MAE: 1.8097769309734475
EVS: 0.794345386947088
