Model: GRU
MSE: 387.5997006172359
MAE: 19.405640067725347
EVS: 0.0714997576050479
