Model: GRU
MSE: 2.4605534244459353
MAE: 1.238074647969213
EVS: 0.7941611130798802
