Model: GRU
MSE: 10.157149557491454
MAE: 2.7671386291240823
EVS: 0.6446099916949756
