Model: GRU
MSE: 7.351705113650739
MAE: 2.4266741851280473
EVS: 0.7716159041749582
