Model: GRU
MSE: 7.127983118561651
MAE: 2.379044713645146
EVS: 0.7854779673943342
