Model: GRU
MSE: 3.218423494812025
MAE: 1.4455339661959945
EVS: 0.72999226106233
