Model: GRU
MSE: 17.56322229109465
MAE: 3.842037694207553
EVS: -0.05240558879858037
