Model: GRU
MSE: 3.449768699760562
MAE: 1.5142397551700986
EVS: 0.7324437726429449
