Model: GRU
MSE: 2.567336874814106
MAE: 1.2984926618378738
EVS: 0.7847722386713158
