Model: GRU
MSE: 1493.4786799246579
MAE: 38.361296752403526
EVS: -0.8441880704551366
