Model: GRU
MSE: 369.2723622275788
MAE: 18.856339627298816
EVS: -0.1551301571910626
