Model: GRU
MSE: 3.3877975592007763
MAE: 1.6138515801265323
EVS: 0.7825357057485496
