Model: GRU
MSE: 2.70554556116581
MAE: 1.3773999049745758
EVS: 0.7879460785293002
