Model: GRU
MSE: 4.657269849479125
MAE: 1.8684950039304535
EVS: 0.7902787729180005
