Model: GRU
MSE: 687.9215990796896
MAE: 25.90014328627751
EVS: -0.44101908026910097
