Model: GRU
MSE: 361.74683383651677
MAE: 18.653958390498982
EVS: -0.16067816774008614
