Model: GRU
MSE: 6.260867966202223
MAE: 2.2266728960234543
EVS: 0.7745021514432686
