Model: GRU
MSE: 2.8612213919720784
MAE: 1.400004403344516
EVS: 0.773166586496403
