Model: GRU
MSE: 2.415517796254538
MAE: 1.211045659821609
EVS: 0.796739884249636
