Model: GRU
MSE: 5.4309197492032615
MAE: 1.5934731142861502
EVS: 0.6771714855493154
