Model: GRU
MSE: 2.9457754768324835
MAE: 1.4557099671199405
EVS: 0.7722364647169959
