Model: GRU
MSE: 4.083861607279973
MAE: 1.7483691758122937
EVS: 0.7898020141292453
