Model: GRU
MSE: 3.3196110936120404
MAE: 1.6095367711165856
EVS: 0.7976633218117699
