Model: GRU
MSE: 2.9411042167797197
MAE: 1.2636152629194588
EVS: 0.7692140388617602
