Model: GRU
MSE: 2.7871625830623934
MAE: 1.4072918891906738
EVS: 0.8211367626236998
