Model: GRU
MSE: 4.84048839432055
MAE: 1.6629867060431118
EVS: 0.7585058750205522
