Model: GRU
MSE: 349.98958796817084
MAE: 18.380267439217402
EVS: -0.02408325727004046
