Model: GRU
MSE: 343.3663832547433
MAE: 18.2070558482203
EVS: 0.0
