Model: GRU
MSE: 3.133540538560564
MAE: 1.4286837577819824
EVS: 0.7412782285200605
