Model: GRU
MSE: 2.5340017162252084
MAE: 1.1805745157702217
EVS: 0.7873550830261085
