Model: GRU
MSE: 2.285041492116173
MAE: 1.1727906753276955
EVS: 0.8128125594735294
