Model: GRU
MSE: 8.89588443790051
MAE: 2.7056541689511002
EVS: 0.7635138220546754
