Model: GRU
MSE: 2.9510754149971916
MAE: 1.2602872108591014
EVS: 0.7811792233171
