Model: GRU
MSE: 3.0871317793887787
MAE: 1.4787234109023522
EVS: 0.7716485091368985
