Model: GRU
MSE: 2.2391783122095403
MAE: 1.1930200067059746
EVS: 0.8114624437695719
