Model: GRU
MSE: 4.455438872252749
MAE: 1.8740963278145626
EVS: 0.8027743642537
