Model: GRU
MSE: 2.726690758150825
MAE: 1.2038393185056488
EVS: 0.787673020320719
