Model: GRU
MSE: 18.74124104358885
MAE: 4.0046071677372375
EVS: -0.1587221805036687
