Model: GRU
MSE: 2.8182823888737123
MAE: 1.247697065616476
EVS: 0.8044896665556933
