Model: GRU
MSE: 495.443778036475
MAE: 21.939899551457373
EVS: -0.18661990841686915
