Model: GRU
MSE: 2.845387528701355
MAE: 1.4210031443628772
EVS: 0.7861242582492797
