Model: GRU
MSE: 3.1300107287236814
MAE: 1.5321946472957217
EVS: 0.7960687311250352
