Model: GRU
MSE: 4.348046038195645
MAE: 1.5322157761146282
EVS: 0.7832870746920486
