Model: GRU
MSE: 2.7236549007960025
MAE: 1.3634000811083564
EVS: 0.7721769246758245
