Model: GRU
MSE: 2.9251400531413525
MAE: 1.2455632933254899
EVS: 0.7981713223741133
