Model: GRU
MSE: 3.649214694263578
MAE: 1.6373206993629192
EVS: 0.7733013994478111
