Model: GRU
MSE: 4.253081282395827
MAE: 1.7791847196118584
EVS: 0.7970304324993245
