Model: GRU
MSE: 2.350365514136875
MAE: 1.2368444656503612
EVS: 0.8027607081548456
