Model: GRU
MSE: 2.391664865970424
MAE: 1.1901690220010692
EVS: 0.7993217702855915
