Model: GRU
MSE: 3.210761913129215
MAE: 1.2813199470783103
EVS: 0.7875410597405648
