Model: GRU
MSE: 4.268079819805939
MAE: 1.7821199154031688
EVS: 0.7504753583890156
