Model: GRU
MSE: 5.558194733830697
MAE: 2.077795078014505
EVS: 0.8076327494823176
