Model: GRU
MSE: 8.067761386932872
MAE: 2.5278553798280914
EVS: 0.7599508637435156
