Model: GRU
MSE: 5.697037880213633
MAE: 2.1329060094109895
EVS: 0.804174452164269
