Model: GRU
MSE: 2.5891161703655294
MAE: 1.2272979308818948
EVS: 0.7857578804952132
