Model: GRU
MSE: 6.935271794405864
MAE: 2.1150757108415874
EVS: 0.6575208730241635
