Model: GRU
MSE: 5.988203533615153
MAE: 1.57593013218471
EVS: 0.6427676790549484
