Model: GRU
MSE: 2.9153962379118163
MAE: 1.3693468159642712
EVS: 0.7554858371653923
