Model: GRU
MSE: 4.852561039508898
MAE: 1.9332039931724811
EVS: 0.7668289941369698
