Model: GRU
MSE: 2.608715997936369
MAE: 1.3357449564440498
EVS: 0.788703951381013
