Model: GRU
MSE: 4.04773900556956
MAE: 1.7064946684344062
EVS: 0.7843054902750147
