Model: GRU
MSE: 2.6624728315122885
MAE: 1.3446767001316464
EVS: 0.7944917198430044
