Model: GRU
MSE: 6.964754238629886
MAE: 2.383380248628814
EVS: 0.7886845768851792
