Model: GRU
MSE: 2.4671500298143743
MAE: 1.268034293733794
EVS: 0.8087384331325882
