Model: GRU
MSE: 6.199306095793289
MAE: 1.740195666040693
EVS: 0.6358384667897197
