Model: GRU
MSE: 43.824374923681745
MAE: 6.050328879520811
EVS: -2.220446049250313e-16
