Model: GRU
MSE: 2.938835425678352
MAE: 1.3750685658948174
EVS: 0.7673173090392809
