Model: GRU
MSE: 2.4052467270280156
MAE: 1.2640364663354282
EVS: 0.8073026232977203
