Model: GRU
MSE: 2.4088972659549275
MAE: 1.1954427094295108
EVS: 0.7974670784056275
