Model: GRU
MSE: 430.8745241139192
MAE: 20.447377517305572
EVS: -0.0766482276933198
