Model: GRU
MSE: 2220.905914068716
MAE: 46.67102034338589
EVS: -2.599289947857022
