Model: GRU
MSE: 2.49998689701211
MAE: 1.1989077206315666
EVS: 0.7936443904440713
