Model: GRU
MSE: 2.456484759875005
MAE: 1.1663292194234913
EVS: 0.7987702307885429
