Model: GRU
MSE: 2.7246530359419343
MAE: 1.3927193016841495
EVS: 0.8068250531716611
