Model: GRU
MSE: 11.346757110499679
MAE: 3.022936360589389
EVS: 0.7008156572343579
