Model: GRU
MSE: 2092.774431651779
MAE: 45.60047149658203
EVS: -0.12653694523178238
