Model: GRU
MSE: 2.356958819728741
MAE: 1.2843437030397613
EVS: 0.8242716446817586
