Model: GRU
MSE: 8.828764874018855
MAE: 2.703246231736808
EVS: 0.7904161287384285
