Model: GRU
MSE: 826.1765579618352
MAE: 28.524617770622516
EVS: -0.055035037235857454
