Model: GRU
MSE: 3.655353677351756
MAE: 1.679375303202662
EVS: 0.7744892827566974
