Model: GRU
MSE: 2.8487181725610418
MAE: 1.3942676248221562
EVS: 0.7731633363876034
