Model: GRU
MSE: 4.787727197883747
MAE: 1.7099422915228482
EVS: 0.8093348917081269
