Model: GRU
MSE: 10.614774138916024
MAE: 2.9591150941519904
EVS: 0.7948304662482331
