Model: GRU
MSE: 4.543391621763711
MAE: 1.8710007996394717
EVS: 0.7647721959201962
