Model: GRU
MSE: 2.4116708161753637
MAE: 1.2154948711395264
EVS: 0.8003314251913174
