Model: GRU
MSE: 4.952176354073572
MAE: 1.984432763066785
EVS: 0.7646991690039985
