Model: GRU
MSE: 345.90748496096177
MAE: 18.26466727770608
EVS: -0.037062519827240514
