Model: GRU
MSE: 3.1286740794607626
MAE: 1.2687733091157058
EVS: 0.760711409767958
