Model: GRU
MSE: 2.6013129809754645
MAE: 1.2212029489977607
EVS: 0.7812699775625369
