Model: GRU
MSE: 2.7130117999870826
MAE: 1.337978247938485
EVS: 0.7872668645269367
