Model: GRU
MSE: 2.8382078750672726
MAE: 1.2165100985559925
EVS: 0.8161852849397214
