Model: GRU
MSE: 5.4243768888162744
MAE: 2.017864260180243
EVS: 0.8199094605934512
