Model: GRU
MSE: 352.07303001901306
MAE: 18.423123993750277
EVS: -0.06672831169920213
