Model: GRU
MSE: 4.553625743162378
MAE: 1.8788899059953361
EVS: 0.7793279112584982
