Model: GRU
MSE: 2.780440326634248
MAE: 1.4126574746493636
EVS: 0.7850880169641844
