Model: GRU
MSE: 6.439615452602499
MAE: 2.2374087695417733
EVS: 0.7625375986154571
