Model: GRU
MSE: 2.851735765401748
MAE: 1.2249302864074707
EVS: 0.764604790275193
