Model: GRU
MSE: 3.2189722705745596
MAE: 1.3007736863761112
EVS: 0.818573864825978
