Model: GRU
MSE: 4.990680969033464
MAE: 1.9311185376397495
EVS: 0.727767623737928
