Model: GRU
MSE: 2.920124632510359
MAE: 1.4612174691825077
EVS: 0.8000952264675545
