Model: GRU
MSE: 3.402989719074898
MAE: 1.3289762036553745
EVS: 0.7775576381016632
