Model: GRU
MSE: 8.007196052292674
MAE: 2.588951554791681
EVS: 0.800708747622241
