Model: GRU
MSE: 557.0498145825816
MAE: 23.275156086888806
EVS: -0.29044382209330855
