Model: GRU
MSE: 3.517429767943205
MAE: 1.6190860682520374
EVS: 0.7812284623404798
