Model: GRU
MSE: 3.10018746255565
MAE: 1.4751984497596478
EVS: 0.7765016464559367
