Model: GRU
MSE: 16.842044648104345
MAE: 3.759237026346141
EVS: -2.220446049250313e-16
