Model: GRU
MSE: 2491.8522205592008
MAE: 49.68805392035122
EVS: -0.9334864162730996
