Model: GRU
MSE: 12.888666889007835
MAE: 3.220633523217563
EVS: 0.5418056339684637
