Model: GRU
MSE: 4.70050876539227
MAE: 1.909966781221587
EVS: 0.8036336146174774
