Model: GRU
MSE: 2.8882948458489763
MAE: 1.2832208173028354
EVS: 0.7595463974480353
