Model: GRU
MSE: 2.9020519449974826
MAE: 1.4618254365592167
EVS: 0.7904970187777991
