Model: GRU
MSE: 3.012880549737541
MAE: 1.4565944918270768
EVS: 0.782444105902772
