Model: GRU
MSE: 2.949003519543057
MAE: 1.4360942676149566
EVS: 0.7832099109769542
