Model: GRU
MSE: 2.67877383905769
MAE: 1.2066495994041706
EVS: 0.7747107211755755
