Model: GRU
MSE: 3.5346520549291953
MAE: 1.574849769986909
EVS: 0.7868235601081937
