Model: GRU
MSE: 3.564100804200906
MAE: 1.4105427840660358
EVS: 0.7437825993971616
