Model: GRU
MSE: 2.580694897748187
MAE: 1.3452255808073899
EVS: 0.8067733980190661
