Model: GRU
MSE: 9.239901540578687
MAE: 2.750116257831968
EVS: 0.7636640115491015
