Model: GRU
MSE: 3.8596128255182114
MAE: 1.709410207024936
EVS: 0.7676707440816399
