Model: GRU
MSE: 2.7670127545013417
MAE: 1.2090806632206357
EVS: 0.7964339714034017
