Model: GRU
MSE: 2.4001301167725626
MAE: 1.1678512014191726
EVS: 0.801765273388779
