Model: GRU
MSE: 362.15451410197284
MAE: 18.69762376259113
EVS: -0.05761650497284321
