Model: GRU
MSE: 2.8015706842176984
MAE: 1.2750598644388134
EVS: 0.7812047189615039
