Model: GRU
MSE: 4.03876558423533
MAE: 1.7500332799451104
EVS: 0.7624803783545068
