Model: GRU
MSE: 17213.946937334284
MAE: 131.15669040022226
EVS: 0.0
