Model: GRU
MSE: 2.7559207599327484
MAE: 1.3067527475028202
EVS: 0.7679305814666502
