Model: GRU
MSE: 3.2946131244833814
MAE: 1.345902969097269
EVS: 0.8049784678758523
