Model: GRU
MSE: 3.0518348763342784
MAE: 1.4652843968621616
EVS: 0.775183128634548
