Model: GRU
MSE: 2.636806692754143
MAE: 1.3880474485200027
EVS: 0.790643151852922
