Model: GRU
MSE: 2.578434747251337
MAE: 1.1970216488016063
EVS: 0.809074204921842
