Model: GRU
MSE: 27.373814806507777
MAE: 4.8446494464216565
EVS: 0.02095479628183894
