Model: GRU
MSE: 7.394339623700724
MAE: 2.452769904301084
EVS: 0.8111979492005221
