Model: GRU
MSE: 3.6364096746837165
MAE: 1.6213807401985958
EVS: 0.7757742541186872
