Model: GRU
MSE: 7.772614527602592
MAE: 2.5021172474170554
EVS: 0.7881897699679746
