Model: GRU
MSE: 4.912623805505898
MAE: 1.9898660018526275
EVS: 0.808624879359161
