Model: GRU
MSE: 7.326834745536228
MAE: 2.4401756648359627
EVS: 0.7679923850098178
