Model: GRU
MSE: 482.13338833831074
MAE: 21.672297888788684
EVS: -0.04847650992588348
