Model: GRU
MSE: 3.904049687114123
MAE: 1.7343056119721512
EVS: 0.7406640959900113
