Model: GRU
MSE: 11.829712743250639
MAE: 2.5412482228772393
EVS: 0.012751878978673137
