Model: GRU
MSE: 2.854496201985527
MAE: 1.2750705192829002
EVS: 0.7745874361444028
