Model: GRU
MSE: 14.295420931799855
MAE: 3.502028021319159
EVS: 0.7901046612807825
