Model: GRU
MSE: 21.477765898246272
MAE: 4.299136326230806
EVS: -0.05955743355083132
