Model: GRU
MSE: 2.6479485315159392
MAE: 1.286878281626208
EVS: 0.7827286179299402
