Model: GRU
MSE: 3.4615600998111575
MAE: 1.5905670626410122
EVS: 0.776957114182643
