Model: GRU
MSE: 10.150625128222801
MAE: 2.889423658107889
EVS: 0.7873300689259219
