Model: GRU
MSE: 2.4152844588853073
MAE: 1.269357286650559
EVS: 0.8096548818702025
