Model: GRU
MSE: 2.730838057215351
MAE: 1.379593405230292
EVS: 0.7930782499879304
