Model: GRU
MSE: 13.964162857689722
MAE: 3.3044473056135506
EVS: -0.00556677008003037
