Model: GRU
MSE: 470.876198113491
MAE: 21.358737353620857
EVS: -0.23682851318084874
