Model: GRU
MSE: 3.086759967688381
MAE: 1.5149763863662193
EVS: 0.7904586752675873
