Model: GRU
MSE: 4.0959415965024615
MAE: 1.765271967854993
EVS: 0.7990276091446489
