Model: GRU
MSE: 6.19019255228664
MAE: 2.202040137915776
EVS: 0.822576281374623
