Model: GRU
MSE: 3.3995026312943533
MAE: 1.581275726186818
EVS: 0.7539936570198917
