Model: GRU
MSE: 11.448561725181877
MAE: 3.027032498655648
EVS: 0.7840669572614365
