Model: GRU
MSE: 4.543842794852645
MAE: 1.896650478757661
EVS: 0.7712446569815369
