Model: GRU
MSE: 4.27893977170597
MAE: 1.8564361046100486
EVS: 0.803703099596998
