Model: GRU
MSE: 3.234691373024502
MAE: 1.391953155912202
EVS: 0.730142217723414
