Model: GRU
MSE: 2.681282478423593
MAE: 1.3186159462764346
EVS: 0.7765180078541534
