Model: GRU
MSE: 7.122607258473385
MAE: 2.40656591283864
EVS: 0.7843686199167073
