Model: GRU
MSE: 370.83770342742
MAE: 18.914461156417584
EVS: -0.10205669443399601
