Model: GRU
MSE: 3.669760161533868
MAE: 1.5699486896909516
EVS: 0.691396504532497
