Model: GRU
MSE: 3.854024028593746
MAE: 1.6897431159841603
EVS: 0.7984143746881978
