Model: GRU
MSE: 3.476252596361989
MAE: 1.3705952414150895
EVS: 0.7882070506143652
