Model: GRU
MSE: 3.1021238189939826
MAE: 1.2888180140791268
EVS: 0.7662185406810187
