Model: GRU
MSE: 6.794750812290035
MAE: 2.31418960669945
EVS: 0.8097226542046496
