Model: GRU
MSE: 7.405186955250766
MAE: 2.1491635186331615
EVS: 0.6231809499203602
