Model: GRU
MSE: 4.066346489339692
MAE: 1.7371302062067493
EVS: 0.7955017486318452
