Model: GRU
MSE: 2.6602278446926224
MAE: 1.357148762406974
EVS: 0.7915308259255474
