Model: GRU
MSE: 3.3231742161275206
MAE: 1.3307458778907513
EVS: 0.8052656513025
