Model: GRU
MSE: 2.834215792778446
MAE: 1.3530940022961846
EVS: 0.764479859028136
