Model: GRU
MSE: 5.224575872787964
MAE: 2.0187681132349473
EVS: 0.7567089930151139
