Model: GRU
MSE: 1067.6557209648083
MAE: 32.40718180557777
EVS: -0.46849382972940234
