Model: GRU
MSE: 4035.334044887365
MAE: 63.42432679801151
EVS: -0.06902687314835898
