Model: GRU
MSE: 2.45391605575276
MAE: 1.18576875226251
EVS: 0.7933415160664715
