Model: GRU
MSE: 2.7656982849441647
MAE: 1.394570465745597
EVS: 0.7988321757857291
