Model: GRU
MSE: 545.4049398994542
MAE: 23.05793833732605
EVS: -0.15728706714534546
