Model: GRU
MSE: 6.885004635554173
MAE: 2.3218096042501517
EVS: 0.7885766370819577
