Model: GRU
MSE: 4.817075606711694
MAE: 1.912241294466216
EVS: 0.8029855383413415
