Model: GRU
MSE: 2350.6866903608507
MAE: 48.32921814096385
EVS: -0.2614990938103885
