Model: GRU
MSE: 4.011451517837757
MAE: 1.7325215093020736
EVS: 0.744448493783532
