Model: GRU
MSE: 4.180729905065219
MAE: 1.7651056092360924
EVS: 0.7792945371365763
