Model: GRU
MSE: 2830.068063813894
MAE: 53.06542876671101
EVS: -0.19030564988763676
