Model: GRU
MSE: 2.504637047542238
MAE: 1.2933467667678307
EVS: 0.7925497737906874
