Model: GRU
MSE: 397.8890508193865
MAE: 19.538091665711896
EVS: -0.3608007138117513
