Model: GRU
MSE: 4.853031184312895
MAE: 1.9304731138821305
EVS: 0.7751451467372479
