Model: GRU
MSE: 7.631275123590805
MAE: 2.0021131115300315
EVS: 0.5918708472053343
