Model: GRU
MSE: 5.32712993033577
MAE: 2.0964527952259986
EVS: 0.807913631752988
