Model: GRU
MSE: 364.8366267347163
MAE: 18.74067642359898
EVS: -0.14778830096320505
