Model: GRU
MSE: 3.188253686708941
MAE: 1.5222356894920612
EVS: 0.7687301035076222
