Model: GRU
MSE: 4.293497442159557
MAE: 1.5587801933288574
EVS: 0.6793878216347584
