Model: GRU
MSE: 435.58666123607816
MAE: 20.550735070787628
EVS: -0.11663916951024667
