Model: GRU
MSE: 2.5331328935681903
MAE: 1.1390941143035889
EVS: 0.7962345376248838
