Model: GRU
MSE: 9.534952988812233
MAE: 2.803097766021202
EVS: 0.8135290606077914
