Model: GRU
MSE: 18.76418571121322
MAE: 3.969052610726192
EVS: 0.3659462078265059
