Model: GRU
MSE: 2.9949141432987676
MAE: 1.27653588919804
EVS: 0.787470847074246
