Model: GRU
MSE: 14.29405825339325
MAE: 3.341622780109274
EVS: -0.022148021350966163
