Model: GRU
MSE: 3.058560751902828
MAE: 1.4723508275788406
EVS: 0.7610200353375576
