Model: GRU
MSE: 525.180871470751
MAE: 22.583234754101984
EVS: -0.27877153642552477
