Model: GRU
MSE: 2.222187693355408
MAE: 1.1940645678290005
EVS: 0.818015826685632
