Model: GRU
MSE: 6958.026961623299
MAE: 83.33290350026098
EVS: -0.15035638869105883
