Model: GRU
MSE: 5897.671266363553
MAE: 76.70245486292346
EVS: -0.21358807390604362
