Model: GRU
MSE: 2.1430319732075436
MAE: 1.215116599510456
EVS: 0.8350857694417585
