Model: GRU
MSE: 15.315684105651378
MAE: 3.527955811599205
EVS: 0.041208610087433706
