Model: GRU
MSE: 4.956443484151178
MAE: 1.9866294367560025
EVS: 0.767943808442328
