Model: GRU
MSE: 6.7668768417538425
MAE: 1.6011857441493442
EVS: 0.6460084407009787
