Model: GRU
MSE: 2.5919132129307267
MAE: 1.2405290274784482
EVS: 0.7826684743220629
