Model: GRU
MSE: 2.507106380272332
MAE: 1.3035939972976158
EVS: 0.8026842424302282
