Model: GRU
MSE: 19.02667282527834
MAE: 3.987292848784348
EVS: -0.00748770473262117
