Model: GRU
MSE: 3.286754587755679
MAE: 1.3096176015919652
EVS: 0.762857791022665
