Model: GRU
MSE: 8.033420368562561
MAE: 2.588537413498451
EVS: 0.7528997266687113
