Model: GRU
MSE: 2.5468861733276027
MAE: 1.1330666048773403
EVS: 0.8073660123669927
