Model: GRU
MSE: 2.854787319026627
MAE: 1.3758810141990925
EVS: 0.7780717260985914
