Model: GRU
MSE: 2.7258296697125464
MAE: 1.1745851779806202
EVS: 0.7978256348711287
