Model: GRU
MSE: 15881.97672538632
MAE: 125.97661380110115
EVS: 0.0
