Model: GRU
MSE: 7.2623542492786735
MAE: 2.4249000878169618
EVS: 0.7473574831219203
