Model: GRU
MSE: 2.611415783944039
MAE: 1.1408626128887307
EVS: 0.8126299408041342
