Model: GRU
MSE: 3.216642743445532
MAE: 1.5690156344709725
EVS: 0.7785723612093404
