Model: GRU
MSE: 3.5319806503858624
MAE: 1.6221456856563174
EVS: 0.7913923993158619
