Model: GRU
MSE: 4.244706312041299
MAE: 1.8270455639937828
EVS: 0.7818609882188186
