Model: GRU
MSE: 2.4583504416180335
MAE: 1.1514439253971493
EVS: 0.7935046676300843
