Model: GRU
MSE: 4.099798907245643
MAE: 1.7787543658552498
EVS: 0.8016545732871065
