Model: GRU
MSE: 2.568768874138993
MAE: 1.3349285783438847
EVS: 0.8007278092512632
