Model: GRU
MSE: 9.032890286851512
MAE: 2.729056251460108
EVS: 0.7715229233466946
