Model: GRU
MSE: 380.4332916230621
MAE: 19.18890754107771
EVS: -0.029455191119306834
