Model: GRU
MSE: 2.878581587490994
MAE: 1.280760723969032
EVS: 0.7831429936922564
