Model: GRU
MSE: 2.8895576948506894
MAE: 1.4399338919540932
EVS: 0.7883717649923937
