Model: GRU
MSE: 387.77080184986886
MAE: 19.34802706077181
EVS: -0.13102068605119022
