Model: GRU
MSE: 3.184255487651673
MAE: 1.5299477741636078
EVS: 0.7749019690656174
