Model: GRU
MSE: 2.951612305102273
MAE: 1.4634857999867406
EVS: 0.7877543441122757
