Model: GRU
MSE: 3.1589562721490534
MAE: 1.552394488762165
EVS: 0.7938028621806658
