Model: GRU
MSE: 4.101393983830227
MAE: 1.7649738953031342
EVS: 0.779883519578522
