Model: GRU
MSE: 2.455049931527684
MAE: 1.1664122384170006
EVS: 0.7987834617860173
