Model: GRU
MSE: 406.9237627536206
MAE: 19.85615899645049
EVS: -0.06632225682109572
