Model: GRU
MSE: 3.503336808185897
MAE: 1.6622623739571407
EVS: 0.7944884239946687
