Model: GRU
MSE: 367.3999533515845
MAE: 18.827449625936048
EVS: -0.08910175550116795
