Model: GRU
MSE: 3.7904845274135903
MAE: 1.6878328487790863
EVS: 0.69389270099558
