Model: GRU
MSE: 2.875472499931604
MAE: 1.280312077752475
EVS: 0.7650085278756574
