Model: GRU
MSE: 3.5415487805071435
MAE: 1.6501486876915241
EVS: 0.8158427368843022
