Model: GRU
MSE: 3.5604171400355757
MAE: 1.6477614600082924
EVS: 0.7892638305363155
