Model: GRU
MSE: 3.9893307616457525
MAE: 1.7777433724238956
EVS: 0.7861532889363501
