Model: GRU
MSE: 2.135048869685902
MAE: 1.1074775827342067
EVS: 0.8207647915980828
