Model: GRU
MSE: 5939.8121469068765
MAE: 76.9862639328529
EVS: -0.08912017527888705
