Model: GRU
MSE: 8.067784345508436
MAE: 2.5837752983487885
EVS: 0.7611078839338973
