Model: GRU
MSE: 4.548407011381414
MAE: 1.8876063577060043
EVS: 0.8054418742206493
