Model: GRU
MSE: 2.75787816449556
MAE: 1.3643373867561077
EVS: 0.7804019727042298
