Model: GRU
MSE: 3.472327008867461
MAE: 1.607404034713219
EVS: 0.7844753188405407
