Model: GRU
MSE: 6.366537749992951
MAE: 1.9066985886672447
EVS: 0.7415446931361149
