Model: GRU
MSE: 2.80741882408857
MAE: 1.3946723526921765
EVS: 0.7941161781338718
