Model: GRU
MSE: 3.2847374501606605
MAE: 1.5336342926683098
EVS: 0.7966637857719118
