Model: GRU
MSE: 2.4799288589381216
MAE: 1.155161347882501
EVS: 0.801832464940468
