Model: GRU
MSE: 3.1211121141818374
MAE: 1.4736901480576088
EVS: 0.7612347441688088
