Model: GRU
MSE: 3.887773080277776
MAE: 1.7087692721136685
EVS: 0.7607953468993687
