Model: GRU
MSE: 4.00168659192817
MAE: 1.7235069932608769
EVS: 0.7981373165322365
