Model: GRU
MSE: 12.204813700745788
MAE: 2.8992942612746666
EVS: -2.220446049250313e-16
