Model: GRU
MSE: 3.2149542032383267
MAE: 1.431915883360238
EVS: 0.7392624079453337
