Model: GRU
MSE: 3.6813665968917624
MAE: 1.610089926884092
EVS: 0.7433385085212556
