Model: GRU
MSE: 2.8176978588160098
MAE: 1.3240996558090736
EVS: 0.7626102806221704
