Model: GRU
MSE: 5.926781242411458
MAE: 2.1487245066412566
EVS: 0.7790621535843707
