Model: GRU
MSE: 3.74400409561411
MAE: 1.6624969942816372
EVS: 0.7229502524320082
