Model: GRU
MSE: 2.8871642611515718
MAE: 1.463728296345678
EVS: 0.7994692796829105
