Model: GRU
MSE: 8.287962341082103
MAE: 2.585751467737658
EVS: 0.7639432577943467
