Model: GRU
MSE: 2.4872037310829858
MAE: 1.1412127100188156
EVS: 0.8095401095681821
