Model: GRU
MSE: 3.0427259546097347
MAE: 1.428325291337638
EVS: 0.7729152415884644
