Model: GRU
MSE: 368.4787330772518
MAE: 18.841477042642133
EVS: -0.13547118697242744
