Model: GRU
MSE: 2.8801760560260745
MAE: 1.2684651407702217
EVS: 0.797692956598433
