Model: GRU
MSE: 2.55490824067203
MAE: 1.3420203965285729
EVS: 0.7928513137926199
