Model: GRU
MSE: 6.328296668922043
MAE: 2.2065123031879295
EVS: 0.753316322849033
