Model: GRU
MSE: 8.716783293735453
MAE: 2.7014105813256624
EVS: 0.798900511243181
