Model: GRU
MSE: 4.819198301583708
MAE: 1.9339451132149532
EVS: 0.7924658211666844
