Model: GRU
MSE: 2.287416474763717
MAE: 1.165323520528859
EVS: 0.8084257211807726
