Model: GRU
MSE: 2.75555386436101
MAE: 1.3255660205051816
EVS: 0.7704583978257666
