Model: GRU
MSE: 3.9581763783445036
MAE: 1.7244765018594677
EVS: 0.7728287303914361
