Model: GRU
MSE: 4.1394806803020465
MAE: 1.7846878314840382
EVS: 0.7751523523096345
