Model: GRU
MSE: 3.2655390246595744
MAE: 1.5309385266797295
EVS: 0.8069820549657417
