Model: GRU
MSE: 2.3066775463712625
MAE: 1.1590020903225602
EVS: 0.8063123454472759
