Model: GRU
MSE: 2.753609811008847
MAE: 1.2224154965630893
EVS: 0.7750854956010128
