Model: GRU
MSE: 2.587003600515317
MAE: 1.3319425336245834
EVS: 0.7987397856944116
