Model: GRU
MSE: 1327.308143567729
MAE: 36.056723528894885
EVS: -1.2933426483934012
