Model: GRU
MSE: 2.5310569687761264
MAE: 1.305993704960264
EVS: 0.8041577328580892
