Model: GRU
MSE: 3.273513298182102
MAE: 1.2917387074437634
EVS: 0.792992348221798
