Model: GRU
MSE: 3.0332236027712995
MAE: 1.2950138223582301
EVS: 0.7672541709149222
