Model: GRU
MSE: 2.6775320010208747
MAE: 1.3079368657079236
EVS: 0.7806875052061355
