Model: GRU
MSE: 3.3756561807517795
MAE: 1.6091235670550117
EVS: 0.787088570871878
