Model: GRU
MSE: 5.250404032620062
MAE: 2.026502642138251
EVS: 0.7950125271910293
