Model: GRU
MSE: 5.78930686744811
MAE: 2.151893763706602
EVS: 0.7550046555833436
