Model: GRU
MSE: 3994.077649428564
MAE: 63.09642074848043
EVS: -0.08844833499113203
