Model: GRU
MSE: 3.9380148875390724
MAE: 1.4399207213829304
EVS: 0.7325641074869477
