Model: GRU
MSE: 4.9232170607536645
MAE: 1.9726967153878048
EVS: 0.7849148669418602
