Model: GRU
MSE: 2785.0065218794794
MAE: 52.568992614746094
EVS: -0.2877820643265323
