Model: GRU
MSE: 2.380357148737026
MAE: 1.1523820778419231
EVS: 0.8021651235833867
