Model: GRU
MSE: 2.919524784231055
MAE: 1.4194165344895988
EVS: 0.7897541797779725
