Model: GRU
MSE: 3.670784851616841
MAE: 1.7085882055348363
EVS: 0.7885576343689851
