Model: GRU
MSE: 27.168749201125202
MAE: 4.815927933002341
EVS: -2.220446049250313e-16
