Model: GRU
MSE: 20.997239735703324
MAE: 4.112383053220552
EVS: 0.5758424016472337
