Model: GRU
MSE: 6.272413917917243
MAE: 2.243830549305883
EVS: 0.7686837605847879
