Model: GRU
MSE: 366.39255870018417
MAE: 18.813276960931976
EVS: -0.04917377039341386
