Model: GRU
MSE: 13.763703975881322
MAE: 3.2566769698570512
EVS: -2.220446049250313e-16
