Model: GRU
MSE: 3.556965272724671
MAE: 1.378062938821727
EVS: 0.8061147471222652
