Model: GRU
MSE: 2.6928032912143056
MAE: 1.3394742834156956
EVS: 0.78439294943645
