Model: GRU
MSE: 9483.519542346608
MAE: 97.2696630543676
EVS: -0.864627029599156
