Model: GRU
MSE: 1562.764987957777
MAE: 39.3777222140082
EVS: -0.024472857753236044
