Model: GRU
MSE: 11.645639902932967
MAE: 2.556741944674788
EVS: 0.02731081330949381
