Model: GRU
MSE: 3.274188042101396
MAE: 1.3059810441115807
EVS: 0.7894090463219741
