Model: GRU
MSE: 2.9707558356196286
MAE: 1.2090764374568546
EVS: 0.801573838188909
