Model: GRU
MSE: 2.5156085711560547
MAE: 1.224756224402066
EVS: 0.7880776453602458
