Model: GRU
MSE: 3.3560276103981184
MAE: 1.5484817110258957
EVS: 0.7680146491564643
