Model: GRU
MSE: 19.437626348948484
MAE: 4.145358398042876
EVS: -0.04594434613892795
