Model: GRU
MSE: 3.460959104341249
MAE: 1.5945572030955348
EVS: 0.7610292607459558
