Model: GRU
MSE: 2.391691994836633
MAE: 1.2109098763301456
EVS: 0.8076881661103622
