Model: GRU
MSE: 2.362830980571069
MAE: 1.1977116650548474
EVS: 0.8012893172561284
