Model: GRU
MSE: 6.417426298520511
MAE: 2.282212397147869
EVS: 0.780306252267591
