Model: GRU
MSE: 2.5321200726005704
MAE: 1.3800005090647731
EVS: 0.8182578443222173
