Model: GRU
MSE: 2.737302200203932
MAE: 1.2305582145164753
EVS: 0.789162099405831
