Model: GRU
MSE: 3.459603214759666
MAE: 1.5452658554603314
EVS: 0.738357022325341
