Model: GRU
MSE: 4.428841734933469
MAE: 1.8388202765892292
EVS: 0.7877561017370025
