Model: GRU
MSE: 7.689638549755234
MAE: 2.5175930384931893
EVS: 0.7771565328869956
