Model: GRU
MSE: 4.492045588724961
MAE: 1.8734596022244157
EVS: 0.7994804854487084
