Model: GRU
MSE: 3061.0984793691487
MAE: 55.24678151360874
EVS: 0.2508857735070825
