Model: GRU
MSE: 2.3342659650648536
MAE: 1.1088309370238205
EVS: 0.8131182689010569
