Model: GRU
MSE: 4.951206869154123
MAE: 1.97343791764358
EVS: 0.7790045766333545
