Model: GRU
MSE: 3.8847046980515723
MAE: 1.7483876655841697
EVS: 0.7948791668438625
