Model: GRU
MSE: 14.538922997255119
MAE: 3.2955250927380155
EVS: 0.6151271177098636
