Model: GRU
MSE: 5.435990189803408
MAE: 2.1120941063453413
EVS: 0.7931912615447887
