Model: GRU
MSE: 3.4300586523207066
MAE: 1.6032505199826996
EVS: 0.8052208109719996
