Model: GRU
MSE: 488.16196979961586
MAE: 21.702889902838344
EVS: -0.4445881297478358
