Model: GRU
MSE: 21.246495642922756
MAE: 4.275817016075397
EVS: -2.220446049250313e-16
