Model: GRU
MSE: 7.428472201215056
MAE: 2.448068536561111
EVS: 0.7854355595846606
