Model: GRU
MSE: 381.0826160219971
MAE: 19.1594364458117
EVS: -0.1793765870276185
