Model: GRU
MSE: 352.55247806934824
MAE: 18.42283859026843
EVS: -0.10800755613298407
