Model: GRU
MSE: 13.896482858331778
MAE: 3.2859318831871294
EVS: -0.004266772900328064
