Model: GRU
MSE: 2.8091746933616437
MAE: 1.2539840566700902
EVS: 0.7753923565628483
