Model: GRU
MSE: 3.5461906267909993
MAE: 1.3606463465197334
EVS: 0.7840692168514123
