Model: GRU
MSE: 2.8039193569607046
MAE: 1.3556222093516384
EVS: 0.7727258206817373
