Model: GRU
MSE: 2.792613915519135
MAE: 1.4170215376492203
EVS: 0.791898604706068
