Model: GRU
MSE: 2.4481979077259175
MAE: 1.21650977792411
EVS: 0.7937818913634562
