Model: GRU
MSE: 2890.138676699473
MAE: 53.5216745179275
EVS: -1.1541793854650804
