Model: GRU
MSE: 5.90771503892222
MAE: 2.15547225393098
EVS: 0.7598633172074
