Model: GRU
MSE: 15.102410727400606
MAE: 3.4618461214262863
EVS: -0.051326503324284234
