Model: GRU
MSE: 3.8266093181864402
MAE: 1.438090472385801
EVS: 0.7925753709643524
