Model: GRU
MSE: 3.9220780539438724
MAE: 1.7286767630741513
EVS: 0.8193553874026311
