Model: GRU
MSE: 1030.0508764654044
MAE: 31.826887147179967
EVS: -0.440678219769012
