Model: GRU
MSE: 2.5414063548997574
MAE: 1.265490827889278
EVS: 0.7881643318183722
