Model: GRU
MSE: 3.066354327389004
MAE: 1.4557321318264664
EVS: 0.7852235241916354
