Model: GRU
MSE: 3.869769098551924
MAE: 1.6762553001272267
EVS: 0.7445853551591128
