Model: GRU
MSE: 16.487949025368614
MAE: 3.728485206077839
EVS: 0.039746940386257035
