Model: GRU
MSE: 4.280376218268982
MAE: 1.8061497704736118
EVS: 0.7525478194945964
