Model: GRU
MSE: 2159.079173565879
MAE: 46.336853060229075
EVS: -0.008906983511773214
