Model: GRU
MSE: 2.72846473323059
MAE: 1.2996119301894615
EVS: 0.7716707260400222
