Model: GRU
MSE: 4.252398080615551
MAE: 1.7909590540261104
EVS: 0.8113538214370342
