Model: GRU
MSE: 2.839357931273125
MAE: 1.2194339653541302
EVS: 0.7881633851819243
