Model: GRU
MSE: 4.701460643708546
MAE: 1.8895809239354626
EVS: 0.7627883269686337
