Model: GRU
MSE: 349.12339102911614
MAE: 18.351811326783277
EVS: -0.03916857807387086
