Model: GRU
MSE: 2.9722704216878806
MAE: 1.4398662468482708
EVS: 0.7727049453925825
