Model: GRU
MSE: 2.5521882488966523
MAE: 1.1950035752921269
EVS: 0.7895437137206078
