Model: GRU
MSE: 2.3560507110152664
MAE: 1.1388522509870858
EVS: 0.8018557069693302
