Model: GRU
MSE: 7.226696364428476
MAE: 2.4509606525815766
EVS: 0.7680947932451234
