Model: GRU
MSE: 2.364127186469165
MAE: 1.2379222080625336
EVS: 0.8029884352412898
