Model: GRU
MSE: 1629.1898189344035
MAE: 40.21592120466561
EVS: 0.0
