Model: GRU
MSE: 5.590762874098716
MAE: 1.535525117601667
EVS: 0.6657081890479597
