Model: GRU
MSE: 6.768311890861665
MAE: 2.354202599361025
EVS: 0.774803257773345
