Model: GRU
MSE: 427.497893509494
MAE: 20.3473236149755
EVS: -0.13604739386998022
