Model: GRU
MSE: 2.648284737474678
MAE: 1.3817380872266045
EVS: 0.8047149554432884
