Model: GRU
MSE: 2.6946999056952894
MAE: 1.2693537350358635
EVS: 0.7731782392794166
