Model: GRU
MSE: 3.0987103402578273
MAE: 1.2591330758456527
EVS: 0.7874581823438609
