Model: GRU
MSE: 3.722284098967207
MAE: 1.6552031122404953
EVS: 0.7595432694565063
