Model: GRU
MSE: 3.262511159329827
MAE: 1.3637278655479694
EVS: 0.7407386135598066
