Model: GRU
MSE: 6.57032334373643
MAE: 2.2732289906205803
EVS: 0.7597015722858935
