Model: GRU
MSE: 361.07211475969285
MAE: 18.639815725129225
EVS: -0.1482694140643792
