Model: GRU
MSE: 4.575700970957142
MAE: 1.8752691992397965
EVS: 0.7468810196038659
