Model: GRU
MSE: 9.568478748468069
MAE: 2.7583390104359595
EVS: 0.7016385639535487
