Model: GRU
MSE: 723.9421701884363
MAE: 26.602602300972773
EVS: -0.36852607027120454
