Model: GRU
MSE: 12.577329904572393
MAE: 2.6770017393704117
EVS: -0.05284416790454016
