Model: GRU
MSE: 18.66860786663082
MAE: 3.806444291410775
EVS: 0.6338959876255599
