Model: GRU
MSE: 4.974743295524926
MAE: 1.9868987675370842
EVS: 0.789037354484449
