Model: GRU
MSE: 3.6335537083582805
MAE: 1.405020993331383
EVS: 0.7824553668927277
