Model: GRU
MSE: 3.0512224530689385
MAE: 1.2730300179843246
EVS: 0.8039076108015513
