Model: GRU
MSE: 6.030588650327947
MAE: 2.1862152362691947
EVS: 0.7892776431219641
