Model: GRU
MSE: 9.77281239271113
MAE: 2.8400313689790924
EVS: 0.7861955649954062
