Model: GRU
MSE: 2.5294447420447037
MAE: 1.3098055905309216
EVS: 0.8006413073145271
