Model: GRU
MSE: 4.438860303696213
MAE: 1.8534020226577232
EVS: 0.7757745448695478
