Model: GRU
MSE: 10.365816009963133
MAE: 2.5345857061188797
EVS: 0.6679143088701309
