Model: GRU
MSE: 3.3661191618813486
MAE: 1.604644199897503
EVS: 0.7916692111240587
