Model: GRU
MSE: 5.783778186220325
MAE: 2.1281396767188765
EVS: 0.7625221825025155
