Model: GRU
MSE: 6.926485393173215
MAE: 2.109131566409407
EVS: 0.4172081549630515
