Model: GRU
MSE: 3.234069074514489
MAE: 1.5093668575944572
EVS: 0.736731267412059
