Model: GRU
MSE: 2.218163928113285
MAE: 1.1705850568310967
EVS: 0.8169480529952111
