Model: GRU
MSE: 5.226782477017015
MAE: 2.0175798843646873
EVS: 0.7871372507564014
