Model: GRU
MSE: 3.5294456587534397
MAE: 1.579977430146316
EVS: 0.7801045236165892
