Model: GRU
MSE: 5.448962468412705
MAE: 2.087943142858045
EVS: 0.7831371227905954
