Model: GRU
MSE: 2.2879070652804154
MAE: 1.1230428301054856
EVS: 0.8092205991189445
