Model: GRU
MSE: 429.59055356787076
MAE: 20.419921176186925
EVS: -0.06300788526839352
