Model: GRU
MSE: 368.43326247018183
MAE: 18.841794679904805
EVS: -0.13063187483026795
