Model: GRU
MSE: 2.505391880194824
MAE: 1.2042154114821861
EVS: 0.7892238673147473
