Model: GRU
MSE: 2.83189829525972
MAE: 1.3363532691166318
EVS: 0.7650039460104423
