Model: GRU
MSE: 3.8670342745817874
MAE: 1.727990717723452
EVS: 0.7987895488689392
