Model: GRU
MSE: 401.72815073248194
MAE: 19.74131806143399
EVS: -0.011711641458272082
