Model: GRU
MSE: 3.1398639776402097
MAE: 1.5255306178125843
EVS: 0.7703355365009026
