Model: GRU
MSE: 5.440779571346552
MAE: 2.0776952217365134
EVS: 0.7915302901263114
