Model: GRU
MSE: 4.514620885411926
MAE: 1.8695783615112305
EVS: 0.781145305981135
