Model: GRU
MSE: 359.86364842842283
MAE: 18.669493580686634
EVS: 0.046829495561345746
