Model: GRU
MSE: 2.8287922485681842
MAE: 1.3652354931009227
EVS: 0.7666502194173594
