Model: GRU
MSE: 4.816847687636482
MAE: 1.9148255874370705
EVS: 0.7796361443331654
