Model: GRU
MSE: 2.7249150328205607
MAE: 1.3275473035615066
EVS: 0.7857146349907673
