Model: GRU
MSE: 12.49411465979781
MAE: 2.984036445617676
EVS: -0.004066937791804115
