Model: GRU
MSE: 391.78184717586845
MAE: 19.30552339553833
EVS: -0.1423481920051597
