Model: GRU
MSE: 2.5632251757599764
MAE: 1.1737309488756904
EVS: 0.81193004381116
