Model: GRU
MSE: 2.2559026532115056
MAE: 1.1456451498228928
EVS: 0.8104660329124138
