Model: GRU
MSE: 2.466959792131233
MAE: 1.1792917744866733
EVS: 0.7979639138420606
