Model: GRU
MSE: 2.832884522918232
MAE: 1.3683982799793113
EVS: 0.7734856181882036
