Model: GRU
MSE: 2.672561837246607
MAE: 1.2735440155555462
EVS: 0.7788022212265417
