Model: GRU
MSE: 2.8289193846112775
MAE: 1.4029038527916218
EVS: 0.7825293090954305
