Model: GRU
MSE: 3.009770406874097
MAE: 1.4528067029755691
EVS: 0.8128603229517692
