Model: GRU
MSE: 7.371208924247028
MAE: 2.3786166289757036
EVS: 0.7268033160886882
