Model: GRU
MSE: 382.8240372069447
MAE: 19.261202150377734
EVS: 0.003317044806385727
