Model: GRU
MSE: 3.5230714778359338
MAE: 1.6049832311169854
EVS: 0.7773860692396468
