Model: GRU
MSE: 3.142990266929003
MAE: 1.5668898615343818
EVS: 0.7814043170185524
