Model: GRU
MSE: 4.514848086203862
MAE: 1.8665639367596856
EVS: 0.7800178296539959
