Model: GRU
MSE: 3.8612055075914724
MAE: 1.7071476229305924
EVS: 0.8062853897350846
