Model: GRU
MSE: 2.5950589045419132
MAE: 1.2097078191822972
EVS: 0.7856669419745914
