Model: GRU
MSE: 10.452056556289476
MAE: 2.873758316040039
EVS: 0.7335456560943279
