Model: GRU
MSE: 2.7307525923412928
MAE: 1.2640071901781806
EVS: 0.7759372047062091
