Model: GRU
MSE: 6.93960113911452
MAE: 2.0383448668888637
EVS: 0.6326774420585652
