Model: GRU
MSE: 4.500614876368578
MAE: 1.8809748353629276
EVS: 0.7742452177731975
