Model: GRU
MSE: 3.985891629588427
MAE: 1.7576656423766037
EVS: 0.7773670700420015
