Model: GRU
MSE: 5.618357170486198
MAE: 2.118642182185732
EVS: 0.8136486565532037
