Model: GRU
MSE: 5.39650765122337
MAE: 2.0747328215631944
EVS: 0.7757512550711338
