Model: GRU
MSE: 2.99214729825775
MAE: 1.4795827372320767
EVS: 0.8186102328048495
