Model: GRU
MSE: 3.827182211920119
MAE: 1.4574465196708153
EVS: 0.905046120720415
