Model: GRU
MSE: 3.1434342897423924
MAE: 1.4022556389200276
EVS: 0.9051058514333192
