Model: GRU
MSE: 7.760626217000482
MAE: 2.2854730877383003
EVS: 0.9093434738399402
