Model: GRU
MSE: 6.4426383906646425
MAE: 2.075338604121373
EVS: 0.9133339517270032
