Model: GRU
MSE: 70.21442939645502
MAE: 7.497171599289467
EVS: 0.47160298604973405
