Model: GRU
MSE: 5.298202492909406
MAE: 1.6116040955329765
EVS: 0.8613827853607726
