Model: GRU
MSE: 145.90257341757794
MAE: 10.739593818269928
EVS: 0.034262471881293166
