Model: GRU
MSE: 2.9052039875307774
MAE: 1.2940314124370444
EVS: 0.908396254149412
