Model: GRU
MSE: 3.6196967159224016
MAE: 1.4742513771714836
EVS: 0.9045129800162834
