Model: GRU
MSE: 4.783188754045086
MAE: 1.7046108204742958
EVS: 0.8628638748495995
