Model: GRU
MSE: 2.938798430632568
MAE: 1.2711675043763786
EVS: 0.9179646901945732
