Model: GRU
MSE: 228.77888870861415
MAE: 14.139955010907403
EVS: 0.08870935529657797
