Model: GRU
MSE: 3.1135743965276514
MAE: 1.3225480523602715
EVS: 0.9016257640487205
