Model: GRU
MSE: 5.521251159486543
MAE: 1.8294069808104942
EVS: 0.9012262019664139
