Model: GRU
MSE: 580.298383737401
MAE: 23.492281946642645
EVS: 0.10228012769649875
