Model: GRU
MSE: 6.156631745040212
MAE: 1.8271869667645158
EVS: 0.8837937805147809
