Model: GRU
MSE: 3.228485340889203
MAE: 1.2626338693602333
EVS: 0.9082905511371665
