Model: GRU
MSE: 21.171166073598638
MAE: 2.96994575344283
EVS: 0.4679696797644062
