Model: GRU
MSE: 3.185697210729594
MAE: 1.309984799089103
EVS: 0.903602320298561
