Model: GRU
MSE: 4.791963547640223
MAE: 1.6427348441091076
EVS: 0.8960120288046548
