Model: GRU
MSE: 10.844597289465922
MAE: 2.6855769225529262
EVS: 0.8325998858616294
