Model: GRU
MSE: 3.4255577415321943
MAE: 1.3816885290474727
EVS: 0.8974710604831589
