Model: GRU
MSE: 4.591827563263801
MAE: 1.7657889251051277
EVS: 0.8988683860950619
