Model: GRU
MSE: 2.699001623108625
MAE: 1.1415592966408565
EVS: 0.9150699733329521
