Model: GRU
MSE: 3.167661779461621
MAE: 1.3632814534779252
EVS: 0.9036982830943678
