Model: GRU
MSE: 3.163300803335405
MAE: 1.320421893021156
EVS: 0.9007525100994603
