Model: GRU
MSE: 7.551156785619896
MAE: 2.2253874170369117
EVS: 0.8942586253907838
