Model: GRU
MSE: 3498.2357606317464
MAE: 58.90410877096242
EVS: 0.09815166155527044
