Model: GRU
MSE: 4.23305864089352
MAE: 1.6697268650449555
EVS: 0.9051891752945316
