Model: GRU
MSE: 428.50160104838005
MAE: 19.785966544315734
EVS: -0.16965003951226487
