Model: GRU
MSE: 92.55569670251238
MAE: 7.657230434746578
EVS: -0.07186798493396185
