Model: GRU
MSE: 5.3544756570095515
MAE: 1.8314681094268273
EVS: 0.9165421960371436
