Model: GRU
MSE: 6883.495643425031
MAE: 81.37724123329951
EVS: -7.254548110381139
