Model: GRU
MSE: 2.8835771001992248
MAE: 1.327349568235463
EVS: 0.9091111648632865
