Model: GRU
MSE: 3.842503029957803
MAE: 1.5600002469687626
EVS: 0.92699518791361
