Model: GRU
MSE: 3.7472546423889614
MAE: 1.4072278820235153
EVS: 0.9116924386413846
