Model: GRU
MSE: 7.2017019037321495
MAE: 2.117445912854425
EVS: 0.9005984285181778
