Model: GRU
MSE: 3.7851543116462136
MAE: 1.618870788607104
EVS: 0.8975861568227923
