Model: GRU
MSE: 3.3216054268116824
MAE: 1.2118893522640755
EVS: 0.8982909388755225
