Model: GRU
MSE: 9.49138348323624
MAE: 2.6249341800295074
EVS: 0.9096783510381689
