Model: GRU
MSE: 7.786492207885579
MAE: 2.387085409000002
EVS: 0.9190399819495669
