Model: GRU
MSE: 3.1214486895060882
MAE: 1.3055870409669548
EVS: 0.9239974245850096
