Model: GRU
MSE: 972.3282222337682
MAE: 30.905115028907513
EVS: 0.45645643952340675
