Model: GRU
MSE: 96.00303828150567
MAE: 7.887513144262906
EVS: -0.06768623784086558
