Model: GRU
MSE: 6.2753946901368325
MAE: 1.822218705867899
EVS: 0.8819949054310189
