Model: GRU
MSE: 4.146619771755875
MAE: 1.572521884893549
EVS: 0.9037259781257589
