Model: GRU
MSE: 2.9030269018672827
MAE: 1.2439445452443485
EVS: 0.9085840821592166
