Model: GRU
MSE: 3.020168401859436
MAE: 1.3216762275531375
EVS: 0.9153015003881749
