Model: GRU
MSE: 6.405123551578759
MAE: 2.10975208364684
EVS: 0.8848295651203992
