Model: GRU
MSE: 5.672474439216523
MAE: 1.8450722571077018
EVS: 0.9027084247415257
