Model: GRU
MSE: 4.793448334666767
MAE: 1.70412526870596
EVS: 0.9116377312421222
