Model: GRU
MSE: 3.3321865248720033
MAE: 1.3215209327895066
EVS: 0.8955591441131099
