Model: GRU
MSE: 3.8154916956969993
MAE: 1.40997445172277
EVS: 0.9171989858312704
