Model: GRU
MSE: 4.145738059283623
MAE: 1.5620060820004036
EVS: 0.9142412446586189
