Model: GRU
MSE: 53.46226423370391
MAE: 6.872680269438645
EVS: 0.18292818554662393
