Model: GRU
MSE: 2.7950106744975862
MAE: 1.2251607128258408
EVS: 0.9186398072216848
