Model: GRU
MSE: 3.2342797668592733
MAE: 1.2670352582273812
EVS: 0.9075297644259365
