Model: GRU
MSE: 180.77876601331025
MAE: 12.00355707365891
EVS: -0.15942048397506792
