Model: GRU
MSE: 2.624146662080438
MAE: 1.1257224596779922
EVS: 0.928971304643898
