Model: GRU
MSE: 2.8804419437035733
MAE: 1.2191520785463268
EVS: 0.909673531740977
