Model: GRU
MSE: 112.31310994832711
MAE: 8.785733009206838
EVS: -0.10983200234513424
