Model: GRU
MSE: 3.124668024817534
MAE: 1.365859714047662
EVS: 0.903342491534245
