Model: GRU
MSE: 3.395359211107893
MAE: 1.4032968467679516
EVS: 0.9161245776454724
