Model: GRU
MSE: 755.187989767893
MAE: 26.92686761658767
EVS: 0.04790969730549155
