Model: GRU
MSE: 103.35890461480498
MAE: 8.610440763933905
EVS: 0.07674483898551798
