Model: GRU
MSE: 3.362385255700983
MAE: 1.2317441578569084
EVS: 0.9098035670918594
