Model: GRU
MSE: 54.02222502624631
MAE: 6.926097508134513
EVS: 0.14260775224247568
