Model: GRU
MSE: 6.919176052492326
MAE: 2.37604309772623
EVS: 0.8642261406418189
