Model: GRU
MSE: 2.756247945323234
MAE: 1.2578739749974217
EVS: 0.9193567335374293
