Model: GRU
MSE: 5.858024109245465
MAE: 1.7573679336186112
EVS: 0.877058797107895
