Model: GRU
MSE: 185.20530309243404
MAE: 12.469939692267056
EVS: 0.06136654926979124
