Model: GRU
MSE: 3.145609611907573
MAE: 1.2545772256522343
EVS: 0.9119602458806667
