Model: GRU
MSE: 3.351354476770785
MAE: 1.4137930993376107
EVS: 0.8967067386952783
