Model: GRU
MSE: 3159.4468216966225
MAE: 55.965055531468884
EVS: 0.13551099082182627
