Model: GRU
MSE: 79.46832949685525
MAE: 8.322999789797027
EVS: -0.028663960293220603
