Model: GRU
MSE: 5.888055649576178
MAE: 1.871902855305836
EVS: 0.842924426557836
