Model: GRU
MSE: 4.90704073200514
MAE: 1.7410114798052558
EVS: 0.911451609588279
