Model: GRU
MSE: 4.297871850559177
MAE: 1.7667105012926563
EVS: 0.8853003030379907
