Model: GRU
MSE: 4.147026101654545
MAE: 1.3430846703463588
EVS: 0.886333268090333
