Model: GRU
MSE: 99.86287849459913
MAE: 8.292623207486908
EVS: 0.01746582887127579
