Model: GRU
MSE: 2.8886341887195885
MAE: 1.168048239987472
EVS: 0.9087393066029713
