Model: GRU
MSE: 3.345106468414205
MAE: 1.4303187265478332
EVS: 0.8985246256262579
