Model: GRU
MSE: 6.839342812087533
MAE: 2.099034942429641
EVS: 0.9003448224878775
