Model: GRU
MSE: 4.328050263466515
MAE: 1.7795398235321045
EVS: 0.9135576444063649
