Model: GRU
MSE: 2.730428326535786
MAE: 1.2534602798264602
EVS: 0.9164815278872085
