Model: GRU
MSE: 6671.099744284714
MAE: 81.4192675886483
EVS: -0.32717894065085895
