Model: GRU
MSE: 3.681290271281239
MAE: 1.4145284192315464
EVS: 0.9005608699254911
