Model: GRU
MSE: 4.343012821497141
MAE: 1.5336485032377571
EVS: 0.864451867533999
