Model: GRU
MSE: 96.42075682000302
MAE: 8.032749365115988
EVS: -0.007825332075889202
