Model: GRU
MSE: 2.934865326755117
MAE: 1.2838495168192634
EVS: 0.9073571359016785
