Model: GRU
MSE: 2.7639738914532725
MAE: 1.2344996548932174
EVS: 0.9136716891669057
