Model: GRU
MSE: 4.525568468601781
MAE: 1.4698205713568062
EVS: 0.8773420024251614
