Model: GRU
MSE: 3.3582086654575143
MAE: 1.4006030004599999
EVS: 0.8945608352141965
