Model: GRU
MSE: 6.618706720062815
MAE: 2.105929867974643
EVS: 0.9094229896824767
