Model: GRU
MSE: 6.072429589005157
MAE: 1.85553974118726
EVS: 0.8245341011896097
