Model: GRU
MSE: 3.5181485075002534
MAE: 1.3654860525295651
EVS: 0.889611443981319
