Model: GRU
MSE: 3.7080193767894416
MAE: 1.4480277382094284
EVS: 0.9159721873835787
