Model: GRU
MSE: 1314.0559498611779
MAE: 35.7029379482927
EVS: -0.24355802591727427
