Model: GRU
MSE: 5.824022898449022
MAE: 1.7663828710029865
EVS: 0.89547819348774
