Model: GRU
MSE: 3.2096494783476257
MAE: 1.2539501107972244
EVS: 0.9058835535638832
