Model: GRU
MSE: 4.248964101695558
MAE: 1.52252223573882
EVS: 0.9098960814164639
