Model: GRU
MSE: 223.66849112347876
MAE: 13.280976377684494
EVS: -0.4940628390376334
