Model: GRU
MSE: 159.65508241922424
MAE: 11.64990102011582
EVS: 0.2437165108636613
