Model: GRU
MSE: 3.567592528230448
MAE: 1.404133813134555
EVS: 0.9212256749543929
