Model: GRU
MSE: 32.33806299202667
MAE: 5.293780688581796
EVS: 0.17863036727772164
