Model: GRU
MSE: 1747.0425856164436
MAE: 41.417321829960265
EVS: 0.0
