Model: GRU
MSE: 2.9296741125465657
MAE: 1.3083549193267165
EVS: 0.9075760612523774
