Model: GRU
MSE: 5.464294802404681
MAE: 1.9935455075625717
EVS: 0.8999981975601811
