Model: GRU
MSE: 4.365801999711899
MAE: 1.5498274616126357
EVS: 0.8950008185329834
