Model: GRU
MSE: 61.45380774523142
MAE: 7.211997821413237
EVS: 0.34945451693312046
