Model: GRU
MSE: 999.2186909501817
MAE: 31.064296031820362
EVS: -0.08152685305797358
