Model: GRU
MSE: 3.2693530506352113
MAE: 1.388925285174929
EVS: 0.8968430325151939
