Model: GRU
MSE: 6.192861115967911
MAE: 1.9432936454641407
EVS: 0.9005632930319594
