Model: GRU
MSE: 6.650882548059161
MAE: 2.0681912693484077
EVS: 0.8834398324223909
