Model: GRU
MSE: 3.848926529289113
MAE: 1.5299565545443832
EVS: 0.9247235847605345
