Model: GRU
MSE: 3.841492189027944
MAE: 1.57871881538424
EVS: 0.8856195458247464
