Model: GRU
MSE: 4.262019398670359
MAE: 1.6285708115018647
EVS: 0.8962775042862945
