Model: GRU
MSE: 2.759370509397443
MAE: 1.3126282404209006
EVS: 0.9129093294569792
