Model: GRU
MSE: 7.575171319948426
MAE: 2.1885650460209165
EVS: 0.8116760989135047
