Model: GRU
MSE: 3.349610208678941
MAE: 1.5428913872817467
EVS: 0.9028878923250752
