Model: GRU
MSE: 10.638486632532965
MAE: 2.413069276974119
EVS: 0.6638795445564738
