Model: GRU
MSE: 2.983451463674669
MAE: 1.2766595729466141
EVS: 0.9100284419357969
