Model: GRU
MSE: 4.263201096162581
MAE: 1.6696828069358036
EVS: 0.9002467085202255
