Model: GRU
MSE: 10.759713395811955
MAE: 2.6189228008533347
EVS: 0.7305576660873128
