Model: GRU
MSE: 5.879597802825754
MAE: 1.91824353974441
EVS: 0.9018892085326498
