Model: GRU
MSE: 3.8655050345473527
MAE: 1.4170307619818325
EVS: 0.8780215683233336
