Model: GRU
MSE: 2.9472327205103266
MAE: 1.213105051681913
EVS: 0.908450288891489
