Model: GRU
MSE: 3.2687162274411863
MAE: 1.246204318671391
EVS: 0.8999975423676315
