Model: GRU
MSE: 3.107438488814489
MAE: 1.28313455704985
EVS: 0.9018907370048757
