Model: GRU
MSE: 3.082781245373308
MAE: 1.2753071250586674
EVS: 0.9043316858047291
