Model: GRU
MSE: 85.3227595090059
MAE: 8.467328712858002
EVS: 0.05722417080573372
