Model: GRU
MSE: 2.8193485756249013
MAE: 1.1574478026094108
EVS: 0.9142548109079118
