Model: GRU
MSE: 3.7574915594961773
MAE: 1.3234815330340945
EVS: 0.912386172635322
