Model: GRU
MSE: 5.50814986076743
MAE: 1.8481094754975418
EVS: 0.9160144125378581
