Model: GRU
MSE: 3.0884457725909775
MAE: 1.3163234077650925
EVS: 0.9024325681128438
