Model: GRU
MSE: 24.858428047391588
MAE: 4.170528226885303
EVS: 0.5586105962095734
