Model: GRU
MSE: 2.728920084260647
MAE: 1.2234792853223866
EVS: 0.9164043863696041
