Model: GRU
MSE: 3.574820745794266
MAE: 1.4879222810268402
EVS: 0.8943613633485806
