Model: GRU
MSE: 12507.466779647033
MAE: 111.68589493324016
EVS: -0.06571069445290578
