Model: GRU
MSE: 4.177236486894869
MAE: 1.5413055389091885
EVS: 0.9102738927413758
