Model: GRU
MSE: 5140.580049439791
MAE: 71.4849932440396
EVS: 0.03704013843408449
