Model: GRU
MSE: 3.6165035311387506
MAE: 1.366432981244449
EVS: 0.8858530655411665
