Model: GRU
MSE: 2.711766750309673
MAE: 1.101646928951658
EVS: 0.9228118485024104
