Model: GRU
MSE: 4.1993991259829135
MAE: 1.5218699122297352
EVS: 0.8983848452003179
