Model: GRU
MSE: 3.7375873046838
MAE: 1.5853208015704978
EVS: 0.9128933673069167
