Model: GRU
MSE: 2.92634371652468
MAE: 1.3181721023444473
EVS: 0.9149323782533033
