Model: GRU
MSE: 95.81934239920948
MAE: 8.205297864716629
EVS: 0.09970945732796399
