Model: GRU
MSE: 3.437097611487948
MAE: 1.4142933672872082
EVS: 0.9081500563926898
