Model: GRU
MSE: 6177.87898806014
MAE: 78.4382543892696
EVS: 0.1999745328789524
