Model: GRU
MSE: 7.10681873012703
MAE: 2.1852290095954108
EVS: 0.9127056648007394
