Model: GRU
MSE: 95.37972490931614
MAE: 7.772335562212714
EVS: -0.10498239298424528
