Model: GRU
MSE: 16.59442866595095
MAE: 3.417409395349437
EVS: 0.8433404072952235
