Model: GRU
MSE: 3.1863726506643504
MAE: 1.312520142259269
EVS: 0.921044096753399
