Model: GRU
MSE: 7.88895633513225
MAE: 2.3599290436711806
EVS: 0.9119748484306408
