Model: GRU
MSE: 1756.955039693298
MAE: 41.18013381958008
EVS: -0.9322404187671289
