Model: GRU
MSE: 277.85236053006753
MAE: 15.88642748470964
EVS: 0.19509126401667998
