Model: GRU
MSE: 5.190526969382784
MAE: 1.7161298127009952
EVS: 0.9018886998809533
