Model: GRU
MSE: 3.4964776932672716
MAE: 1.480093322951218
EVS: 0.8897775034497623
