Model: GRU
MSE: 3.556885591661015
MAE: 1.2691679997690792
EVS: 0.9045090914277636
