Model: GRU
MSE: 3.927076627281116
MAE: 1.5290720956078891
EVS: 0.9178311319704614
