Model: GRU
MSE: 8.091395736726051
MAE: 2.063570832384044
EVS: 0.7579928959755036
