Model: GRU
MSE: 7.541595428856959
MAE: 2.311058052654924
EVS: 0.9166712501400153
