Model: GRU
MSE: 3.0253050580570995
MAE: 1.324796068257299
EVS: 0.9058596077655738
