Model: GRU
MSE: 7.63612803916917
MAE: 2.266179997345497
EVS: 0.9026760508737997
