Model: GRU
MSE: 3.5507471528992256
MAE: 1.4033781721674163
EVS: 0.9040464558630074
