Model: GRU
MSE: 3.757075562433968
MAE: 1.49095893728322
EVS: 0.8957506429474767
