Model: GRU
MSE: 68.56463243926312
MAE: 7.78094273600085
EVS: -0.0028759944659404457
