Model: GRU
MSE: 2.8979640457435183
MAE: 1.258004996283301
EVS: 0.9109353961039416
