Model: GRU
MSE: 4.37155622045666
MAE: 1.550912818004345
EVS: 0.9038351793325328
