Model: GRU
MSE: 3.68009721703723
MAE: 1.5362592976668785
EVS: 0.9103097850384697
