Model: GRU
MSE: 3.7777275105897834
MAE: 1.4302822454222317
EVS: 0.9055191982500782
