Model: GRU
MSE: 3.235270643072993
MAE: 1.4772159847719917
EVS: 0.9063619282645164
