Model: GRU
MSE: 688.1215822582967
MAE: 25.477155455227557
EVS: -0.23344556483617307
