Model: GRU
MSE: 84.32198925523802
MAE: 7.309946532907157
EVS: 0.02405732410528716
