Model: GRU
MSE: 3.5647301216894913
MAE: 1.4254511841412247
EVS: 0.8881594621668986
