Model: GRU
MSE: 2.9526595708553787
MAE: 1.2408583945241467
EVS: 0.9071714415468205
