Model: GRU
MSE: 4.142243581900212
MAE: 1.6004735663019378
EVS: 0.9002255969867496
