Model: GRU
MSE: 2.9228475075670937
MAE: 1.2729048276769703
EVS: 0.9081132625896255
