Model: GRU
MSE: 4.054866404545424
MAE: 1.3911038534394626
EVS: 0.9049089692858561
