Model: GRU
MSE: 4.807419023387151
MAE: 1.700296767826738
EVS: 0.9023902615222039
