Model: GRU
MSE: 6.021700404908353
MAE: 1.5887228012084962
EVS: 0.8336714167161106
