Model: GRU
MSE: 4.034245942967283
MAE: 1.466539140405326
EVS: 0.8833565473755621
