Model: GRU
MSE: 3.6912345634312773
MAE: 1.2859534539025406
EVS: 0.9009167940069388
