Model: GRU
MSE: 7.095156118688221
MAE: 2.4154526283001077
EVS: 0.8848874391380342
