Model: GRU
MSE: 4.317785225124195
MAE: 1.7295379032348763
EVS: 0.879191100279747
