Model: GRU
MSE: 2.6965277336219216
MAE: 1.1364484079952897
EVS: 0.9148009317154822
