Model: GRU
MSE: 3.399454695207573
MAE: 1.270092416426231
EVS: 0.8983066168119305
