Model: GRU
MSE: 3.0918077099589025
MAE: 1.3726304594812722
EVS: 0.9154223466015925
