Model: GRU
MSE: 3.0381524869757315
MAE: 1.3648811198514084
EVS: 0.9040060970338722
