Model: GRU
MSE: 3.5453511310017882
MAE: 1.4798628215132088
EVS: 0.9131252464744041
