Model: GRU
MSE: 76.19223894564851
MAE: 6.530996092434587
EVS: -0.05972853461972072
