Model: GRU
MSE: 2.5966391450362227
MAE: 1.2093785641522243
EVS: 0.9208843015655914
