Model: GRU
MSE: 5.3334587922385825
MAE: 1.9257461449195599
EVS: 0.9126710957237175
