Model: GRU
MSE: 3.5456088794834355
MAE: 1.5496984555803497
EVS: 0.908039272908249
