Model: GRU
MSE: 3.1686660640405275
MAE: 1.2867190550113548
EVS: 0.9009799123076958
