Model: GRU
MSE: 5.047872019866281
MAE: 1.6319361719591865
EVS: 0.8445938774675822
