Model: GRU
MSE: 6.194162278789303
MAE: 1.9425493766521584
EVS: 0.8900931720552067
