Model: GRU
MSE: 3.517068085077049
MAE: 1.2875626827108448
EVS: 0.9071187893924931
