Model: GRU
MSE: 3.8938273541170885
MAE: 1.5392854193161274
EVS: 0.8810670452668431
