Model: GRU
MSE: 3.2416583813517614
MAE: 1.301582786543616
EVS: 0.8993925600582303
