Model: GRU
MSE: 3.103479675795965
MAE: 1.210947178561112
EVS: 0.9162051080551756
