Model: GRU
MSE: 4.56604427099026
MAE: 1.563048897118404
EVS: 0.8821683901201274
