Model: GRU
MSE: 4.527638075230482
MAE: 1.65381173429818
EVS: 0.8624344746618694
