Model: GRU
MSE: 4.536414021962626
MAE: 1.6511137598547443
EVS: 0.8907147129960139
