Model: GRU
MSE: 4.314259527825974
MAE: 1.6382486984647553
EVS: 0.884787215862648
