Model: GRU
MSE: 7.194678943284545
MAE: 2.211119191399936
EVS: 0.9093988748477247
