Model: GRU
MSE: 2.612831898640984
MAE: 1.2376442407739574
EVS: 0.919009085993443
