Model: GRU
MSE: 116.96814525001619
MAE: 9.04526608565758
EVS: -0.11069465456911787
