Model: GRU
MSE: 95.04002178626838
MAE: 7.8297872378908355
EVS: -0.06592558889108036
