Model: GRU
MSE: 4.354939037161487
MAE: 1.7817660611251305
EVS: 0.9068650185081786
