Model: GRU
MSE: 2.7568357724314523
MAE: 1.2452277438393955
EVS: 0.9137723959658979
