Model: GRU
MSE: 5.194446418909556
MAE: 1.6714343654698338
EVS: 0.8988753224882957
