Model: GRU
MSE: 4.211031691427161
MAE: 1.737700339021354
EVS: 0.890696534849642
