Model: GRU
MSE: 5.1827560313426035
MAE: 1.639281568856075
EVS: 0.8891236124149142
