Model: GRU
MSE: 4.149195946876534
MAE: 1.7067580798576618
EVS: 0.9054732059238466
