Model: GRU
MSE: 3.641799870690955
MAE: 1.4677674379842034
EVS: 0.8952605954434288
