Model: GRU
MSE: 3.7647477808019874
MAE: 1.3618579650747364
EVS: 0.8889215585049332
