Model: GRU
MSE: 3.6810912711370034
MAE: 1.257033426186134
EVS: 0.8920004367015626
