Model: GRU
MSE: 3.830186770814996
MAE: 1.3904421082858383
EVS: 0.9008086048316538
