Model: GRU
MSE: 4.727676265745819
MAE: 1.62237928242519
EVS: 0.8556920378056657
