Model: GRU
MSE: 13637.506084257318
MAE: 116.64415135876885
EVS: -2.220446049250313e-16
