Model: GRU
MSE: 4.9160805540691594
MAE: 1.746102242634214
EVS: 0.9104109762313303
