Model: GRU
MSE: 3.616648852402168
MAE: 1.4448460494649822
EVS: 0.9098593302341537
