Model: GRU
MSE: 546.3085069829625
MAE: 22.413292029808307
EVS: -0.3888016470448006
