Model: GRU
MSE: 95.16139067138626
MAE: 7.758787315467308
EVS: -0.10473230629838537
