Model: GRU
MSE: 6.465487350315815
MAE: 2.051293724569781
EVS: 0.9160050225952014
