Model: GRU
MSE: 99.24071235550103
MAE: 7.989156936777049
EVS: -0.11899776343686264
