Model: GRU
MSE: 3.3318611510579013
MAE: 1.3817084657734837
EVS: 0.9018389507306777
