Model: GRU
MSE: 3.0366583430763434
MAE: 1.3169439537771817
EVS: 0.9072036032172988
