Model: GRU
MSE: 3.120677075455914
MAE: 1.308350867238538
EVS: 0.9041055635148985
