Model: GRU
MSE: 3.2899558277829026
MAE: 1.255768212778815
EVS: 0.918591832700973
