Model: GRU
MSE: 2.9071267172479094
MAE: 1.1711175369805302
EVS: 0.9131461039711419
