Model: GRU
MSE: 2.960124206034117
MAE: 1.2194090629446095
EVS: 0.9138368116749742
