Model: GRU
MSE: 110.4951159804251
MAE: 8.54079705682294
EVS: -0.18648434242072187
