Model: GRU
MSE: 593.2347968171136
MAE: 23.60122720126448
EVS: -0.1443638734969006
