Model: GRU
MSE: 5.071338868945189
MAE: 1.647406180357111
EVS: 0.8449742887840865
