Model: GRU
MSE: 5.973589403000279
MAE: 1.9765151574693878
EVS: 0.9143295592631022
