Model: GRU
MSE: 3.3342527769689583
MAE: 1.2690636638937325
EVS: 0.913512032170929
