Model: GRU
MSE: 2.7942583536462933
MAE: 1.1943289390925704
EVS: 0.9219020968242706
