Model: GRU
MSE: 4781.80449794674
MAE: 68.9532510823217
EVS: 0.1388514168860493
