Model: GRU
MSE: 3.75115149161984
MAE: 1.3725658357143402
EVS: 0.9011249840784883
