Model: GRU
MSE: 4.103609297643107
MAE: 1.5072465600638554
EVS: 0.9164284523639401
