Model: GRU
MSE: 3.2893882916438746
MAE: 1.3918115352762157
EVS: 0.8984110192090553
