Model: GRU
MSE: 3.0606727899471475
MAE: 1.2862965649571911
EVS: 0.9135987184656896
