Model: GRU
MSE: 6.77081057587403
MAE: 2.009972929954529
EVS: 0.8977741444348629
