Model: GRU
MSE: 3.669487318800262
MAE: 1.4554674707610031
EVS: 0.8887655246307538
