Model: GRU
MSE: 3.9755534594198574
MAE: 1.4534188262347518
EVS: 0.8986697494683209
