Model: GRU
MSE: 3.474890393343038
MAE: 1.4092400896138157
EVS: 0.9071429596907318
