Model: GRU
MSE: 7.533157001035391
MAE: 2.1976597535199134
EVS: 0.7818325990654114
