Model: GRU
MSE: 8.203551433944673
MAE: 2.386498648544838
EVS: 0.8819772892349045
