Model: GRU
MSE: 3.17304808252184
MAE: 1.2853720290907498
EVS: 0.9128393023631978
