Model: GRU
MSE: 9.590250273115842
MAE: 2.214106844152723
EVS: 0.8059233249469399
