Model: GRU
MSE: 7.782288075484987
MAE: 2.2125850648715577
EVS: 0.8967222502304826
