Model: GRU
MSE: 3.591723400478309
MAE: 1.4443099622068734
EVS: 0.9134015209604665
