Model: GRU
MSE: 5.349232772637594
MAE: 1.7845263285883541
EVS: 0.9136623636977406
