Model: GRU
MSE: 117.38850062560962
MAE: 9.206917405128479
EVS: -0.030748650809752087
