Model: GRU
MSE: 13095.779157348097
MAE: 114.28495367642107
EVS: -0.09733565384327925
