Model: GRU
MSE: 3.1814045535191053
MAE: 1.2945143159093528
EVS: 0.9077966863078009
