Model: GRU
MSE: 4.95441745731035
MAE: 1.693581593447718
EVS: 0.9104358011918038
