Model: GRU
MSE: 3.8018495943872965
MAE: 1.369081184781831
EVS: 0.8800347946130872
