Model: GRU
MSE: 2.7095995438675153
MAE: 1.200355553421481
EVS: 0.9144061292889452
