Model: GRU
MSE: 48.07889775011397
MAE: 6.4562733584436875
EVS: 0.3936465530092218
