Model: GRU
MSE: 3.6958982564903344
MAE: 1.6143827520567795
EVS: 0.9104200270205762
