Model: GRU
MSE: 3.3118895015725367
MAE: 1.344107239410795
EVS: 0.9179782853789688
