Model: GRU
MSE: 1243.38451561767
MAE: 34.74728406708816
EVS: -0.13785143717049397
