Model: GRU
MSE: 3.369985535442848
MAE: 1.3633941206438789
EVS: 0.9153626517596628
