Model: GRU
MSE: 1523.9730790630394
MAE: 38.63283131040376
EVS: 0.005390983312925202
