Model: GRU
MSE: 4.8134080168233595
MAE: 1.5680360300787564
EVS: 0.8536312173393021
