Model: GRU
MSE: 88.99780024045104
MAE: 7.570464711764763
EVS: -0.0011952159048620459
