Model: GRU
MSE: 5.124063143790537
MAE: 1.5842818751417358
EVS: 0.8833230231161177
