Model: GRU
MSE: 5.792804227175276
MAE: 1.9296345525774463
EVS: 0.9119394362933254
