Model: GRU
MSE: 3.4348080272617345
MAE: 1.4400387067219307
EVS: 0.9189556102975756
