Model: GRU
MSE: 92.94353425613045
MAE: 7.887387834746262
EVS: 0.02892408837694571
