Model: GRU
MSE: 2.8652046465397634
MAE: 1.203215206491536
EVS: 0.9112469617495632
