Model: GRU
MSE: 4.546423717539151
MAE: 1.5864317643231358
EVS: 0.9059252896819765
