Model: GRU
MSE: 102.77240244167778
MAE: 8.407881539443444
EVS: -0.013646735691542178
