Model: GRU
MSE: 3.8423804261214425
MAE: 1.6093683037264594
EVS: 0.9023088387009233
