Model: GRU
MSE: 2.9355470416720064
MAE: 1.3103559304927956
EVS: 0.9127560770860209
