Model: GRU
MSE: 2.888511067458648
MAE: 1.2294081233698746
EVS: 0.9152755731480313
