Model: GRU
MSE: 3.823149163956356
MAE: 1.5334349624041854
EVS: 0.8976527533421091
