Model: GRU
MSE: 3.802723624953067
MAE: 1.4384211507336846
EVS: 0.9042400057158723
