Model: GRU
MSE: 3.6401894079411505
MAE: 1.5744983800526322
EVS: 0.8884036133858099
