Model: GRU
MSE: 3666.901786956864
MAE: 60.296164282437026
EVS: 0.011807312261233216
