Model: GRU
MSE: 4.299695128879358
MAE: 1.5124709071784184
EVS: 0.8997503205799984
