Model: GRU
MSE: 4.8117072751717425
MAE: 1.912508736396658
EVS: 0.8970189988623518
