Model: GRU
MSE: 1397.4176700691837
MAE: 36.41440562544198
EVS: -1.256339963389843
