Model: GRU
MSE: 1212.5608925049014
MAE: 34.37361052940632
EVS: 0.01997742707950312
