Model: GRU
MSE: 5.0478877992326865
MAE: 1.7874137605058735
EVS: 0.8482315332964112
