Model: GRU
MSE: 556.4671188157529
MAE: 23.004325373419398
EVS: 0.13839420672534997
