Model: GRU
MSE: 4.416235184139634
MAE: 1.524837748757724
EVS: 0.9046092160581997
