Model: GRU
MSE: 4.9956329964758845
MAE: 1.5610856269967968
EVS: 0.8467954590547906
