Model: GRU
MSE: 3.3085690450427356
MAE: 1.29408002516319
EVS: 0.9051225234211725
