Model: GRU
MSE: 3.0659553921287723
MAE: 1.1869490855726703
EVS: 0.9133772856303566
