Model: GRU
MSE: 4.750002096906056
MAE: 1.673975983570362
EVS: 0.8522335625858612
