Model: GRU
MSE: 5.459155329302891
MAE: 1.875534074059848
EVS: 0.9117898079359493
