Model: GRU
MSE: 3.0924805306497425
MAE: 1.2535723817759548
EVS: 0.9100998756114741
