Model: GRU
MSE: 3100.9483264394894
MAE: 55.38710357402933
EVS: -0.049577988588737965
