Model: GRU
MSE: 3.999336929451217
MAE: 1.6127660654742142
EVS: 0.9102568736366965
