Model: GRU
MSE: 5.2766974353359535
MAE: 1.7022867963231842
EVS: 0.8774540590090676
