Model: GRU
MSE: 3.8943487638628542
MAE: 1.4433587953962128
EVS: 0.8784141106932216
