Model: GRU
MSE: 3.805695762246185
MAE: 1.38136959281461
EVS: 0.8953333884886325
