Model: GRU
MSE: 3.6414352672170014
MAE: 1.4674446891094077
EVS: 0.911594907566152
