Model: GRU
MSE: 6.62151124506592
MAE: 2.145306969511098
EVS: 0.9131298434969929
