Model: GRU
MSE: 2.7109363063992706
MAE: 1.2589339716681118
EVS: 0.9157810606065019
