Model: GRU
MSE: 1382.6578818152316
MAE: 36.79637192035543
EVS: 0.09362800724502784
