Model: GRU
MSE: 2713.070756187256
MAE: 51.702064448389514
EVS: -0.2628677929028209
