Model: GRU
MSE: 3.095010796070224
MAE: 1.3913237185313785
EVS: 0.9024767861829608
