Model: GRU
MSE: 4.969824155794944
MAE: 1.7431658999673252
EVS: 0.9242282063928962
