Model: GRU
MSE: 2.7641311633528813
MAE: 1.273308497050713
EVS: 0.9138595060479793
