Model: GRU
MSE: 4.645644173502597
MAE: 1.5064374475643552
EVS: 0.8666718145120542
