Model: GRU
MSE: 3.395283055027329
MAE: 1.456710525627794
EVS: 0.9083824162351443
