Model: GRU
MSE: 2.8800041086889734
MAE: 1.1460709407411773
EVS: 0.9107553944478695
