Model: GRU
MSE: 2.625632377950941
MAE: 1.1552444531999786
EVS: 0.9200352925068875
