Model: GRU
MSE: 3.716654110006723
MAE: 1.475382587005352
EVS: 0.8860010139819896
