Model: GRU
MSE: 874.3123720203944
MAE: 29.02548911653716
EVS: -0.005855513569097415
