Model: GRU
MSE: 3.600158745276455
MAE: 1.4181585928489422
EVS: 0.8879256314931441
