Model: GRU
MSE: 4.345376004814252
MAE: 1.6540102403739403
EVS: 0.9085927302639408
