Model: GRU
MSE: 1332.1844995739038
MAE: 36.065283413591054
EVS: 0.005314900671484435
