Model: GRU
MSE: 6.171713493998675
MAE: 1.8673871210936843
EVS: 0.8286283143123521
