Model: GRU
MSE: 3.2698426933281204
MAE: 1.2160216734327118
EVS: 0.9103265360298743
