Model: GRU
MSE: 6.71435298788265
MAE: 2.289983570575714
EVS: 0.8883549317931115
