Model: GRU
MSE: 6.230627273380594
MAE: 2.182959614128902
EVS: 0.8890136296631631
