Model: GRU
MSE: 4.3029833884468776
MAE: 1.5147003880862533
EVS: 0.90586980048937
