Model: GRU
MSE: 4200.729155066203
MAE: 64.59011229153337
EVS: 0.08852014182383228
