Model: GRU
MSE: 3.1424542455907543
MAE: 1.2419129281208432
EVS: 0.917239687278967
