Model: GRU
MSE: 6.629198596896478
MAE: 2.0772595158938705
EVS: 0.9075615662582908
