Model: GRU
MSE: 6.388974632678692
MAE: 1.6752886146306991
EVS: 0.810818269157223
