Model: GRU
MSE: 4.90067191074338
MAE: 1.7068072721875946
EVS: 0.9079015444796456
