Model: GRU
MSE: 4.083416399477226
MAE: 1.5668540555855324
EVS: 0.8856660774054859
