Model: GRU
MSE: 226.00894612849496
MAE: 14.449917702839292
EVS: 0.45624355978999076
