Model: GRU
MSE: 116.05446031776307
MAE: 9.19024974724342
EVS: 0.001714739750994121
