Model: GRU
MSE: 3.290515892316057
MAE: 1.276023751702802
EVS: 0.9083472143805906
