Model: GRU
MSE: 3.4586330687082407
MAE: 1.411441293256036
EVS: 0.9174190076399098
