Model: GRU
MSE: 3005.4559216877406
MAE: 54.38938903808594
EVS: -0.49299244638538586
