Model: GRU
MSE: 1759.2505964920495
MAE: 41.60846052498653
EVS: 0.11569212636422199
