Model: GRU
MSE: 9.049278962677924
MAE: 2.373356210774389
EVS: 0.7180997918824641
