Model: GRU
MSE: 93.02413317640936
MAE: 8.017132456960349
EVS: 0.09157969607483141
