Model: GRU
MSE: 3.3073840663940137
MAE: 1.297487398673748
EVS: 0.8988068681270385
