Model: GRU
MSE: 4.735841557485903
MAE: 1.6944066450513642
EVS: 0.9071637802767041
