Model: GRU
MSE: 2.898485219704326
MAE: 1.3441793260903194
EVS: 0.9086386236634477
