Model: GRU
MSE: 9.287859085161692
MAE: 2.5123389918228676
EVS: 0.8937808994118118
