Model: GRU
MSE: 2.479769778526533
MAE: 1.15832912510839
EVS: 0.9216506299005972
