Model: GRU
MSE: 89.55816727530828
MAE: 7.498165167611221
EVS: -0.05332552817101743
