Model: GRU
MSE: 3.0733904902603233
MAE: 1.3082823239523789
EVS: 0.905643667803518
