Model: GRU
MSE: 4.732616943577102
MAE: 1.8232522586296345
EVS: 0.9042119367804686
