Model: GRU
MSE: 6.901418745051208
MAE: 2.0841168000780304
EVS: 0.9041423536824573
