Model: GRU
MSE: 3.91546291859226
MAE: 1.4067073114987076
EVS: 0.9072956854103389
