Model: GRU
MSE: 2.7266624153093098
MAE: 1.2447094218484287
EVS: 0.918242478712188
