Model: GRU
MSE: 2.9444087619339814
MAE: 1.3040645718574524
EVS: 0.9083455788118855
