Model: GRU
MSE: 80.94745341192811
MAE: 6.805127126389537
EVS: -0.09446589235475544
