Model: GRU
MSE: 6.979494958722172
MAE: 1.8332995993750436
EVS: 0.8312455313954336
