Model: GRU
MSE: 4.286131299973982
MAE: 1.5133203946310898
EVS: 0.8648153891687425
