Model: GRU
MSE: 2.9911524894030475
MAE: 1.3345576524734497
EVS: 0.9076292934294713
