Model: GRU
MSE: 116.96840354698584
MAE: 9.146597212758557
EVS: -0.052455855935935825
