Model: GRU
MSE: 5.245028327372152
MAE: 1.8505663912871788
EVS: 0.9029136392759268
