Model: GRU
MSE: 3.879396699065304
MAE: 1.4800083226171032
EVS: 0.8866442958532352
