Model: GRU
MSE: 3.235081006452709
MAE: 1.3136554997542809
EVS: 0.9024250354607742
