Model: GRU
MSE: 3707.732920957158
MAE: 60.703678394186085
EVS: 0.27969151400756664
