Model: GRU
MSE: 7.055401260555719
MAE: 2.171495528056704
EVS: 0.9125559244020894
