Model: GRU
MSE: 5.349915458049176
MAE: 1.9352798544127365
EVS: 0.8848225694849352
