Model: GRU
MSE: 5160.807936877524
MAE: 71.73898400931523
EVS: 0.5473302273546523
