Model: GRU
MSE: 3.2463832728924444
MAE: 1.3999147744014346
EVS: 0.8991032741370899
