Model: GRU
MSE: 3.907935995766493
MAE: 1.5281643291999554
EVS: 0.9262115164424436
