Model: GRU
MSE: 4.2529796905777895
MAE: 1.6007218946670663
EVS: 0.9087307663493881
