Model: GRU
MSE: 2.9025606346599266
MAE: 1.2053831918486233
EVS: 0.9110359183274443
