Model: GRU
MSE: 6.779951218955936
MAE: 2.0452249214566987
EVS: 0.9003478044946275
