Model: GRU
MSE: 6.305603492342111
MAE: 2.022741792530849
EVS: 0.9007095975269094
