Model: GRU
MSE: 3.1393173412242943
MAE: 1.3017314672470093
EVS: 0.9008086016105414
