Model: GRU
MSE: 9.388529424976515
MAE: 2.631264041210043
EVS: 0.9047028361418941
