Model: GRU
MSE: 4.099793188753301
MAE: 1.4919558465480804
EVS: 0.9126182275698032
