Model: GRU
MSE: 2.7901541954676174
MAE: 1.302975370966155
EVS: 0.9126011816851921
