Model: GRU
MSE: 6.499415946253395
MAE: 1.8195017576217651
EVS: 0.8358612874039906
