Model: GRU
MSE: 2.8005793626097453
MAE: 1.2630011624303357
EVS: 0.9122681318370232
