Model: GRU
MSE: 3.814475589197798
MAE: 1.4557737266195232
EVS: 0.8797453678772414
