Model: GRU
MSE: 3.414887665053516
MAE: 1.368509224776564
EVS: 0.8923671356641447
