Model: GRU
MSE: 7.581362761659498
MAE: 2.2343268764430078
EVS: 0.9036863407535003
