Model: GRU
MSE: 906.6631418548264
MAE: 29.549976480418238
EVS: -0.05731773352750613
