Model: GRU
MSE: 5.0553251046803505
MAE: 1.7324633844967545
EVS: 0.8874401921823053
