Model: GRU
MSE: 4.62284113406703
MAE: 1.7380734229909962
EVS: 0.8989694610336565
