Model: GRU
MSE: 2.7491395276550508
MAE: 1.207713129191563
EVS: 0.913994886869479
