Model: GRU
MSE: 2.8673570515016293
MAE: 1.2581001766796769
EVS: 0.9147493894623483
