Model: GRU
MSE: 5.633121136440989
MAE: 1.4994540665830884
EVS: 0.8353966680870178
