Model: GRU
MSE: 7393.3514543038555
MAE: 85.78197492402175
EVS: -0.09972796365568803
