Model: GRU
MSE: 313.2692726648242
MAE: 16.802956877083613
EVS: 0.022690986313738448
