Model: GRU
MSE: 4.3435123809588765
MAE: 1.600753661887399
EVS: 0.9219311746220427
