Model: GRU
MSE: 4.663499969287509
MAE: 1.7186667960265587
EVS: 0.8917556092139822
