Model: GRU
MSE: 4.262360303604423
MAE: 1.5177744010399128
EVS: 0.8653290403714698
