Model: GRU
MSE: 5.139930346561252
MAE: 1.7260814288566853
EVS: 0.9079294249793627
