Model: GRU
MSE: 4.119928603885832
MAE: 1.4308082317483837
EVS: 0.9028610951429387
