Model: GRU
MSE: 4.406097579679779
MAE: 1.5510585390288254
EVS: 0.8611817961037882
