Model: GRU
MSE: 4.310061425062476
MAE: 1.61286408736788
EVS: 0.9122940203826948
