Model: GRU
MSE: 3.351265474864193
MAE: 1.3930059013695553
EVS: 0.9084507345359495
