Model: GRU
MSE: 6.529434932357554
MAE: 2.060916440240268
EVS: 0.9049254402229339
