Model: GRU
MSE: 4.567022652736168
MAE: 1.778229939526525
EVS: 0.9008464115260957
