Model: GRU
MSE: 3.9142954766981632
MAE: 1.5210761582029277
EVS: 0.8794605714261369
