Model: GRU
MSE: 3.5507845887810494
MAE: 1.3836415872491639
EVS: 0.9134953531998069
