Model: GRU
MSE: 4.289608495620095
MAE: 1.7971177429988467
EVS: 0.8886390642231267
