Model: GRU
MSE: 6.951656257059363
MAE: 2.16962298853644
EVS: 0.9155229509284624
