Model: GRU
MSE: 3.1521175917418285
MAE: 1.206670091069978
EVS: 0.9106056703990288
