Model: GRU
MSE: 5.308755015838712
MAE: 1.754419392552869
EVS: 0.8892237645664912
