Model: GRU
MSE: 6.150212996827388
MAE: 1.939979680653276
EVS: 0.8973877021040125
