Model: GRU
MSE: 3.3448661551995125
MAE: 1.520181904579031
EVS: 0.9158147246160192
