Model: GRU
MSE: 3.6843048880059768
MAE: 1.3577933948615502
EVS: 0.8983266456646076
