Model: GRU
MSE: 86.14475810265274
MAE: 7.32460537450067
EVS: -0.026759199392132116
