Model: GRU
MSE: 4.858417946713024
MAE: 1.9245886925993294
EVS: 0.8851102024841622
