Model: GRU
MSE: 3.495486232508186
MAE: 1.373881825085344
EVS: 0.8963658043140896
