Model: GRU
MSE: 2.7931062338276686
MAE: 1.1790250498673012
EVS: 0.9150908791329505
