Model: GRU
MSE: 3.825931780145707
MAE: 1.5044743408416879
EVS: 0.9070247369101999
