Model: GRU
MSE: 3.67973207186994
MAE: 1.4562717470629463
EVS: 0.909525691993417
