Model: GRU
MSE: 50.984369777128215
MAE: 6.298081940618054
EVS: 0.5718500420100467
