Model: GRU
MSE: 3110.085635249866
MAE: 55.484443796092066
EVS: 0.0027144229806160824
