Model: GRU
MSE: 7.178625748449115
MAE: 1.8806114823653781
EVS: 0.7943641793221936
