Model: GRU
MSE: 3.268276776027582
MAE: 1.35566829196338
EVS: 0.8989115362198462
