Model: GRU
MSE: 4.983845987171853
MAE: 1.561738367738395
EVS: 0.8979898593790003
