Model: GRU
MSE: 5.048422411594687
MAE: 1.8044641182340424
EVS: 0.9173484082734763
