Model: GRU
MSE: 3.6859121754690705
MAE: 1.52715121466538
EVS: 0.8981482552229619
