Model: GRU
MSE: 3.3740393168744296
MAE: 1.2789106369018555
EVS: 0.893737475654071
