Model: GRU
MSE: 3.0774706860310217
MAE: 1.4221968568604568
EVS: 0.9077258235242189
