Model: GRU
MSE: 4.714568290330776
MAE: 1.6438399676618904
EVS: 0.9126567375450586
