Model: GRU
MSE: 3.452297353222782
MAE: 1.4814754262052734
EVS: 0.9035411038775304
