Model: GRU
MSE: 4.84431634362399
MAE: 1.7259613131654674
EVS: 0.9101202976060372
