Model: GRU
MSE: 3.2323238499278
MAE: 1.4812269909628506
EVS: 0.9130867743522609
