Model: GRU
MSE: 1221.2702167968798
MAE: 34.483086585998535
EVS: -0.017028488420581356
