Model: GRU
MSE: 2.978829880545136
MAE: 1.3551017868107762
EVS: 0.9062531346283701
