Model: GRU
MSE: 6.072067811240376
MAE: 2.01864597304114
EVS: 0.9169947091386327
