Model: GRU
MSE: 4.169411078253363
MAE: 1.5451855320354988
EVS: 0.8949424812514419
