Model: GRU
MSE: 1923.7652882119264
MAE: 43.488640028854896
EVS: -0.027029751459334728
