Model: GRU
MSE: 6.228536067841388
MAE: 1.9651774168014526
EVS: 0.9109097228227644
