Model: GRU
MSE: 3635.2363502447984
MAE: 59.99273681640625
EVS: -0.14091999842878833
