Model: GRU
MSE: 6.88601956565565
MAE: 2.1569806214036613
EVS: 0.9157644004080222
