Model: GRU
MSE: 6.741789158875724
MAE: 2.1081695310000717
EVS: 0.9071779630066525
