Model: GRU
MSE: 5.307793739464103
MAE: 1.848101809107024
EVS: 0.920839519358805
