Model: GRU
MSE: 5.037332651555552
MAE: 1.721705592911819
EVS: 0.916437965240049
