Model: GRU
MSE: 7.988978698721163
MAE: 1.9844168313911983
EVS: 0.8196322815674018
