Model: GRU
MSE: 6.011072324587174
MAE: 2.0242638670164963
EVS: 0.9118626936697599
