Model: GRU
MSE: 14.093602302834746
MAE: 3.333459397842144
EVS: 0.9032653723537116
