Model: GRU
MSE: 3.032733184651043
MAE: 1.1963598173240135
EVS: 0.9203082656968404
