Model: GRU
MSE: 11.342880037815885
MAE: 2.8394770868893326
EVS: 0.8727098160651369
