Model: GRU
MSE: 3.581374041265151
MAE: 1.4714118869140231
EVS: 0.8994900234657801
