Model: GRU
MSE: 5.380416983360101
MAE: 1.999939515672881
EVS: 0.8769507976583363
