Model: GRU
MSE: 103.58379065588142
MAE: 7.97576151017485
EVS: -0.2629856841558602
