Model: GRU
MSE: 2.886918645089221
MAE: 1.299493652993235
EVS: 0.9102500656606896
