Model: GRU
MSE: 3.4389246631304786
MAE: 1.4447877612607232
EVS: 0.8981791347536737
