Model: GRU
MSE: 259.0442085312667
MAE: 14.788445201413385
EVS: -0.27483722663610655
