Model: GRU
MSE: 4.946131144830156
MAE: 1.89864712542501
EVS: 0.889630294827503
