Model: GRU
MSE: 3.2812174560446707
MAE: 1.507517411791045
EVS: 0.9048393431098543
