Model: GRU
MSE: 3.154977357507321
MAE: 1.374016202729324
EVS: 0.9015816339019509
