Model: GRU
MSE: 3.3028150470112916
MAE: 1.3155963975807716
EVS: 0.899075001107018
