Model: GRU
MSE: 3.814177253661767
MAE: 1.6175248078231155
EVS: 0.9028170139490318
