Model: GRU
MSE: 3.058141026760807
MAE: 1.4044793566753124
EVS: 0.9139961382838491
