Model: GRU
MSE: 8.270078750244853
MAE: 2.405138206893
EVS: 0.9104626161045807
