Model: GRU
MSE: 1824.4589117901894
MAE: 42.435602253880994
EVS: 0.2518154489313078
