Model: GRU
MSE: 6.201556346782735
MAE: 1.7929078052783836
EVS: 0.8616876666750357
