Model: GRU
MSE: 2.808932027070848
MAE: 1.2521919772542756
EVS: 0.9117013726089648
