Model: GRU
MSE: 4.738433480921755
MAE: 1.7640126131731888
EVS: 0.9084827688480617
