Model: GRU
MSE: 5.1114299157474115
MAE: 1.7014822959899902
EVS: 0.8952558509147571
