Model: GRU
MSE: 6.272983840581533
MAE: 1.9106818756152844
EVS: 0.8193748161102317
