Model: GRU
MSE: 5.997024937163846
MAE: 1.8277711683306201
EVS: 0.8918256645740174
