Model: GRU
MSE: 3.529448525139436
MAE: 1.44001396771135
EVS: 0.913652733227878
