Model: GRU
MSE: 3.0394958541998234
MAE: 1.2463459413627098
EVS: 0.9041028410805625
