Model: GRU
MSE: 6.336413028239257
MAE: 2.1086852714933197
EVS: 0.8813997147029233
