Model: GRU
MSE: 6.285046448569253
MAE: 2.1242175307767144
EVS: 0.8901284523689643
