Model: GRU
MSE: 3.834495824659879
MAE: 1.5349475453639854
EVS: 0.9064372235694422
