Model: GRU
MSE: 8.557554439349655
MAE: 2.423938288770873
EVS: 0.7872085348987169
