Model: GRU
MSE: 6.697405971714359
MAE: 1.819585158907134
EVS: 0.8535888815737206
