Model: GRU
MSE: 3.3926922309094696
MAE: 1.33093451425947
EVS: 0.90866737537727
