Model: GRU
MSE: 512.6181368235955
MAE: 21.859183475889008
EVS: -0.09941205632118955
