Model: GRU
MSE: 4.64900289545166
MAE: 1.6638270287678159
EVS: 0.9148704574565911
