Model: GRU
MSE: 779.1980855963754
MAE: 27.137512568769782
EVS: -0.3509051369558087
