Model: GRU
MSE: 2.8006523205633544
MAE: 1.2152794188466565
EVS: 0.9139904994004778
