Model: GRU
MSE: 9.158864735987091
MAE: 2.5901071326485994
EVS: 0.9093228920993456
