Model: GRU
MSE: 3.619538462745857
MAE: 1.426749650774331
EVS: 0.8856339830555833
