Model: GRU
MSE: 10.158106730130504
MAE: 2.7317479150048616
EVS: 0.9055556107894873
