Model: GRU
MSE: 7.050333010602264
MAE: 1.949671460900988
EVS: 0.8183650214178987
