Model: GRU
MSE: 4.953024122496541
MAE: 1.646808702370216
EVS: 0.907898259795591
