Model: GRU
MSE: 6.034591180084502
MAE: 1.8813343952442039
EVS: 0.8977721733857218
