Model: GRU
MSE: 3.724451081027601
MAE: 1.4335697786561374
EVS: 0.9041683433319976
