Model: GRU
MSE: 8.73709947868703
MAE: 2.470459280342891
EVS: 0.8714951342015593
