Model: GRU
MSE: 1314.3867728090645
MAE: 36.01092522719811
EVS: 0.4438822064597284
