Model: GRU
MSE: 4.325906746881565
MAE: 1.5674313841194942
EVS: 0.9117305334423711
