Model: GRU
MSE: 3.628808871790175
MAE: 1.5018597204109718
EVS: 0.8853414089737793
