Model: GRU
MSE: 6.193157857034844
MAE: 1.7394518564487327
EVS: 0.8757009398174614
