Model: GRU
MSE: 5.082762770588358
MAE: 1.9462083372576484
EVS: 0.9074544026633965
