Model: GRU
MSE: 3.716428074259069
MAE: 1.599034607410431
EVS: 0.8978025340018128
