Model: GRU
MSE: 3.749741234949113
MAE: 1.3888003353414864
EVS: 0.8958101428203425
