Model: GRU
MSE: 3.6246741129948843
MAE: 1.4333956159394363
EVS: 0.9106522751326758
