Model: GRU
MSE: 3.8542107263191214
MAE: 1.4095342364804497
EVS: 0.9066932811421841
