Model: GRU
MSE: 113.55928049942746
MAE: 9.092104776152249
EVS: 0.02386014608084075
