Model: GRU
MSE: 3.168413579405585
MAE: 1.367898773530434
EVS: 0.908357048608267
