Model: GRU
MSE: 4.2416697151884994
MAE: 1.5732227193898167
EVS: 0.9123285015273118
