Model: GRU
MSE: 52.208548926069916
MAE: 5.867603963819043
EVS: 0.2980905642997628
