Model: GRU
MSE: 3.9152619777150917
MAE: 1.6894452982935413
EVS: 0.8994393732734102
