Model: GRU
MSE: 4.781396843280112
MAE: 1.6409844797233055
EVS: 0.901229331970289
