Model: GRU
MSE: 4.223965216386012
MAE: 1.6456488895005192
EVS: 0.8769826886302339
