Model: GRU
MSE: 4.3187128833073585
MAE: 1.558853605697895
EVS: 0.8684560033369039
