Model: GRU
MSE: 4.665570700757788
MAE: 1.5619387472498005
EVS: 0.8693871673290957
