Model: GRU
MSE: 5.38455588065393
MAE: 1.9655727805762455
EVS: 0.8799716659200897
