Model: GRU
MSE: 2.7541762450256106
MAE: 1.1735461981132114
EVS: 0.9194562599733073
