Model: GRU
MSE: 4.714450076552203
MAE: 1.6707683318647846
EVS: 0.9076089305398759
