Model: GRU
MSE: 2.8606130017179114
MAE: 1.2762480172617683
EVS: 0.9140780908546103
