Model: GRU
MSE: 3.487295766691002
MAE: 1.3529413075282657
EVS: 0.9173590706321714
