Model: GRU
MSE: 2.8174338565391013
MAE: 1.21989588182548
EVS: 0.9112923790621512
