Model: GRU
MSE: 105.55071806027027
MAE: 8.219977966670331
EVS: -0.2001590818295902
