Model: GRU
MSE: 4.284782241641609
MAE: 1.5776619870087196
EVS: 0.9109389271549553
