Model: GRU
MSE: 3.1817681886064353
MAE: 1.3029065820677528
EVS: 0.9055678824174971
