Model: GRU
MSE: 3.2178278257591044
MAE: 1.3776169480948612
EVS: 0.9075745601379315
