Model: GRU
MSE: 14.085810208724995
MAE: 3.389878749847412
EVS: 0.9092551517396713
