Model: GRU
MSE: 5.835875349030748
MAE: 1.7228550161634173
EVS: 0.8331040177530877
