Model: GRU
MSE: 3.3376625287247164
MAE: 1.2858106761143124
EVS: 0.8973069840959551
