Model: GRU
MSE: 5.664147196929176
MAE: 1.8217712764082283
EVS: 0.8790338680033546
