Model: GRU
MSE: 4.299190849118427
MAE: 1.5690681626056802
EVS: 0.9199436181928937
