Model: GRU
MSE: 4.8361124163689455
MAE: 1.7391985408191024
EVS: 0.8958887093912304
