Model: GRU
MSE: 3.557139805122322
MAE: 1.4071362933208202
EVS: 0.9107433372290143
