Model: GRU
MSE: 3.364077146549928
MAE: 1.3342911446916645
EVS: 0.8937740712074448
