Model: GRU
MSE: 1002.4156937429141
MAE: 31.197941549893084
EVS: 0.08038100982934004
