Model: GRU
MSE: 4.154670976600326
MAE: 1.654290578488646
EVS: 0.8876558833397425
