Model: GRU
MSE: 238.54819415691065
MAE: 14.28981901037282
EVS: -0.08535217107282222
