Model: GRU
MSE: 5.010519768303296
MAE: 1.7459306264745778
EVS: 0.9181796858083362
