Model: GRU
MSE: 4.348994279981764
MAE: 1.5969879956080997
EVS: 0.9089788700489618
