Model: GRU
MSE: 4.71937050115495
MAE: 1.6414722091165082
EVS: 0.8664946860461777
