Model: GRU
MSE: 3.914733249424949
MAE: 1.4684316433709244
EVS: 0.8763045789256981
