Model: GRU
MSE: 3.863231491425042
MAE: 1.6078617552231098
EVS: 0.8951850101262161
