Model: GRU
MSE: 3.2412478636351616
MAE: 1.274115517221648
EVS: 0.9045001324191169
