Model: GRU
MSE: 7.759732650514213
MAE: 2.28600465223707
EVS: 0.9039184820993417
