Model: GRU
MSE: 2.9778563315323425
MAE: 1.3948106200530612
EVS: 0.9071405495626274
