Model: GRU
MSE: 2.651312375853255
MAE: 1.206509608646919
EVS: 0.9227699241820951
