Model: GRU
MSE: 3.0727711864235867
MAE: 1.2655855047291722
EVS: 0.9089586622955208
