Model: GRU
MSE: 32.96596651103633
MAE: 5.403279863554856
EVS: 0.17609465364874632
