Model: GRU
MSE: 3.563409633494961
MAE: 1.4098345000168373
EVS: 0.8905746359490799
