Model: GRU
MSE: 4.711374005271284
MAE: 1.5648482195262252
EVS: 0.8830709475260566
