Model: GRU
MSE: 3.606886582958482
MAE: 1.3034843432492222
EVS: 0.8985486838876723
