Model: GRU
MSE: 3.1041315338923368
MAE: 1.3324185280964291
EVS: 0.9050008944119339
