Model: GRU
MSE: 5.393109393171648
MAE: 1.7322619454614048
EVS: 0.9021368542990285
