Model: GRU
MSE: 3646.394059525071
MAE: 60.139726309940734
EVS: 0.06447979986079533
