Model: GRU
MSE: 3.2521303247853
MAE: 1.4276999009066615
EVS: 0.9061921574086995
