Model: GRU
MSE: 3.5388009503094975
MAE: 1.3535665808052852
EVS: 0.888273157146045
