Model: GRU
MSE: 887.0999710742342
MAE: 29.30445822354021
EVS: 0.10425097270526673
