Model: GRU
MSE: 5.175395660805626
MAE: 1.6887387900516904
EVS: 0.906226640372185
