Model: GRU
MSE: 127.51236548806699
MAE: 10.028805905374988
EVS: 0.1489071910910007
