Model: GRU
MSE: 5.963402833406646
MAE: 1.934589229781052
EVS: 0.9099983049853363
