Model: GRU
MSE: 3.1335619752008426
MAE: 1.3061423219483475
EVS: 0.9056437105945053
