Model: GRU
MSE: 3.92122007193749
MAE: 1.4561573852752816
EVS: 0.9179447726956348
