Model: GRU
MSE: 2068.0483827025314
MAE: 45.089020038473194
EVS: -0.10681915313104007
