Model: GRU
MSE: 3.7380147414508818
MAE: 1.6116473017067745
EVS: 0.9087479821866133
