Model: GRU
MSE: 2.9148172856279433
MAE: 1.3064756372879291
EVS: 0.9088007850550618
