Model: GRU
MSE: 2997.6748112048253
MAE: 54.43838777213261
EVS: -0.07863709977471878
