Model: GRU
MSE: 100.26774895168208
MAE: 8.379428271589608
EVS: 0.0504014578867924
