Model: GRU
MSE: 43.422366200290604
MAE: 6.26413106918335
EVS: 0.01005198495911741
