Model: GRU
MSE: 4.777597878570382
MAE: 1.7133398549310093
EVS: 0.9161311277527646
