Model: GRU
MSE: 402.7225410140407
MAE: 19.28432796741354
EVS: 0.025619350854812373
