Model: GRU
MSE: 4.872020065301185
MAE: 1.652412235736847
EVS: 0.896898495772729
