Model: GRU
MSE: 2.7160687495463867
MAE: 1.162089129974102
EVS: 0.9169357421974783
