Model: GRU
MSE: 2.9622791568973477
MAE: 1.26082928838401
EVS: 0.9067363642451074
