Model: GRU
MSE: 3.3056438988207617
MAE: 1.3787910280556515
EVS: 0.8967910601057203
