Model: GRU
MSE: 5.265846365804774
MAE: 1.641167281002834
EVS: 0.8908504613358044
