Model: GRU
MSE: 8.135034475105028
MAE: 2.367326547359598
EVS: 0.8977560504334404
