Model: GRU
MSE: 3.213940774554682
MAE: 1.3894131738564064
EVS: 0.898447836909655
