Model: GRU
MSE: 4.282083699623999
MAE: 1.6490050348742256
EVS: 0.8702675021615757
