Model: GRU
MSE: 4.9566625195689475
MAE: 1.6702243870702282
EVS: 0.9046880301316886
