Model: GRU
MSE: 3.248548704562246
MAE: 1.4412119553006928
EVS: 0.914595679147956
