Model: GRU
MSE: 1438.27141145148
MAE: 37.32620640458732
EVS: -0.4227019956995164
