Model: GRU
MSE: 5.084201794358082
MAE: 1.7568395589960033
EVS: 0.9134738502986126
