Model: GRU
MSE: 110.23192819456935
MAE: 8.943594480382986
EVS: 0.04436268948781863
