Model: GRU
MSE: 3.9443073535991924
MAE: 1.5068549164410294
EVS: 0.914879640764413
