Model: GRU
MSE: 3.248525521521161
MAE: 1.2068166784171401
EVS: 0.9010035733903048
