Model: GRU
MSE: 4.5392652263802145
MAE: 1.5775938979510604
EVS: 0.8963596307698519
