Model: GRU
MSE: 290.68194432524547
MAE: 16.17603193480393
EVS: 0.08310476865394778
