Model: GRU
MSE: 3.806132680916992
MAE: 1.4938345726194053
EVS: 0.8798222408850018
