Model: GRU
MSE: 5.460733184471658
MAE: 1.776902198791504
EVS: 0.9041019926648807
