Model: GRU
MSE: 29.53384042157079
MAE: 4.825498457612662
EVS: 0.802565800531185
