Model: GRU
MSE: 5.172798191001305
MAE: 1.7461203788888866
EVS: 0.9023065474350749
