Model: GRU
MSE: 5.7662381371037075
MAE: 1.7692071466610348
EVS: 0.8932148354814783
