Model: GRU
MSE: 3.841533991781541
MAE: 1.648692562662322
EVS: 0.9068205642496687
