Model: GRU
MSE: 5.534829849191172
MAE: 1.797492099219355
EVS: 0.8820202402858622
