Model: GRU
MSE: 5.274345625305199
MAE: 1.6729770631625736
EVS: 0.9059160877805281
