Model: GRU
MSE: 4.588973827121135
MAE: 1.7483977675437927
EVS: 0.8649061706776948
