Model: GRU
MSE: 102.3376760208124
MAE: 8.251512576793802
EVS: -0.0822224164979628
