Model: GRU
MSE: 6.727844175578226
MAE: 2.1876859315510453
EVS: 0.9114583917632698
