Model: GRU
MSE: 7.745175010529382
MAE: 2.355895922101777
EVS: 0.8957559980815262
