Model: GRU
MSE: 3.227406500748165
MAE: 1.486820819049046
EVS: 0.9070235366614996
