Model: GRU
MSE: 3.0242129341185757
MAE: 1.2288628282218144
EVS: 0.9169096357315472
