Model: GRU
MSE: 3.45394355355811
MAE: 1.439779366912513
EVS: 0.9032032489937237
