Model: GRU
MSE: 5.762733789125369
MAE: 2.0083104659771096
EVS: 0.9037396937329907
