Model: GRU
MSE: 3.629703197235184
MAE: 1.2961436962259227
EVS: 0.8931333030146389
