Model: GRU
MSE: 3.389836289066392
MAE: 1.448089521506737
EVS: 0.8957782453096493
