Model: GRU
MSE: 3.571462247236801
MAE: 1.375704839311797
EVS: 0.8999081027332081
