Model: GRU
MSE: 3.5151473948103025
MAE: 1.286768913269043
EVS: 0.9096441928639132
