Model: GRU
MSE: 35.15619266121996
MAE: 4.86622798031774
EVS: 0.5813872981869419
