Model: GRU
MSE: 9.256331803001022
MAE: 2.5295748135139204
EVS: 0.8981917687377351
