Model: GRU
MSE: 5.8354594451604225
MAE: 1.739423945032317
EVS: 0.8818043411781267
