Model: GRU
MSE: 1794.2861341539608
MAE: 42.07672145448882
EVS: 0.24685234017639834
