Model: GRU
MSE: 4.413256594498912
MAE: 1.5272650903668896
EVS: 0.9029499874234099
