Model: GRU
MSE: 7.054292864310798
MAE: 2.2928535444983122
EVS: 0.8559558105966024
