Model: GRU
MSE: 3.2468003922757247
MAE: 1.3374414485076378
EVS: 0.8974091684581432
