Model: GRU
MSE: 3.7215447064292855
MAE: 1.4803896279170596
EVS: 0.8909154420983583
