Model: GRU
MSE: 2.870456834309432
MAE: 1.2407938920218369
EVS: 0.9106405076755024
