Model: GRU
MSE: 4.06953727188105
MAE: 1.4472472739630733
EVS: 0.8883310227894581
