Model: GRU
MSE: 3.479503451260202
MAE: 1.4615939403402394
EVS: 0.9042454208631012
