Model: GRU
MSE: 2.6940659948491583
MAE: 1.161612083171976
EVS: 0.9195105356579627
