Model: GRU
MSE: 107.27995914066632
MAE: 8.4523204236195
EVS: -0.1324000097755922
