Model: GRU
MSE: 383.4389549182991
MAE: 18.73788833618164
EVS: -0.021563977143532975
