Model: GRU
MSE: 99.98906627782723
MAE: 8.119180301140094
EVS: -0.0764641227252918
