Model: GRU
MSE: 3.232756871767422
MAE: 1.2638143712076648
EVS: 0.9070881800412003
