Model: GRU
MSE: 347.95176523645404
MAE: 17.77691855923883
EVS: -0.009001939527943703
