Model: GRU
MSE: 59.65619046205117
MAE: 7.319964967924973
EVS: 0.0
