Model: GRU
MSE: 1261.1384042904629
MAE: 35.03049784693225
EVS: -0.07439914072657383
