Model: GRU
MSE: 3.2039139983302496
MAE: 1.2617647956157554
EVS: 0.911928863978561
