Model: GRU
MSE: 6.301736716901366
MAE: 1.8761331212931667
EVS: 0.8818320247373725
