Model: GRU
MSE: 4.92488250189461
MAE: 1.7455653527687336
EVS: 0.9099194780692943
