Model: GRU
MSE: 3.0767157518711596
MAE: 1.32052680850029
EVS: 0.9032330207482813
