Model: GRU
MSE: 3.407154540468782
MAE: 1.3136816569443406
EVS: 0.8979474140309158
