Model: GRU
MSE: 4.144086020611333
MAE: 1.4313470330731621
EVS: 0.8972939608325368
