Model: GRU
MSE: 5.792562175570687
MAE: 1.7083786438251365
EVS: 0.8837714025811586
