Model: GRU
MSE: 3.12806867099071
MAE: 1.3002617564694634
EVS: 0.902793627473329
