Model: GRU
MSE: 5.1627355526911005
MAE: 1.8258832693099976
EVS: 0.8442211551485155
