Model: GRU
MSE: 11.595554118136375
MAE: 2.818843627798146
EVS: 0.8818348802159128
