Model: GRU
MSE: 2.9461247315631875
MAE: 1.2464032203986728
EVS: 0.9134505191926909
