Model: GRU
MSE: 17.106243298749412
MAE: 3.0015109489704
EVS: 0.637696113763018
