Model: GRU
MSE: 96.49164932112404
MAE: 7.686671472828964
EVS: -0.18196050355139692
