Model: GRU
MSE: 3.2198941942489965
MAE: 1.3141460223444577
EVS: 0.9077603677086092
