Model: GRU
MSE: 779.7081913083234
MAE: 27.31450363685345
EVS: -0.06250132559816923
