Model: GRU
MSE: 3.03369001141967
MAE: 1.2770294485421017
EVS: 0.904273746815573
