Model: GRU
MSE: 17.138394726032388
MAE: 3.7444727667446793
EVS: 0.639399782408578
