Model: GRU
MSE: 2689.4051818146886
MAE: 50.4884074967483
EVS: -3.433952273298754
