Model: GRU
MSE: 444.34560501839576
MAE: 20.162809108865673
EVS: -0.19459960829737089
