Model: GRU
MSE: 3.438026273527184
MAE: 1.44510359188606
EVS: 0.9074726877956325
