Model: GRU
MSE: 4.760810303773473
MAE: 1.6293710511306236
EVS: 0.854817086451771
