Model: GRU
MSE: 4.655531022103549
MAE: 1.7372068824439213
EVS: 0.8845437468856118
