Model: GRU
MSE: 4.91856557736221
MAE: 1.747651404347913
EVS: 0.9129450729040725
