Model: GRU
MSE: 662.0723323905637
MAE: 25.3048409757943
EVS: 0.3131531393502497
