Model: GRU
MSE: 1409.8810694640358
MAE: 37.36382737653009
EVS: 0.5631491209951173
