Model: GRU
MSE: 3.9624494212852994
MAE: 1.4265125414420818
EVS: 0.8758776826634274
