Model: GRU
MSE: 3.9378896304440287
MAE: 1.3276091731827835
EVS: 0.9085403684912863
