Model: GRU
MSE: 4.417978940998985
MAE: 1.6455329451067695
EVS: 0.918227563798915
