Model: GRU
MSE: 3.3612713341482863
MAE: 1.4527085074063004
EVS: 0.8938611301161271
