Model: GRU
MSE: 3.7108557599855634
MAE: 1.402915977198502
EVS: 0.9031889295433988
