Model: GRU
MSE: 829.575720649985
MAE: 28.165113843720533
EVS: -0.1470563439971304
