Model: GRU
MSE: 4.549081510211797
MAE: 1.7682836918995297
EVS: 0.8925229739096391
