Model: GRU
MSE: 346.3415194263202
MAE: 18.121455669403076
EVS: 0.4326863542110464
