Model: GRU
MSE: 2.7392693339657788
MAE: 1.260916481757986
EVS: 0.9153001382204209
