Model: GRU
MSE: 4.354637875422017
MAE: 1.4763311106583168
EVS: 0.8689173828849123
