Model: GRU
MSE: 3.713157449660004
MAE: 1.5581111907958984
EVS: 0.9015801500263607
