Model: GRU
MSE: 3.2067027024315413
MAE: 1.3705148758559391
EVS: 0.8994309163221169
