Model: GRU
MSE: 4.04153305985555
MAE: 1.5169447023293068
EVS: 0.9154877463867536
