Model: GRU
MSE: 5.235847013832779
MAE: 1.7019875912830746
EVS: 0.892446576105272
