Model: GRU
MSE: 4.082979435083628
MAE: 1.3989088946375354
EVS: 0.9020738439879487
