Model: GRU
MSE: 3.358899399236382
MAE: 1.4345484519826954
EVS: 0.8995497519931048
