Model: GRU
MSE: 2690.4225395069648
MAE: 51.64063308978903
EVS: 0.2521636394836245
