Model: GRU
MSE: 4.160289066744481
MAE: 1.4661426050909634
EVS: 0.868904875486536
