Model: GRU
MSE: 74.98392504950489
MAE: 6.5887792685936235
EVS: 0.0024053702970358026
