Model: GRU
MSE: 5.4999938986898185
MAE: 1.8898964123479252
EVS: 0.8524397578409169
