Model: GRU
MSE: 3.153450961467936
MAE: 1.3181406115663463
EVS: 0.9004281675943793
