Model: GRU
MSE: 3.4971790521231414
MAE: 1.4519374411681603
EVS: 0.8926239705964706
