Model: GRU
MSE: 3.7237615801452404
MAE: 1.3921760053470218
EVS: 0.888469505794752
