Model: GRU
MSE: 3.187660281307807
MAE: 1.2776430228660847
EVS: 0.9064843592517945
