Model: GRU
MSE: 3.996709397046851
MAE: 1.5998394016561837
EVS: 0.9020306817962916
