Model: GRU
MSE: 4.000795567908807
MAE: 1.341073350659732
EVS: 0.88294605304592
