Model: GRU
MSE: 4.85356274004997
MAE: 1.8167467035096267
EVS: 0.9084661481260562
