Model: GRU
MSE: 6.6840332032754874
MAE: 2.0682615370586
EVS: 0.9011901911043572
