Model: GRU
MSE: 9.774126033431243
MAE: 2.6878911380110115
EVS: 0.8971286950659924
