Model: GRU
MSE: 3.4208936799021883
MAE: 1.3031702925418984
EVS: 0.9106471029042654
