Model: GRU
MSE: 2.7420887861352226
MAE: 1.1647102380621022
EVS: 0.913985616554649
