Model: GRU
MSE: 3.005059831904221
MAE: 1.3739190029686894
EVS: 0.9120965410338924
