Model: GRU
MSE: 1128.3991460185503
MAE: 33.15597639412716
EVS: 0.0811318121918212
