Model: GRU
MSE: 406.55261297799507
MAE: 19.15985423120959
EVS: -0.2466048844651576
