Model: GRU
MSE: 827.9170520027328
MAE: 27.7523088126347
EVS: -0.8240122019506944
