Model: GRU
MSE: 4.9384533576415555
MAE: 1.6749438006302406
EVS: 0.9058965049885241
