Model: GRU
MSE: 5.920360346204228
MAE: 2.0039958049511086
EVS: 0.9194241260279623
