Model: GRU
MSE: 3.7397770002015243
MAE: 1.4111503527082245
EVS: 0.9148038551776406
