Model: GRU
MSE: 85.8097561526877
MAE: 7.354152747269334
EVS: -0.002469520305009798
