Model: GRU
MSE: 3.4815450505864898
MAE: 1.3086513321975182
EVS: 0.9036449418210541
