Model: GRU
MSE: 3.1101268993123656
MAE: 1.2300890828001088
EVS: 0.9153610152152994
