Model: GRU
MSE: 5.08206155849968
MAE: 1.7682816119029605
EVS: 0.8633160153065494
