Model: GRU
MSE: 3.6145331998266865
MAE: 1.393073859913596
EVS: 0.9196247704683197
