Model: GRU
MSE: 6.313101058565257
MAE: 1.86169957292491
EVS: 0.8627653669259242
