Model: GRU
MSE: 987.9492700356733
MAE: 30.725850401253535
EVS: -0.3862277050549612
