Model: GRU
MSE: 2.6264102331854007
MAE: 1.107850861960444
EVS: 0.9170985775869991
