Model: GRU
MSE: 3.1181014761069488
MAE: 1.2767251647751907
EVS: 0.9019971941616989
