Model: GRU
MSE: 3.358309024585026
MAE: 1.2031520913387168
EVS: 0.9004619764427042
