Model: GRU
MSE: 114.3547775243415
MAE: 9.61060724587276
EVS: 0.15850778645096275
