Model: GRU
MSE: 3.5472630701442434
MAE: 1.2837564904114296
EVS: 0.9041819995747166
