Model: GRU
MSE: 8.619990594625929
MAE: 2.4897071616402986
EVS: 0.9165270366431565
