Model: GRU
MSE: 6.768068490855152
MAE: 1.9732451233370552
EVS: 0.8825834261833878
