Model: GRU
MSE: 3.2576303668673434
MAE: 1.3685062198803342
EVS: 0.9032112975419113
