Model: GRU
MSE: 3.7782006236421948
MAE: 1.5330821892310833
EVS: 0.8928258678553832
