Model: GRU
MSE: 2.5755525474418057
MAE: 1.2415327820284614
EVS: 0.9186222279793974
