Model: GRU
MSE: 3.272804646860535
MAE: 1.2376593413024113
EVS: 0.9102534644990098
