Model: GRU
MSE: 6.0399406801656506
MAE: 1.9766143961199398
EVS: 0.9078695080487198
