Model: GRU
MSE: 3.3173485062072965
MAE: 1.2648737348359207
EVS: 0.8981973781550674
