Model: GRU
MSE: 3.659484832108124
MAE: 1.3748545913860715
EVS: 0.9182184750393393
