Model: GRU
MSE: 6.615180824823341
MAE: 2.096308079259149
EVS: 0.913174839155898
