Model: GRU
MSE: 4.8909235563280244
MAE: 1.593464703395449
EVS: 0.899961634245771
