Model: GRU
MSE: 141.32281982500584
MAE: 10.250131524842361
EVS: -0.14565154058599705
