Model: GRU
MSE: 3.8263918180214067
MAE: 1.3737823716525375
EVS: 0.8803553531231829
