Model: GRU
MSE: 117.74271407136918
MAE: 8.872411283953436
EVS: -0.23303163432016394
