Model: GRU
MSE: 2.7692445594965056
MAE: 1.2628496638659774
EVS: 0.9131305337501711
