Model: GRU
MSE: 4.428077814873019
MAE: 1.5351337975469128
EVS: 0.8601206663378581
