Model: GRU
MSE: 85.6480554036229
MAE: 7.367561924046483
EVS: 0.008877370234888327
