Model: GRU
MSE: 2.739171904503803
MAE: 1.2721396150260136
EVS: 0.9199715852173437
