Model: GRU
MSE: 4.026281617449245
MAE: 1.3870971911940082
EVS: 0.9076521461207141
