Model: GRU
MSE: 3.688590596830117
MAE: 1.4364308242140145
EVS: 0.9154467065197591
