Model: GRU
MSE: 4.037328687289529
MAE: 1.7425117461845792
EVS: 0.895376015645952
