Model: GRU
MSE: 3.1619739781849545
MAE: 1.3514335895406788
EVS: 0.9000978951546732
