Model: GRU
MSE: 2.970607183163507
MAE: 1.1713882664154316
EVS: 0.9086074256218496
