Model: GRU
MSE: 4.492798221135531
MAE: 1.7669378149098363
EVS: 0.9052110501059751
