Model: GRU
MSE: 110.02015114966531
MAE: 8.627701578469113
EVS: -0.12433246466643921
