Model: GRU
MSE: 5.919924476434548
MAE: 1.9503030119271114
EVS: 0.91127814395333
