Model: GRU
MSE: 3.564752739437976
MAE: 1.4827585528636802
EVS: 0.9104893802944752
