Model: GRU
MSE: 3.235029455351581
MAE: 1.3066065630008434
EVS: 0.9035315419321674
