Model: GRU
MSE: 5.6523548205958605
MAE: 1.9163992158297836
EVS: 0.8567354215144318
