Model: GRU
MSE: 2.631616216189053
MAE: 1.2684231996536255
EVS: 0.9190680389692716
