Model: GRU
MSE: 3.596005522622317
MAE: 1.359357171017548
EVS: 0.9011311611022943
