Model: GRU
MSE: 4.165360047494773
MAE: 1.5226461352973149
EVS: 0.9043242823263562
