Model: GRU
MSE: 4.8409145324340965
MAE: 1.609027492588964
EVS: 0.9013050724917611
