Model: GRU
MSE: 3.592059384699919
MAE: 1.3057019628327469
EVS: 0.8951105365918741
