Model: GRU
MSE: 2.804525183000654
MAE: 1.2221322532357841
EVS: 0.9138511239314943
