Model: GRU
MSE: 3.125544514540706
MAE: 1.2201607145112137
EVS: 0.9174373341059754
