Model: GRU
MSE: 5.462038631124648
MAE: 1.960898366467706
EVS: 0.8960104122005945
