Model: GRU
MSE: 3.1106238672387585
MAE: 1.270135287580819
EVS: 0.9029909698513826
