Model: GRU
MSE: 3.0722049446015345
MAE: 1.3535874712056126
EVS: 0.90503220918207
