Model: GRU
MSE: 3.959736610431027
MAE: 1.565120749432465
EVS: 0.8877553221406151
