Model: GRU
MSE: 3.131333256679198
MAE: 1.4236134948401615
EVS: 0.9121563092429544
