Model: GRU
MSE: 3.7768338667034085
MAE: 1.393738666485096
EVS: 0.8812421977434083
