Model: GRU
MSE: 3.160739370685724
MAE: 1.253278339731282
EVS: 0.9251963044769518
