Model: GRU
MSE: 2.90572866849857
MAE: 1.3731224372469146
EVS: 0.915315277708276
