Model: GRU
MSE: 105.68581623828366
MAE: 8.755274135490943
EVS: 0.08269223498543177
