Model: GRU
MSE: 3.5914236544026403
MAE: 1.401969395834824
EVS: 0.9054448774828715
