Model: GRU
MSE: 4.0176024137398745
MAE: 1.4937300517641265
EVS: 0.8786205756495546
