Model: GRU
MSE: 3.2742250876065553
MAE: 1.279483388210165
EVS: 0.9057854845192153
