Model: GRU
MSE: 3.883185785173227
MAE: 1.5278760318098397
EVS: 0.9192863561151486
