Model: GRU
MSE: 4.787624948284096
MAE: 1.7795460614664802
EVS: 0.8591286833061166
