Model: GRU
MSE: 3.4779199704206265
MAE: 1.4543742290858566
EVS: 0.8991065551506878
