Model: GRU
MSE: 3.353919319140274
MAE: 1.427877862905634
EVS: 0.9130210664647137
