Model: GRU
MSE: 1360.2627054584
MAE: 36.52434270135288
EVS: 0.17103563730769045
