Model: GRU
MSE: 46.27832162555199
MAE: 6.282332453234442
EVS: 0.4664624685501727
