Model: GRU
MSE: 2.8193757780103446
MAE: 1.2368630828528568
EVS: 0.9145438738447379
