Model: GRU
MSE: 3.666362869028564
MAE: 1.3352192599197914
EVS: 0.9126536006153928
