Model: GRU
MSE: 2.620964337130418
MAE: 1.239623032767197
EVS: 0.918857115951467
