Model: GRU
MSE: 5.311931208120392
MAE: 1.8009808782873482
EVS: 0.9055252399948553
