Model: GRU
MSE: 4.899520240842122
MAE: 1.8067963739921307
EVS: 0.9023063263832504
