Model: GRU
MSE: 6.095393398327812
MAE: 1.9373407569424859
EVS: 0.900776577205014
