Model: GRU
MSE: 4.5276305709291504
MAE: 1.5438552601584072
EVS: 0.9078141365280078
