Model: GRU
MSE: 4.32791104122103
MAE: 1.4714465809279476
EVS: 0.8890468441046995
