Model: GRU
MSE: 3.7564322145177362
MAE: 1.337300693166667
EVS: 0.8842472255803022
