Model: GRU
MSE: 2.9687527712126673
MAE: 1.2796995187627858
EVS: 0.9069045879016261
