Model: GRU
MSE: 9.24018630481273
MAE: 2.60124632407879
EVS: 0.7291443642409328
