Model: GRU
MSE: 4.52160981845498
MAE: 1.53906891674831
EVS: 0.9103500929813895
