Model: GRU
MSE: 2.9398381101434468
MAE: 1.313635162238417
EVS: 0.907662767373679
