Model: GRU
MSE: 3.852413644851035
MAE: 1.513408845868604
EVS: 0.9213565802183578
