Model: GRU
MSE: 2141.612465446812
MAE: 45.572504438202955
EVS: -1.046234416635683
