Model: GRU
MSE: 3.137479733798665
MAE: 1.3539659319252804
EVS: 0.9039022111633837
