Model: GRU
MSE: 8.073824126314724
MAE: 2.41784483810951
EVS: 0.9228539387109432
