Model: GRU
MSE: 4135.188678654741
MAE: 64.07298423504007
EVS: 0.0570862615888571
