Model: GRU
MSE: 3.022761170173254
MAE: 1.2195329460604438
EVS: 0.9047628381325212
