Model: GRU
MSE: 19.194305801767392
MAE: 3.462615938022219
EVS: 0.7678568067428388
