Model: GRU
MSE: 3.8556090490033625
MAE: 1.5220204221791234
EVS: 0.9149904986289601
