Model: GRU
MSE: 5.8505498764086115
MAE: 1.943289119621803
EVS: 0.9216395602956161
