Model: GRU
MSE: 3.5570909297938287
MAE: 1.4631066938926434
EVS: 0.9134072939242358
