Model: GRU
MSE: 2842.7174713495497
MAE: 52.28779069308577
EVS: -2.434791616910592
