Model: GRU
MSE: 82.81011082815164
MAE: 7.281269476331514
EVS: 0.05860750059194875
