Model: GRU
MSE: 8.35231722193593
MAE: 2.4407674361919534
EVS: 0.9140466085406719
