Model: GRU
MSE: 7.895445640678665
MAE: 2.0064600993847024
EVS: 0.7598122910904789
