Model: GRU
MSE: 6793.478010284883
MAE: 82.24589275491648
EVS: 0.08079182710305932
