Model: GRU
MSE: 5.114776691797996
MAE: 1.983837522309402
EVS: 0.9028447146035954
