Model: GRU
MSE: 5.0733505508666
MAE: 1.7700197080086018
EVS: 0.9180091934194105
