Model: GRU
MSE: 4.0985726800318485
MAE: 1.4696085761333335
EVS: 0.9055397644098778
