Model: GRU
MSE: 2609.218990636281
MAE: 50.74937596814386
EVS: -0.06546350288930403
