Model: GRU
MSE: 3.2469062452066484
MAE: 1.3161482728760818
EVS: 0.9048323384129502
