Model: GRU
MSE: 3.099875072579625
MAE: 1.3248619303621094
EVS: 0.909171491300228
