Model: GRU
MSE: 20.194401955228464
MAE: 3.7622471348992708
EVS: 0.6009651559308176
