Model: GRU
MSE: 3.1139248988576664
MAE: 1.4017290452430988
EVS: 0.9017249924794554
