Model: GRU
MSE: 6.439507863209237
MAE: 1.9857564551489695
EVS: 0.8316411713991383
