Model: GRU
MSE: 8.36927426484644
MAE: 2.17381500857217
EVS: 0.826307118629017
