Model: GRU
MSE: 5.028317849236453
MAE: 1.9265576642135094
EVS: 0.8793755824528279
