Model: GRU
MSE: 3.4412178393060073
MAE: 1.4797997495223736
EVS: 0.8983870116730881
