Model: GRU
MSE: 105.18454068276995
MAE: 8.365451705866846
EVS: -0.11235200058935568
