Model: GRU
MSE: 110.3917348491871
MAE: 8.98647798340896
EVS: 0.06360867437882745
