Model: GRU
MSE: 3.2592121405832546
MAE: 1.2467832051474472
EVS: 0.8970198226447065
