Model: GRU
MSE: 3.894006931211471
MAE: 1.5301495934354847
EVS: 0.8824493070761565
