Model: GRU
MSE: 3.1600297902772643
MAE: 1.269186439185307
EVS: 0.9121120563030173
