Model: GRU
MSE: 5.984895713559275
MAE: 1.9986103875883694
EVS: 0.912205394496485
