Model: GRU
MSE: 3.3340560804714916
MAE: 1.3091531755595371
EVS: 0.9065732213314064
