Model: GRU
MSE: 4.284914647748545
MAE: 1.6732860351430958
EVS: 0.9024711936601159
