Model: GRU
MSE: 4.793447175352097
MAE: 1.6608514128060177
EVS: 0.9079449048811362
