Model: GRU
MSE: 91.21144768591411
MAE: 7.728658104765004
EVS: 0.005331972367764171
