Model: GRU
MSE: 4.832317577464513
MAE: 1.533674735447456
EVS: 0.8574304870971584
