Model: GRU
MSE: 115.18228029804223
MAE: 8.772352144635956
EVS: -0.20791431330496057
