Model: GRU
MSE: 3.3384065793981246
MAE: 1.4972970978967075
EVS: 0.8945153691897135
