Model: GRU
MSE: 4.8088112219667405
MAE: 1.862624900094394
EVS: 0.9086874921583548
