Model: GRU
MSE: 4.508608337530675
MAE: 1.5955881620275563
EVS: 0.9192845837022983
