Model: GRU
MSE: 5.492838448135842
MAE: 1.6339547181951588
EVS: 0.8521128593251477
