Model: GRU
MSE: 3.491701147359203
MAE: 1.4168990192742184
EVS: 0.8926252236140282
