Model: GRU
MSE: 99.05975254189792
MAE: 8.436355212639118
EVS: 0.11881857497554749
