Model: GRU
MSE: 3.9074946043861147
MAE: 1.3438323674530819
EVS: 0.9008457444619834
