Model: GRU
MSE: 4.270684850635148
MAE: 1.3706132009111602
EVS: 0.8834351693100146
