Model: GRU
MSE: 3.41300612304041
MAE: 1.3840176956406955
EVS: 0.8990357610496887
