Model: GRU
MSE: 1420.0805180565246
MAE: 37.27897828200768
EVS: 0.04075266030016811
