Model: GRU
MSE: 5.218761857428451
MAE: 1.834389830457753
EVS: 0.9151193326652343
