Model: GRU
MSE: 9.018310954874119
MAE: 2.4169350410329886
EVS: 0.873841123416031
