Model: GRU
MSE: 6.125329852654105
MAE: 2.0466322138391693
EVS: 0.8657343812109202
