Model: GRU
MSE: 6.4148771856194875
MAE: 1.997794846008564
EVS: 0.8557318764343615
