Model: GRU
MSE: 3.7613042215260446
MAE: 1.4090774264828911
EVS: 0.9122514571110127
