Model: GRU
MSE: 7197.317501689776
MAE: 84.57121947716023
EVS: -0.4227212999655723
