Model: GRU
MSE: 4.029106760273097
MAE: 1.4947294777837292
EVS: 0.8931194452264531
