Model: GRU
MSE: 2.9510560948820643
MAE: 1.343683859397625
EVS: 0.9203628974262896
