Model: GRU
MSE: 539.6113870590535
MAE: 22.539093872596478
EVS: 0.0014978365650445413
