Model: GRU
MSE: 5.349704501702767
MAE: 1.8000702837417866
EVS: 0.9138302678414012
