Model: GRU
MSE: 3.095644623804569
MAE: 1.2783214100475968
EVS: 0.9125095790371318
