Model: GRU
MSE: 4.5163487774467335
MAE: 1.657815645480978
EVS: 0.9043605341848893
