Model: GRU
MSE: 95.82895671187924
MAE: 8.033890695407473
EVS: 0.011453507583758404
