Model: GRU
MSE: 3.564484214338806
MAE: 1.4966807868973961
EVS: 0.908181010024227
