Model: GRU
MSE: 11.302691107490567
MAE: 2.636771286356038
EVS: 0.6442847224969152
