Model: GRU
MSE: 3.308678178459945
MAE: 1.4470039133367867
EVS: 0.9110482552527754
