Model: GRU
MSE: 108.38774884888831
MAE: 8.624833805807706
EVS: -0.07431590601075966
