Model: GRU
MSE: 3.7110219398157045
MAE: 1.457119125744392
EVS: 0.9227649484073682
