Model: GRU
MSE: 4.526068907477801
MAE: 1.6419340762598762
EVS: 0.8618583665313063
