Model: GRU
MSE: 3.2743145568226972
MAE: 1.429061273048664
EVS: 0.8979268168636662
