Model: GRU
MSE: 2.9021596499274804
MAE: 1.1974419355392456
EVS: 0.9152296030752087
