Model: GRU
MSE: 3.21565543026381
MAE: 1.2733779796238602
EVS: 0.9020310952992674
