Model: GRU
MSE: 3.4234964114010316
MAE: 1.3051574744027237
EVS: 0.9121740692930962
