Model: GRU
MSE: 3.60161664589406
MAE: 1.339416262404672
EVS: 0.889488509912265
