Model: GRU
MSE: 3.280087489212106
MAE: 1.2765388714856114
EVS: 0.8998670245092963
