Model: GRU
MSE: 5.345282518268882
MAE: 1.6229948463111088
EVS: 0.8499802471042314
