Model: GRU
MSE: 6.527711639827664
MAE: 2.1548591728868156
EVS: 0.8686182127452609
