Model: GRU
MSE: 9.257428206870054
MAE: 2.6034045959341117
EVS: 0.8874006973428413
