Model: GRU
MSE: 3.6546110913882046
MAE: 1.329642219790097
EVS: 0.8858892640691387
