Model: GRU
MSE: 3.768746217347493
MAE: 1.5052059683306465
EVS: 0.8907618775348924
