Model: GRU
MSE: 6.045884949799843
MAE: 1.9087843853851845
EVS: 0.910325855665829
