Model: GRU
MSE: 3.155792414915049
MAE: 1.3404406124147876
EVS: 0.9014530105238686
