Model: GRU
MSE: 3.207560310776037
MAE: 1.415846956187281
EVS: 0.9008833169833537
