Model: GRU
MSE: 3.1062914335545
MAE: 1.243414705169612
EVS: 0.9215005679261926
