Model: GRU
MSE: 10.129175359408727
MAE: 2.6929980372560434
EVS: 0.9064470237489907
