Model: GRU
MSE: 10.856218330400829
MAE: 2.8680989166785933
EVS: 0.7541969288720702
