Model: GRU
MSE: 469.02958320670103
MAE: 21.159401646975812
EVS: 0.3266784779823563
