Model: GRU
MSE: 240.62125801353187
MAE: 14.708839950890377
EVS: 0.23308720514292147
