Model: GRU
MSE: 88.41931649339617
MAE: 7.46907003378046
EVS: -0.031100546339878132
