Model: GRU
MSE: 3.1855320160316305
MAE: 1.3278541194981541
EVS: 0.9039621303685762
