Model: GRU
MSE: 4.815589149301255
MAE: 1.6297894901242749
EVS: 0.8867208343192953
