Model: GRU
MSE: 106.09170704310681
MAE: 8.393635681990919
EVS: -0.12609151394718432
