Model: GRU
MSE: 109.52692006858
MAE: 8.98760696937298
EVS: 0.09157588260949723
