Model: GRU
MSE: 2.898623060767879
MAE: 1.3563745679526493
EVS: 0.9086682564976155
