Model: GRU
MSE: 8620.205999843907
MAE: 92.66045366484543
EVS: -0.08209951008335814
