Model: GRU
MSE: 3.2743964004077286
MAE: 1.4580989562231919
EVS: 0.9012740115603061
