Model: GRU
MSE: 4.233084960482189
MAE: 1.736449040215591
EVS: 0.9080883657305074
