Model: GRU
MSE: 7.107726064698702
MAE: 2.144681641767765
EVS: 0.8390387794106273
