Model: GRU
MSE: 1445.5634632491876
MAE: 37.17271193142595
EVS: -1.014436118024387
