Model: GRU
MSE: 4.22970739747237
MAE: 1.5811267310175403
EVS: 0.8952768222440578
