Model: GRU
MSE: 82.50479136639481
MAE: 7.021729146612102
EVS: -0.0490416848470423
