Model: GRU
MSE: 3.1567082574536105
MAE: 1.4340029954910278
EVS: 0.9149596804641905
