Model: GRU
MSE: 3.702124289718516
MAE: 1.591525083985822
EVS: 0.8932714829781785
