Model: GRU
MSE: 3.7787443530901297
MAE: 1.391652865656491
EVS: 0.9064772835020762
