Model: GRU
MSE: 2.864008388832464
MAE: 1.2937682620410262
EVS: 0.9110586707462823
