Model: GRU
MSE: 88.88734208720632
MAE: 7.511943788364015
EVS: -0.025594147619732555
