Model: GRU
MSE: 8.730013541431298
MAE: 2.4565613228699257
EVS: 0.8949949366729808
