Model: GRU
MSE: 3.3126500524923617
MAE: 1.2949976900528217
EVS: 0.9236832095868475
