Model: GRU
MSE: 236.58260339660384
MAE: 14.74053665687298
EVS: 0.39019340050293927
