Model: GRU
MSE: 3.1129888219335093
MAE: 1.3790290355682373
EVS: 0.9065577335622895
