Model: GRU
MSE: 6.087960462891471
MAE: 1.894276389787937
EVS: 0.8983640552932813
