Model: GRU
MSE: 3.112498857476774
MAE: 1.4158900493177875
EVS: 0.9019494481669275
