Model: GRU
MSE: 4.247812553418815
MAE: 1.4792130075652024
EVS: 0.8935549259715578
