Model: GRU
MSE: 4.856853723956241
MAE: 1.8673235095780472
EVS: 0.9015846610648441
