Model: GRU
MSE: 2.597060376862495
MAE: 1.2124633542422592
EVS: 0.9179883447385769
