Model: GRU
MSE: 2.9470015980461315
MAE: 1.27660874148895
EVS: 0.9072473159647501
