Model: GRU
MSE: 3.5323339050590823
MAE: 1.5098070193981301
EVS: 0.9129285736321395
