Model: GRU
MSE: 5.3711528641554365
MAE: 1.6073066541126797
EVS: 0.845495999175407
