Model: GRU
MSE: 3.1284866322397384
MAE: 1.2109249419179455
EVS: 0.9166579541681757
