Model: GRU
MSE: 3.8780377789999507
MAE: 1.547494529650129
EVS: 0.9077257070633802
