Model: GRU
MSE: 709.6120055768173
MAE: 25.886510553031133
EVS: -0.24812087568566898
