Model: GRU
MSE: 1740.6545914451722
MAE: 41.352291436030946
EVS: 0.03176985611620753
