Model: GRU
MSE: 3.2763011568853972
MAE: 1.390956198347026
EVS: 0.8970592009441055
