Model: GRU
MSE: 3.5206133748549577
MAE: 1.5130292002497048
EVS: 0.9077462276408828
