Model: GRU
MSE: 121.71022262828784
MAE: 9.407037870637302
EVS: -0.04960254017218246
