Model: GRU
MSE: 5.727736973082119
MAE: 1.7767517690000862
EVS: 0.8941864992088917
