Model: GRU
MSE: 4.234684752734042
MAE: 1.5206579750981823
EVS: 0.8707633648079065
