Model: GRU
MSE: 421.82283470352496
MAE: 19.779678887334363
EVS: 0.033521832563593534
