Model: GRU
MSE: 4.40115930234093
MAE: 1.742840183192286
EVS: 0.9001945697787651
