Model: GRU
MSE: 5.424205250094202
MAE: 1.8705802477639297
EVS: 0.9159208979908747
