Model: GRU
MSE: 4.186016180393347
MAE: 1.482657136588261
EVS: 0.9068321308497196
