Model: GRU
MSE: 6.320615855390005
MAE: 2.0812020014072288
EVS: 0.9070122216554759
