Model: GRU
MSE: 3.086823352367083
MAE: 1.372475334282579
EVS: 0.9093680052704718
