Model: GRU
MSE: 4.033467784543551
MAE: 1.4582338168703277
EVS: 0.8749205367929924
