Model: GRU
MSE: 4.378122619301431
MAE: 1.6289589548933094
EVS: 0.8944133254003868
