Model: GRU
MSE: 2.7088719911799077
MAE: 1.2070634118441879
EVS: 0.9145033160371431
