Model: GRU
MSE: 120.86682607647728
MAE: 9.11881120040499
EVS: -0.1916728711060387
