Model: GRU
MSE: 98.52255278756579
MAE: 7.94623981673142
EVS: -0.11791528772585202
