Model: GRU
MSE: 3.1740988173967213
MAE: 1.2444263367817319
EVS: 0.9163336345280377
