Model: GRU
MSE: 5.505658292953832
MAE: 1.8024436235427856
EVS: 0.9114910448295983
