Model: GRU
MSE: 6.6440584685776605
MAE: 2.153940537880207
EVS: 0.8917966028009863
