Model: GRU
MSE: 9.907791645704362
MAE: 2.5475702039126693
EVS: 0.8846287041689481
