Model: GRU
MSE: 3.3074500839530163
MAE: 1.3884177886206528
EVS: 0.9102591294074829
