Model: GRU
MSE: 184.88263021989624
MAE: 12.358366103007876
EVS: -0.01596874451377217
