Model: GRU
MSE: 4.855949512641884
MAE: 1.6102686997117668
EVS: 0.9122393907087516
