Model: GRU
MSE: 4.475629948166368
MAE: 1.7725157429432046
EVS: 0.8863492571716155
