Model: GRU
MSE: 119.15379132925149
MAE: 9.191427736446775
EVS: -0.09553228671606595
