Model: GRU
MSE: 271.86311078551466
MAE: 15.593789199302936
EVS: 0.093250294127737
