Model: GRU
MSE: 2.420050452040414
MAE: 1.1403843781043743
EVS: 0.9249108307835963
