Model: GRU
MSE: 2180.7510116818094
MAE: 46.407686167749866
EVS: 0.1444121687822003
