Model: GRU
MSE: 3.2199112317798178
MAE: 1.344428268999889
EVS: 0.9003787643809978
