Model: GRU
MSE: 3.620329056110369
MAE: 1.4774566929915856
EVS: 0.9035929496650288
