Model: GRU
MSE: 3.8173410084598696
MAE: 1.6586856061014636
EVS: 0.9072839570673502
