Model: GRU
MSE: 3.3374753796324366
MAE: 1.2953487223592297
EVS: 0.8992004673242309
