Model: GRU
MSE: 5.206258907018595
MAE: 1.734927876242276
EVS: 0.9025648114375932
