Model: GRU
MSE: 3.1472780242800282
MAE: 1.366681510004504
EVS: 0.9034642936517021
