Model: GRU
MSE: 3.7432972584208115
MAE: 1.385066114622971
EVS: 0.8853296517017738
