Model: GRU
MSE: 3.204878843567438
MAE: 1.2724756207959405
EVS: 0.907493653966224
