Model: GRU
MSE: 3.3348344952011293
MAE: 1.23109449394818
EVS: 0.8977333778748556
