Model: GRU
MSE: 2.764353223145997
MAE: 1.2519364973594402
EVS: 0.9150987006106672
