Model: GRU
MSE: 2.870529181293811
MAE: 1.2521956819912483
EVS: 0.9115209726722661
