Model: GRU
MSE: 676.8504106820554
MAE: 25.60059404373169
EVS: 0.3219170409160552
