Model: GRU
MSE: 5.747518195251524
MAE: 1.9497482694428543
EVS: 0.9071069816362668
