Model: GRU
MSE: 27.499041926885898
MAE: 4.571644996774608
EVS: 0.14844114423539834
