Model: GRU
MSE: 6.168719611198369
MAE: 2.1085097296484587
EVS: 0.9076994491483703
