Model: GRU
MSE: 3.0328312570971856
MAE: 1.2431197207549523
EVS: 0.9154043730456083
