Model: GRU
MSE: 88.95573998665036
MAE: 7.454088486474136
EVS: -0.05511453094726204
