Model: GRU
MSE: 3.414101382999837
MAE: 1.2494401602909482
EVS: 0.9029275510397555
