Model: GRU
MSE: 4.108494450528044
MAE: 1.4337827830479062
EVS: 0.8965759426530611
