Model: GRU
MSE: 3.0190392576939646
MAE: 1.2775706484399993
EVS: 0.9056354910027666
