Model: GRU
MSE: 5.303769877122755
MAE: 1.857131423621342
EVS: 0.9194228895847442
