Model: GRU
MSE: 2.7000381762471566
MAE: 1.2526194494346092
EVS: 0.9147856707385493
