Model: GRU
MSE: 4.7949004645329
MAE: 1.611128099005798
EVS: 0.9029250148903417
