Model: GRU
MSE: 5.426415667437258
MAE: 1.7749404085093532
EVS: 0.8998106309921474
