Model: GRU
MSE: 4.097762016223648
MAE: 1.4180051293866387
EVS: 0.9136031747803958
