Model: GRU
MSE: 5.045792765903465
MAE: 1.7317956100250114
EVS: 0.9051026159586435
