Model: GRU
MSE: 3.1978341623018323
MAE: 1.3107345679710651
EVS: 0.9151953710768016
