Model: GRU
MSE: 79.27397627194512
MAE: 8.284664482905947
EVS: 0.0
