Model: GRU
MSE: 4.321536573606569
MAE: 1.5456173296632438
EVS: 0.9043056272569223
