Model: GRU
MSE: 3.986818122139482
MAE: 1.6050417998741413
EVS: 0.8875581956715326
