Model: GRU
MSE: 5.8226183909980715
MAE: 1.9840361722584428
EVS: 0.9032808308437672
