Model: GRU
MSE: 110.5731660236622
MAE: 8.597058329088934
EVS: -0.15848426534527915
