Model: GRU
MSE: 3.788872477897117
MAE: 1.5701876056605373
EVS: 0.8802970041969564
