Model: GRU
MSE: 7.685008832819342
MAE: 2.219723822741673
EVS: 0.8988346538331675
