Model: GRU
MSE: 3.541314201929328
MAE: 1.4660723867087528
EVS: 0.9174812025975337
