Model: GRU
MSE: 3.1530052859658815
MAE: 1.4141881815318404
EVS: 0.9010887171006419
