Model: GRU
MSE: 3.5654143087004324
MAE: 1.4572279905450756
EVS: 0.8921098746043521
