Model: GRU
MSE: 4.707084856264461
MAE: 1.5518105811086194
EVS: 0.8914124388167618
