Model: GRU
MSE: 4.478005390319252
MAE: 1.552902916382099
EVS: 0.8804461591198742
