Model: GRU
MSE: 5.377269582046555
MAE: 1.788307284486705
EVS: 0.9113291271722795
