Model: GRU
MSE: 5.148169146714866
MAE: 1.950391724191863
EVS: 0.9038639323886617
