Model: GRU
MSE: 5.575213760689176
MAE: 2.0585655343943627
EVS: 0.883695488659993
