Model: GRU
MSE: 3.188506052660565
MAE: 1.2395927186669975
EVS: 0.9100793710882006
