Model: GRU
MSE: 4.271365919089725
MAE: 1.707931921399873
EVS: 0.8862316131874843
