Model: GRU
MSE: 9.594626253561469
MAE: 2.633496674998053
EVS: 0.8903162027914959
