Model: GRU
MSE: 5.51326153419313
MAE: 1.6616273831043924
EVS: 0.840844328236876
