Model: GRU
MSE: 75.71769873647843
MAE: 6.689680186838939
EVS: 0.02155458466560023
