Model: GRU
MSE: 8.015967725636658
MAE: 2.34788192962778
EVS: 0.9026233446502944
