Model: GRU
MSE: 3.6309511132500774
MAE: 1.4167043258403909
EVS: 0.8870356112634696
