Model: GRU
MSE: 3.408844681088339
MAE: 1.3156956906976371
EVS: 0.905210714628556
