Model: GRU
MSE: 3.4265360864671806
MAE: 1.379008681609713
EVS: 0.8999919687626415
