Model: GRU
MSE: 3.0368243363300036
MAE: 1.2030477174397172
EVS: 0.9069521411634672
