Model: GRU
MSE: 3.421401991895556
MAE: 1.321899044102636
EVS: 0.9130471099401384
