Model: GRU
MSE: 2.9604534984494406
MAE: 1.262753863786829
EVS: 0.9075695723967417
