Model: GRU
MSE: 2.686278613113294
MAE: 1.2265246613272305
EVS: 0.9151233410462251
