Model: GRU
MSE: 3.909493210557254
MAE: 1.5047776925152745
EVS: 0.910557379648825
