Model: GRU
MSE: 3.4480437736642737
MAE: 1.3288914304355095
EVS: 0.909930405696026
