Model: GRU
MSE: 4.008661963548603
MAE: 1.6845225794561978
EVS: 0.9069485863734611
