Model: GRU
MSE: 3.833986398658658
MAE: 1.3397563325947728
EVS: 0.8867023536994103
