Model: GRU
MSE: 4.904534783494408
MAE: 1.7404175791247138
EVS: 0.9043438466475782
