Model: GRU
MSE: 6491.298802883779
MAE: 80.3558385125522
EVS: -0.0818370407159068
