Model: GRU
MSE: 111.220152760328
MAE: 8.553767056300723
EVS: -0.2023880231319426
