Model: GRU
MSE: 5680.742006958683
MAE: 75.17147511449353
EVS: 0.05234769932859418
