Model: GRU
MSE: 6159.161531351057
MAE: 78.27144149254109
EVS: -0.034597404714531654
