Model: GRU
MSE: 4.655027233687627
MAE: 1.5731526716002102
EVS: 0.9083495759423931
