Model: GRU
MSE: 6.342204432642534
MAE: 1.9425704088704339
EVS: 0.8927668839307404
