Model: GRU
MSE: 4.917935739016731
MAE: 1.557688203351251
EVS: 0.8877903464052368
