Model: GRU
MSE: 3.694519959201732
MAE: 1.3974296327294975
EVS: 0.9144401104147262
