Model: GRU
MSE: 112.77009313931896
MAE: 8.843435081942328
EVS: -0.09212928258772712
