Model: GRU
MSE: 7.5401405505466785
MAE: 2.2596450982422662
EVS: 0.9067901644581002
