Model: GRU
MSE: 5.850457667704952
MAE: 1.899363602029866
EVS: 0.9134373335106832
