Model: GRU
MSE: 397.7082229779666
MAE: 18.99331651884934
EVS: -0.16791285875115491
