Model: GRU
MSE: 1994.219551677017
MAE: 44.25355417975064
EVS: -0.13253447434347465
