Model: GRU
MSE: 40.73472829560215
MAE: 5.861660858680462
EVS: 0.3499608827698022
