Model: GRU
MSE: 20.14507599753688
MAE: 3.6712496979483245
EVS: 0.7358348001296344
