Model: GRU
MSE: 5.028399368625771
MAE: 1.681658163152892
EVS: 0.910662405864826
