Model: GRU
MSE: 4.222395440805627
MAE: 1.6331973034760048
EVS: 0.900462987168957
