Model: GRU
MSE: 9.702640115726341
MAE: 2.650449580159681
EVS: 0.9079825010542972
