Model: GRU
MSE: 3.8582916278559707
MAE: 1.6357194657983452
EVS: 0.9034952112019254
