Model: GRU
MSE: 7.439897873086623
MAE: 2.3262952936106713
EVS: 0.8666254872111993
