Model: GRU
MSE: 82.62477419994673
MAE: 6.992289592479837
EVS: -0.06586893006178784
