Model: GRU
MSE: 4929.340420904651
MAE: 70.02388132029566
EVS: 0.1785757554772459
