Model: GRU
MSE: 4.059989435658223
MAE: 1.399272937199165
EVS: 0.878761670269123
