Model: GRU
MSE: 2801.6842067722
MAE: 52.69078386240992
EVS: 0.19851263143149456
