Model: GRU
MSE: 3.2923479698235267
MAE: 1.298055620029055
EVS: 0.896062476377639
