Model: GRU
MSE: 3.397639137032585
MAE: 1.305835436130392
EVS: 0.9210029909106343
