Model: GRU
MSE: 4.178063918707168
MAE: 1.554934739038862
EVS: 0.9121308050388164
