Model: GRU
MSE: 2461.5587107906717
MAE: 49.20616426139042
EVS: -0.27376330274007143
