Model: GRU
MSE: 790.795118357931
MAE: 27.374652796778186
EVS: -0.3088805867968518
