Model: GRU
MSE: 3.751689346724733
MAE: 1.5187145923746044
EVS: 0.905081683725281
