Model: GRU
MSE: 3.1101605258401013
MAE: 1.2160125765307197
EVS: 0.9130138847985874
