Model: GRU
MSE: 128.86453622019903
MAE: 9.725617663613681
EVS: -0.08306547240987627
