Model: GRU
MSE: 50.40829495574348
MAE: 5.554684683166701
EVS: 0.18846085056118245
