Model: GRU
MSE: 85.02667493941689
MAE: 6.877773087600182
EVS: -0.19195105350204789
