Model: GRU
MSE: 1616.591881647998
MAE: 39.621710284002894
EVS: -0.47598267370716196
