Model: GRU
MSE: 3.6635652168171124
MAE: 1.341666608021177
EVS: 0.9069287497359647
