Model: GRU
MSE: 308.18670158660234
MAE: 16.87965021462276
EVS: 0.264911455747196
