Model: GRU
MSE: 3.773759639351111
MAE: 1.3651687975587516
EVS: 0.8995141317864588
