Model: GRU
MSE: 3767.998934457784
MAE: 60.97426151407176
EVS: -0.5842488305990072
