Model: GRU
MSE: 5.997059157976559
MAE: 1.662425685780389
EVS: 0.8224683269004992
