Model: GRU
MSE: 3.5348140491259197
MAE: 1.33809442355715
EVS: 0.9194017222355486
