Model: GRU
MSE: 4.618337690641852
MAE: 1.6534413551462108
EVS: 0.9107519359330332
