Model: GRU
MSE: 4.541074839057191
MAE: 1.5042621061719696
EVS: 0.8972626783450977
