Model: GRU
MSE: 4.048018013850613
MAE: 1.3108113983581806
EVS: 0.8833425375057539
