Model: GRU
MSE: 5.34634372579758
MAE: 1.8259455900767754
EVS: 0.9078601624749644
