Model: GRU
MSE: 18.666750142739883
MAE: 4.044358812529465
EVS: 0.5542112129825962
