Model: GRU
MSE: 3.8926100833764377
MAE: 1.5135612981072788
EVS: 0.8786445708069872
