Model: GRU
MSE: 92.69785111643574
MAE: 7.584891639906784
EVS: -0.11119905353418846
