Model: GRU
MSE: 5.561404603070334
MAE: 1.8292475116663967
EVS: 0.8858688453985024
