Model: GRU
MSE: 2.6937309599966723
MAE: 1.2355992650163585
EVS: 0.918065002722353
