Model: GRU
MSE: 3.472128778529513
MAE: 1.4813938963002171
EVS: 0.8951044533520527
