Model: GRU
MSE: 3.3667296768095287
MAE: 1.292161240659911
EVS: 0.8943824938408924
