Model: GRU
MSE: 3.0586585376416906
MAE: 1.413495152161039
EVS: 0.9100615337045117
