Model: GRU
MSE: 381.53833198440356
MAE: 18.091280928973493
EVS: -0.7139731141553467
