Model: GRU
MSE: 183.58399127609638
MAE: 12.199731045755847
EVS: -0.0980318474238775
