Model: GRU
MSE: 94.83513700732006
MAE: 7.9597250552013
EVS: 0.0053754990041200434
