Model: GRU
MSE: 5.3348638763382805
MAE: 1.6732261735817482
EVS: 0.8928795884655766
