Model: GRU
MSE: 3.8106502273606364
MAE: 1.395272163481548
EVS: 0.9071178402876048
