Model: GRU
MSE: 79.10320925826655
MAE: 8.276978196768924
EVS: 0.0
