Model: GRU
MSE: 2.8667502873866804
MAE: 1.2940117572915966
EVS: 0.9107703563148698
