Model: GRU
MSE: 8.121810464162737
MAE: 1.9881922869846738
EVS: 0.7764584007052895
