Model: GRU
MSE: 3.061498156786429
MAE: 1.2292112266195232
EVS: 0.9175378094035173
