Model: GRU
MSE: 3.1297020567332368
MAE: 1.3945325284168637
EVS: 0.9013161375815192
