Model: GRU
MSE: 2.9642440322251
MAE: 1.1522539360769863
EVS: 0.913187598622429
