Model: GRU
MSE: 4.505299637519231
MAE: 1.5877683655969028
EVS: 0.909654646467768
