Model: GRU
MSE: 97.29182426311311
MAE: 8.090139454808728
EVS: -0.006111905408306528
