Model: GRU
MSE: 296.0254354217115
MAE: 16.16790980306165
EVS: -0.09403710799189846
