Model: GRU
MSE: 6.704504042467004
MAE: 2.009076915938279
EVS: 0.8003419586342754
