Model: GRU
MSE: 94.9237379574556
MAE: 7.65731888392876
EVS: -0.14664945138208352
