Model: GRU
MSE: 91.5032010379727
MAE: 7.686102443727954
EVS: -0.024614233947838793
