Model: GRU
MSE: 58.23100141433441
MAE: 7.240566122120824
EVS: 0.0069958665481717475
