Model: GRU
MSE: 6.817032951444985
MAE: 2.107500931312298
EVS: 0.8909953328175786
