Model: GRU
MSE: 3.0049998880983932
MAE: 1.153124061124078
EVS: 0.9133308959456911
