Model: GRU
MSE: 3.723648646959303
MAE: 1.6072206826045596
EVS: 0.8997174745154963
