Model: GRU
MSE: 106.30257443818961
MAE: 8.769934325382627
EVS: 0.07132232588046927
