Model: GRU
MSE: 343.3754279902632
MAE: 17.589031038613154
EVS: -0.07436091486341412
