Model: GRU
MSE: 6.477252018046607
MAE: 2.056297540664673
EVS: 0.908428888381211
