Model: GRU
MSE: 4.67589169455821
MAE: 1.671116224650679
EVS: 0.9178410622780511
