Model: GRU
MSE: 3.6520361983311167
MAE: 1.3739141719094639
EVS: 0.9089323792972774
