Model: GRU
MSE: 7850.597045934888
MAE: 88.46118256141399
EVS: 0.20322941563449004
