Model: GRU
MSE: 3.240218134092097
MAE: 1.2769046158626163
EVS: 0.9158901175463782
