Model: GRU
MSE: 6.575657258395193
MAE: 2.201400534860019
EVS: 0.8807027270475176
