Model: GRU
MSE: 83.71823164935958
MAE: 6.891747861072935
EVS: -0.1445272851226318
