Model: GRU
MSE: 87.21984209875399
MAE: 7.512284044561715
EVS: 0.02725627149467691
