Model: GRU
MSE: 7.503057216210685
MAE: 2.019807751836448
EVS: 0.8525830530174259
