Model: GRU
MSE: 3.52489351118699
MAE: 1.4763008047794473
EVS: 0.9089749998912175
