Model: GRU
MSE: 3.5385513303758165
MAE: 1.384034713794445
EVS: 0.915737983936653
