Model: GRU
MSE: 3.459382429246967
MAE: 1.336351016472126
EVS: 0.8912516989007689
