Model: GRU
MSE: 2.5318301790581614
MAE: 1.174867790320824
EVS: 0.9207179633895961
