Model: GRU
MSE: 2.4870398021255595
MAE: 1.142488565938226
EVS: 0.9232019877261486
