Model: GRU
MSE: 2703.8594225253046
MAE: 51.6892283209439
EVS: -0.013746825632898751
