Model: GRU
MSE: 6.166802703820063
MAE: 1.9137168464989498
EVS: 0.8982900020461896
