Model: GRU
MSE: 3.6743108976359107
MAE: 1.3268489334090003
EVS: 0.9052012672452687
