Model: GRU
MSE: 3.5824914853829393
MAE: 1.451059838821148
EVS: 0.8928306245799664
