Model: GRU
MSE: 2.990379616518674
MAE: 1.3178901302403416
EVS: 0.917853965316794
