Model: GRU
MSE: 6.024865352188842
MAE: 2.036632250095236
EVS: 0.9109352409539675
