Model: GRU
MSE: 3.561677762308144
MAE: 1.3364232141396095
EVS: 0.8879222908969902
