Model: GRU
MSE: 6.774427502067477
MAE: 2.125022760752974
EVS: 0.9116309447278337
