Model: GRU
MSE: 4.866280611908837
MAE: 1.9060279007615715
EVS: 0.9036485108381753
