Model: GRU
MSE: 3.987330721129564
MAE: 1.5544296749706925
EVS: 0.9077422867691068
