Model: GRU
MSE: 5.87468584739718
MAE: 1.9601021491248032
EVS: 0.9043211995921197
