Model: GRU
MSE: 4.916978066956596
MAE: 1.9138403658209175
EVS: 0.8926221288913971
