Model: GRU
MSE: 2.9526985413437385
MAE: 1.215547150578992
EVS: 0.9071860636397427
