Model: GRU
MSE: 3.5141274410940357
MAE: 1.2701346278190613
EVS: 0.8909375776240857
