Model: GRU
MSE: 86.28689512445574
MAE: 7.382107804561484
EVS: -0.004529236097398748
