Model: GRU
MSE: 6.020401265732458
MAE: 2.0216318081165183
EVS: 0.8966266848030715
