Model: GRU
MSE: 2171.4847006154096
MAE: 46.32385464372306
EVS: 0.1915710060050646
