Model: GRU
MSE: 479.88389880140664
MAE: 21.038836364088386
EVS: -0.17704810603855736
