Model: GRU
MSE: 3.135281956482151
MAE: 1.2380214014957691
EVS: 0.9097218058318057
