Model: GRU
MSE: 611.534710605328
MAE: 24.106310712880102
EVS: 0.03878735321897442
