Model: GRU
MSE: 14.694351109354628
MAE: 3.126408042578862
EVS: 0.551324613860382
