Model: GRU
MSE: 3.6215574901923366
MAE: 1.5245588730121482
EVS: 0.898977841739959
