Model: GRU
MSE: 107.32885584856203
MAE: 8.696975301051962
EVS: -0.001372546741920777
