Model: GRU
MSE: 57.832898401768034
MAE: 7.20875253348515
EVS: 0.008545021945825848
