Model: GRU
MSE: 5.98528766592229
MAE: 1.8056402887616838
EVS: 0.8364005423754272
