Model: GRU
MSE: 3.135188859966356
MAE: 1.3981908642012497
EVS: 0.9009374127463847
