Model: GRU
MSE: 2.93987077940567
MAE: 1.3594689769991513
EVS: 0.9156345993768988
