Model: GRU
MSE: 3.0636181688919506
MAE: 1.2466313263465618
EVS: 0.9046609366024906
