Model: GRU
MSE: 2.8744810296978534
MAE: 1.2260552850262871
EVS: 0.9128028915709728
