Model: GRU
MSE: 3.186432450588279
MAE: 1.2866881099240532
EVS: 0.9080540532999771
