Model: GRU
MSE: 2.7735768003807095
MAE: 1.248643223581643
EVS: 0.912580056005314
