Model: GRU
MSE: 4.731473731173674
MAE: 1.6549348790070106
EVS: 0.9076836749073686
