Model: GRU
MSE: 5.045326158090074
MAE: 1.967559053980071
EVS: 0.8887275598311741
