Model: GRU
MSE: 104.58684937319974
MAE: 8.581708899859724
EVS: 0.022336813345486983
