Model: GRU
MSE: 5.634335437498541
MAE: 1.6968233359271083
EVS: 0.8853340760098993
