Model: GRU
MSE: 5.681312009987576
MAE: 1.8518409893430512
EVS: 0.9033529410083736
