Model: GRU
MSE: 4.654429308834802
MAE: 1.6892265841878693
EVS: 0.8782933509032322
