Model: GRU
MSE: 100.60319239084339
MAE: 8.292341248742465
EVS: -0.006074024399356448
