Model: GRU
MSE: 2.7283301227213674
MAE: 1.1761065084358742
EVS: 0.9202417232139741
