Model: GRU
MSE: 6005.465813987484
MAE: 77.28775195417732
EVS: -0.01330805424453363
