Model: GRU
MSE: 4.171354695513533
MAE: 1.465642863306506
EVS: 0.8851622483345533
