Model: GRU
MSE: 4.9705195140545895
MAE: 1.666954385823217
EVS: 0.8882575612606182
