Model: GRU
MSE: 4.33396855052119
MAE: 1.581916356908864
EVS: 0.9165777097878839
