Model: GRU
MSE: 4.822931380105405
MAE: 1.7713054665203751
EVS: 0.91902528395012
