Model: GRU
MSE: 5.25679277845734
MAE: 1.7529770731925964
EVS: 0.9079473652458059
