Model: GRU
MSE: 2.73977004714009
MAE: 1.3695479158697457
EVS: 0.9157837130322385
