Model: GRU
MSE: 4975.232287154062
MAE: 70.34843089662749
EVS: 0.1680192783217962
