Model: GRU
MSE: 3805.652611571596
MAE: 61.6072708656048
EVS: 0.6778066290394208
