Model: GRU
MSE: 4869.644749091615
MAE: 69.59298232506062
EVS: 0.1638799171797113
