Model: GRU
MSE: 3.370606362135165
MAE: 1.2317005108142722
EVS: 0.9027085233150396
