Model: GRU
MSE: 10.194493957691368
MAE: 2.7349255331631364
EVS: 0.9065413112655619
