Model: GRU
MSE: 5.8901196462884915
MAE: 1.9690421573046981
EVS: 0.9119704548728342
