Model: GRU
MSE: 4.739411872206578
MAE: 1.6277182225523323
EVS: 0.9071617308027409
