Model: GRU
MSE: 3.047802054422279
MAE: 1.221431748620395
EVS: 0.9093850415494805
