Model: GRU
MSE: 585.4946718395679
MAE: 23.34156792739342
EVS: -0.28494153306679304
