Model: GRU
MSE: 4.595816585442027
MAE: 1.8380823957509007
EVS: 0.9005283290060198
