Model: GRU
MSE: 22.457958655213613
MAE: 4.380499116305647
EVS: 0.8967017752537998
