Model: GRU
MSE: 3.1557138522262345
MAE: 1.4034200783433586
EVS: 0.9021723753501704
