Model: GRU
MSE: 2.972743350255155
MAE: 1.296238458362119
EVS: 0.9063254971944088
