Model: GRU
MSE: 2.9594063795560666
MAE: 1.2472759649671357
EVS: 0.9065810084856787
