Model: GRU
MSE: 3.6378730029218067
MAE: 1.4970269490932595
EVS: 0.9070727297443535
