Model: GRU
MSE: 3.805315533279736
MAE: 1.6335213533763229
EVS: 0.9103372292172366
