Model: GRU
MSE: 5.752267786456966
MAE: 1.5537823217255728
EVS: 0.8294641781717838
