Model: GRU
MSE: 6.515226379637765
MAE: 2.1436776662695
EVS: 0.9022258250499402
