Model: GRU
MSE: 4.262661802980614
MAE: 1.6217261223957455
EVS: 0.908148189271226
