Model: GRU
MSE: 2477.6082910089413
MAE: 49.20135899247794
EVS: -0.7958321527725194
