Model: GRU
MSE: 3.6642610366840116
MAE: 1.4654587425034622
EVS: 0.8889450831363093
