Model: GRU
MSE: 2820.080021763237
MAE: 52.76966884218413
EVS: -0.11988212329404502
