Model: GRU
MSE: 10.186781751193728
MAE: 2.757739490476148
EVS: 0.9107907101540825
