Model: GRU
MSE: 3.5299085155753915
MAE: 1.4170529112733643
EVS: 0.8900766999284562
