Model: GRU
MSE: 3.7371889775811806
MAE: 1.5776880404044842
EVS: 0.8839704047338683
