Model: GRU
MSE: 1981.5655534501689
MAE: 43.65204666400778
EVS: -1.4034467910278292
