Model: GRU
MSE: 86.51000064460221
MAE: 7.382546508106692
EVS: -0.011374153738545667
