Model: GRU
MSE: 163.31317354820303
MAE: 11.15259237947135
EVS: -0.2301823166454935
