Model: GRU
MSE: 102.3655466139097
MAE: 8.220768229714755
EVS: -0.09910498313773353
