Model: GRU
MSE: 2.746091126462262
MAE: 1.2001564728802647
EVS: 0.9158072814156518
