Model: GRU
MSE: 5.2577545395937415
MAE: 1.790828906256577
EVS: 0.912044666969053
