Model: GRU
MSE: 66.4565728293585
MAE: 7.554519636877652
EVS: 0.3607467450366826
