Model: GRU
MSE: 3.7948587962867055
MAE: 1.3563823021691421
EVS: 0.8983468650614721
