Model: GRU
MSE: 3.674644617693046
MAE: 1.4430725389513477
EVS: 0.9056126463290609
