Model: GRU
MSE: 12.127953470339328
MAE: 2.8647991829905015
EVS: 0.7380587999381982
