Model: GRU
MSE: 6.1476797623546995
MAE: 1.8665714428342621
EVS: 0.8239943621790612
