Model: GRU
MSE: 3.288764817560625
MAE: 1.362826961895515
EVS: 0.8992702877238654
