Model: GRU
MSE: 3.3297603110923464
MAE: 1.2610144594620014
EVS: 0.8952361945713861
