Model: GRU
MSE: 3.587779788371161
MAE: 1.3442257231679455
EVS: 0.8868943976481521
