Model: GRU
MSE: 367.83550937201835
MAE: 17.865290049848884
EVS: -0.5377547489671382
