Model: GRU
MSE: 2.5720579310270337
MAE: 1.232334525420748
EVS: 0.9243064485610799
