Model: GRU
MSE: 7.275787665489655
MAE: 2.1706385365847884
EVS: 0.9054498480034749
