Model: GRU
MSE: 6.233614921778597
MAE: 1.7500529680933272
EVS: 0.8155909707861357
