Model: GRU
MSE: 4.558240520243531
MAE: 1.843100329925274
EVS: 0.9073998081052922
