Model: GRU
MSE: 795.2236400902876
MAE: 27.639650081766064
EVS: 0.011838162022312249
