Model: GRU
MSE: 3.1292000037614334
MAE: 1.3771312298445866
EVS: 0.9017574678389553
