Model: GRU
MSE: 3.7943552404950496
MAE: 1.4121793549636315
EVS: 0.8981101254094284
