Model: GRU
MSE: 3899.3381036991427
MAE: 62.169421952346276
EVS: -0.08382951752460399
