Model: GRU
MSE: 103.49708555153411
MAE: 8.36523610559003
EVS: -0.0591465542468288
