Model: GRU
MSE: 14.039714173893879
MAE: 2.874841474253556
EVS: 0.6691117016706654
