Model: GRU
MSE: 6.101710610342932
MAE: 1.8095310145410999
EVS: 0.8867565498167513
