Model: GRU
MSE: 3.441763547254082
MAE: 1.435931284879816
EVS: 0.9186409321151405
