Model: GRU
MSE: 4.000906731005996
MAE: 1.4977705303964943
EVS: 0.9100796381952015
