Model: GRU
MSE: 3.156076037323875
MAE: 1.3385259632406563
EVS: 0.9128007529459924
