Model: GRU
MSE: 91.42301967703328
MAE: 7.930673258057956
EVS: 0.09860316440654482
