Model: GRU
MSE: 2.7897462095894925
MAE: 1.3310777565528606
EVS: 0.9188265895758121
