Model: GRU
MSE: 4.744723346832141
MAE: 1.8456839693003688
EVS: 0.8883738307631992
