Model: GRU
MSE: 7.732497216370366
MAE: 2.2536926783364395
EVS: 0.9004928245777528
