Model: GRU
MSE: 4.3421312373960355
MAE: 1.7209044736007164
EVS: 0.902220858579613
