Model: GRU
MSE: 3.172976699277816
MAE: 1.4227595986991093
EVS: 0.9144021457249996
