Model: GRU
MSE: 4.386706982528437
MAE: 1.4631480533501198
EVS: 0.8874193640455916
