Model: GRU
MSE: 80.15745296686234
MAE: 6.733391800831104
EVS: -0.10019103770093607
