Model: GRU
MSE: 3.2003398664216616
MAE: 1.2231601805522525
EVS: 0.9204825682066194
