Model: GRU
MSE: 3.293648389554605
MAE: 1.2946876266907001
EVS: 0.9169867742106282
