Model: GRU
MSE: 3.191106020627538
MAE: 1.2026390289438182
EVS: 0.9105295674225689
