Model: GRU
MSE: 3.5571141544447227
MAE: 1.4553582380557883
EVS: 0.8884543722537949
