Model: GRU
MSE: 80.3398330031341
MAE: 6.60351718705276
EVS: -0.16068470675710467
