Model: GRU
MSE: 2695.0213717265187
MAE: 51.64094286951526
EVS: 0.10786282456352503
