Model: GRU
MSE: 10.206471276635005
MAE: 2.704846735658317
EVS: 0.8114308532610612
