Model: GRU
MSE: 3.207778662970278
MAE: 1.3952317207024014
EVS: 0.9027401960319501
