Model: GRU
MSE: 6.381398026762515
MAE: 2.0715588372329186
EVS: 0.908133621280381
