Model: GRU
MSE: 3.3392083544018907
MAE: 1.446735797257259
EVS: 0.8963757177424944
