Model: GRU
MSE: 3.6386686737252725
MAE: 1.5114119443400154
EVS: 0.8977586999331852
