Model: GRU
MSE: 3.0488874014386673
MAE: 1.2643117483319908
EVS: 0.9050240568268345
