Model: GRU
MSE: 3772.0701600687516
MAE: 61.15461783573545
EVS: -0.01689960632360399
