Model: GRU
MSE: 3.4717648767066422
MAE: 1.3831773914139847
EVS: 0.890818802704331
