Model: GRU
MSE: 8.913007930036308
MAE: 2.545575236452037
EVS: 0.8940792219388392
