Model: GRU
MSE: 5.002362552015903
MAE: 1.7252722177012214
EVS: 0.8450394279430091
