Model: GRU
MSE: 5.028738565822398
MAE: 1.8099605831606635
EVS: 0.8592903877313905
