Model: GRU
MSE: 8.139971734782657
MAE: 2.262179863863978
EVS: 0.7873587965424541
