Model: GRU
MSE: 609.9713561846526
MAE: 24.325861536223314
EVS: 0.4241723080468197
