Model: GRU
MSE: 8.55457209890702
MAE: 2.393633594800686
EVS: 0.8996357975684156
