Model: GRU
MSE: 3.490787165736445
MAE: 1.3016582316365735
EVS: 0.8976114319306652
