Model: GRU
MSE: 6.612535138501558
MAE: 2.404267537182775
EVS: 0.8417156092326661
