Model: GRU
MSE: 5.023657734678
MAE: 1.7472052019217919
EVS: 0.9193007693686759
