Model: GRU
MSE: 2370.8814657478733
MAE: 48.32720927534432
EVS: -0.11736182031713827
