Model: GRU
MSE: 2247.768717346183
MAE: 47.15445038367962
EVS: 0.2345014777519363
