Model: GRU
MSE: 2.6736712096762187
MAE: 1.1192733357692588
EVS: 0.9197947447531728
