Model: GRU
MSE: 219.46420067064213
MAE: 13.403532718789988
EVS: -0.25788244011047556
