Model: GRU
MSE: 3.280127252746314
MAE: 1.3801227314718838
EVS: 0.9106952582378494
