Model: GRU
MSE: 3.3335790070695737
MAE: 1.2799766320606758
EVS: 0.909271903844587
