Model: GRU
MSE: 3.6806026116743973
MAE: 1.3470591738306243
EVS: 0.8975034817085427
