Model: GRU
MSE: 3.386932552742167
MAE: 1.3177484099207253
EVS: 0.9048333954778383
