Model: GRU
MSE: 5.156087878951036
MAE: 1.753974604195562
EVS: 0.8890860630843093
