Model: GRU
MSE: 3.0236417552374673
MAE: 1.2487915651551609
EVS: 0.9157667844709827
