Model: GRU
MSE: 3.2327191307434076
MAE: 1.3889068796716888
EVS: 0.8979278827566205
