Model: GRU
MSE: 3.12799996467814
MAE: 1.3847270505181675
EVS: 0.9072210898548849
