Model: GRU
MSE: 3.48189330806695
MAE: 1.3519353064997444
EVS: 0.8935764978081846
