Model: GRU
MSE: 82.0450073090156
MAE: 6.863162754938521
EVS: -0.10408121517996971
