Model: GRU
MSE: 103.05569328744798
MAE: 8.3359626408281
EVS: -0.060647743319725
