Model: GRU
MSE: 5.881049886939908
MAE: 1.9571102240989948
EVS: 0.9091094584931644
