Model: GRU
MSE: 4.721360746713233
MAE: 1.644478709533297
EVS: 0.9100138820037234
