Model: GRU
MSE: 2.696225191646453
MAE: 1.19004474426138
EVS: 0.9175269131572767
