Model: GRU
MSE: 117.03193068812053
MAE: 9.005120803569925
EVS: -0.13560688800107834
