Model: GRU
MSE: 106.9145752354925
MAE: 8.380602684514276
EVS: -0.1589999298510556
