Model: GRU
MSE: 3.8280622558326645
MAE: 1.3665987458722344
EVS: 0.8790464453879887
