Model: GRU
MSE: 3.7685199059193004
MAE: 1.4652686324612847
EVS: 0.9068569816983806
