Model: GRU
MSE: 5.8589802306630885
MAE: 1.9047411120667752
EVS: 0.28930558270967377
