Model: GRU
MSE: 8.466617216511642
MAE: 2.502810756365458
EVS: -0.5802866986611772
