Model: GRU
MSE: 6.088077761474316
MAE: 1.7856482097080775
EVS: 0.15097309783957547
