Model: GRU
MSE: 5.567079030225932
MAE: 1.9879105295453752
EVS: 0.5611330884732495
