Model: GRU
MSE: 7.3353139842081125
MAE: 2.0136643886566166
EVS: 0.02513213129756675
