Model: GRU
MSE: 4.29179973957849
MAE: 1.5096086595879228
EVS: 0.3889045356641525
