Model: GRU
MSE: 2.885608682493694
MAE: 1.323187174115862
EVS: 0.5845211316415451
