Model: GRU
MSE: 3.6080164900248293
MAE: 1.56912841796875
EVS: 0.5450800561202023
