Model: GRU
MSE: 3.8908120193040565
MAE: 1.6254739897591728
EVS: 0.5596766707952145
