Model: GRU
MSE: 3.2197601394249693
MAE: 1.4568492344447546
EVS: 0.5343338600665604
