Model: GRU
MSE: 6.650122192249341
MAE: 2.1584322849909463
EVS: 0.0027228014691115243
