Model: GRU
MSE: 3.996147731445652
MAE: 1.6554677418300083
EVS: 0.5680118246050492
