Model: GRU
MSE: 3.326030336367538
MAE: 1.504352923801967
EVS: 0.5226614775905123
