Model: GRU
MSE: 5.07796240353367
MAE: 1.6141301790873215
EVS: 0.23732808017057772
