Model: GRU
MSE: 5.417822993961542
MAE: 2.064363193511962
EVS: -0.7414284464057146
