Model: GRU
MSE: 4.534381777338083
MAE: 1.7337110453638536
EVS: 0.31607576373658774
