Model: GRU
MSE: 4.089434122059249
MAE: 1.7536863599504744
EVS: 0.38087605490364274
