Model: GRU
MSE: 3.5865294339891762
MAE: 1.5383003030504498
EVS: 0.5909780710274456
