Model: GRU
MSE: 3.1475937731460135
MAE: 1.3822045258113316
EVS: 0.5512048621135157
