Model: GRU
MSE: 4.683181901972918
MAE: 1.832430547597457
EVS: 0.2957192641060734
