Model: GRU
MSE: 4.653169565238984
MAE: 1.792761366707938
EVS: 0.5389121690988077
