Model: GRU
MSE: 3.8747630273357054
MAE: 1.7035341262817383
EVS: -0.5246975398273888
