Model: GRU
MSE: 3.644364896237744
MAE: 1.5669620173318046
EVS: 0.5641818437078442
