Model: GRU
MSE: 283.91152428277456
MAE: 16.630276880945477
EVS: -0.06247887043151734
