Model: GRU
MSE: 3.7306513545851367
MAE: 1.604948057447161
EVS: 0.5661392834073433
