Model: GRU
MSE: 227.54409017082594
MAE: 14.844402934823718
EVS: -0.03967939630335637
