Model: GRU
MSE: 2.989729820397422
MAE: 1.3441828523363386
EVS: 0.5675756574284707
