Model: GRU
MSE: 4.651038530227891
MAE: 1.84759974075576
EVS: 0.46422646830172776
