Model: GRU
MSE: 227.75260042785808
MAE: 14.829295367995899
EVS: -0.19481120069964097
