Model: GRU
MSE: 4.472550823806003
MAE: 1.7486298424857003
EVS: 0.5249482874961466
