Model: GRU
MSE: 6.634449389368144
MAE: 2.039008703388152
EVS: 0.013392716447522157
