Model: GRU
MSE: 5.623018448962409
MAE: 1.8493630310584759
EVS: 0.32066953763212325
