Model: GRU
MSE: 391.25631693988
MAE: 19.72310161590576
EVS: -0.0024798171268949343
