Model: GRU
MSE: 4.424778676497673
MAE: 1.809195070850606
EVS: 0.35429959686140844
