Model: GRU
MSE: 5.333672983132092
MAE: 1.9353543297719145
EVS: 0.35094185149029955
