Model: GRU
MSE: 3.3357368871570543
MAE: 1.483564313252767
EVS: 0.527533002734111
