Model: GRU
MSE: 4.779788814404195
MAE: 1.6559525186365298
EVS: 0.47611202447356027
