Model: GRU
MSE: 13.705108708225412
MAE: 2.884344975153606
EVS: 0.02604048831649164
