Model: GRU
MSE: 4.459608878212793
MAE: 1.5287140467979388
EVS: 0.5362684932328661
