Model: GRU
MSE: 3.1814272793225826
MAE: 1.2906579001196499
EVS: 0.6135240490153391
