Model: GRU
MSE: 6.472336663609366
MAE: 1.9857337721462915
EVS: 0.31960896336514777
