Model: GRU
MSE: 1.8422929426444004
MAE: 1.0234681481406802
EVS: 0.747280785801701
