Model: GRU
MSE: 4.360851668581884
MAE: 1.4863189416952407
EVS: 0.5168134408847793
