Model: GRU
MSE: 7.3806526942794495
MAE: 2.052463003024934
EVS: 0.3482623688433415
