Model: GRU
MSE: 11.090486737294475
MAE: 2.5794974735804974
EVS: 0.035258336670576984
