Model: GRU
MSE: 2.427704876331989
MAE: 1.2975010803767613
EVS: 0.6805338900507487
