Model: GRU
MSE: 351.4383859184958
MAE: 18.535079187276413
EVS: -0.005629129389059573
