Model: GRU
MSE: 8.296153816707735
MAE: 2.2357122848773825
EVS: 0.007058243522507501
