Model: GRU
MSE: 4.958010341533123
MAE: 1.649059942180248
EVS: 0.42587381966026694
