Model: GRU
MSE: 3.098285256090842
MAE: 1.2605895683683201
EVS: 0.6178638509242993
