Model: GRU
MSE: 3.5704881498375536
MAE: 1.3977606181440687
EVS: 0.6176352879011303
