Model: GRU
MSE: 5.749461855408776
MAE: 1.75473268776183
EVS: 0.48900702447725053
