Model: GRU
MSE: 178.7515088839517
MAE: 13.006279109610665
EVS: -0.09157158623735562
