Model: GRU
MSE: 3.310519090881434
MAE: 1.3033376833488206
EVS: 0.5932469644371856
