Model: GRU
MSE: 1.7366069372862747
MAE: 1.0817693962770352
EVS: 0.7725741373125963
