Model: GRU
MSE: 8.873866633011673
MAE: 2.0449982498373305
EVS: 0.6571499786831112
