Model: GRU
MSE: 11.212231411465977
MAE: 2.657217379978725
EVS: 0.6214544091128027
