Model: GRU
MSE: 15.464062971133664
MAE: 3.2430120400020055
EVS: 0.640358711775912
