Model: GRU
MSE: 2894.2671607155894
MAE: 53.77338627406529
EVS: 0.320544446123489
