Model: GRU
MSE: 11.90860258754172
MAE: 2.789658002058665
EVS: 0.658988698530057
