Model: GRU
MSE: 10.431028378775428
MAE: 2.4483988387244087
EVS: 0.6024704174663331
