Model: GRU
MSE: 11.859366451601318
MAE: 2.617234985033671
EVS: 0.436331719066096
