Model: GRU
MSE: 11.017302882982046
MAE: 2.491684569631304
EVS: 0.6464684160013059
