Model: GRU
MSE: 14.736536026751843
MAE: 2.9737473068566156
EVS: 0.6402305111145404
