Model: GRU
MSE: 16.988090151206194
MAE: 3.324820022193753
EVS: 0.1874161307315343
