Model: GRU
MSE: 8.706088252767069
MAE: 2.072680728776114
EVS: 0.6649773927012643
