Model: GRU
MSE: 190.92734969666213
MAE: 12.81804654598236
EVS: -0.03027473141452508
