Model: GRU
MSE: 45.89028720029012
MAE: 5.062296013037364
EVS: 0.4991896704662059
