Model: GRU
MSE: 17.310695829666425
MAE: 3.224050987739952
EVS: 0.20815056997634462
