Model: GRU
MSE: 14.669813085306476
MAE: 3.133451422706979
EVS: 0.5995336906780432
