Model: GRU
MSE: 10.796731365556543
MAE: 2.598236541358792
EVS: 0.43709126190804404
