Model: GRU
MSE: 1849.725741941658
MAE: 42.702760470115535
EVS: 0.08615064334380362
