Model: GRU
MSE: 9.638047495876881
MAE: 2.3365622150654697
EVS: 0.471462447283423
