Model: GRU
MSE: 8.70645573280527
MAE: 2.034681827681405
EVS: 0.6691221030988688
