Model: GRU
MSE: 9.239638139547557
MAE: 2.268493372414793
EVS: 0.6860025590396643
