Model: GRU
MSE: 3203.9334841204377
MAE: 56.37104672023228
EVS: -0.015320513867691066
