Model: GRU
MSE: 11.727202217950378
MAE: 2.731252153714498
EVS: 0.6582138240613606
