Model: GRU
MSE: 13.649647005566793
MAE: 2.98765332581567
EVS: 0.6585639228279545
