Model: GRU
MSE: 13.221823036933806
MAE: 2.8575335144996643
EVS: 0.6228046518351866
