Model: GRU
MSE: 15.204075916405234
MAE: 3.146885550751978
EVS: 0.31507009492836935
