Model: GRU
MSE: 10.124114979772791
MAE: 2.562718905721392
EVS: 0.6338151016162291
