Model: GRU
MSE: 12.276760576444852
MAE: 2.802115527221135
EVS: 0.5941469194141952
