Model: GRU
MSE: 76.08381490767943
MAE: 8.516878604888916
EVS: 0.1133515656837858
