Model: GRU
MSE: 18.81255860029107
MAE: 3.6953093717838157
EVS: 0.6598519145700505
