Model: GRU
MSE: 8.77743425054307
MAE: 2.224737215042114
EVS: 0.6638696834891216
