Model: GRU
MSE: 11.475761669525303
MAE: 2.6133559760400806
EVS: 0.6418866434330124
