Model: GRU
MSE: 9.55734555344273
MAE: 2.2056650638580324
EVS: 0.6405164427417305
