Model: GRU
MSE: 123.71391602514569
MAE: 9.900048448358262
EVS: 0.005405649164142767
