Model: GRU
MSE: 23.028040860248417
MAE: 4.403814947605133
EVS: 0.33533944649985714
