Model: GRU
MSE: 9.491315408749038
MAE: 2.098437423152583
EVS: 0.6373459979981058
