Model: GRU
MSE: 12.1899469933853
MAE: 2.677875991662343
EVS: 0.6369931037723562
