Model: GRU
MSE: 8.112719488550137
MAE: 2.0514376079424834
EVS: 0.7374767342951118
