Model: GRU
MSE: 10.444371418807137
MAE: 2.49415913172837
EVS: 0.7852879926643603
