Model: GRU
MSE: 9.119876964091432
MAE: 2.1894542048503824
EVS: 0.7176625581578525
