Model: GRU
MSE: 2.0242950949714578
MAE: 1.20480671134733
EVS: 0.9638896784192711
