Model: GRU
MSE: 8.23402345772597
MAE: 2.167562773823738
EVS: 0.7897577357203087
