Model: GRU
MSE: 8.383974533942197
MAE: 2.2039960343262246
EVS: 0.7368663991194438
