Model: GRU
MSE: 8.873987290101663
MAE: 2.194079579978154
EVS: 0.7105489672212456
