Model: GRU
MSE: 7.2387493904719875
MAE: 2.08521397732969
EVS: 0.8040902283489917
