Model: GRU
MSE: 8.583289606369457
MAE: 2.0418405335420258
EVS: 0.7267816699730928
