Model: GRU
MSE: 8.13477580406168
MAE: 2.0065744851866074
EVS: 0.7466749327774718
