Model: GRU
MSE: 8.559633722827508
MAE: 2.121650122200987
EVS: 0.7241844122259318
