Model: GRU
MSE: 9.297963378615012
MAE: 2.4176225079430473
EVS: 0.701563183369496
