Model: GRU
MSE: 1922.9578087269176
MAE: 43.500341713622646
EVS: 0.020124863628533052
