Model: GRU
MSE: 11.178142338374013
MAE: 2.691833022253473
EVS: 0.6898973285200203
