Model: GRU
MSE: 4164.188788233891
MAE: 64.29001879010882
EVS: -0.14763035428770954
