Model: GRU
MSE: 6.1596845954955795
MAE: 1.8641285124947042
EVS: 0.8200802029759551
