Model: GRU
MSE: 1.8933614673479886
MAE: 0.9818346974801044
EVS: 0.9341692008289963
