Model: GRU
MSE: 6.149282488964947
MAE: 1.8033472458864082
EVS: 0.7988523665853215
