Model: GRU
MSE: 8.57293175602421
MAE: 2.15344212444636
EVS: 0.7326317189188786
