Model: GRU
MSE: 9.081734547837119
MAE: 2.0555562726382552
EVS: 0.5458470413119119
