Model: GRU
MSE: 3022.707535303407
MAE: 54.79647471986968
EVS: -0.008435325899448065
