Model: GRU
MSE: 18.956381228138138
MAE: 3.7727027350458604
EVS: 0.5541807477199467
