Model: GRU
MSE: 25.0374789612742
MAE: 4.527153294661949
EVS: 0.22348612873921359
