Model: GRU
MSE: 9.225796432421186
MAE: 2.0541050845179063
EVS: 0.5414745595318186
