Model: GRU
MSE: 8.795763257361704
MAE: 2.1726916000760834
EVS: 0.586064055914548
