Model: GRU
MSE: 11.427922300567683
MAE: 2.568179434743421
EVS: 0.5412739181590219
