Model: GRU
MSE: 8.798882057147011
MAE: 2.00111854487452
EVS: 0.5642899777468723
