Model: GRU
MSE: 10.761955358457866
MAE: 2.5013162349832467
EVS: 0.5613764192762649
