Model: GRU
MSE: 23.86719802550403
MAE: 4.296730567669046
EVS: -0.00893304668913486
