Model: GRU
MSE: 2547.3831739552697
MAE: 50.27221758612271
EVS: -0.010115860090848416
