Model: GRU
MSE: 1403.3123498032053
MAE: 37.17721981837832
EVS: -0.06439301223634808
