Model: GRU
MSE: 10.05986467081298
MAE: 2.3213875211518387
EVS: 0.5382159682854166
