Model: GRU
MSE: 12.533177528265426
MAE: 2.9549422675165635
EVS: 0.5581402608962813
