Model: GRU
MSE: 9.11419081107118
MAE: 2.2325823635890565
EVS: 0.5652686182213864
