Model: GRU
MSE: 13.601241298419636
MAE: 2.982369069395394
EVS: 0.5312341463807082
