Model: GRU
MSE: 13.272675601226645
MAE: 2.8904753882309486
EVS: 0.5654228289135483
