Model: GRU
MSE: 324.28820124462
MAE: 17.410222818111553
EVS: -0.06467794873095634
