Model: GRU
MSE: 9.387207554045258
MAE: 2.17881493732847
EVS: 0.5575430242794952
