Model: GRU
MSE: 9.804375453781677
MAE: 2.525829611153438
EVS: 0.5648477164079362
