Model: GRU
MSE: 8.739256178329349
MAE: 1.9873345720356907
EVS: 0.5626982722552475
