Model: GRU
MSE: 345.35607387602613
MAE: 18.016368705650855
EVS: -0.04427127461723823
