Model: GRU
MSE: 8.888308375632427
MAE: 2.0162444772391486
EVS: 0.5620671890110978
