Model: GRU
MSE: 11.340133990729383
MAE: 2.672551451058223
EVS: 0.5662976888398269
