Model: GRU
MSE: 9.472113796480793
MAE: 1.9207967232013572
EVS: 0.5266231024316954
