Model: GRU
MSE: 16.3069100638663
MAE: 3.4987971700471023
EVS: 0.5746323958807245
