Model: GRU
MSE: 12.993859396438207
MAE: 2.9951336877099397
EVS: 0.5877832513686091
