Model: GRU
MSE: 14.733540308979066
MAE: 3.276783754085672
EVS: 0.5487913608585251
