Model: GRU
MSE: 19.562382646014164
MAE: 3.784359570207267
EVS: 0.5846138982728877
