Model: GRU
MSE: 8.51224770028535
MAE: 1.9365306229426944
EVS: 0.5720343917441382
