Model: GRU
MSE: 9.225613542377898
MAE: 2.0458185261693496
EVS: 0.5605702264667962
