Model: GRU
MSE: 16.665521900623727
MAE: 3.497960090637207
EVS: 0.5522603331051299
