Model: GRU
MSE: 9.125482438907888
MAE: 1.8783845079356227
EVS: 0.5413312823162078
