Model: GRU
MSE: 10.357965486163266
MAE: 2.5106771732198783
EVS: 0.5733304360365137
