Model: GRU
MSE: 1507.2909781468775
MAE: 38.53853127052044
EVS: -0.10994780264432613
