Model: GRU
MSE: 9.481468268522677
MAE: 1.9748180652486866
EVS: 0.5484802050970004
