Model: GRU
MSE: 16.394771234711182
MAE: 3.4632063487480425
EVS: 0.5597306035328418
