Model: GRU
MSE: 723.6276713256535
MAE: 26.506312222316346
EVS: -0.05817799845359217
