Model: GRU
MSE: 11.330579955546156
MAE: 2.6039736024264633
EVS: 0.5510153785865977
