Model: GRU
MSE: 3857.7340396161135
MAE: 61.93527576841157
EVS: -0.0940105502443025
