Model: GRU
MSE: 8.497802915902597
MAE: 1.9831733456973373
EVS: 0.5739893499174067
