Model: GRU
MSE: 13.359827931837367
MAE: 3.054628174880455
EVS: 0.5586321705955908
