Model: GRU
MSE: 921.474884136656
MAE: 30.05356662026767
EVS: 0.08187256532996101
