Model: GRU
MSE: 11.580152727487448
MAE: 2.7910291819736877
EVS: 0.5786217218239158
