Model: GRU
MSE: 9.527218858559685
MAE: 2.230415870403421
EVS: 0.5535272111516217
