Model: GRU
MSE: 9.034646018294787
MAE: 2.017990062976706
EVS: 0.5458311232340298
