Model: GRU
MSE: 11.964927539495593
MAE: 2.9199944200186896
EVS: 0.5819208440037797
