Model: GRU
MSE: 17.100682974086574
MAE: 3.611396148287017
EVS: 0.5583188636861225
