Model: GRU
MSE: 11.044246685407211
MAE: 2.2641179150548476
EVS: 0.5265128215644338
