Model: GRU
MSE: 10.920646842231134
MAE: 2.517119259669863
EVS: 0.5347171947680454
