Model: GRU
MSE: 33.132118650233195
MAE: 5.280164866611876
EVS: 0.10048429772236944
