Model: GRU
MSE: 11.280394200780252
MAE: 2.3758240568226783
EVS: 0.43585808265233994
