Model: GRU
MSE: 19.618232274871154
MAE: 3.8828523241240402
EVS: 0.5705559242527685
