Model: GRU
MSE: 56.80537555472698
MAE: 6.866256220587369
EVS: -0.0033268169884170806
