Model: GRU
MSE: 10.358524267415223
MAE: 2.3123562993674445
EVS: 0.5364927031554536
