Model: GRU
MSE: 8.828212621380779
MAE: 2.0636618055146316
EVS: 0.5742280589423584
