Model: GRU
MSE: 17.133729565040714
MAE: 3.5319591390675513
EVS: 0.5753823094144945
