Model: GRU
MSE: 10.181749418559415
MAE: 2.4367854841824235
EVS: 0.5496361158818237
