Model: GRU
MSE: 16.609639624610843
MAE: 3.440679097997731
EVS: 0.5512560908129018
