Model: GRU
MSE: 10.57602866940033
MAE: 2.6547391168002425
EVS: 0.5604800416518256
