Model: GRU
MSE: 728.4839732170213
MAE: 26.538008295256517
EVS: -0.2178371404869508
