Model: GRU
MSE: 12.919155712848747
MAE: 2.829101636491973
EVS: 0.5467650127737247
