Model: GRU
MSE: 12.520987790323186
MAE: 2.988814247065577
EVS: 0.5348621283756544
