Model: GRU
MSE: 561.5197919474956
MAE: 23.20746554999516
EVS: -0.1532316532610687
