Model: GRU
MSE: 14.663617092004882
MAE: 3.2213209497517554
EVS: 0.5470166032600732
