Model: GRU
MSE: 348.282770269556
MAE: 18.103352365822627
EVS: -0.0334532340560203
