Model: GRU
MSE: 293.49022404585537
MAE: 16.500848365241083
EVS: -0.06668359637897203
