Model: GRU
MSE: 9.79435059228675
MAE: 2.3507994947762323
EVS: 0.5536387426442878
