Model: GRU
MSE: 32.29970301717888
MAE: 5.186273640599744
EVS: 0.0
