Model: GRU
MSE: 422.0229378276418
MAE: 20.04212085131941
EVS: -0.02263797784404953
