Model: GRU
MSE: 8.583274814883366
MAE: 2.0766022287566086
EVS: 0.5709691795942543
