Model: GRU
MSE: 14.93582147741585
MAE: 3.359343331435631
EVS: 0.6045959524005898
