Model: GRU
MSE: 9.080990379331634
MAE: 1.9134150702377846
EVS: 0.5458740482472223
