Model: GRU
MSE: 9.191222219378187
MAE: 1.8442211808829472
EVS: 0.5392521692344827
