Model: GRU
MSE: 333.3110607844877
MAE: 17.66995644569397
EVS: -0.06022043996443083
