Model: GRU
MSE: 315.1531432223268
MAE: 17.180090437675343
EVS: -0.00560633136307076
