Model: GRU
MSE: 8.640189761534014
MAE: 2.1456238647987105
EVS: 0.5738196738872319
