Model: GRU
MSE: 21.355341301773553
MAE: 3.9968332504404
EVS: 0.5576686650681135
