Model: GRU
MSE: 20.813026433376713
MAE: 4.014457053151624
EVS: 0.565640766433275
