Model: GRU
MSE: 809.310728997305
MAE: 28.11035054305504
EVS: 0.03858093186870515
