Model: GRU
MSE: 9.744337545436156
MAE: 1.9925914961716225
EVS: 0.5138293566111684
