Model: GRU
MSE: 324.5763931484788
MAE: 17.45421804333555
EVS: -0.0020375088123008034
