Model: GRU
MSE: 16.929025141209763
MAE: 3.369025172858403
EVS: 0.47278486852250656
