Model: GRU
MSE: 11.993427543339012
MAE: 2.807827423358786
EVS: 0.5558260352350188
