Model: GRU
MSE: 11.97969845712623
MAE: 2.8564130273358574
EVS: 0.5593514110845977
