Model: GRU
MSE: 8.608972586142938
MAE: 1.8351717488519077
EVS: 0.5687374201708453
