Model: GRU
MSE: 12.817445690948121
MAE: 2.940030969422439
EVS: 0.5790048734159174
