Model: GRU
MSE: 9.956387920090837
MAE: 2.289481393222151
EVS: 0.5152510024252075
