Model: GRU
MSE: 9.6055424208115
MAE: 2.2731969274323562
EVS: 0.5665305193176873
