Model: GRU
MSE: 12.004954135921551
MAE: 2.902675776646055
EVS: 0.584453577645631
