Model: GRU
MSE: 10.089420914222105
MAE: 2.2560132536394844
EVS: 0.5339927415854716
