Model: GRU
MSE: 18.843530953415655
MAE: 3.8693714552912217
EVS: 0.5684790274217155
