Model: GRU
MSE: 306.6257733274409
MAE: 16.93329635056956
EVS: -0.00015591696268235644
