Model: GRU
MSE: 8.357948634150274
MAE: 1.8528871618468186
EVS: 0.582963813036045
