Model: GRU
MSE: 12.232036458127372
MAE: 2.87805857329533
EVS: 0.5520133106652321
