Model: GRU
MSE: 8520.486841203741
MAE: 92.18766995134025
EVS: -0.10229244798458104
