Model: GRU
MSE: 11.856549063364154
MAE: 2.803501005830436
EVS: 0.5807001931835252
