Model: GRU
MSE: 36.458328824984854
MAE: 5.502646084489493
EVS: -0.06317836723265113
