Model: GRU
MSE: 15.331924301534745
MAE: 3.3173457671856057
EVS: 0.5774111035521909
