Model: GRU
MSE: 9.538625341341575
MAE: 1.9070689267125622
EVS: 0.5337805625722674
