Model: GRU
MSE: 10.567651091167246
MAE: 2.65357492709982
EVS: 0.6073129202960998
