Model: GRU
MSE: 9.236707729680983
MAE: 2.3105950355529785
EVS: 0.5688138868516632
