Model: GRU
MSE: 10.093201986992387
MAE: 2.013319788307979
EVS: 0.5442341554069288
