Model: GRU
MSE: 363.608052750557
MAE: 18.493672161266723
EVS: -0.08578812479747566
