Model: GRU
MSE: 13.223024640507353
MAE: 3.0819869370296082
EVS: 0.5734718261172278
