Model: GRU
MSE: 1559.1291882486344
MAE: 39.14456568093136
EVS: -0.3492892967878092
