Model: GRU
MSE: 8.129592428064237
MAE: 1.92773044520411
EVS: 0.6007623667987565
