Model: GRU
MSE: 533.1793671070291
MAE: 22.60774012269645
EVS: -0.10979030575588533
