Model: GRU
MSE: 22.536660848693913
MAE: 4.2283099930861905
EVS: 0.6075058988627955
