Model: GRU
MSE: 12.106812877482799
MAE: 2.846587033107363
EVS: 0.5707244932700681
