Model: GRU
MSE: 1858.2204872917398
MAE: 42.89012968129125
EVS: 0.061795993077639055
