Model: GRU
MSE: 10.518544884078418
MAE: 2.5321279476428855
EVS: 0.5623451242654751
