Model: GRU
MSE: 2936.876567493533
MAE: 53.90849080579034
EVS: -0.5463621912132974
