Model: GRU
MSE: 9.496408800787636
MAE: 2.295170685340618
EVS: 0.5619161038636676
