Model: GRU
MSE: 10.768475330386599
MAE: 2.059157535947602
EVS: 0.4947257391096639
