Model: GRU
MSE: 12310.730100677938
MAE: 110.85889066498855
EVS: -0.057844978058251506
