Model: GRU
MSE: 12.644052979426442
MAE: 2.941991485398391
EVS: 0.5978508470096879
