Model: GRU
MSE: 2650.619344035266
MAE: 51.29309779200061
EVS: 0.012505414067631726
