Model: GRU
MSE: 8.415500071777608
MAE: 1.8745871247916386
EVS: 0.576998409379677
