Model: GRU
MSE: 366.7427242526511
MAE: 18.595143028374377
EVS: -0.054169997808316106
