Model: GRU
MSE: 751.3807429743721
MAE: 27.03591859751734
EVS: -0.027843558982005412
