Model: GRU
MSE: 296.1762948195348
MAE: 16.587039372016644
EVS: -0.05834575301628009
