Model: GRU
MSE: 13.14249642514736
MAE: 2.9945733300570785
EVS: 0.5613557466718475
