Model: GRU
MSE: 11.52198406136566
MAE: 2.7014499532765357
EVS: 0.5619699338536984
