Model: GRU
MSE: 13.37887545757002
MAE: 3.0590124952382056
EVS: 0.554007994465004
