Model: GRU
MSE: 9.25056444161908
MAE: 2.317839260759025
EVS: 0.6047217190792047
