Model: GRU
MSE: 30.455804195311053
MAE: 5.01378634880329
EVS: 0.06224022982305866
