Model: GRU
MSE: 651.8680999228352
MAE: 25.17638033833997
EVS: 0.09394350850217992
