Model: GRU
MSE: 9.333151242421861
MAE: 2.096255968356955
EVS: 0.572409926450126
