Model: GRU
MSE: 2612.326217796773
MAE: 50.88486737218396
EVS: -0.1594246888445967
