Model: GRU
MSE: 11.575229374895509
MAE: 2.6477537812857794
EVS: 0.5460713994726039
