Model: GRU
MSE: 23.385215315540776
MAE: 4.245194402234308
EVS: 0.0
