Model: GRU
MSE: 9.053339042161356
MAE: 2.1513534414357154
EVS: 0.5652966376948295
