Model: GRU
MSE: 1288.5202436612412
MAE: 35.595863868450294
EVS: -0.07887760467086102
