Model: GRU
MSE: 9.1139062869009
MAE: 2.1911668284186003
EVS: 0.5728666235627886
