Model: GRU
MSE: 12.26158706011091
MAE: 2.8161937203900567
EVS: 0.555277459178766
