Model: GRU
MSE: 16.20584425960567
MAE: 3.422386046113639
EVS: 0.5660877743748662
