Model: GRU
MSE: 853.8300336009095
MAE: 28.743381927753315
EVS: -0.39031599935276584
