Model: GRU
MSE: 926.3141794940105
MAE: 30.131730770242626
EVS: 0.07508579347187172
