Model: GRU
MSE: 13.542053513544014
MAE: 3.1146425789800185
EVS: 0.5914754957691037
