Model: GRU
MSE: 9.932020361827439
MAE: 2.4505056594980172
EVS: 0.5368879265567676
