Model: GRU
MSE: 690.202498383033
MAE: 25.867837511259935
EVS: -0.058901978570442104
