Model: GRU
MSE: 15.73410769161393
MAE: 3.475892634227358
EVS: 0.5643471616799756
