Model: GRU
MSE: 13.53133968911607
MAE: 2.957515099952961
EVS: 0.5421216767260804
