Model: GRU
MSE: 9.294362439597037
MAE: 2.0810098237004775
EVS: 0.5387964350800378
