Model: GRU
MSE: 670.9698534865618
MAE: 25.403765275560577
EVS: -0.2882617602804194
