Model: GRU
MSE: 16.074450285981904
MAE: 3.4994051209811508
EVS: 0.5643656130733156
