Model: GRU
MSE: 4397.883129452378
MAE: 66.02165406325767
EVS: -0.9623873510314469
