Model: GRU
MSE: 8.862084059667142
MAE: 2.0383030628335885
EVS: 0.5642907291331261
