Model: GRU
MSE: 12.073266265685756
MAE: 2.7521917408910292
EVS: 0.563033068364508
