Model: GRU
MSE: 9.667853490405108
MAE: 2.2112988028033027
EVS: 0.5567146684536373
