Model: GRU
MSE: 9.235313743491387
MAE: 1.8999239740700558
EVS: 0.5387920907926682
