Model: GRU
MSE: 9.497304967381865
MAE: 2.110549129288772
EVS: 0.5321943592048021
