Model: GRU
MSE: 423.40816187738
MAE: 20.04137187168516
EVS: -0.09380539594134407
