Model: GRU
MSE: 11.572497307214862
MAE: 2.9087683743443984
EVS: 0.5882226603496228
