Model: GRU
MSE: 475.9883412307981
MAE: 21.333813667297363
EVS: -0.048807251332689594
