Model: GRU
MSE: 9.554323492927974
MAE: 2.297003696704733
EVS: 0.5420767068199601
