Model: GRU
MSE: 9.234481565462715
MAE: 2.0900022983551025
EVS: 0.542503275030587
