Model: GRU
MSE: 8.820266205707545
MAE: 1.784671767004605
EVS: 0.5567814542240233
