Model: GRU
MSE: 10.322403220017843
MAE: 2.4368628633433373
EVS: 0.5768819293389207
