Model: GRU
MSE: 14.720907271020389
MAE: 3.217308126646897
EVS: 0.5516127172004118
