Model: GRU
MSE: 14.776903695241806
MAE: 3.2648716137326996
EVS: 0.6034299986908946
