Model: GRU
MSE: 18.655123903663842
MAE: 3.7782943166535476
EVS: 0.579709674861157
