Model: GRU
MSE: 19.382361874217473
MAE: 3.8108528071436387
EVS: 0.5411810300805966
