Model: GRU
MSE: 2557.1484775897065
MAE: 50.30335824148995
EVS: 0.01261595903324031
