Model: GRU
MSE: 11.351676619961147
MAE: 2.71071928945081
EVS: 0.5642462974796724
