Model: GRU
MSE: 46.66452110064695
MAE: 6.219583215384648
EVS: 0.00811286286623003
