Model: GRU
MSE: 17.015415694332546
MAE: 3.5805353214000832
EVS: 0.5703870968962041
