Model: GRU
MSE: 13.82138839625287
MAE: 3.0599309000475654
EVS: 0.5498097164926768
