Model: GRU
MSE: 8.632034574660553
MAE: 2.0471500446056496
EVS: 0.576234977242834
