Model: GRU
MSE: 16.31159247294668
MAE: 3.324818496046395
EVS: 0.5463892192248405
