Model: GRU
MSE: 23.415709051132094
MAE: 4.276002209762047
EVS: 0.5803018073715354
