Model: GRU
MSE: 8.708256012310247
MAE: 2.038882584407412
EVS: 0.5660521968554691
