Model: GRU
MSE: 9.363285268094277
MAE: 2.311813288721545
EVS: 0.5928521272941264
