Model: GRU
MSE: 9.922529200351619
MAE: 1.9618892505251129
EVS: 0.5093337093406454
