Model: GRU
MSE: 12.683912391884201
MAE: 3.0305645383637527
EVS: 0.559310850730083
