Model: GRU
MSE: 310.7397271405949
MAE: 17.07841996694433
EVS: 0.04117684798290899
