Model: GRU
MSE: 1573.6867202110222
MAE: 39.41025993741792
EVS: -0.03178013410840852
