Model: GRU
MSE: 14.581137921610422
MAE: 3.21596202357062
EVS: 0.5651965126679681
