Model: GRU
MSE: 9.642763749124121
MAE: 1.8818036687785182
EVS: 0.5264770323878514
