Model: GRU
MSE: 769.3137793459065
MAE: 27.298302781992945
EVS: -0.21272582520259697
