Model: GRU
MSE: 13.875949693934016
MAE: 3.0837030164126693
EVS: 0.5762543995991898
