Model: GRU
MSE: 12.94229907971366
MAE: 2.969590121302111
EVS: 0.557920732754803
