Model: GRU
MSE: 14.258564400527682
MAE: 3.157057622383381
EVS: 0.5629975049681326
