Model: GRU
MSE: 14.650565708498005
MAE: 3.276586943659289
EVS: 0.5824826282640164
