Model: GRU
MSE: 11.448205276330759
MAE: 2.4181686231068205
EVS: 0.5930021133670396
