Model: GRU
MSE: 11.617220512399422
MAE: 2.7645489100752205
EVS: 0.5450383294305488
