Model: GRU
MSE: 323.7576398474468
MAE: 17.46825715796701
EVS: 0.06378891318900837
