Model: GRU
MSE: 9.540337644379857
MAE: 1.9072531749462258
EVS: 0.5327369888404472
