Model: GRU
MSE: 21.000733530301922
MAE: 4.0471878133971115
EVS: 0.5837300287860256
