Model: GRU
MSE: 14.31912894813107
MAE: 3.1169881162972284
EVS: 0.5775652802546078
