Model: GRU
MSE: 28.62180974026971
MAE: 4.78099119252172
EVS: 0.5378098960294595
