Model: GRU
MSE: 24.457456961988857
MAE: 4.392530761916062
EVS: 0.5741221548919676
