Model: GRU
MSE: 9.989909891948942
MAE: 2.177620657559099
EVS: 0.5348055374518186
