Model: GRU
MSE: 21.29207618665125
MAE: 4.07508267205337
EVS: 0.5478880648767298
