Model: GRU
MSE: 9.071719729048642
MAE: 1.9267985656343658
EVS: 0.549739421028244
