Model: GRU
MSE: 19.295961285953943
MAE: 3.8281996825645708
EVS: 0.5313570486493309
