Model: GRU
MSE: 309.4760694995603
MAE: 17.020075594556744
EVS: 0.0046791963425624195
