Model: GRU
MSE: 12.989931795650751
MAE: 3.026890450510485
EVS: 0.5673650609382039
