Model: GRU
MSE: 14.345316863462335
MAE: 3.1185893519171355
EVS: 0.5523530452076417
