Model: GRU
MSE: 11.39650308021042
MAE: 2.5750523517871726
EVS: 0.5542010509807282
