Model: GRU
MSE: 9.09553904527737
MAE: 2.169315946513209
EVS: 0.5805285449567148
