Model: GRU
MSE: 12.131861532705742
MAE: 2.694131686769683
EVS: 0.5562236005154637
