Model: GRU
MSE: 18.793390993329155
MAE: 3.7982733989584037
EVS: 0.5748938888465991
