Model: GRU
MSE: 8.709816811370118
MAE: 2.0793823867008605
EVS: 0.5807669340931214
