Model: GRU
MSE: 1733.255921429945
MAE: 41.356940499667466
EVS: -0.1495134490898824
