Model: GRU
MSE: 8.388194605699596
MAE: 1.8522428397474617
EVS: 0.5785398714270993
