Model: GRU
MSE: 321.02287425184073
MAE: 17.33694504047262
EVS: -0.02851550173624573
