Model: GRU
MSE: 9.0864678774828
MAE: 2.235587679106614
EVS: 0.583246779672269
