Model: GRU
MSE: 9.5702211797531
MAE: 2.2946817463841933
EVS: 0.5602680838035778
