Model: GRU
MSE: 9.24585185970913
MAE: 2.1850645788784684
EVS: 0.5751674707536405
