Model: GRU
MSE: 8.954908187840084
MAE: 1.9335210569973649
EVS: 0.5511623915639675
