Model: GRU
MSE: 10.434147858222111
MAE: 2.468036569398025
EVS: 0.5562075195538689
