Model: GRU
MSE: 12.274895998011438
MAE: 2.8441804195272513
EVS: 0.5618744913627607
