Model: GRU
MSE: 10.838971317313778
MAE: 2.6448145488212846
EVS: 0.5823651507675872
