Model: GRU
MSE: 9.880134800801436
MAE: 2.182733650865226
EVS: 0.5325005456381025
