Model: GRU
MSE: 6604.133671087808
MAE: 81.13458449265053
EVS: -0.0717445575264597
