Model: GRU
MSE: 11.946999705686274
MAE: 2.5332492302204
EVS: 0.5612021737777353
