Model: GRU
MSE: 737.8590417765598
MAE: 26.81031394826955
EVS: 0.04123672893734842
