Model: GRU
MSE: 9.437478744446558
MAE: 2.1360126363820044
EVS: 0.5418625868737326
