Model: GRU
MSE: 9.650170362574574
MAE: 2.2658737692339668
EVS: 0.5699818450443397
