Model: GRU
MSE: 8.3705071055081
MAE: 1.8162349996895626
EVS: 0.5791433732812351
