Model: GRU
MSE: 11.450288813466221
MAE: 2.6140341758728027
EVS: 0.5511972286837891
