Model: GRU
MSE: 8.536318279930905
MAE: 1.8709213651459793
EVS: 0.590677187900705
