Model: GRU
MSE: 14.596387332355217
MAE: 3.145081980475064
EVS: 0.5526872804551025
