Model: GRU
MSE: 10.120327869191563
MAE: 2.3701645834692595
EVS: 0.5547705697023516
