Model: GRU
MSE: 9.341547226909723
MAE: 2.0328763764480065
EVS: 0.535090706617334
