Model: GRU
MSE: 9.127072809809901
MAE: 2.1131655758824843
EVS: 0.5557676522241235
