Model: GRU
MSE: 8.848192197531096
MAE: 1.8889402849920864
EVS: 0.5604844103979212
