Model: GRU
MSE: 11.477048607850348
MAE: 2.8577499882928254
EVS: 0.5737120205124393
