Model: GRU
MSE: 9.686082208807749
MAE: 2.0041923358522613
EVS: 0.5145590843113823
