Model: GRU
MSE: 337.7572033695179
MAE: 17.82896285632561
EVS: 4.327666997061552e-05
