Model: GRU
MSE: 22.86779945888978
MAE: 4.223073104332233
EVS: 0.0766389859050518
