Model: GRU
MSE: 464.82374961131313
MAE: 21.006195487647222
EVS: -0.18492034784451716
