Model: GRU
MSE: 14.908447476340289
MAE: 3.25840817648789
EVS: 0.5620818339040901
