Model: GRU
MSE: 891.6196321719751
MAE: 29.489844716828443
EVS: -0.10472331615340846
