Model: GRU
MSE: 794.0432388063113
MAE: 27.74191037539778
EVS: -0.22847563104381985
