Model: GRU
MSE: 9.138300863291956
MAE: 2.2785830662168305
EVS: 0.572035700231985
