Model: GRU
MSE: 941.3348694001157
MAE: 30.32941491028358
EVS: -0.0792166084928343
