Model: GRU
MSE: 15.832853335062532
MAE: 3.5051149499827416
EVS: 0.5454718523082711
