Model: GRU
MSE: 569.8278343632179
MAE: 23.4077858184946
EVS: -0.10143995969610287
