Model: GRU
MSE: 35.63610134130044
MAE: 5.44878625869751
EVS: 0.05606675689868512
