Model: GRU
MSE: 9.942374647723156
MAE: 2.376935909534323
EVS: 0.567977929297817
