Model: GRU
MSE: 9.389848051472482
MAE: 2.0257891786509545
EVS: 0.5280734111266568
