Model: GRU
MSE: 14.224120558582
MAE: 3.1085586054571746
EVS: 0.527901811609379
