Model: GRU
MSE: 370.0690261752758
MAE: 18.712112821381666
EVS: -0.0019969927183138836
