Model: GRU
MSE: 19.318797266107758
MAE: 3.7009032019253434
EVS: 0.55273033051476
