Model: GRU
MSE: 10.141765600005646
MAE: 2.4579133576360244
EVS: 0.5571949180815952
