Model: GRU
MSE: 8.900597748295962
MAE: 1.9633340013438259
EVS: 0.5532330314755924
