Model: GRU
MSE: 9.353912113995092
MAE: 1.948972274517191
EVS: 0.5300600281932136
