Model: GRU
MSE: 9.552546098094188
MAE: 1.8595477959205364
EVS: 0.5356801864085516
