Model: GRU
MSE: 9.468571446313042
MAE: 1.9258807774247795
EVS: 0.5238765257272647
