Model: GRU
MSE: 15.68320390455726
MAE: 3.4349717271739038
EVS: 0.5877720906083146
