Model: GRU
MSE: 9.488363581718616
MAE: 2.289893290092205
EVS: 0.550037304885785
