Model: GRU
MSE: 8.820830317293716
MAE: 1.8448276273135482
EVS: 0.556822701471815
