Model: GRU
MSE: 10.114964889686572
MAE: 2.492739381461308
EVS: 0.5672962239441763
