Model: GRU
MSE: 12.672234852265374
MAE: 2.9285506380015405
EVS: 0.5873963603529724
