Model: GRU
MSE: 9.325602255225633
MAE: 1.8503992639738938
EVS: 0.5316444059219112
