Model: GRU
MSE: 509.55433423261536
MAE: 22.097025304005065
EVS: -0.06988078043787005
