Model: GRU
MSE: 9.437441222252668
MAE: 2.412241738418053
EVS: 0.5760597195500786
