Model: GRU
MSE: 9.678109012196352
MAE: 2.203271405450229
EVS: 0.5736444333497617
