Model: GRU
MSE: 17.73444128223633
MAE: 3.686232122881659
EVS: 0.557328269206113
