Model: GRU
MSE: 11.2350650809645
MAE: 2.75614883981902
EVS: 0.586392443697408
