Model: GRU
MSE: 1431.1545270983586
MAE: 37.57419247462832
EVS: 0.027735913511794053
