Model: GRU
MSE: 13.102756421282077
MAE: 2.9754061698913574
EVS: 0.533380424194974
