Model: GRU
MSE: 47.838309875954394
MAE: 6.312873051084321
EVS: 0.0
