Model: GRU
MSE: 12.167920110494284
MAE: 2.975698372413372
EVS: 0.5776603126041002
