Model: GRU
MSE: 463.61459272103133
MAE: 21.02250515181443
EVS: -0.08964644481847484
