Model: GRU
MSE: 292.1914968246756
MAE: 16.255951944419316
EVS: -0.03227703317008723
