Model: GRU
MSE: 10.30938207957782
MAE: 2.348986864089966
EVS: 0.557437995091099
