Model: GRU
MSE: 410.1863127013132
MAE: 19.76863262160071
EVS: 0.025076273392743542
