Model: GRU
MSE: 10.43243237258057
MAE: 2.598946267160876
EVS: 0.5838397747560091
