Model: GRU
MSE: 9.266307911426455
MAE: 1.9544063601000556
EVS: 0.5539383626268621
