Model: GRU
MSE: 47.669515369590954
MAE: 6.30239855009934
EVS: 0.0
