Model: GRU
MSE: 13.932112778604811
MAE: 3.0720000102602203
EVS: 0.5338927288201843
