Model: GRU
MSE: 12.475798817336727
MAE: 2.7556634766714914
EVS: 0.60389821188305
