Model: GRU
MSE: 10.558595268433645
MAE: 2.6346377011003166
EVS: 0.5625022337919461
