Model: GRU
MSE: 9.195498925394814
MAE: 2.0414192594330887
EVS: 0.5450559205562182
