Model: GRU
MSE: 12.955778823388638
MAE: 2.9045148553519415
EVS: 0.5373062336016963
