Model: GRU
MSE: 336.6065916593379
MAE: 17.771403840903577
EVS: -0.04513944905041112
