Model: GRU
MSE: 11.735177880250584
MAE: 2.7590964991470863
EVS: 0.5713973282529952
