Model: GRU
MSE: 13.16801555892555
MAE: 3.024720890768643
EVS: 0.6026615848356738
