Model: GRU
MSE: 8.81105586073086
MAE: 2.162053922127033
EVS: 0.5896720695402058
