Model: GRU
MSE: 8.931460462311339
MAE: 1.8596462627937054
EVS: 0.551218991799352
