Model: GRU
MSE: 11.366901042088404
MAE: 2.716734368225624
EVS: 0.5588846766708465
