Model: GRU
MSE: 13.929482852341273
MAE: 3.0867136675736
EVS: 0.5897025266787741
