Model: GRU
MSE: 8.642098382340981
MAE: 1.9602134803245808
EVS: 0.567770711448677
