Model: GRU
MSE: 1728.7595544558508
MAE: 41.33520257884059
EVS: -0.013800298892564955
