Model: GRU
MSE: 15.853908756374423
MAE: 3.4059409108655205
EVS: 0.5632296970698997
