Model: GRU
MSE: 9.384062231880703
MAE: 2.1889821989782927
EVS: 0.5452673657700522
