Model: GRU
MSE: 9.14853079626491
MAE: 2.140019153726512
EVS: 0.5697082968329574
