Model: GRU
MSE: 13.993502941972572
MAE: 3.099634598041403
EVS: 0.5048543441081522
