Model: GRU
MSE: 8.867109596270133
MAE: 1.9292069139151737
EVS: 0.5588630510427415
