Model: GRU
MSE: 17.984457251324862
MAE: 3.684881407639076
EVS: 0.5269427352674156
