Model: GRU
MSE: 10.439732494258045
MAE: 2.381122917964541
EVS: 0.5441195553941671
