Model: GRU
MSE: 355.74504953777756
MAE: 18.319514418470447
EVS: -0.012787472607927564
