Model: GRU
MSE: 19.96507554880581
MAE: 3.888547025877854
EVS: 0.5703491737847894
