Model: GRU
MSE: 12.171224474817382
MAE: 2.894025309332486
EVS: 0.5511685732457582
