Model: GRU
MSE: 341.5351541518135
MAE: 17.917019358996686
EVS: -0.03165137940466245
