Model: GRU
MSE: 17.162546247162847
MAE: 3.4801028925797035
EVS: 0.5423373952894206
