Model: GRU
MSE: 8.959286617711642
MAE: 1.8941892755442653
EVS: 0.5560122629643698
