Model: GRU
MSE: 8.978522474039762
MAE: 1.8350352172193856
EVS: 0.5521113689335064
