Model: GRU
MSE: 13.637605302361028
MAE: 3.069206147358335
EVS: 0.5579299325583844
