Model: GRU
MSE: 328.88592580842015
MAE: 17.568373799324036
EVS: -0.0177017903103196
