Model: GRU
MSE: 9.898186458527766
MAE: 1.9687151251168087
EVS: 0.5112790822036986
