Model: GRU
MSE: 360.9794372494009
MAE: 18.465167871836957
EVS: -0.0065807251572038705
