Model: GRU
MSE: 10.807716626077088
MAE: 2.5398025512695312
EVS: 0.57179233214858
