Model: GRU
MSE: 10.052869996286086
MAE: 2.543663271542253
EVS: 0.5885650633828334
