Model: GRU
MSE: 2153.4091220414234
MAE: 46.19320820117819
EVS: 0.014558341192732471
