Model: GRU
MSE: 9.060228574011324
MAE: 1.9962570091773724
EVS: 0.544410719286456
