Model: GRU
MSE: 324.6452166031132
MAE: 17.424065076071642
EVS: -0.05838362547153464
