Model: GRU
MSE: 9.674694608355981
MAE: 1.9942593327884017
EVS: 0.5753944634018995
