Model: GRU
MSE: 16.91644285758208
MAE: 3.5130285365240916
EVS: 0.5901313412160119
