Model: GRU
MSE: 4410.090718290859
MAE: 66.2507579408843
EVS: -0.052380337048911096
