Model: GRU
MSE: 3602.873744684971
MAE: 59.85448725470181
EVS: -0.021520142069020087
