Model: GRU
MSE: 11.477021142367668
MAE: 2.6595870708597116
EVS: 0.5622361635090138
