Model: GRU
MSE: 8.649272708381197
MAE: 2.190944326334986
EVS: 0.5772751883955115
