Model: GRU
MSE: 8.523499692532011
MAE: 1.9861825499041328
EVS: 0.5734878899425662
