Model: GRU
MSE: 2231.255900009673
MAE: 47.01103753057019
EVS: -0.0669864723299145
