Model: GRU
MSE: 12.778194781594753
MAE: 2.9731162498737205
EVS: 0.5521797842149988
