Model: GRU
MSE: 9.505062506217346
MAE: 2.0067358428034288
EVS: 0.5228995398760365
