Model: GRU
MSE: 8.681190355307201
MAE: 1.8671398573908313
EVS: 0.5636011032854912
