Model: GRU
MSE: 8.86221770460201
MAE: 2.1637390070948106
EVS: 0.5719530919541121
