Model: GRU
MSE: 9.731072904684707
MAE: 2.358350556472252
EVS: 0.5609057550623391
