Model: GRU
MSE: 24.774600904272315
MAE: 4.434553820511391
EVS: 0.5651828754501764
