Model: GRU
MSE: 10.161547973391489
MAE: 2.5660724228826064
EVS: 0.5992584222212523
