Model: GRU
MSE: 1291.655034387308
MAE: 35.65938058392755
EVS: -0.00892396654020522
