Model: GRU
MSE: 1413.2055547821244
MAE: 37.3657573173786
EVS: 0.14484517782082318
