Model: GRU
MSE: 11.367277638057859
MAE: 2.715435003412181
EVS: 0.5351722924647344
