Model: GRU
MSE: 40.16395482392002
MAE: 5.708208215647731
EVS: 0.053139367283845274
