Model: GRU
MSE: 10.812732282868634
MAE: 2.5863186326520196
EVS: 0.5324178064929106
