Model: GRU
MSE: 13.344667366567572
MAE: 3.102798946972551
EVS: 0.5608576238047909
