Model: GRU
MSE: 10.31244174793084
MAE: 2.06180504272724
EVS: 0.5272545515060227
