Model: GRU
MSE: 9.84274960565672
MAE: 2.3403806275334853
EVS: 0.5747189928482753
