Model: GRU
MSE: 9.203412132465314
MAE: 2.31235644735139
EVS: 0.5795101576381079
