Model: GRU
MSE: 17.30804163759194
MAE: 3.6262115774483514
EVS: 0.5780176505681789
