Model: GRU
MSE: 12.93954113342049
MAE: 2.933751599542026
EVS: 0.5799005681822356
