Model: GRU
MSE: 8.676106016175755
MAE: 1.801609466815817
EVS: 0.5637327150770808
