Model: GRU
MSE: 15.49185545807488
MAE: 3.347745648745833
EVS: 0.5972275635476999
