Model: GRU
MSE: 9.835691719326535
MAE: 2.4682556925148798
EVS: 0.5908193089258509
