Model: GRU
MSE: 17.187210414386605
MAE: 3.5963158114203093
EVS: 0.5328396386894318
