Model: GRU
MSE: 9.868530555439653
MAE: 2.4108711275561103
EVS: 0.5627700721843532
