Model: GRU
MSE: 11.218583415351558
MAE: 2.728067899572438
EVS: 0.5916405752825855
