Model: GRU
MSE: 10.38244689687563
MAE: 2.3987299327192635
EVS: 0.5252681831284842
