Model: GRU
MSE: 14.218626729891165
MAE: 2.883630300390309
EVS: 0.49956965740109194
