Model: GRU
MSE: 9.050345842197995
MAE: 2.1557582000206255
EVS: 0.5644746501758773
