Model: GRU
MSE: 355.07556797987894
MAE: 18.320933263877343
EVS: 0.02349249015752597
