Model: GRU
MSE: 11.240882269577625
MAE: 2.694427967071533
EVS: 0.6093497409383375
