Model: GRU
MSE: 11.119419981711063
MAE: 2.6783706237529885
EVS: 0.5557604895066619
