Model: GRU
MSE: 22.928171271603347
MAE: 4.251409431983685
EVS: 0.5844559629894066
