Model: GRU
MSE: 9.228407094987409
MAE: 2.1196112386111556
EVS: 0.5673055497791848
