Model: GRU
MSE: 17.6265794401435
MAE: 3.7724948258235536
EVS: 0.5315778263955888
