Model: GRU
MSE: 10.6618149961266
MAE: 2.523696389691583
EVS: 0.5597357055360446
