Model: GRU
MSE: 19.37941322660961
MAE: 3.8391135972121666
EVS: 0.5776512102932362
