Model: GRU
MSE: 10.6947493978691
MAE: 2.343464654067467
EVS: 0.5331174472111537
