Model: GRU
MSE: 11.840649700744091
MAE: 2.8329153389766297
EVS: 0.5586562738609602
