Model: GRU
MSE: 12.937676771164599
MAE: 3.0101103947080414
EVS: 0.5642031522884496
