Model: GRU
MSE: 9.005513795090364
MAE: 2.2994087893387367
EVS: 0.5739081573227416
