Model: GRU
MSE: 10.490401038779344
MAE: 2.620695179906385
EVS: 0.5503921701659594
