Model: GRU
MSE: 10.538809678250644
MAE: 2.494489834226411
EVS: 0.5575260041714445
