Model: GRU
MSE: 12.515209058345363
MAE: 2.9649247794315734
EVS: 0.5794919768217537
