Model: GRU
MSE: 47.57579425223343
MAE: 6.296568969200397
EVS: 0.0
