Model: GRU
MSE: 9.04051707671784
MAE: 2.0103003074382912
EVS: 0.5589792650421272
