Model: GRU
MSE: 19.60791733433953
MAE: 3.844323446010721
EVS: 0.530281800699422
