Model: GRU
MSE: 9.53583415709012
MAE: 2.35852391144325
EVS: 0.5891315244737145
