Model: GRU
MSE: 9.354187379035407
MAE: 1.9828984079689815
EVS: 0.5466387381931578
