Model: GRU
MSE: 9.989552354945458
MAE: 2.454260760340197
EVS: 0.5843744722744635
