Model: GRU
MSE: 9.89495194427748
MAE: 2.273622019537564
EVS: 0.5350039276145651
