Model: GRU
MSE: 10.550015613749562
MAE: 1.9890177085481842
EVS: 0.4907272022243474
