Model: GRU
MSE: 12.828390889716298
MAE: 3.000564164128797
EVS: 0.5470715890310548
