Model: GRU
MSE: 10.7401187664922
MAE: 2.5172189844065698
EVS: 0.5723016613034055
