Model: GRU
MSE: 8.459508668031457
MAE: 1.777910594282479
EVS: 0.574829501964374
