Model: GRU
MSE: 17.027204826491687
MAE: 3.565648366665018
EVS: 0.5782804145192126
