Model: GRU
MSE: 10.685317163917041
MAE: 2.5694583859936944
EVS: 0.5737018478183868
