Model: GRU
MSE: 8.256340503294863
MAE: 1.9849093535850788
EVS: 0.5903210492905776
