Model: GRU
MSE: 9.018395183640889
MAE: 2.0140059405359727
EVS: 0.5546039383800834
