Model: GRU
MSE: 1568.0722543825475
MAE: 39.3030388601895
EVS: -0.17385183848611785
