Model: GRU
MSE: 8.948635523073618
MAE: 1.8382748406508873
EVS: 0.5635528231083362
