Model: GRU
MSE: 11.168390085074082
MAE: 2.543496140118303
EVS: 0.5458124980365717
