Model: GRU
MSE: 10.420097760291254
MAE: 2.0518140135140253
EVS: 0.47640430463697603
