Model: GRU
MSE: 10.960667171263077
MAE: 2.56193417516248
EVS: 0.5726717037387279
