Model: GRU
MSE: 9.698795555383445
MAE: 2.4262991938097724
EVS: 0.5802393770264573
