Model: GRU
MSE: 12.650787101550714
MAE: 2.87551002666868
EVS: 0.5582019543416304
