Model: GRU
MSE: 11.663372343709456
MAE: 2.7913740174523713
EVS: 0.5851584675002404
