Model: GRU
MSE: 10.681173674023771
MAE: 2.6127800119334252
EVS: 0.5587397829358276
