Model: GRU
MSE: 13.582433588366257
MAE: 3.100639244605755
EVS: 0.5413094107730074
