Model: GRU
MSE: 11.09274505532022
MAE: 2.4894627209367424
EVS: 0.5356510024869388
