Model: GRU
MSE: 10.266769849619115
MAE: 2.480815994328466
EVS: 0.5661375716851876
