Model: GRU
MSE: 692.9283285356989
MAE: 25.9120439332107
EVS: -0.0808683683003617
