Model: GRU
MSE: 9.188461239966504
MAE: 1.8762538433074951
EVS: 0.5429878803926026
