Model: GRU
MSE: 1609.2064275490081
MAE: 39.85053062438965
EVS: -0.06313385051766418
