Model: GRU
MSE: 12.520719158422711
MAE: 2.9048774242401123
EVS: 0.5693115996678836
