Model: GRU
MSE: 11.235193019184454
MAE: 2.8369452213418893
EVS: 0.5311176093490887
