Model: GRU
MSE: 12.203632977926912
MAE: 2.9340763585320833
EVS: 0.5725967372950593
