Model: GRU
MSE: 8.976155252974461
MAE: 1.9874648225718532
EVS: 0.5554642582494942
