Model: GRU
MSE: 10.777445089310813
MAE: 2.6230713663430048
EVS: 0.5314787725392167
