Model: GRU
MSE: 10.011078193712901
MAE: 2.0392600010181297
EVS: 0.5040441234852067
