Model: GRU
MSE: 1270.632062335717
MAE: 35.24857965008966
EVS: -0.41654863351532145
