Model: GRU
MSE: 20.18528404076921
MAE: 3.885789706789214
EVS: 0.5729140959126131
