Model: GRU
MSE: 12.350084865317857
MAE: 2.935014642518142
EVS: 0.5840642344617462
