Model: GRU
MSE: 52.81728998539537
MAE: 6.611487010429645
EVS: -0.03958875788288729
