Model: GRU
MSE: 372.37809397302794
MAE: 18.710181071840484
EVS: -0.12174659749087713
