Model: GRU
MSE: 57.3358166252552
MAE: 6.910635685098582
EVS: 0.0
