Model: GRU
MSE: 303.56183572175524
MAE: 16.58545352731432
EVS: -0.052565370379139775
