Model: GRU
MSE: 9.195937689745051
MAE: 2.2027429876656366
EVS: 0.5716028922959663
