Model: GRU
MSE: 15.47554083852256
MAE: 3.282408467654524
EVS: 0.5504518713728919
