Model: GRU
MSE: 12.320273183017536
MAE: 2.807473873269969
EVS: 0.5753549716024124
