Model: GRU
MSE: 326.6103714751219
MAE: 17.49672399718186
EVS: -0.029612241371300918
