Model: GRU
MSE: 9.481942471786855
MAE: 1.903677488195485
EVS: 0.534254744799874
