Model: GRU
MSE: 446.2015509140932
MAE: 20.655440725129225
EVS: 0.016686393364819363
