Model: GRU
MSE: 9.867157340090216
MAE: 2.473531410611909
EVS: 0.5708159426868924
