Model: GRU
MSE: 451.9624488537775
MAE: 20.73860686400841
EVS: -0.09989299113883732
