Model: GRU
MSE: 9.071356713206413
MAE: 1.9628268110341038
EVS: 0.5465104005478925
