Model: GRU
MSE: 15.493257228618079
MAE: 3.2936763845641037
EVS: 0.5446985531506774
