Model: GRU
MSE: 17.586778305106524
MAE: 3.6952001555212615
EVS: 0.5714182028455874
