Model: GRU
MSE: 9.19135281250482
MAE: 2.2380605237237337
EVS: 0.5530874906557357
