Model: GRU
MSE: 14.460078975677016
MAE: 3.120841774447211
EVS: 0.5338304343652951
