Model: GRU
MSE: 9.364181020678409
MAE: 2.077024426953546
EVS: 0.5438901194225338
