Model: GRU
MSE: 1586.174598653429
MAE: 39.66917952175798
EVS: 0.36987318636976396
