Model: GRU
MSE: 10.845890982324885
MAE: 2.572460149896556
EVS: 0.5748208333816073
