Model: GRU
MSE: 11.516658141202031
MAE: 2.638864615867878
EVS: 0.5422310871700533
