Model: GRU
MSE: 20.63549783491425
MAE: 4.023197404269514
EVS: 0.573450799957764
