Model: GRU
MSE: 13.12626544447497
MAE: 3.025331234109813
EVS: 0.5672442518231011
