Model: GRU
MSE: 8.767578484101474
MAE: 2.0245158014626337
EVS: 0.5629847928108265
