Model: GRU
MSE: 10.124747878477011
MAE: 2.573696202245252
EVS: 0.5773465511162315
