Model: GRU
MSE: 9.773070923193252
MAE: 2.3365071395347856
EVS: 0.5720864527432992
