Model: GRU
MSE: 16.69719539769226
MAE: 3.506323058029701
EVS: 0.5774234716970172
