Model: GRU
MSE: 10.40819172173301
MAE: 2.4431304356147505
EVS: 0.5583357186016571
