Model: GRU
MSE: 11.580248880170474
MAE: 2.808388282512796
EVS: 0.5726765895996193
