Model: GRU
MSE: 9.776100262190903
MAE: 2.4334852366611877
EVS: 0.5764677225231299
