Model: GRU
MSE: 370.8878111319338
MAE: 18.681753882046404
EVS: -0.10025750763042152
