Model: GRU
MSE: 322.3534387586602
MAE: 17.351956301722034
EVS: -0.06923934473382909
