Model: GRU
MSE: 15.977464236581152
MAE: 3.44966956664776
EVS: 0.5533093407026796
