Model: GRU
MSE: 9.761808773003752
MAE: 2.302258006457625
EVS: 0.5496540277982511
