Model: GRU
MSE: 10.282354479098496
MAE: 1.9837838370224525
EVS: 0.4921557247653656
