Model: GRU
MSE: 354.51192982131073
MAE: 18.261789872728546
EVS: -0.05696493125768032
