Model: GRU
MSE: 12.08293175189722
MAE: 2.389567934233567
EVS: 0.4824116906664576
