Model: GRU
MSE: 9.29845729137516
MAE: 1.9736786217525089
EVS: 0.5401888060893665
