Model: GRU
MSE: 10.715016905442067
MAE: 2.600579097353179
EVS: 0.5578738001361947
