Model: GRU
MSE: 925.5603645870794
MAE: 30.05876685833109
EVS: -0.10785156381586192
