Model: GRU
MSE: 8.748482676608091
MAE: 1.9750088494399498
EVS: 0.5691970863348896
