Model: GRU
MSE: 13.684939743125902
MAE: 3.1418681802420783
EVS: 0.5746477919999755
