Model: GRU
MSE: 9.133702337026314
MAE: 2.3062181308351715
EVS: 0.5743936407154903
