Model: GRU
MSE: 12.331312474424443
MAE: 2.862453871759875
EVS: 0.570544552781977
