Model: GRU
MSE: 14.517724080315812
MAE: 3.1796278953552246
EVS: 0.5822827940674566
