Model: GRU
MSE: 11.327358965060567
MAE: 2.7338195175960145
EVS: 0.5438061005420872
