Model: GRU
MSE: 330.66508952390683
MAE: 17.64066791534424
EVS: 0.020829696664215303
