Model: GRU
MSE: 10.175482420480577
MAE: 2.540814153079329
EVS: 0.5875650850786185
