Model: GRU
MSE: 3170.24003315282
MAE: 56.123236820615574
EVS: -0.0269622101477478
