Model: GRU
MSE: 8.902115465303519
MAE: 1.9442906379699707
EVS: 0.5551032190516645
