Model: GRU
MSE: 14.062446989047352
MAE: 3.1439104573480012
EVS: 0.5791513894050564
