Model: GRU
MSE: 9.39511926786107
MAE: 2.3374406058212807
EVS: 0.5746386631546094
