Model: GRU
MSE: 8.520667191754738
MAE: 1.9629310246171623
EVS: 0.5741458447006558
