Model: GRU
MSE: 14.41644709441299
MAE: 3.1091718344852843
EVS: 0.5820085276838736
