Model: GRU
MSE: 320.4623065989725
MAE: 17.29410560377713
EVS: -0.07493007507308524
