Model: GRU
MSE: 10.37480174803582
MAE: 2.5848154199534448
EVS: 0.5889927938028491
