Model: GRU
MSE: 10.352675086725428
MAE: 2.4396788827304183
EVS: 0.5496957838117515
