Model: GRU
MSE: 9.559027864793679
MAE: 2.1493159491440346
EVS: 0.5328031993653604
