Model: GRU
MSE: 14.46360078703242
MAE: 3.2379248553308946
EVS: 0.5826238512251474
