Model: GRU
MSE: 11.669741768514498
MAE: 2.5384513480322703
EVS: 0.5984231399589006
