Model: GRU
MSE: 39.255166185481606
MAE: 5.74064905890103
EVS: -0.02932486812074564
