Model: GRU
MSE: 17.394247727400078
MAE: 3.636394007452603
EVS: 0.5676421521366302
