Model: GRU
MSE: 8.45176008277585
MAE: 1.901743116049931
EVS: 0.5802979890706963
