Model: GRU
MSE: 10.132115935942284
MAE: 2.2844987573294806
EVS: 0.5118193299921135
