Model: GRU
MSE: 8.518232543840002
MAE: 2.099801408833471
EVS: 0.5909454498144251
