Model: GRU
MSE: 9.480372397995371
MAE: 1.9566550090395172
EVS: 0.5248489839912687
