Model: GRU
MSE: 10.277520784148912
MAE: 2.5577878952026367
EVS: 0.5884338281233663
