Model: GRU
MSE: 14.410533424131726
MAE: 3.0976608786089668
EVS: 0.5346248128129667
