Model: GRU
MSE: 11.562431284004385
MAE: 2.603768103463309
EVS: 0.6047745065894428
