Model: GRU
MSE: 9.776168633743447
MAE: 2.3700717728713463
EVS: 0.5688132218760593
