Model: GRU
MSE: 291.128719184427
MAE: 16.500927277680102
EVS: 0.0521986113865458
