Model: GRU
MSE: 405.5166540394287
MAE: 19.50528778700993
EVS: -0.26019393432168036
