Model: GRU
MSE: 13.709547932386425
MAE: 2.9358994385291792
EVS: 0.5383819313790743
