Model: GRU
MSE: 20.11210582081191
MAE: 3.9686909955123375
EVS: 0.5599435559668327
