Model: GRU
MSE: 21.757078807672205
MAE: 3.996861490710028
EVS: 0.5080977553607482
