Model: GRU
MSE: 10.311611498141952
MAE: 2.3794634424406906
EVS: 0.5240204155838858
