Model: GRU
MSE: 17.099377985243454
MAE: 3.570644789728625
EVS: 0.5808050423760209
