Model: GRU
MSE: 8.906998145340413
MAE: 1.9263860932711898
EVS: 0.5563569790006958
