Model: GRU
MSE: 13.956041980890017
MAE: 3.029525945926535
EVS: 0.54381483823851
