Model: GRU
MSE: 14.96436664130436
MAE: 3.2185011403313997
EVS: 0.5630965688283993
