Model: GRU
MSE: 10.070679985640306
MAE: 2.3505538660904457
EVS: 0.5586818726784712
