Model: GRU
MSE: 8.879506707896969
MAE: 2.0594768853023133
EVS: 0.5694887403284234
