Model: GRU
MSE: 13.731656942390973
MAE: 3.069383037501368
EVS: 0.5408508225518516
