Model: GRU
MSE: 16.500908398787793
MAE: 3.4958352713749328
EVS: 0.588722633983276
