Model: GRU
MSE: 10.416637411520803
MAE: 2.427344264655278
EVS: 0.5437123604773562
