Model: GRU
MSE: 10.855405252521363
MAE: 2.644341156400483
EVS: 0.5814213525772649
