Model: GRU
MSE: 999.1635638196295
MAE: 31.240521102116027
EVS: -0.16630962099352908
