Model: GRU
MSE: 10.631838650522802
MAE: 2.4746191666044037
EVS: 0.5453434003553785
