Model: GRU
MSE: 421.3383576845004
MAE: 19.954500745082722
EVS: -0.1644416177020509
