Model: GRU
MSE: 10.692956282190133
MAE: 2.4807011916719635
EVS: 0.5326685146984717
