Model: GRU
MSE: 14.030207016321642
MAE: 3.0880700555340996
EVS: 0.5542733468683139
