Model: GRU
MSE: 12.765536684640406
MAE: 2.798685435591073
EVS: 0.5335033024217919
