Model: GRU
MSE: 9.275301682012277
MAE: 1.842618177677023
EVS: 0.5364904562566972
