Model: GRU
MSE: 9.38394012132765
MAE: 2.3271272346891205
EVS: 0.5791139565006214
