Model: GRU
MSE: 9.162579111839854
MAE: 1.8971574059848129
EVS: 0.5505891623435109
