Model: GRU
MSE: 9.177016169519788
MAE: 2.096533388927065
EVS: 0.5503365460309164
