Model: GRU
MSE: 9.010347430810537
MAE: 1.833864606659988
EVS: 0.5488613650366669
