Model: GRU
MSE: 10.713704184014075
MAE: 2.2326751988509606
EVS: 0.5006759968126913
