Model: GRU
MSE: 10.707588936339075
MAE: 2.580955883552288
EVS: 0.5649664811597199
