Model: GRU
MSE: 10.182328674551435
MAE: 2.2803036015609215
EVS: 0.5447453173144458
