Model: GRU
MSE: 11.156896418337572
MAE: 2.4750932989449335
EVS: 0.4790574774483427
