Model: GRU
MSE: 10.772359012506772
MAE: 2.6267334181686928
EVS: 0.5614017091965271
