Model: GRU
MSE: 9.719283219414852
MAE: 2.3782523747148185
EVS: 0.5634953548337039
