Model: GRU
MSE: 331.9323571956091
MAE: 17.640748858451843
EVS: -0.04275284931554424
