Model: GRU
MSE: 8.898775899396975
MAE: 2.259582823720472
EVS: 0.5872352767092246
