Model: GRU
MSE: 9.071632132847627
MAE: 1.8203347469198292
EVS: 0.5464658497935342
