Model: GRU
MSE: 12.229097174715912
MAE: 2.947609408148404
EVS: 0.5609125622976598
