Model: GRU
MSE: 10.528471551228124
MAE: 2.5338423087679107
EVS: 0.5559865815524181
