Model: GRU
MSE: 491.640241410901
MAE: 21.729794124077106
EVS: 0.02161598713956414
