Model: GRU
MSE: 462.75141988636926
MAE: 21.062085447640253
EVS: 0.03752214766429873
