Model: GRU
MSE: 355.79294363573314
MAE: 18.26131064316322
EVS: -0.1222624841243205
