Model: GRU
MSE: 3821.714554475645
MAE: 61.66554233945649
EVS: 0.04076732255347615
