Model: GRU
MSE: 1574.516605789569
MAE: 39.116356126193345
EVS: -1.2340822587465654
