Model: GRU
MSE: 13.865734149384295
MAE: 3.166970869590496
EVS: 0.5627652669677097
