Model: GRU
MSE: 13.787750056693147
MAE: 3.14068970186957
EVS: 0.5624490968969478
