Model: GRU
MSE: 9.07176857649292
MAE: 2.1971493096187196
EVS: 0.5581451188704905
