Model: GRU
MSE: 1599.044016227484
MAE: 39.35344830874739
EVS: -1.5319193967174805
