Model: GRU
MSE: 23.22651708647223
MAE: 4.302704309595042
EVS: 0.5745876781885847
