Model: GRU
MSE: 8.71200902249688
MAE: 1.9808219547929435
EVS: 0.5657412437717024
