Model: GRU
MSE: 11.571318799817645
MAE: 2.829344560360086
EVS: 0.5763611578239073
