Model: GRU
MSE: 11.201640840510898
MAE: 2.656514118457663
EVS: 0.5713850686630952
