Model: GRU
MSE: 383.5042878736658
MAE: 19.094476504572505
EVS: 0.04932541892849074
