Model: GRU
MSE: 10.270540580342812
MAE: 2.5054017264267494
EVS: 0.5657352127318511
