Model: GRU
MSE: 9.219047239319996
MAE: 2.2690830066286285
EVS: 0.5650757298616065
