Model: GRU
MSE: 2522.257351208651
MAE: 50.032633025070716
EVS: 0.04491386070640235
