Model: GRU
MSE: 9.376997101992433
MAE: 2.0020222663879395
EVS: 0.5424797266752327
