Model: GRU
MSE: 9.062893502351193
MAE: 2.107623634667232
EVS: 0.57218016936893
