Model: GRU
MSE: 342.5159389303752
MAE: 18.003398221114587
EVS: 0.07505506159075659
