Model: GRU
MSE: 339.92852249563015
MAE: 17.871033773340027
EVS: -0.03361771937724023
