Model: GRU
MSE: 11.001215399128972
MAE: 2.657028157135536
EVS: 0.5676300354207888
