Model: GRU
MSE: 15.174000120072645
MAE: 3.2806443017104576
EVS: 0.40569181145481603
