Model: GRU
MSE: 359.67182594473655
MAE: 18.377513877276716
EVS: -0.1032207066526376
