Model: GRU
MSE: 486.79857335955063
MAE: 21.473989174283783
EVS: -0.2906653928414611
