Model: GRU
MSE: 10.927186916590221
MAE: 2.5882977123918205
EVS: 0.5691754478588117
