Model: GRU
MSE: 13.778532965219984
MAE: 3.0557660069958916
EVS: 0.552819127797261
