Model: GRU
MSE: 16.41145776263938
MAE: 3.466287078528569
EVS: 0.580439068166075
