Model: GRU
MSE: 638.7288236953815
MAE: 24.852576058486413
EVS: -0.05994823846075836
