Model: GRU
MSE: 689.6186986421037
MAE: 25.845603679788525
EVS: -0.08736340866527348
