Model: GRU
MSE: 3429.3577864862223
MAE: 58.38711764894683
EVS: -0.02092570679799821
