Model: GRU
MSE: 9.50598246437337
MAE: 2.181411545852135
EVS: 0.5244471960389135
