Model: GRU
MSE: 8.561841247136554
MAE: 1.948744165486303
EVS: 0.5696667657269335
