Model: GRU
MSE: 8.77989452538456
MAE: 2.022745074896977
EVS: 0.575628800668812
