Model: GRU
MSE: 12.344357409890046
MAE: 3.0072509831395644
EVS: 0.5823130245644079
