Model: GRU
MSE: 5640.910970409152
MAE: 74.9560231175916
EVS: -0.13172090613055176
