Model: GRU
MSE: 9.152329300042037
MAE: 2.02734348691743
EVS: 0.5450386166265979
