Model: GRU
MSE: 17.190031084197905
MAE: 3.608283363539597
EVS: 0.5580877191247857
