Model: GRU
MSE: 9.103151887987051
MAE: 1.9834879677871178
EVS: 0.5560834406839494
