Model: GRU
MSE: 11.517566607989806
MAE: 2.6623924765093574
EVS: 0.5513425463198228
