Model: GRU
MSE: 10.404605190419955
MAE: 2.4871317353741875
EVS: 0.551563060465508
