Model: GRU
MSE: 10.880863542820771
MAE: 2.182589111656978
EVS: 0.48881981122475404
