Model: GRU
MSE: 2755.8585305198317
MAE: 52.289625628241176
EVS: -0.0888776843134369
