Model: GRU
MSE: 2824.9657281099985
MAE: 52.838414126429065
EVS: -0.6628520334518453
