Model: GRU
MSE: 10.260598058462506
MAE: 2.48952526059644
EVS: 0.5821234733076901
