Model: GRU
MSE: 9.771904221603991
MAE: 1.95689503077803
EVS: 0.5306916326569426
