Model: GRU
MSE: 9.050666489487671
MAE: 1.8737065709870437
EVS: 0.546052829987816
