Model: GRU
MSE: 450.96502409456554
MAE: 20.741231211300555
EVS: -0.04426219271066345
