Model: GRU
MSE: 13.739839744023843
MAE: 3.1297765271417024
EVS: 0.5783316585651316
