Model: GRU
MSE: 302.69141508337486
MAE: 16.818460071909016
EVS: 0.0027824167903672814
