Model: GRU
MSE: 10.463796888367922
MAE: 2.4712605723019303
EVS: 0.5459289766421561
