Model: GRU
MSE: 9.799156172754696
MAE: 1.9617507457733154
EVS: 0.5074862756368181
