Model: GRU
MSE: 3041.979953143352
MAE: 54.96875697168811
EVS: -0.02662972749379522
