Model: GRU
MSE: 20.0104448959977
MAE: 3.929923920795835
EVS: 0.5720708184464667
