Model: GRU
MSE: 9.725527433282494
MAE: 2.314153868576576
EVS: 0.5655228303446251
