Model: GRU
MSE: 10.054041396445616
MAE: 2.3965498496746194
EVS: 0.5609877833516309
