Model: GRU
MSE: 1145.213458744259
MAE: 33.45202998457284
EVS: -0.3162503561758898
