Model: GRU
MSE: 12.012672719857573
MAE: 2.8190291338953477
EVS: 0.5740694067008196
