Model: GRU
MSE: 11.948433435075975
MAE: 2.711394951261323
EVS: 0.5348902812491276
