Model: GRU
MSE: 3238.6034262590774
MAE: 56.711804949004076
EVS: -0.12513526054971358
