Model: GRU
MSE: 39.55300623269168
MAE: 5.754504170911066
EVS: 0.0
