Model: GRU
MSE: 9.434890414347235
MAE: 2.080667964343367
EVS: 0.5438531369904605
