Model: GRU
MSE: 9.620018954119885
MAE: 2.193565977030787
EVS: 0.5586958802550668
