Model: GRU
MSE: 10.401437024215726
MAE: 2.417360988156549
EVS: 0.5393423831303913
