Model: GRU
MSE: 8.99239181412175
MAE: 1.7984746817884774
EVS: 0.5637732440543679
