Model: GRU
MSE: 20.025161970040816
MAE: 4.00063210520251
EVS: 0.6004913260710238
