Model: GRU
MSE: 10.765986991636048
MAE: 2.575595395318393
EVS: 0.544071841242413
