Model: GRU
MSE: 12.570443046157285
MAE: 2.9517049953855317
EVS: 0.5765874941156355
