Model: GRU
MSE: 366.19263758696053
MAE: 18.564987051075903
EVS: -0.08285898218872845
