Model: GRU
MSE: 10.245217437876223
MAE: 2.42643168876911
EVS: 0.5549389491079719
