Model: GRU
MSE: 9.810077820400164
MAE: 1.9505725811267722
EVS: 0.5278705632432124
