Model: GRU
MSE: 392.7785073328883
MAE: 19.305890815011388
EVS: -0.008797064827388734
