Model: GRU
MSE: 12.497589762489211
MAE: 2.9612201411148598
EVS: 0.5986863382294858
