Model: GRU
MSE: 321.5996879302518
MAE: 17.367014819178088
EVS: -0.005045560356312873
