Model: GRU
MSE: 13.525191056624408
MAE: 3.075724618188266
EVS: 0.5492574589421876
