Model: GRU
MSE: 11.25109332917998
MAE: 2.6146730472301614
EVS: 0.5556046465023229
