Model: GRU
MSE: 8.67387791436245
MAE: 2.10305196663429
EVS: 0.5918090989248834
