Model: GRU
MSE: 456.49643630263256
MAE: 20.91294739986288
EVS: 0.03726614682021612
