Model: GRU
MSE: 9.10478616598264
MAE: 1.8368133758676464
EVS: 0.5458718089266006
