Model: GRU
MSE: 8.835185421096051
MAE: 2.013740325796193
EVS: 0.5635618059644747
