Model: GRU
MSE: 504.1302583825635
MAE: 22.0068862191562
EVS: 0.002963375586469863
