Model: GRU
MSE: 538.2406159905975
MAE: 22.75991811423466
EVS: -0.017127298355706255
