Model: GRU
MSE: 9.887279567549623
MAE: 2.008188609419198
EVS: 0.5490800393436511
