Model: GRU
MSE: 9.319309034868795
MAE: 2.3183647024220435
EVS: 0.5643656396237284
