Model: GRU
MSE: 14.972606082079736
MAE: 3.3388929202638824
EVS: 0.575209173370107
