Model: GRU
MSE: 27.523433123699792
MAE: 4.714721021981075
EVS: 0.0
