Model: GRU
MSE: 10.954830536895205
MAE: 2.169776834290603
EVS: 0.5287852200765119
