Model: GRU
MSE: 11.091630090564696
MAE: 2.643017867515827
EVS: 0.5835277710963642
