Model: GRU
MSE: 9.490427102571928
MAE: 2.011383369051177
EVS: 0.5676534627347894
