Model: GRU
MSE: 9.928977728527398
MAE: 2.434492324960643
EVS: 0.5616329090608871
