Model: GRU
MSE: 9.678558486664954
MAE: 1.8850952263536125
EVS: 0.5261250848534602
