Model: GRU
MSE: 23.920710499323913
MAE: 4.247901974053218
EVS: 0.5454948735608103
