Model: GRU
MSE: 8.729123837568318
MAE: 1.863822493059882
EVS: 0.5619033714319834
