Model: GRU
MSE: 11.07962216505972
MAE: 2.7149267525508485
EVS: 0.5795402588269827
