Model: GRU
MSE: 28.78706713525051
MAE: 4.838027386829771
EVS: 0.5548711603961305
