Model: GRU
MSE: 782.5910700092934
MAE: 27.6239405829331
EVS: 0.018966507450252967
