Model: GRU
MSE: 9.856074197460703
MAE: 2.19359304165018
EVS: 0.5047259255633076
