Model: GRU
MSE: 12.959098124548914
MAE: 3.0041226107498695
EVS: 0.5492051887143479
