Model: GRU
MSE: 8.61720817758858
MAE: 2.0317398926307417
EVS: 0.5861051103714332
