Model: GRU
MSE: 10.028046961364716
MAE: 2.43203251115207
EVS: 0.5440179432691288
