Model: GRU
MSE: 21.814744066965723
MAE: 4.087836150465341
EVS: 0.589194626859191
