Model: GRU
MSE: 8.894988360176065
MAE: 1.861366502169905
EVS: 0.5637525569922455
