Model: GRU
MSE: 10.136148865875011
MAE: 2.1531508955462226
EVS: 0.5725432922339646
