Model: GRU
MSE: 10.370986108467651
MAE: 2.186963541754361
EVS: 0.5242622518714228
