Model: GRU
MSE: 9.96520639895837
MAE: 2.473442825777777
EVS: 0.5940154922347312
