Model: GRU
MSE: 9.057845929421134
MAE: 2.0203169378741035
EVS: 0.5465810302066587
