Model: GRU
MSE: 13.575995279596727
MAE: 3.1426241315644363
EVS: 0.5319659937669288
