Model: GRU
MSE: 8.852889463541214
MAE: 1.8777008056640625
EVS: 0.5569164829949912
