Model: GRU
MSE: 9.72109582756418
MAE: 2.32645844591075
EVS: 0.5558428016757335
