Model: GRU
MSE: 17.89477038835411
MAE: 3.6975094203291268
EVS: 0.5790328359908695
