Model: GRU
MSE: 744.9815534712917
MAE: 26.938843940866406
EVS: 0.030468789608619207
