Model: GRU
MSE: 11.05125807008825
MAE: 2.715026493730216
EVS: 0.550185565654824
