Model: GRU
MSE: 306.61799482595956
MAE: 16.904665738344193
EVS: -0.04848217383634723
