Model: GRU
MSE: 9.216115795429898
MAE: 2.1735970234048776
EVS: 0.5639625290199122
