Model: GRU
MSE: 14.573467033393708
MAE: 3.2718130884499383
EVS: 0.6189254712033967
