Model: GRU
MSE: 13.062932889309748
MAE: 2.905741173645546
EVS: 0.5211249070537384
