Model: GRU
MSE: 13.118563679247849
MAE: 3.0671193517487625
EVS: 0.5893316394909346
