Model: GRU
MSE: 13.538798346852438
MAE: 3.0854811339542785
EVS: 0.578170963023465
