Model: GRU
MSE: 3465.350374932198
MAE: 58.696360884041624
EVS: -0.010129989209817003
