Model: GRU
MSE: 9.134526599527167
MAE: 2.0940767156666724
EVS: 0.5597099027193257
