Model: GRU
MSE: 9.54558674649432
MAE: 2.363361687495791
EVS: 0.5913375010165647
