Model: GRU
MSE: 10.969485485874367
MAE: 2.7038869857788086
EVS: 0.5778604420264604
