Model: GRU
MSE: 8.937551911460908
MAE: 1.8959342446820489
EVS: 0.5550668774576042
