Model: GRU
MSE: 18.208177318776553
MAE: 3.7537445364327264
EVS: 0.5762155689943722
