Model: GRU
MSE: 9.926818941249183
MAE: 2.4928179116084657
EVS: 0.5637850313784143
