Model: GRU
MSE: 13.491268533075747
MAE: 3.0855921547988365
EVS: 0.5740047706501452
