Model: GRU
MSE: 11.483906744059858
MAE: 2.676855835421332
EVS: 0.5506787695710924
