Model: GRU
MSE: 10.195972966194176
MAE: 2.4585629824934334
EVS: 0.5816685054871373
