Model: GRU
MSE: 8.42383466892399
MAE: 2.103532232087234
EVS: 0.6044002133612659
