Model: GRU
MSE: 313.65809894158315
MAE: 17.135811604302503
EVS: -0.006834514342260789
