Model: GRU
MSE: 9.108185087708527
MAE: 1.9517835913033321
EVS: 0.5422632539452329
