Model: GRU
MSE: 11.384827052533852
MAE: 2.7138587935217497
EVS: 0.5610717562863503
