Model: GRU
MSE: 9.70527128928296
MAE: 2.2699052629799676
EVS: 0.5468440739809388
