Model: GRU
MSE: 14.043892242161935
MAE: 3.0982949487094222
EVS: 0.5466758934673019
