Model: GRU
MSE: 21.530587140357685
MAE: 4.080200129541858
EVS: 0.5785606689372811
