Model: GRU
MSE: 10.106789171568407
MAE: 2.4502771065152924
EVS: 0.5494478051400076
