Model: GRU
MSE: 9.392810957128933
MAE: 2.1532981889001253
EVS: 0.5494813571199504
