Model: GRU
MSE: 9.991634457592822
MAE: 2.2439333981481093
EVS: 0.5508119742827522
