Model: GRU
MSE: 536.4225656083811
MAE: 22.733309975985822
EVS: 0.013424636428613357
