Model: GRU
MSE: 10.430082713428003
MAE: 2.4341888756587586
EVS: 0.5651742854408901
