Model: GRU
MSE: 11.910782363924588
MAE: 2.691238255336367
EVS: 0.5315199550088255
