Model: GRU
MSE: 10.741665360364186
MAE: 2.323712159847391
EVS: 0.5336133967218026
