Model: GRU
MSE: 16.248529690616895
MAE: 3.4026415183626373
EVS: 0.4076430270279111
