Model: GRU
MSE: 9.239234170938575
MAE: 2.006592791655968
EVS: 0.5393604072610445
