Model: GRU
MSE: 12.524959013814733
MAE: 2.9019398524843414
EVS: 0.5682465961623553
