Model: GRU
MSE: 11.707235761613326
MAE: 2.4100158759525843
EVS: 0.5679810851975265
