Model: GRU
MSE: 13.86329099849111
MAE: 3.0761136844240387
EVS: 0.5601601722483369
