Model: GRU
MSE: 13.335002012868193
MAE: 3.0425624436345595
EVS: 0.5537783839877461
