Model: GRU
MSE: 10.204800961676021
MAE: 2.380148460125101
EVS: 0.542732261485924
