Model: GRU
MSE: 20.66250817971677
MAE: 3.9759707042149137
EVS: 0.5784649368631428
