Model: GRU
MSE: 8.976671029058824
MAE: 1.8369898302801724
EVS: 0.5502034010273265
