Model: GRU
MSE: 292.9629373724002
MAE: 16.544047394703174
EVS: 0.03161568982076568
