Model: GRU
MSE: 27.051514100340604
MAE: 4.585948216504064
EVS: 0.5609709741879259
