Model: GRU
MSE: 721.8772640865529
MAE: 26.498740886819775
EVS: 0.00966260279052944
