Model: GRU
MSE: 9.321948299198962
MAE: 2.1689444574816474
EVS: 0.5707372034628666
