Model: GRU
MSE: 11.142144931467568
MAE: 2.6197838701050857
EVS: 0.5508062091943351
