Model: GRU
MSE: 15.350924412416907
MAE: 3.3324975885193924
EVS: 0.5921525355582105
