Model: GRU
MSE: 12.292615946932749
MAE: 2.892547607421875
EVS: 0.5548734469016442
