Model: GRU
MSE: 423.42558916212874
MAE: 20.041436281697504
EVS: -0.09455192317206573
