Model: GRU
MSE: 13.681482291983276
MAE: 3.0546184901533455
EVS: 0.5654472460358538
