Model: GRU
MSE: 8.976492809903718
MAE: 2.2115413156049004
EVS: 0.5773728773455895
