Model: GRU
MSE: 14.222090868833055
MAE: 3.130187955395929
EVS: 0.5474910129190129
