Model: GRU
MSE: 6323.064153728308
MAE: 79.39586823562095
EVS: 0.026444870973136636
