Model: GRU
MSE: 9.196588865882797
MAE: 2.162720269170301
EVS: 0.556548983648644
