Model: GRU
MSE: 23.06404123440442
MAE: 4.244760899708189
EVS: 0.5540878496355763
