Model: GRU
MSE: 3745.6346899555315
MAE: 60.995400987822435
EVS: -0.26699997381808105
