Model: GRU
MSE: 8.521666434152218
MAE: 1.821197797512186
EVS: 0.5715414777416075
