Model: GRU
MSE: 9.478283708179902
MAE: 2.246423466452237
EVS: 0.5458699716939284
