Model: GRU
MSE: 8.807356217220867
MAE: 1.9821701789724415
EVS: 0.5735945397794133
