Model: GRU
MSE: 14.723648961763859
MAE: 3.258719534709536
EVS: 0.5813316461744716
