Model: GRU
MSE: 509.09314153685665
MAE: 22.06055007309749
EVS: -0.1276830805417073
