Model: GRU
MSE: 16.917391766456422
MAE: 3.5608439774348817
EVS: 0.5776126164711581
