Model: GRU
MSE: 8.870732846080374
MAE: 2.012917946124899
EVS: 0.5566468865414698
