Model: GRU
MSE: 12.203470110599687
MAE: 2.875345361643824
EVS: 0.5655655890472662
