Model: GRU
MSE: 9.086309844950545
MAE: 1.9469981769035603
EVS: 0.5455941844604643
