Model: GRU
MSE: 12.577998652872092
MAE: 2.941913760941604
EVS: 0.5629553035375374
