Model: GRU
MSE: 32.00205981630094
MAE: 5.144475279183223
EVS: -0.010344513645477171
