Model: GRU
MSE: 14.166988750328661
MAE: 3.099893125994452
EVS: 0.5772520495467365
