Model: GRU
MSE: 8.991111698936619
MAE: 2.0225990065212907
EVS: 0.5496740302700858
