Model: GRU
MSE: 9.340822039646293
MAE: 1.9048063837248703
EVS: 0.5367690754135128
