Model: GRU
MSE: 13.831106909541397
MAE: 3.0411859216361212
EVS: 0.5939520304450789
