Model: GRU
MSE: 36.21765990596245
MAE: 5.540124695876549
EVS: 0.05063403680268985
