Model: GRU
MSE: 3300.1411685967996
MAE: 57.2943984722269
EVS: 0.12033880105902339
