Model: GRU
MSE: 9.35109084403917
MAE: 2.174286908116834
EVS: 0.551100408086272
