Model: GRU
MSE: 19.26390846540192
MAE: 3.824448980134109
EVS: 0.56086726267187
