Model: GRU
MSE: 9.34076536964847
MAE: 2.174172779609417
EVS: 0.5410797841938882
