Model: GRU
MSE: 13.94685695871161
MAE: 3.040878854948899
EVS: 0.5388410265747825
