Model: GRU
MSE: 9.208003766427455
MAE: 1.862822647752433
EVS: 0.536998247511909
