Model: GRU
MSE: 8.93731016730933
MAE: 1.9855769913772057
EVS: 0.5508311856360055
