Model: GRU
MSE: 460.3662616717204
MAE: 20.950841755702577
EVS: -0.07755871065980546
