Model: GRU
MSE: 9.43415358013041
MAE: 2.031951904296875
EVS: 0.5274955333524664
