Model: GRU
MSE: 13.025093395581703
MAE: 3.017637039053029
EVS: 0.5702182601439888
