Model: GRU
MSE: 876.4217831645253
MAE: 29.272441222749908
EVS: 0.01710635100682878
