Model: GRU
MSE: 10.807846972883763
MAE: 2.3659625464472276
EVS: 0.5548780650549164
