Model: GRU
MSE: 11.629334309243381
MAE: 2.7036987501999428
EVS: 0.5658250293342193
