Model: GRU
MSE: 9.356104754791572
MAE: 2.1455841393306336
EVS: 0.5715669159682655
