Model: GRU
MSE: 17.30098063751454
MAE: 3.581302050886483
EVS: 0.5692401061395858
