Model: GRU
MSE: 973.2342560229848
MAE: 30.837196810492152
EVS: -0.12146150768006159
