Model: GRU
MSE: 8.800667025304467
MAE: 1.9848559067167084
EVS: 0.5664616581510047
