Model: GRU
MSE: 527.4904381557266
MAE: 22.49610312231656
EVS: -0.07691962591802226
