Model: GRU
MSE: 10.119159187826007
MAE: 2.4520406476382552
EVS: 0.5498321099564273
