Model: GRU
MSE: 9.48862420677708
MAE: 1.8562078969231968
EVS: 0.5285032199679083
