Model: GRU
MSE: 23.472426471539105
MAE: 4.247669853013138
EVS: 0.568330128043367
