Model: GRU
MSE: 12.272275604753599
MAE: 2.773737619663107
EVS: 0.5093334951097068
