Model: GRU
MSE: 446.3058988270009
MAE: 20.56423147793474
EVS: -0.17761786768559507
