Model: GRU
MSE: 11.522918978359069
MAE: 2.574610923898631
EVS: 0.5284558560180632
