Model: GRU
MSE: 12.21965967402519
MAE: 2.5781080143792288
EVS: 0.5851031430421236
