Model: GRU
MSE: 8.9453651326176
MAE: 2.0826739442759545
EVS: 0.5501892587845183
