Model: GRU
MSE: 11.637405527511607
MAE: 2.777061972124823
EVS: 0.5589801539334528
