Model: GRU
MSE: 18.51079577915952
MAE: 3.624246728831324
EVS: 0.5569375565762955
