Model: GRU
MSE: 10.032336348279943
MAE: 2.363144907458075
EVS: 0.6039979271608922
