Model: GRU
MSE: 8.563036002205786
MAE: 2.074728850660653
EVS: 0.5831019924229093
