Model: GRU
MSE: 14.79759931627744
MAE: 3.347051028547616
EVS: 0.5856085662491043
