Model: GRU
MSE: 63.49702799557988
MAE: 7.237083303517308
EVS: 0.05131036080903084
