Model: GRU
MSE: 11.359014901252914
MAE: 2.6029126397494613
EVS: 0.5497369164027972
