Model: GRU
MSE: 12.596280294765311
MAE: 2.5655800638527704
EVS: 0.5387093430283911
