Model: GRU
MSE: 15.157857374979185
MAE: 3.250667555578824
EVS: 0.5654795241982059
