Model: GRU
MSE: 10.923275551750349
MAE: 2.6059763184909164
EVS: 0.56435797778433
