Model: GRU
MSE: 12.11812852180977
MAE: 2.9017157307986556
EVS: 0.559534158036922
