Model: GRU
MSE: 8.965703130024348
MAE: 2.007297088359964
EVS: 0.5510641906301503
