Model: GRU
MSE: 2283.7765565322584
MAE: 47.5803573871481
EVS: 3.3306690738754696e-16
