Model: GRU
MSE: 9.418855576554071
MAE: 1.9448996823409508
EVS: 0.526361120108531
