Model: GRU
MSE: 16.691832074745122
MAE: 3.3250514721048288
EVS: 0.5156092261191795
