Model: GRU
MSE: 9.501940211278598
MAE: 1.8983489151658683
EVS: 0.52799433173468
