Model: GRU
MSE: 8.530177659333798
MAE: 1.8776994327019
EVS: 0.5712153884946582
