Model: GRU
MSE: 9.629883244889184
MAE: 2.444266343938893
EVS: 0.5698967771067356
