Model: GRU
MSE: 9.389602982732754
MAE: 2.2609497185411125
EVS: 0.568676578536484
