Model: GRU
MSE: 4390.401332158999
MAE: 66.10981250631399
EVS: -0.00039600910701653724
