Model: GRU
MSE: 11.193717552494052
MAE: 2.720168376791066
EVS: 0.5732473531147674
