Model: GRU
MSE: 9.647392851046122
MAE: 2.095058424719449
EVS: 0.5335457150490666
