Model: GRU
MSE: 23.168267750186374
MAE: 4.239434283355187
EVS: 0.5295010474922617
