Model: GRU
MSE: 56.98901239081433
MAE: 6.890069172300142
EVS: 0.0
