Model: GRU
MSE: 15.826253314224534
MAE: 3.4505601998033195
EVS: 0.5612253992747435
