Model: GRU
MSE: 8.834901491730244
MAE: 1.8810229465879242
EVS: 0.560063907328146
