Model: GRU
MSE: 11.578997802208423
MAE: 2.7220982929755904
EVS: 0.5681904698584349
