Model: GRU
MSE: 12.420601663084367
MAE: 2.8797653379111456
EVS: 0.5848539717395694
