Model: GRU
MSE: 11.054891056226678
MAE: 2.7333431572749696
EVS: 0.5616583438007121
