Model: GRU
MSE: 5827.524060541038
MAE: 76.20426888301455
EVS: -0.027522530660800903
