Model: GRU
MSE: 4238.145276663499
MAE: 64.9335524460365
EVS: -0.09518666012022492
