Model: GRU
MSE: 11.695686501821914
MAE: 2.8024190129904913
EVS: 0.5428449361067982
