Model: GRU
MSE: 319.070624856296
MAE: 17.309065726296655
EVS: 0.021083968409264964
