Model: GRU
MSE: 17.50195323033601
MAE: 3.6548117029255835
EVS: 0.5551538886935552
