Model: GRU
MSE: 13.485204758908555
MAE: 2.977028435674207
EVS: 0.5513176100624247
