Model: GRU
MSE: 14.461109121229027
MAE: 3.2021202218943627
EVS: 0.5522009984080071
