Model: GRU
MSE: 24.97796736744177
MAE: 4.4800951974145296
EVS: 0.5618023358412705
