Model: GRU
MSE: 9.422027676274018
MAE: 1.889431410822375
EVS: 0.5416333409523499
