Model: GRU
MSE: 10.532366826453936
MAE: 2.6449822721810174
EVS: 0.5772664122921993
