Model: GRU
MSE: 9.521652794678701
MAE: 2.2873541404461037
EVS: 0.5850355205221964
