Model: GRU
MSE: 10.551212445649737
MAE: 2.4308965288359543
EVS: 0.5139252475556988
