Model: GRU
MSE: 10657.703292017972
MAE: 103.1397941852438
EVS: 3.3306690738754696e-16
