Model: GRU
MSE: 10.318409894513401
MAE: 2.332089325477337
EVS: 0.5431278622094049
