Model: GRU
MSE: 11.844948488639002
MAE: 2.8137401958991743
EVS: 0.5920859060443957
