Model: GRU
MSE: 7571.003775901992
MAE: 86.89416845913591
EVS: -0.026204987932551438
