Model: GRU
MSE: 385.33792911888844
MAE: 19.086729510077113
EVS: -0.057755695907532045
