Model: GRU
MSE: 9.106187239229023
MAE: 2.3084201648317535
EVS: 0.5771106645246715
