Model: GRU
MSE: 14.060518569648668
MAE: 3.1147480422052842
EVS: 0.6005185896655112
