Model: GRU
MSE: 767.5949899511061
MAE: 27.365177187426337
EVS: 0.057531505028894925
