Model: GRU
MSE: 10.512115385945844
MAE: 2.6360294078958444
EVS: 0.6156798408298687
