Model: GRU
MSE: 9.253841862669173
MAE: 2.2422104621755667
EVS: 0.5436029850135841
