Model: GRU
MSE: 10.97610082878236
MAE: 2.64718484056407
EVS: 0.5760578569714412
