Model: GRU
MSE: 10.40714052574753
MAE: 2.3933700528638115
EVS: 0.5480847340002879
