Model: GRU
MSE: 14.006780532110959
MAE: 3.075740468913111
EVS: 0.5799336191107942
