Model: GRU
MSE: 11.772917261296517
MAE: 2.7787269230546623
EVS: 0.5883634853682218
