Model: GRU
MSE: 15.507452656230111
MAE: 3.409338383839048
EVS: 0.5898680124175835
