Model: GRU
MSE: 10.721166075480811
MAE: 2.606508361882177
EVS: 0.5869916920776608
