Model: GRU
MSE: 9.621074388979673
MAE: 1.9042025105706577
EVS: 0.5471149449753908
