Model: GRU
MSE: 11.233534630554193
MAE: 2.6935209899113097
EVS: 0.5628509430371036
