Model: GRU
MSE: 374.2900144397519
MAE: 18.82637361000324
EVS: 0.0014319670149779418
