Model: GRU
MSE: 12.669161657440496
MAE: 2.808447270557798
EVS: 0.5325726865006676
