Model: GRU
MSE: 12.820843217840125
MAE: 3.0095116681066054
EVS: 0.5921032915601515
