Model: GRU
MSE: 11.201021526389546
MAE: 2.706606223665435
EVS: 0.5335974402025085
