Model: GRU
MSE: 13.625861622173696
MAE: 3.0754554929404425
EVS: 0.5631983176004396
