Model: GRU
MSE: 14.065915196971345
MAE: 3.2021931944222284
EVS: 0.5629664166677276
