Model: GRU
MSE: 11.634567995970308
MAE: 2.7273396541332375
EVS: 0.5664539217294677
