Model: GRU
MSE: 13.22270643965633
MAE: 2.975270180866636
EVS: 0.5260552557189028
