Model: GRU
MSE: 8.837833951492998
MAE: 2.052788627558741
EVS: 0.5587566768303045
