Model: GRU
MSE: 13.50102837019553
MAE: 2.763672310965402
EVS: 0.5825517294927445
