Model: GRU
MSE: 433.41997883088294
MAE: 20.332892187710467
EVS: -0.005397056951875312
