Model: GRU
MSE: 12.086568787724888
MAE: 2.879076571300112
EVS: 0.5759820766084973
