Model: GRU
MSE: 12.229386380359509
MAE: 2.8761237160912874
EVS: 0.5740350623631325
