Model: GRU
MSE: 15.506761741210257
MAE: 3.392083529768319
EVS: 0.5849923680287863
