Model: GRU
MSE: 13.799814076644079
MAE: 2.96375801222665
EVS: 0.5939884218928189
