Model: GRU
MSE: 17.260302187379637
MAE: 3.6411482197897773
EVS: 0.5977725782614756
