Model: GRU
MSE: 9.643880525065375
MAE: 1.9578784416461814
EVS: 0.5150989181859811
