Model: GRU
MSE: 13.382115278653377
MAE: 3.0974439999152876
EVS: 0.5752141173528973
