Model: GRU
MSE: 11.828305182273585
MAE: 2.676437205281751
EVS: 0.5679623393873243
