Model: GRU
MSE: 555.4087142255876
MAE: 23.06893099587539
EVS: -0.1683075869327486
