Model: GRU
MSE: 9.132671619141199
MAE: 2.153102323926728
EVS: 0.5583611308255456
