Model: GRU
MSE: 9.817763335544536
MAE: 2.1944955299640525
EVS: 0.5110433480297852
