Model: GRU
MSE: 779.5897845409547
MAE: 27.534832362470954
EVS: -0.0772720745645421
