Model: GRU
MSE: 11.157650715211476
MAE: 2.5248402480421395
EVS: 0.5563168950205728
