Model: GRU
MSE: 8.615582263338798
MAE: 1.7748620181248105
EVS: 0.5667671710757216
