Model: GRU
MSE: 14.562277214943594
MAE: 3.161526622443364
EVS: 0.5515534473955898
