Model: GRU
MSE: 9.703627997119419
MAE: 2.2400498472411057
EVS: 0.5590291445607554
