Model: GRU
MSE: 9.506044353682423
MAE: 2.10392715191019
EVS: 0.5312791802819381
