Model: GRU
MSE: 15.800171400812065
MAE: 3.3852433579308645
EVS: 0.5970777280170863
