Model: GRU
MSE: 10.696179893770042
MAE: 2.507855670205478
EVS: 0.5467284884657803
