Model: GRU
MSE: 2242.697332973857
MAE: 47.147786633721715
EVS: 0.005159316499183331
