Model: GRU
MSE: 8.720286620025123
MAE: 2.025298776297734
EVS: 0.5810247055075985
