Model: GRU
MSE: 9.945394975652887
MAE: 2.378970976533561
EVS: 0.5484458927154843
