Model: GRU
MSE: 298.40475887419524
MAE: 16.688383127080982
EVS: -0.0008287193123381886
