Model: GRU
MSE: 58.78743741039834
MAE: 7.0099032171841325
EVS: -0.01895819025408163
