Model: GRU
MSE: 8.957177712213927
MAE: 2.238682516689958
EVS: 0.5818046173454834
