Model: GRU
MSE: 12.16589426936105
MAE: 2.8618108815160292
EVS: 0.5936746902867638
