Model: GRU
MSE: 9.941726641304662
MAE: 2.4832960490522713
EVS: 0.5677916474492553
