Model: GRU
MSE: 10.96223558462348
MAE: 2.558071284458555
EVS: 0.5540659880692191
