Model: GRU
MSE: 8.593744106458196
MAE: 2.0524596016982506
EVS: 0.5680404367324398
