Model: GRU
MSE: 377.6358224536429
MAE: 18.94332112115005
EVS: 0.05530181710709314
