Model: GRU
MSE: 9.303274722879532
MAE: 2.2149856419398866
EVS: 0.5646807120543381
