Model: GRU
MSE: 375.7956411971332
MAE: 18.79524672442469
EVS: -0.1331677907517248
