Model: GRU
MSE: 16.15423032612177
MAE: 3.379013949427111
EVS: 0.5608135186515437
