Model: GRU
MSE: 1154.3711335754388
MAE: 33.65846587871683
EVS: -0.08008895778820624
