Model: GRU
MSE: 12.35203109657255
MAE: 2.7175797676217965
EVS: 0.5152371190387643
