Model: GRU
MSE: 9.998774239419621
MAE: 2.380038779357384
EVS: 0.559094723627642
