Model: GRU
MSE: 8.663413378139051
MAE: 2.0764835620748587
EVS: 0.5791772082465552
