Model: GRU
MSE: 17.975143526082274
MAE: 3.7016297208851783
EVS: 0.5676652866196485
