Model: GRU
MSE: 25.81154069056696
MAE: 4.541642115033906
EVS: 0.5796903042749246
