Model: GRU
MSE: 10.623822260414064
MAE: 2.612254973115592
EVS: 0.5675833190352619
