Model: GRU
MSE: 10.016147373663223
MAE: 2.0392320238310715
EVS: 0.5453007727480172
