Model: GRU
MSE: 9.583084637941472
MAE: 2.1866360368399786
EVS: 0.5217164243524866
