Model: GRU
MSE: 12.993248339595704
MAE: 2.9589401442429115
EVS: 0.559452999659009
