Model: GRU
MSE: 8.335071502686898
MAE: 1.9703784646659062
EVS: 0.6024027658118629
