Model: GRU
MSE: 22.0769566579695
MAE: 4.180468271518576
EVS: 0.5677949797042239
