Model: GRU
MSE: 39.24609104522313
MAE: 5.724442021600131
EVS: 0.08038403856528431
