Model: GRU
MSE: 9.08005206250417
MAE: 2.16516348411297
EVS: 0.5543889680403116
