Model: GRU
MSE: 9.181770283504946
MAE: 1.9854109533901871
EVS: 0.5387770130162243
