Model: GRU
MSE: 14.73034675919948
MAE: 3.21561415442105
EVS: 0.5735455859823817
