Model: GRU
MSE: 375.0930302216515
MAE: 18.84162725662363
EVS: -0.01005549723280219
