Model: GRU
MSE: 21.917398720306686
MAE: 4.142190328959761
EVS: 0.5767322400898487
