Model: GRU
MSE: 8.946042444857017
MAE: 2.063362277787307
EVS: 0.5619240034595263
