Model: GRU
MSE: 10.27541576540782
MAE: 2.3438323448444236
EVS: 0.5208986414504351
