Model: GRU
MSE: 17.521375774393466
MAE: 3.5527829548408247
EVS: 0.5934675922862718
