Model: GRU
MSE: 9.28082516042393
MAE: 1.8235306575380523
EVS: 0.5333199388367134
