Model: GRU
MSE: 8.958731383904638
MAE: 1.9342339860981907
EVS: 0.5507225777362696
