Model: GRU
MSE: 8.884354390895409
MAE: 1.9997105351809799
EVS: 0.5646605055690439
