Model: GRU
MSE: 8.107130526040688
MAE: 1.7930613304006642
EVS: 0.5937622874656381
