Model: GRU
MSE: 14.54305362648574
MAE: 3.201247519460218
EVS: 0.583288551540861
