Model: GRU
MSE: 10.002505980690067
MAE: 2.1193116204491975
EVS: 0.5051291747261706
