Model: GRU
MSE: 10.459048004169949
MAE: 2.52683660901826
EVS: 0.5626809014025924
