Model: GRU
MSE: 6729.4413217826805
MAE: 81.89057573778877
EVS: -0.1754376850796442
