Model: GRU
MSE: 8.302351653928099
MAE: 1.8321374531449943
EVS: 0.5849425110540191
