Model: GRU
MSE: 10.062404866920328
MAE: 2.2969382055874528
EVS: 0.5416624171100717
