Model: GRU
MSE: 10.550286666769498
MAE: 2.614294931806367
EVS: 0.5768254499226144
