Model: GRU
MSE: 17.046775955623882
MAE: 3.6370184668179215
EVS: 0.536168834371714
