Model: GRU
MSE: 10.357180358171572
MAE: 2.5597845028186668
EVS: 0.5857215988820028
