Model: GRU
MSE: 8.474810652516327
MAE: 2.014153168119233
EVS: 0.5805673831577944
