Model: GRU
MSE: 11.325572948848116
MAE: 2.7311293585547087
EVS: 0.5690215330295584
