Model: GRU
MSE: 10.815254300147805
MAE: 2.523435592651367
EVS: 0.5292414448320795
