Model: GRU
MSE: 310.7856561485793
MAE: 17.0484053677526
EVS: -0.01264111726808137
