Model: GRU
MSE: 107.08725144261852
MAE: 9.458673074327667
EVS: 0.018124994870238664
