Model: GRU
MSE: 10.400644193178495
MAE: 2.2519541115596375
EVS: 0.5358510723307114
