Model: GRU
MSE: 13.26800856070775
MAE: 3.0294360127942315
EVS: 0.5644608730338869
