Model: GRU
MSE: 3585.8739156717666
MAE: 59.68084624717976
EVS: -0.21041579122458232
