Model: GRU
MSE: 8.960457832076404
MAE: 1.9906320078619595
EVS: 0.5579195447332335
