Model: GRU
MSE: 47.97541988286007
MAE: 6.321358121674637
EVS: 0.0
