Model: GRU
MSE: 10.543747714966171
MAE: 2.517732414706
EVS: 0.5363014916115225
