Model: GRU
MSE: 16.10942222950465
MAE: 3.5364325786459037
EVS: 0.5574909825747308
