Model: GRU
MSE: 9.194685479314817
MAE: 1.9834287084382156
EVS: 0.5383539550540433
