Model: GRU
MSE: 13.253581215105354
MAE: 3.0128664477118132
EVS: 0.58267189843379
