Model: GRU
MSE: 1032.2070257084788
MAE: 31.75629137302267
EVS: -0.19404645910451546
