Model: GRU
MSE: 10.747944848516896
MAE: 2.356950850322329
EVS: 0.5248715433327835
