Model: GRU
MSE: 10.622937772139533
MAE: 2.600677671103642
EVS: 0.5466577266129373
