Model: GRU
MSE: 358.87670212785815
MAE: 18.39386361837387
EVS: -0.03300467699259979
