Model: GRU
MSE: 1537.985546612345
MAE: 38.89867506356075
EVS: -0.2510530248516947
