Model: GRU
MSE: 9.529592931024569
MAE: 1.9277009388496136
EVS: 0.5318019531614504
