Model: GRU
MSE: 15.85982421942348
MAE: 3.3955174396777976
EVS: 0.5683860409021844
