Model: GRU
MSE: 333.4598803160512
MAE: 17.697974862723516
EVS: -0.017872674028373448
