Model: GRU
MSE: 23.1065096650381
MAE: 4.209261376282265
EVS: 0.55016358605605
