Model: GRU
MSE: 648.0078049666349
MAE: 25.032345163411108
EVS: -0.07559800847468257
