Model: GRU
MSE: 10.668356158296975
MAE: 2.583268880844116
EVS: 0.5765686498557794
