Model: GRU
MSE: 9.3143791405371
MAE: 2.22770357131958
EVS: 0.5674650600179776
