Model: GRU
MSE: 14.107894734921686
MAE: 3.075850067467525
EVS: 0.5818735797939467
