Model: GRU
MSE: 9.340848704085813
MAE: 2.143639531628839
EVS: 0.5550202116189192
