Model: GRU
MSE: 46.9860163171476
MAE: 6.252392966171791
EVS: 0.010177094587477065
