Model: GRU
MSE: 8.840054430215309
MAE: 2.1928383892980117
EVS: 0.5798866022163847
