Model: GRU
MSE: 9.043735884333367
MAE: 2.2338970282982133
EVS: 0.579932676614094
