Model: GRU
MSE: 12.9656148582517
MAE: 2.984962512706888
EVS: 0.5773851516295267
