Model: GRU
MSE: 9.877313931994449
MAE: 2.488362501407492
EVS: 0.5849745344982133
