Model: GRU
MSE: 14.882480213501578
MAE: 3.2007885636954474
EVS: 0.5421137639896462
