Model: GRU
MSE: 362.79066299120575
MAE: 18.492668571143316
EVS: -0.046551232115908725
