Model: GRU
MSE: 10.873407997454205
MAE: 2.4559333735498887
EVS: 0.5364689346231886
