Model: GRU
MSE: 1098.4972492148847
MAE: 32.81780275805243
EVS: -0.08060504979578575
