Model: GRU
MSE: 12.831998546462007
MAE: 2.9762947970423204
EVS: 0.5774971607521666
