Model: GRU
MSE: 9.707984764505902
MAE: 1.9117536544799805
EVS: 0.5134172920134029
