Model: GRU
MSE: 18.587061164393813
MAE: 3.7553600771673796
EVS: 0.580862385388023
