Model: GRU
MSE: 10.32902337465486
MAE: 2.3699952405074547
EVS: 0.5409974726148308
