Model: GRU
MSE: 2171.0877122018655
MAE: 46.172608539975926
EVS: -0.9701117537864186
