Model: GRU
MSE: 9.856998158164213
MAE: 2.0247551901587126
EVS: 0.5048770934807789
