Model: GRU
MSE: 31.026533541573496
MAE: 5.10042430614603
EVS: 0.02339815944206103
