Model: GRU
MSE: 10.163202452464482
MAE: 2.3881890855986496
EVS: 0.5682681616530469
