Model: GRU
MSE: 9.26518387774017
MAE: 2.0582847019721724
EVS: 0.5433844559357044
