Model: GRU
MSE: 11.062224435544522
MAE: 2.737743180373619
EVS: 0.5337299527579388
