Model: GRU
MSE: 57.61530258792773
MAE: 6.927140827836661
EVS: 0.0
