Model: GRU
MSE: 12.445517626124843
MAE: 2.8850402914244553
EVS: 0.5493876186347358
