Model: GRU
MSE: 9.339848347788942
MAE: 1.8928187140103043
EVS: 0.5339868078482287
