Model: GRU
MSE: 39.63080046632679
MAE: 5.760245027213261
EVS: 0.0
