Model: GRU
MSE: 8.776976615241454
MAE: 2.185068837527571
EVS: 0.590642598093215
