Model: GRU
MSE: 9.151405773008813
MAE: 2.209810470712596
EVS: 0.5725543406729363
