Model: GRU
MSE: 4713.615274310212
MAE: 68.22171441439924
EVS: -1.9876554440274297
