Model: GRU
MSE: 11.616547181235354
MAE: 2.6539054327997667
EVS: 0.5686625173275157
