Model: GRU
MSE: 9.266546143318445
MAE: 2.0192032435844682
EVS: 0.5475990207607232
