Model: GRU
MSE: 14.791741656503824
MAE: 3.249258847072207
EVS: 0.5947097238774056
