Model: GRU
MSE: 9.381873734136233
MAE: 2.279411899632421
EVS: 0.5657823657972965
