Model: GRU
MSE: 17.31604026478361
MAE: 3.648687214686953
EVS: 0.5622035887275585
