Model: GRU
MSE: 8.992900261419734
MAE: 1.9263468117549503
EVS: 0.5530192113182493
