Model: GRU
MSE: 20.479126050897477
MAE: 3.992729121241076
EVS: 0.5505341039697946
