Model: GRU
MSE: 11.128034139534943
MAE: 2.628088457831021
EVS: 0.5791555373504651
