Model: GRU
MSE: 10.279715229237754
MAE: 2.3646137632172683
EVS: 0.5287770231483522
