Model: GRU
MSE: 11.266979575761768
MAE: 2.5959911017582336
EVS: 0.534478926585406
