Model: GRU
MSE: 320.23257169103414
MAE: 17.322819459027258
EVS: -0.013393757549958751
