Model: GRU
MSE: 13.85517258803519
MAE: 3.1415973778428703
EVS: 0.5864189322843487
