Model: GRU
MSE: 10.006734018986917
MAE: 1.9934454375299915
EVS: 0.5386039010399939
