Model: GRU
MSE: 152.41068010853186
MAE: 11.328959871982706
EVS: -0.31741750839866745
