Model: GRU
MSE: 9.024939753131427
MAE: 1.893352664750198
EVS: 0.5547454056613147
