Model: GRU
MSE: 16.333004088086867
MAE: 3.4555646057786613
EVS: 0.5693861154786898
