Model: GRU
MSE: 9.177796596153986
MAE: 1.8981891007258975
EVS: 0.5468220207290502
