Model: GRU
MSE: 12.570370956757587
MAE: 2.911139652646821
EVS: 0.5804825000819254
