Model: GRU
MSE: 12.052365063382522
MAE: 2.831210235069538
EVS: 0.5686520225364968
