Model: GRU
MSE: 9.890095432378166
MAE: 2.012611676906717
EVS: 0.5456822197353828
