Model: GRU
MSE: 8.81546183661776
MAE: 1.7984507659385944
EVS: 0.5597019606152756
