Model: GRU
MSE: 13.996636159774935
MAE: 3.197194296738197
EVS: 0.5515766508421538
