Model: GRU
MSE: 10.591003595921475
MAE: 2.472356376976802
EVS: 0.5544453319432578
