Model: GRU
MSE: 20.717167990354437
MAE: 3.9257774024174132
EVS: 0.5544571748798224
