Model: GRU
MSE: 23.563894177616696
MAE: 4.3187261285453005
EVS: 0.5554998705595381
