Model: GRU
MSE: 10.078795258595779
MAE: 2.031861297015486
EVS: 0.5034486824520339
