Model: GRU
MSE: 26.584159430586332
MAE: 4.57948375570363
EVS: 0.5830630991784058
