Model: GRU
MSE: 13.088342406677995
MAE: 3.0383484281342605
EVS: 0.5812060483264008
