Model: GRU
MSE: 10.370625120788269
MAE: 2.423963349441002
EVS: 0.5768384902726167
