Model: GRU
MSE: 9.641609328299303
MAE: 1.9544675021335995
EVS: 0.5151806550364237
