Model: GRU
MSE: 12.690035139705161
MAE: 2.92537051233752
EVS: 0.559625144886722
