Model: GRU
MSE: 10.02812227460986
MAE: 2.0641134360740923
EVS: 0.5678513968485522
