Model: GRU
MSE: 11.162978690501976
MAE: 2.6913556394905878
EVS: 0.573466953949028
