Model: GRU
MSE: 432.18054459874077
MAE: 20.230015623158422
EVS: -0.15291373307092204
