Model: GRU
MSE: 10.205343741378618
MAE: 2.2715884570417733
EVS: 0.5388883966742011
