Model: GRU
MSE: 10.908858837011287
MAE: 2.5102145671844482
EVS: 0.5243801615536196
