Model: GRU
MSE: 12.240137544450112
MAE: 2.87974267170347
EVS: 0.5707482042959451
