Model: GRU
MSE: 12.794756310134995
MAE: 2.5679046532203413
EVS: 0.3844532731290754
