Model: GRU
MSE: 10.986940492886815
MAE: 2.4440257617405483
EVS: 0.6039359707195101
