Model: GRU
MSE: 13.590295837065101
MAE: 2.722519035997062
EVS: 0.5236895911826903
