Model: GRU
MSE: 12.431635568850687
MAE: 2.8287795083276155
EVS: 0.5543545949153555
