Model: GRU
MSE: 9.21833459256771
MAE: 2.0015475174476363
EVS: 0.5566386037390105
