Model: GRU
MSE: 8.722138066106693
MAE: 2.121319129549224
EVS: 0.5811266063220337
