Model: GRU
MSE: 9.999262098040962
MAE: 2.3575048282228668
EVS: 0.5532492909375627
