Model: GRU
MSE: 9.982460436673364
MAE: 2.072795374640103
EVS: 0.5353848602180253
