Model: GRU
MSE: 8.912363905440127
MAE: 1.8514658500408303
EVS: 0.5687857489109849
