Model: GRU
MSE: 9.557762189855787
MAE: 2.339991405092437
EVS: 0.5651509359043931
