Model: GRU
MSE: 12.728828041339382
MAE: 2.9614808066137908
EVS: 0.5552294033492362
