Model: GRU
MSE: 389.73192498333026
MAE: 19.172173738479614
EVS: -0.11432740744885583
