Model: GRU
MSE: 13.301819867949462
MAE: 3.069334523431186
EVS: 0.5862782807091157
