Model: GRU
MSE: 21.542752143160968
MAE: 4.137025043882173
EVS: 0.5604917351321071
