Model: GRU
MSE: 12.157890198859146
MAE: 2.869100332260132
EVS: 0.562001937245311
