Model: GRU
MSE: 11.830263073364536
MAE: 2.8276148828966865
EVS: 0.5938429223811179
