Model: GRU
MSE: 9.167550326912728
MAE: 2.2932711634142646
EVS: 0.5741596493776028
