Model: GRU
MSE: 1979.464118237975
MAE: 44.262024386175746
EVS: -0.022687553399682425
