Model: GRU
MSE: 17.255378552641904
MAE: 3.617026526352455
EVS: 0.5526751883111836
