Model: GRU
MSE: 9.049105996945764
MAE: 1.9498708083711822
EVS: 0.5449670282128716
