Model: GRU
MSE: 10.505521482810806
MAE: 2.4914936443855025
EVS: 0.567992675062738
