Model: GRU
MSE: 13.881062537641888
MAE: 3.0718567782434922
EVS: 0.549200628370976
