Model: GRU
MSE: 8.723156633290508
MAE: 2.024025867725241
EVS: 0.5654195135131035
