Model: GRU
MSE: 6136.2675437783555
MAE: 78.20922720021215
EVS: 0.01517754609963995
