Model: GRU
MSE: 14.328125703454644
MAE: 3.193312250334641
EVS: 0.5783009063255156
