Model: GRU
MSE: 23.47402201160119
MAE: 4.290753364562988
EVS: 0.038401140176184345
