Model: GRU
MSE: 9.308229092032223
MAE: 2.2976731760748503
EVS: 0.5598208117846621
