Model: GRU
MSE: 11.134520978339284
MAE: 2.1896552875124176
EVS: 0.46561932098297143
