Model: GRU
MSE: 48.37007729972858
MAE: 6.268185942513602
EVS: 0.0014262218140371763
