Model: GRU
MSE: 11.04861206955095
MAE: 2.4640328801911453
EVS: 0.48288133912923514
