Model: GRU
MSE: 9.180000591013266
MAE: 2.1454706027589996
EVS: 0.5630168267430151
