Model: GRU
MSE: 9.007466269118705
MAE: 2.0997535606910445
EVS: 0.5575172337719332
