Model: GRU
MSE: 10.406069232924668
MAE: 2.398470689510477
EVS: 0.5639017553835769
