Model: GRU
MSE: 10.997714207269382
MAE: 2.559254218792093
EVS: 0.5656295139470348
