Model: GRU
MSE: 8.598182121115581
MAE: 1.903786774339347
EVS: 0.5769693166548417
