Model: GRU
MSE: 12.172344252140858
MAE: 2.8186557868431352
EVS: 0.5905363014101357
