Model: GRU
MSE: 12.536110530153039
MAE: 2.8772727538799416
EVS: 0.5689624383672647
