Model: GRU
MSE: 9.037827665407193
MAE: 2.163131648096545
EVS: 0.5736120397864397
