Model: GRU
MSE: 47.71166607177459
MAE: 6.3050171753455855
EVS: 0.0
