Model: GRU
MSE: 10.04902929700392
MAE: 2.299149069292792
EVS: 0.5379434696478649
