Model: GRU
MSE: 13.015271233942485
MAE: 2.890542852467504
EVS: 0.537326022151426
