Model: GRU
MSE: 13.797754082799312
MAE: 2.9571782473860115
EVS: 0.34658225648988705
