Model: GRU
MSE: 18.16281257522991
MAE: 3.6381197140134613
EVS: 0.530974590195195
