Model: GRU
MSE: 21.581667140568378
MAE: 4.131720082513217
EVS: 0.5533232464540481
