Model: GRU
MSE: 11.612964777467576
MAE: 2.734122399626107
EVS: 0.49287238148510126
