Model: GRU
MSE: 8.761365532350526
MAE: 1.94617485177928
EVS: 0.5609578362433255
