Model: GRU
MSE: 1685.9077412544918
MAE: 40.78054779973523
EVS: -0.14927551819240614
