Model: GRU
MSE: 12.613953068493018
MAE: 2.881101526063064
EVS: 0.601777499281372
