Model: GRU
MSE: 10.120962579611849
MAE: 2.4619082089128166
EVS: 0.5463030749553259
