Model: GRU
MSE: 15.798147821437295
MAE: 3.4499156392853836
EVS: 0.546877166251661
