Model: GRU
MSE: 10.05894371996325
MAE: 2.34136989198882
EVS: 0.5547142204916262
