Model: GRU
MSE: 347.30084131423615
MAE: 18.08910426600226
EVS: -0.010007002360844064
