Model: GRU
MSE: 519.3091346683102
MAE: 22.3758529465774
EVS: 0.06314988187795711
