Model: GRU
MSE: 8.805650404599273
MAE: 1.7981151958991741
EVS: 0.5628597865254006
