Model: GRU
MSE: 65.54668044480495
MAE: 7.331578304027689
EVS: 0.1338365876850075
