Model: GRU
MSE: 10.467568412014822
MAE: 2.4708325369604704
EVS: 0.5666197319819737
