Model: GRU
MSE: 8.386574930452792
MAE: 2.068026641319538
EVS: 0.6166197822140538
