Model: GRU
MSE: 8.69943376344177
MAE: 1.9557217565076104
EVS: 0.5681729347874126
