Model: GRU
MSE: 344.0269001998951
MAE: 18.001568510614593
EVS: -0.00423832289607784
