Model: GRU
MSE: 20.318680388204488
MAE: 3.953850113112351
EVS: 0.5461696712898219
