Model: GRU
MSE: 50.05235095907944
MAE: 6.364273852315442
EVS: -0.21163376573603854
