Model: GRU
MSE: 17.680047397440685
MAE: 3.6819983926312676
EVS: 0.5597382524306695
