Model: GRU
MSE: 10.819325160841556
MAE: 2.473048210144043
EVS: 0.539204481098668
