Model: GRU
MSE: 13.246049555478306
MAE: 2.9708795958551866
EVS: 0.562855919315435
