Model: GRU
MSE: 23.46772337038385
MAE: 4.25015820305923
EVS: 0.3131156726226214
