Model: GRU
MSE: 11.493864870428533
MAE: 2.243524043900626
EVS: 0.5782937086369762
