Model: GRU
MSE: 829.8246388471769
MAE: 28.469864779505237
EVS: 0.02990570000270687
