Model: GRU
MSE: 3127.5259979999323
MAE: 55.627668380737305
EVS: -0.6638973746236423
