Model: GRU
MSE: 9.271717676035106
MAE: 2.319671088251574
EVS: 0.5602239394150959
