Model: GRU
MSE: 9.39587908813971
MAE: 2.211196726766126
EVS: 0.5512661387379725
