Model: GRU
MSE: 16.820111398711035
MAE: 3.5500347696501633
EVS: 0.571201272637816
