Model: GRU
MSE: 11.114132161028254
MAE: 2.468591311882282
EVS: 0.5501688042666637
