Model: GRU
MSE: 8.468401483937136
MAE: 1.9817512282009782
EVS: 0.5797062659635596
