Model: GRU
MSE: 10.294486453898006
MAE: 2.1689992115415375
EVS: 0.5350822978494085
