Model: GRU
MSE: 10.948623096000857
MAE: 2.5959493209575784
EVS: 0.5564515873020385
