Model: GRU
MSE: 9.711015175421032
MAE: 2.249140369481054
EVS: 0.5733044822110753
