Model: GRU
MSE: 13.500834563541487
MAE: 3.0510308002603463
EVS: 0.563069853618408
