Model: GRU
MSE: 3260.282540536621
MAE: 56.9296839483853
EVS: 0.0297956842380247
