Model: GRU
MSE: 11.578671619595866
MAE: 2.7073573655095595
EVS: 0.5692958674943208
