Model: GRU
MSE: 14.906210528356002
MAE: 3.1904050235090584
EVS: 0.573707653932958
