Model: GRU
MSE: 11.297698784104819
MAE: 2.6147410787385086
EVS: 0.5701096143665396
