Model: GRU
MSE: 3008.58388863832
MAE: 54.65492787854425
EVS: -0.07726985783907381
