Model: GRU
MSE: 15.015425117288292
MAE: 3.3639514692898453
EVS: 0.549648492500348
