Model: GRU
MSE: 9.472202603826096
MAE: 2.362571173700793
EVS: 0.5854275805354997
