Model: GRU
MSE: 9.420819388561878
MAE: 2.038407720368484
EVS: 0.5389743968998159
