Model: GRU
MSE: 9.276738502450806
MAE: 2.151788226489363
EVS: 0.5783055122483388
