Model: GRU
MSE: 19.7285051538231
MAE: 3.9123807282283387
EVS: 0.5604661854716767
