Model: GRU
MSE: 14.845830233215612
MAE: 3.198408439241607
EVS: 0.5744314983227594
