Model: GRU
MSE: 11.012370121812735
MAE: 2.570612405908519
EVS: 0.570946977383608
