Model: GRU
MSE: 10227.684070241614
MAE: 101.03250464077654
EVS: -0.01161254638282827
