Model: GRU
MSE: 10.345957396515905
MAE: 2.539108925852282
EVS: 0.5793778547892232
