Model: GRU
MSE: 10.608616367045208
MAE: 2.365870311342437
EVS: 0.5383468477764513
