Model: GRU
MSE: 13.780731778959668
MAE: 3.114754923458757
EVS: 0.5932869345793282
