Model: GRU
MSE: 338.5621629667245
MAE: 17.843513205133636
EVS: -0.014334200339001901
