Model: GRU
MSE: 13.656611862039085
MAE: 3.0640555496873527
EVS: 0.5662305972867713
