Model: GRU
MSE: 9.815633200024402
MAE: 1.97996003874417
EVS: 0.5074081633768914
