Model: GRU
MSE: 11.3377103631859
MAE: 2.7544651195920746
EVS: 0.5849194278489029
