Model: GRU
MSE: 338.0788396160674
MAE: 17.84518348554085
EVS: 0.012967894400084612
