Model: GRU
MSE: 1689.131593975348
MAE: 40.88831289883318
EVS: 0.13118102379901642
