Model: GRU
MSE: 17.364263173500476
MAE: 3.660374090589326
EVS: 0.5513364143809174
