Model: GRU
MSE: 8.859676912312446
MAE: 1.895395410471949
EVS: 0.5551830018607198
