Model: GRU
MSE: 9.33172123727907
MAE: 2.355117814294223
EVS: 0.5828397315635562
