Model: GRU
MSE: 10.703559233538307
MAE: 2.4780370531411005
EVS: 0.5539259110096951
