Model: GRU
MSE: 13.372769345033095
MAE: 3.052967277066461
EVS: 0.5816550336385821
