Model: GRU
MSE: 9567.55520699286
MAE: 97.66998764564251
EVS: -0.4144881693546876
