Model: GRU
MSE: 678.0055869369683
MAE: 25.572952369163776
EVS: -0.20836346656373972
