Model: GRU
MSE: 8.773935815489056
MAE: 2.090877730270912
EVS: 0.569411894760929
