Model: GRU
MSE: 648.2245798941063
MAE: 25.05256018145331
EVS: -0.03558561592971787
