Model: GRU
MSE: 11.106558674029747
MAE: 2.730920224354185
EVS: 0.5829687351972651
