Model: GRU
MSE: 9.865349885359732
MAE: 2.4497233094840216
EVS: 0.5792863116852759
