Model: GRU
MSE: 9.229989697924228
MAE: 1.917910016816238
EVS: 0.5388656109435985
