Model: GRU
MSE: 17.18447470858034
MAE: 3.5848628241440346
EVS: 0.5466666431122349
