Model: GRU
MSE: 10.587463396764774
MAE: 2.638988198905156
EVS: 0.5608397831484331
