Model: GRU
MSE: 12.499027527270716
MAE: 2.911285367505304
EVS: 0.5876658475635227
