Model: GRU
MSE: 346.6941418023883
MAE: 18.10370172919898
EVS: 0.047069043593888193
