Model: GRU
MSE: 10.055378057539299
MAE: 2.2739033781248947
EVS: 0.5265315571425601
