Model: GRU
MSE: 331.0945406153268
MAE: 17.626893195612677
EVS: -0.025194897286858975
