Model: GRU
MSE: 12.100457332727212
MAE: 2.7708343308547447
EVS: 0.5276026656386306
