Model: GRU
MSE: 8.72549170986783
MAE: 1.8890927166774356
EVS: 0.5645745517327887
