Model: GRU
MSE: 12.012300554596338
MAE: 2.774610502966519
EVS: 0.5656945701261904
