Model: GRU
MSE: 14.00393344155121
MAE: 3.171198614712419
EVS: 0.5745828063205816
