Model: GRU
MSE: 572.882797388146
MAE: 23.52439679770634
EVS: 0.020144412206934748
