Model: GRU
MSE: 10.521382521122538
MAE: 2.565556263101512
EVS: 0.5626712718187259
