Model: GRU
MSE: 12.195366640805316
MAE: 2.8463268444455903
EVS: 0.5359240928393874
