Model: GRU
MSE: 8.676239547114577
MAE: 2.0117360559003106
EVS: 0.5657023049014287
