Model: GRU
MSE: 9.19411437099135
MAE: 2.0009492019127153
EVS: 0.5411864874754216
