Model: GRU
MSE: 10.019970693439067
MAE: 2.409295386281507
EVS: 0.5362652055979156
