Model: GRU
MSE: 323.8110743651548
MAE: 17.467996449306092
EVS: 0.060643874574511925
