Model: GRU
MSE: 45.287686131519266
MAE: 6.140182149821315
EVS: 0.04932500276819396
