Model: GRU
MSE: 11.477344499185882
MAE: 2.7653070893780938
EVS: 0.5518738151795728
