Model: GRU
MSE: 798.9566115960912
MAE: 27.880012923273547
EVS: -0.08927538909755661
