Model: GRU
MSE: 14.574750415838967
MAE: 3.1888421486163963
EVS: 0.5595540845738496
