Model: GRU
MSE: 11.293856605455685
MAE: 2.662705816071609
EVS: 0.5530102624211776
