Model: GRU
MSE: 12.19140433288174
MAE: 2.7645787535042596
EVS: 0.5205064284884998
