Model: GRU
MSE: 49.64212286156362
MAE: 6.418518197947535
EVS: -0.00533202648357034
