Model: GRU
MSE: 8.98892195651339
MAE: 1.9890224358131146
EVS: 0.5492079176932481
