Model: GRU
MSE: 20.374891893319877
MAE: 3.9880829843981513
EVS: 0.5389238313424951
