Model: GRU
MSE: 9.357072241682161
MAE: 1.983955925908582
EVS: 0.5322242804073104
