Model: GRU
MSE: 10.814362846453859
MAE: 2.1377815460336618
EVS: 0.5223743917555653
