Model: GRU
MSE: 2343.3514236583123
MAE: 48.19001664786503
EVS: -0.05971854008708788
