Model: GRU
MSE: 20.252430641448775
MAE: 3.97059179996622
EVS: 0.5292118546962964
