Model: GRU
MSE: 1223.615018631617
MAE: 34.69264007436818
EVS: -0.007522616377318769
