Model: GRU
MSE: 2620.6588844869743
MAE: 50.9638043765364
EVS: -0.1741604563387995
