Model: GRU
MSE: 9.225678748227194
MAE: 1.8722163397690346
EVS: 0.5798071482673917
