Model: GRU
MSE: 10.855526980208063
MAE: 2.5725312561824403
EVS: 0.5628405053290431
