Model: GRU
MSE: 9.312634835529028
MAE: 2.130790685785228
EVS: 0.5395883973369756
