Model: GRU
MSE: 10.123424749329043
MAE: 2.5379604471140893
EVS: 0.5753793380490057
