Model: GRU
MSE: 395.32561477619873
MAE: 19.331568331554017
EVS: -0.08699187110274997
