Model: GRU
MSE: 513.7325886291678
MAE: 22.018761807474597
EVS: -0.4536107195708181
