Model: GRU
MSE: 9.244320666304215
MAE: 2.283783666018782
EVS: 0.5533637853157989
