Model: GRU
MSE: 9.545222495917129
MAE: 2.158175854847349
EVS: 0.544146007791577
