Model: GRU
MSE: 10.520828336501586
MAE: 2.6229129495291876
EVS: 0.5634128145587096
