Model: GRU
MSE: 787.9087313315524
MAE: 27.68601073889897
EVS: -0.07580117053265756
