Model: GRU
MSE: 8.418267423786444
MAE: 2.0254319371848273
EVS: 0.5971693024023034
