Model: GRU
MSE: 10.438170556916052
MAE: 2.409789743094609
EVS: 0.5364865208055953
