Model: GRU
MSE: 12.401479012619108
MAE: 2.872451034085504
EVS: 0.5717409864072298
