Model: GRU
MSE: 11.64512136435754
MAE: 2.822681550321908
EVS: 0.6052378964611312
