Model: GRU
MSE: 7789.20036441284
MAE: 88.11657136062095
EVS: -0.24057292301097766
