Model: GRU
MSE: 9.462623561141084
MAE: 2.257814958177764
EVS: 0.5601711862548432
