Model: GRU
MSE: 10.802415230530768
MAE: 2.6972931335712302
EVS: 0.5675292688537592
