Model: GRU
MSE: 27.754133370484773
MAE: 4.798899930098961
EVS: 0.10800211778457725
