Model: GRU
MSE: 13.273478710025403
MAE: 2.8117702418360215
EVS: 0.4669423552407935
