Model: GRU
MSE: 9.13119645941032
MAE: 1.8520995008534398
EVS: 0.543369312983352
