Model: GRU
MSE: 10.85786953990515
MAE: 2.653617793116076
EVS: 0.5758310975015157
