Model: GRU
MSE: 16.451326829540566
MAE: 3.5180362175250877
EVS: 0.5732395250885567
