Model: GRU
MSE: 17.9701319520974
MAE: 3.6806301084058037
EVS: 0.5925839227700672
