Model: GRU
MSE: 322.0335926208928
MAE: 17.33685878227497
EVS: -0.07949115057695932
