Model: GRU
MSE: 749.8309922407803
MAE: 27.017529619151148
EVS: 0.00010368647092828809
