Model: GRU
MSE: 13.645202173005687
MAE: 3.164816083579228
EVS: 0.5743717413240383
