Model: GRU
MSE: 8.960362867751208
MAE: 1.8258463432048928
EVS: 0.5498900773633495
