Model: GRU
MSE: 972.3301239956401
MAE: 30.873559951782227
EVS: 0.03684612850488256
