Model: GRU
MSE: 9.209428013322555
MAE: 1.86608703383084
EVS: 0.5374922840298584
