Model: GRU
MSE: 7329.628234176984
MAE: 85.49505154839878
EVS: -0.01700920055336219
