Model: GRU
MSE: 11.111047273522171
MAE: 2.7640356524237273
EVS: 0.5629925446195398
