Model: GRU
MSE: 9.451534668587023
MAE: 1.8856934843392208
EVS: 0.5250592349637428
