Model: GRU
MSE: 10.089359603248093
MAE: 2.4435088305637755
EVS: 0.5678660079502706
