Model: GRU
MSE: 11.564022592693885
MAE: 2.776523162578714
EVS: 0.5493963807660375
