Model: GRU
MSE: 18.81322853275132
MAE: 3.768989710972227
EVS: 0.5880759244787808
