Model: GRU
MSE: 9.743160046513474
MAE: 2.4650730511237837
EVS: 0.6040779481176513
