Model: GRU
MSE: 9.414915586504133
MAE: 2.0926798294330466
EVS: 0.5447633931554163
