Model: GRU
MSE: 4986.490876694612
MAE: 70.47798577670393
EVS: 0.027242576357632386
