Model: GRU
MSE: 1355.264966209346
MAE: 36.37747244999326
EVS: -0.6063676712674142
