Model: GRU
MSE: 10.176144057081004
MAE: 2.0093839990681617
EVS: 0.48945254915871417
