Model: GRU
MSE: 8.47222044679887
MAE: 1.9004581139005463
EVS: 0.5759077588795198
