Model: GRU
MSE: 9.44305833878098
MAE: 2.210905379262464
EVS: 0.5985237149581732
