Model: GRU
MSE: 372.25729808243136
MAE: 18.768390737730883
EVS: -0.005966955394776097
