Model: GRU
MSE: 14.563862352600507
MAE: 3.144416858410013
EVS: 0.5938247610831899
