Model: GRU
MSE: 9.260639362304921
MAE: 2.213686934832869
EVS: 0.5508470570838087
