Model: GRU
MSE: 12.837702223594166
MAE: 3.011298656463623
EVS: 0.5818504040340198
