Model: GRU
MSE: 6077.004300013368
MAE: 77.82687851478313
EVS: -0.004783893678043993
