Model: GRU
MSE: 8.051221558165711
MAE: 1.8132225809426143
EVS: 0.5969044274377524
