Model: GRU
MSE: 9.954788786418531
MAE: 2.3096468695278825
EVS: 0.5418367992305526
