Model: GRU
MSE: 8.634538329805125
MAE: 1.9890934434430352
EVS: 0.5693334316638943
