Model: GRU
MSE: 16.6352341078629
MAE: 3.5687619077748267
EVS: 0.5382688776232103
