Model: GRU
MSE: 10.006542226856261
MAE: 2.019911124788482
EVS: 0.5058519129051862
