Model: GRU
MSE: 9.516764028774137
MAE: 2.162376255824648
EVS: 0.5490687081718633
