Model: GRU
MSE: 25.355273182534713
MAE: 4.477802679456514
EVS: 0.5786672160801583
