Model: GRU
MSE: 12.19863265900695
MAE: 2.8494330439074287
EVS: 0.5748072687181509
