Model: GRU
MSE: 354.7099524798626
MAE: 18.276947531206854
EVS: -0.03907212194123377
