Model: GRU
MSE: 13.46022873796635
MAE: 3.057195836100085
EVS: 0.5670905825999497
