Model: GRU
MSE: 376.7756674331705
MAE: 18.8849154669663
EVS: -0.0125458083772374
