Model: GRU
MSE: 509.3875169230247
MAE: 22.09775812872525
EVS: -0.05986353904110486
