Model: GRU
MSE: 9.529305676685407
MAE: 2.159139107013571
EVS: 0.5351973034650928
