Model: GRU
MSE: 9.23109946703268
MAE: 1.9031524658203125
EVS: 0.5678293127352897
