Model: GRU
MSE: 399.3044070120876
MAE: 19.43328103525885
EVS: -0.08879788195436111
