Model: GRU
MSE: 12.295777134416955
MAE: 2.8037286133601746
EVS: 0.5755098723529974
