Model: GRU
MSE: 12.575875584627202
MAE: 2.8811781899682405
EVS: 0.5293325509810864
