Model: GRU
MSE: 14.914028028824214
MAE: 3.2757957968218574
EVS: 0.5838476673497064
