Model: GRU
MSE: 16.833883159086863
MAE: 3.5602314063480924
EVS: 0.601745563583373
