Model: GRU
MSE: 10.94594946501242
MAE: 2.2920845377034156
EVS: 0.556722189853351
