Model: GRU
MSE: 10.585718444166368
MAE: 2.417130166086657
EVS: 0.5168869874101264
