Model: GRU
MSE: 14.294711642844117
MAE: 3.041558339678008
EVS: 0.574355840156425
