Model: GRU
MSE: 9.0697104422902
MAE: 2.1283269092954438
EVS: 0.5686972707331245
