Model: GRU
MSE: 10.35673166029467
MAE: 2.334469301947232
EVS: 0.5471399804998607
