Model: GRU
MSE: 13.84431463054803
MAE: 3.0853379348228716
EVS: 0.5539578532651712
