Model: GRU
MSE: 8.077982585286644
MAE: 1.7895929402318493
EVS: 0.5966946717316715
