Model: GRU
MSE: 9.853099142134758
MAE: 2.3301737555142106
EVS: 0.5531410869298569
