Model: GRU
MSE: 366.47993514271633
MAE: 18.59456202901643
EVS: -0.04204186108102492
