Model: GRU
MSE: 10.159073986871386
MAE: 2.533799812711518
EVS: 0.5188636373123642
