Model: GRU
MSE: 12.105488701417087
MAE: 2.8632475918736953
EVS: 0.5952081244087821
