Model: GRU
MSE: 11.616292003500321
MAE: 2.713305004711809
EVS: 0.5492909659727997
