Model: GRU
MSE: 10.019038100140447
MAE: 2.4681815690007705
EVS: 0.5503188884181989
