Model: GRU
MSE: 8.811822317332203
MAE: 1.888151818308337
EVS: 0.5666595768486848
