Model: GRU
MSE: 16.936940432360533
MAE: 3.5345693292288947
EVS: 0.5860674517317974
