Model: GRU
MSE: 312.27826921635767
MAE: 17.09193482583967
EVS: -0.012968106709435823
