Model: GRU
MSE: 12.143652705491764
MAE: 2.731568624233377
EVS: 0.5460809361174237
