Model: GRU
MSE: 10.974646707220849
MAE: 2.631173775113862
EVS: 0.5599911688979305
