Model: GRU
MSE: 10.076457910671882
MAE: 2.396039395496763
EVS: 0.5724036486884381
