Model: GRU
MSE: 10.3544845510259
MAE: 2.440382957458496
EVS: 0.5521205671438891
