Model: GRU
MSE: 363.6810121466591
MAE: 18.56992317068166
EVS: 0.05265886038782608
