Model: GRU
MSE: 32.24180197474483
MAE: 5.169350722740436
EVS: 0.005811973915027635
