Model: GRU
MSE: 15.17007579733709
MAE: 3.166304785629799
EVS: 0.536641796431752
