Model: GRU
MSE: 10.095676851075774
MAE: 2.3641371480349838
EVS: 0.5638191388636127
