Model: GRU
MSE: 8.679111584157955
MAE: 1.8732408490674248
EVS: 0.5637887079143435
