Model: GRU
MSE: 610.666275558097
MAE: 24.192583010114472
EVS: -0.2765269355925486
