Model: GRU
MSE: 339.87789419807774
MAE: 17.88638132193993
EVS: -0.0034752815201049003
