Model: GRU
MSE: 302.87201422176804
MAE: 16.861694436648797
EVS: 0.06692460168288117
