Model: GRU
MSE: 22.16658228969766
MAE: 4.129918723270811
EVS: 0.5762056408406353
