Model: GRU
MSE: 9.17357220718723
MAE: 1.8890399932861328
EVS: 0.5406694519670373
