Model: GRU
MSE: 8.938807462847386
MAE: 2.2644079800309806
EVS: 0.5745332397877423
