Model: GRU
MSE: 9.413965618723026
MAE: 1.83633252670025
EVS: 0.529862637991326
