Model: GRU
MSE: 9.638931501660188
MAE: 2.3164030930091597
EVS: 0.5391358619764799
