Model: GRU
MSE: 14.60973564070254
MAE: 3.2176368400968354
EVS: 0.5696954506772387
