Model: GRU
MSE: 13.210378698377855
MAE: 2.778787719792333
EVS: 0.5138211528848711
