Model: GRU
MSE: 9.997245256336484
MAE: 2.353624754938586
EVS: 0.5655780458302468
