Model: GRU
MSE: 9.146593828830442
MAE: 1.8225970432676117
EVS: 0.540109884935708
