Model: GRU
MSE: 18.4206463620731
MAE: 3.7653691604219635
EVS: 0.58268545835372
