Model: GRU
MSE: 310.49366828135777
MAE: 17.005133550742578
EVS: -0.07205788669309388
