Model: GRU
MSE: 9.6119779986419
MAE: 2.0055577179481245
EVS: 0.5174672075010656
