Model: GRU
MSE: 16.032173150921945
MAE: 3.405831287647116
EVS: 0.5236057558033158
