Model: GRU
MSE: 15.557015666156856
MAE: 3.3450120153098273
EVS: 0.5929256381575446
