Model: GRU
MSE: 5783.26471359008
MAE: 75.91344557137325
EVS: -0.026518340478412172
