Model: GRU
MSE: 11.109783652669675
MAE: 2.5911692504225106
EVS: 0.5606799757464475
