Model: GRU
MSE: 9.919336308384397
MAE: 2.454767366935467
EVS: 0.5538032541845688
