Model: GRU
MSE: 3210.9826830364905
MAE: 56.49063149813948
EVS: 0.0047727427289082636
