Model: GRU
MSE: 1129.1573716470807
MAE: 33.04382279823567
EVS: -0.8989172574048505
