Model: GRU
MSE: 6.349429181228371
MAE: 2.0104287492817847
EVS: 0.773153524198416
