Model: GRU
MSE: 3.6126601691726314
MAE: 1.1304750134204995
EVS: 0.8166607806448353
