Model: GRU
MSE: 5.6675436678438
MAE: 1.72605810905325
EVS: 0.7565021172203593
