Model: GRU
MSE: 19.626360175614913
MAE: 3.7917838918751685
EVS: 0.0
