Model: GRU
MSE: 19.112788018587988
MAE: 3.822652553689891
EVS: 0.09931700782801056
