Model: GRU
MSE: 4.612089250923005
MAE: 1.571753871851954
EVS: 0.8068256823723675
