Model: GRU
MSE: 198.0772717685532
MAE: 13.201848223291595
EVS: -0.21225259823049392
