Model: GRU
MSE: 4.187046965350721
MAE: 1.3934894512439597
EVS: 0.8078185523690444
