Model: GRU
MSE: 5521.725875916864
MAE: 74.17615864194673
EVS: 0.0
