Model: GRU
MSE: 4.096257845719994
MAE: 1.3232671412928352
EVS: 0.8293642270098472
