Model: GRU
MSE: 4.629165157633414
MAE: 1.5897557406589902
EVS: 0.8467388945534814
