Model: GRU
MSE: 199.65372370330724
MAE: 13.230318973804343
EVS: -0.2542386844714093
