Model: GRU
MSE: 3.4707513050019205
MAE: 1.1967328211356854
EVS: 0.8268492368964075
