Model: GRU
MSE: 193.639597465268
MAE: 13.08657469009531
EVS: -0.14053630956561336
