Model: GRU
MSE: 3.5958181574141443
MAE: 1.140623898341738
EVS: 0.8207603789058142
