Model: GRU
MSE: 3.343538927243224
MAE: 1.124610946096223
EVS: 0.8309491856867042
