Model: GRU
MSE: 4.848486904506972
MAE: 1.5537898581603478
EVS: 0.792899128233464
