Model: GRU
MSE: 4.090832576057793
MAE: 1.162344831844856
EVS: 0.7974353967710531
