Model: GRU
MSE: 4.376945940074025
MAE: 1.568185937815699
EVS: 0.8190001423063581
