Model: GRU
MSE: 4.799661043057073
MAE: 1.4525630391877273
EVS: 0.8022623381795149
