Model: GRU
MSE: 3.4038796053076954
MAE: 1.049096313016168
EVS: 0.8265841615481075
