Model: GRU
MSE: 5.597271356651081
MAE: 1.7872032358728607
EVS: 0.7744403545089891
