Model: GRU
MSE: 4.180793214379515
MAE: 1.2444201111793518
EVS: 0.8104554605096846
