Model: GRU
MSE: 3.3115692655828406
MAE: 1.0867190936516071
EVS: 0.8314730359317404
