Model: GRU
MSE: 3.3171192185421923
MAE: 1.0600321827263668
EVS: 0.8403262022346405
