Model: GRU
MSE: 4.8743000543405595
MAE: 1.7037520326417068
EVS: 0.8145817715011494
