Model: GRU
MSE: 320.01159723192376
MAE: 17.23340257282915
EVS: -0.17316438571599369
