Model: GRU
MSE: 3.5185635589087214
MAE: 1.0802712276064117
EVS: 0.8209042135645594
