Model: GRU
MSE: 3.3284778715525296
MAE: 1.0788587126238594
EVS: 0.832159408184192
