Model: GRU
MSE: 3.7639730153877107
MAE: 1.1476600868948574
EVS: 0.8133711165037398
