Model: GRU
MSE: 4.032763743857356
MAE: 1.3948212800354793
EVS: 0.8224201429347319
