Model: GRU
MSE: 3.5799893481590304
MAE: 1.0789787111611202
EVS: 0.826943837817068
