Model: GRU
MSE: 3.663362824325685
MAE: 1.208342461750425
EVS: 0.8153411388090619
