Model: GRU
MSE: 26.500960717017044
MAE: 3.8898564700422615
EVS: 0.17533916830507057
