Model: GRU
MSE: 5.035396338379022
MAE: 1.6879041318235726
EVS: 0.8017313029199236
