Model: GRU
MSE: 2988.3679277938077
MAE: 53.78369157067661
EVS: -3.8759450084741074
