Model: GRU
MSE: 3.723245509986984
MAE: 1.1477527412874946
EVS: 0.8253657543759217
