Model: GRU
MSE: 4.791908517018937
MAE: 1.4248556227519595
EVS: 0.8150143393298422
