Model: GRU
MSE: 19.62509810304167
MAE: 3.794945420890019
EVS: 0.0
