Model: GRU
MSE: 3.943066827183113
MAE: 1.267566257509692
EVS: 0.8140981867726756
