Model: GRU
MSE: 6.179559656139112
MAE: 1.8903501506509452
EVS: 0.8232617774909191
