Model: GRU
MSE: 4.697798709956182
MAE: 1.2358913586057465
EVS: 0.7706001725388828
