Model: GRU
MSE: 7860.462711019072
MAE: 88.49303804594895
EVS: -0.5005035249997789
