Model: GRU
MSE: 3.417677017806108
MAE: 1.2259362894913246
EVS: 0.8510288923330902
