Model: GRU
MSE: 3.69968221767535
MAE: 1.07066168456242
EVS: 0.8115443429568627
