Model: GRU
MSE: 3.945127770444799
MAE: 1.227445271508447
EVS: 0.8041354103304552
