Model: GRU
MSE: 4.082906349807066
MAE: 1.2469197408906345
EVS: 0.7991189982084069
