Model: GRU
MSE: 3.7807645759008133
MAE: 1.2308742671177304
EVS: 0.8180455809958291
