Model: GRU
MSE: 3.7712168074028414
MAE: 1.3894318308149065
EVS: 0.8194658092056593
