Model: GRU
MSE: 3.7171166238689684
MAE: 1.1006933039632336
EVS: 0.824875673336295
