Model: GRU
MSE: 3.7636479082792773
MAE: 1.2206005269083484
EVS: 0.8235356966865391
