Model: GRU
MSE: 3.055853342525175
MAE: 1.025058470923325
EVS: 0.8538055567547219
