Model: GRU
MSE: 20.20494949865892
MAE: 3.9890739835541824
EVS: 0.0
