Model: GRU
MSE: 205.5772651756497
MAE: 13.635692386791623
EVS: -0.0011105774559712067
