Model: GRU
MSE: 3.890968984124255
MAE: 1.4236670526964912
EVS: 0.8286727116403126
