Model: GRU
MSE: 3.911080122274324
MAE: 1.2380255501845787
EVS: 0.8100769381019265
