Model: GRU
MSE: 5.514136098832704
MAE: 1.4238209559999664
EVS: 0.7192412019060004
