Model: GRU
MSE: 4.071288046978583
MAE: 1.2580049695639774
EVS: 0.7933022226490976
