Model: GRU
MSE: 5.628066861689413
MAE: 1.4090684590668514
EVS: 0.713199852297161
