Model: GRU
MSE: 3.407107257381717
MAE: 1.0744471693861073
EVS: 0.826821430227161
