Model: GRU
MSE: 4.964046217301808
MAE: 1.593876600265503
EVS: 0.8335215783945712
