Model: GRU
MSE: 3.9499568853335103
MAE: 1.2620461768117444
EVS: 0.8251302224217054
