Model: GRU
MSE: 4.614286069124982
MAE: 1.4841291082316432
EVS: 0.7899796755163383
