Model: GRU
MSE: 350.8245703905455
MAE: 17.97445448513689
EVS: -0.4138021839500796
