Model: GRU
MSE: 3.195157322548571
MAE: 1.084987788364805
EVS: 0.8381738472700508
