Model: GRU
MSE: 4.279046847307209
MAE: 1.2551843256785953
EVS: 0.7855868675085985
