Model: GRU
MSE: 3.646489542238846
MAE: 1.1493272020899017
EVS: 0.8142568330647444
