Model: GRU
MSE: 4.927660292405554
MAE: 1.6533607450024834
EVS: 0.8379636363601533
