Model: GRU
MSE: 5.982820260825008
MAE: 1.9985059951913768
EVS: 0.7988237869912946
