Model: GRU
MSE: 4.85471014083966
MAE: 1.374517457238559
EVS: 0.7907954891038683
