Model: GRU
MSE: 5.463555712941229
MAE: 1.850097056092887
EVS: 0.7977405889267953
