Model: GRU
MSE: 5.429969359723483
MAE: 1.8455060268270558
EVS: 0.814366579754446
