Model: GRU
MSE: 900.1723476989097
MAE: 29.590552741083606
EVS: -0.252157115965999
