Model: GRU
MSE: 4.846603508368382
MAE: 1.5508215838465198
EVS: 0.7801287075780271
