Model: GRU
MSE: 789.8163509467119
MAE: 27.697195464167102
EVS: -0.15585244010544974
