Model: GRU
MSE: 3.9780846279957074
MAE: 1.2096252564726204
EVS: 0.8120315976783606
