Model: GRU
MSE: 3.5642855611147004
MAE: 1.1298082244807277
EVS: 0.824381921087798
