Model: GRU
MSE: 3.2458957375419613
MAE: 1.031218302660975
EVS: 0.8380982831953389
