Model: GRU
MSE: 3.313297929433863
MAE: 1.1153759545293347
EVS: 0.834863742875239
