Model: GRU
MSE: 6.209343010857918
MAE: 1.8638847038663666
EVS: 0.7167433108363591
