Model: GRU
MSE: 3.3423780274745036
MAE: 1.149084677015032
EVS: 0.8156240696292902
