Model: GRU
MSE: 3.9575019862465566
MAE: 1.3892585162458748
EVS: 0.8206584163152357
