Model: GRU
MSE: 3.280612116993682
MAE: 1.1030352937764134
EVS: 0.8371562354874137
