Model: GRU
MSE: 4.728796275987336
MAE: 1.6356587738826358
EVS: 0.8023753491453649
