Model: GRU
MSE: 4.801543728259737
MAE: 1.3082275842798168
EVS: 0.7594886850618446
