Model: GRU
MSE: 5.726472263930348
MAE: 1.9453519952708278
EVS: 0.8026085571743823
