Model: GRU
MSE: 3.5070240260894
MAE: 1.1125221540187966
EVS: 0.825501059578976
