Model: GRU
MSE: 5.302606146852478
MAE: 1.8194063038661563
EVS: 0.8101050865460209
