Model: GRU
MSE: 3.951026351117766
MAE: 1.4688632899317249
EVS: 0.8377591443815138
