Model: GRU
MSE: 4.842583299699425
MAE: 1.6892234045883705
EVS: 0.8088050243907111
