Model: GRU
MSE: 321.87789206344826
MAE: 17.300896093763154
EVS: -0.14949125027336518
