Model: GRU
MSE: 7.113797525788377
MAE: 1.912219187309002
EVS: 0.7922247491766217
