Model: GRU
MSE: 3.737511659641888
MAE: 1.1016711489907627
EVS: 0.8109327877570284
