Model: GRU
MSE: 4.117267450811741
MAE: 1.325478601044622
EVS: 0.826426509222248
