Model: GRU
MSE: 6.892293993055132
MAE: 2.144563557772801
EVS: 0.7862601652157063
