Model: GRU
MSE: 4.292044028624646
MAE: 1.5114213187119057
EVS: 0.820862584981128
