Model: GRU
MSE: 9.739103786234226
MAE: 2.78818770523729
EVS: 0.794950403594755
