Model: GRU
MSE: 3.8381114879302336
MAE: 1.16315220964366
EVS: 0.8232520076958908
