Model: GRU
MSE: 3.698735892711273
MAE: 1.1222366546762401
EVS: 0.8115967693464071
