Model: GRU
MSE: 6.136617021913365
MAE: 1.9420600718465344
EVS: 0.782664521099286
