Model: GRU
MSE: 4.233448231933561
MAE: 1.232516782037143
EVS: 0.7971208153946218
