Model: GRU
MSE: 3.6751783030247314
MAE: 1.0888050178001667
EVS: 0.812781708970208
