Model: GRU
MSE: 4.251870422703176
MAE: 1.4562026673349842
EVS: 0.8129266565163755
