Model: GRU
MSE: 3.8694111351760894
MAE: 1.2012292845495816
EVS: 0.8204009199834265
