Model: GRU
MSE: 3.3362326411386496
MAE: 1.0327936472563908
EVS: 0.8300234963935877
