Model: GRU
MSE: 3.3542636860305093
MAE: 0.9884522105085438
EVS: 0.8299769500696389
