Model: GRU
MSE: 4.589935672559191
MAE: 1.6305827190136086
EVS: 0.8273623802184489
