Model: GRU
MSE: 4.071885417047168
MAE: 1.2383622136609307
EVS: 0.7973070269655619
