Model: GRU
MSE: 4.645854588105342
MAE: 1.4128350204434887
EVS: 0.8065868871966654
