Model: GRU
MSE: 3.8734869350617283
MAE: 1.0944096271334023
EVS: 0.8076737448801569
