Model: GRU
MSE: 4.6979743368836155
MAE: 1.6301677761406734
EVS: 0.8221964970927109
