Model: GRU
MSE: 3.7444067392591562
MAE: 1.1904213181857406
EVS: 0.8248001133877502
