Model: GRU
MSE: 4.64798363204797
MAE: 1.4514219514254867
EVS: 0.7850682785693943
