Model: GRU
MSE: 3.3939443843682353
MAE: 0.9916363903160753
EVS: 0.8270833004912997
