Model: GRU
MSE: 4.08685701841446
MAE: 1.2367063185264324
EVS: 0.7993141848694976
