Model: GRU
MSE: 4.0566275445942885
MAE: 1.3952772452913482
EVS: 0.8117034867408718
