Model: GRU
MSE: 3.762076197908375
MAE: 1.3489229679107666
EVS: 0.8314597964884756
