Model: GRU
MSE: 3.304485532305654
MAE: 1.0513294030880105
EVS: 0.8320720305380797
