Model: GRU
MSE: 4.54104469944441
MAE: 1.4187908501460635
EVS: 0.7809948630774755
