Model: GRU
MSE: 3.7799460504375175
MAE: 1.1825664310619748
EVS: 0.8119029929594677
