Model: GRU
MSE: 4.0821514528117016
MAE: 1.2011379846211137
EVS: 0.7920301477308688
