Model: GRU
MSE: 304.24296020852125
MAE: 16.82224437286114
EVS: -0.08315033752801271
