Model: GRU
MSE: 3.3361684691769358
MAE: 1.0848161269878518
EVS: 0.8359224795897483
