Model: GRU
MSE: 20.184835725316415
MAE: 3.9870980196985704
EVS: 0.003992052661868195
