Model: GRU
MSE: 13.209742578902576
MAE: 2.9761507839992127
EVS: 0.6053112198010292
