Model: GRU
MSE: 4.272526290308776
MAE: 1.4490027304353386
EVS: 0.8115953674686442
