Model: GRU
MSE: 3.420939732361692
MAE: 1.1470950883010338
EVS: 0.8321669679498969
