Model: GRU
MSE: 172.22633952385138
MAE: 12.220216245486819
EVS: -0.16660187428816609
