Model: GRU
MSE: 8.110381714709563
MAE: 2.1085947135399126
EVS: 0.6042528905655911
