Model: GRU
MSE: 11.671144524373227
MAE: 3.1171672344207764
EVS: 0.7759756044573949
