Model: GRU
MSE: 4.939568739925017
MAE: 1.580276366965524
EVS: 0.7861935828914457
