Model: GRU
MSE: 4.433606420534801
MAE: 1.6193115949630736
EVS: 0.8020236819511245
