Model: GRU
MSE: 4.3857190016830545
MAE: 1.4434148936436093
EVS: 0.7991139448675366
