Model: GRU
MSE: 4.548686696943242
MAE: 1.4441753995829616
EVS: 0.7867088331237152
