Model: GRU
MSE: 5.911341362875734
MAE: 1.6469495337584923
EVS: 0.7006032288546955
