Model: GRU
MSE: 4.174207887460232
MAE: 1.1431043970173802
EVS: 0.7914368097472947
