Model: GRU
MSE: 4.556529722833941
MAE: 1.5415003094179878
EVS: 0.8021373603649548
