Model: GRU
MSE: 9.858509462288467
MAE: 2.75418588621863
EVS: 0.7669425514799633
