Model: GRU
MSE: 3.3038231440858294
MAE: 1.0983940239610344
EVS: 0.8316383815953566
