Model: GRU
MSE: 195.3277198525287
MAE: 13.215897181938434
EVS: -0.053223108530488616
