Model: GRU
MSE: 4.365838034377777
MAE: 1.4922186835058804
EVS: 0.8056847396067628
