Model: GRU
MSE: 4.487549254446
MAE: 1.567361700123754
EVS: 0.8187935431080064
