Model: GRU
MSE: 4.402218511312977
MAE: 1.1936612807471176
EVS: 0.7869300983372167
