Model: GRU
MSE: 3.408027394857198
MAE: 1.0808489898155476
EVS: 0.8269292289299741
