Model: GRU
MSE: 5.3991074092673985
MAE: 1.6839117510565396
EVS: 0.7719857970408829
