Model: GRU
MSE: 4.322706512268635
MAE: 1.2447965145111084
EVS: 0.8010344299741963
