Model: GRU
MSE: 3.8716601080364934
MAE: 1.0614879984280159
EVS: 0.8096398862317107
