Model: GRU
MSE: 3.889645834423305
MAE: 1.225695067438586
EVS: 0.8091608415563365
