Model: GRU
MSE: 4.068559447335797
MAE: 1.3255164499940544
EVS: 0.8047642285342989
