Model: GRU
MSE: 286.97491463807967
MAE: 16.11094436974361
EVS: -0.3969258633761492
