Model: GRU
MSE: 3.712038729770961
MAE: 1.102563202381134
EVS: 0.8111197835691056
