Model: GRU
MSE: 3.215953635535867
MAE: 1.0421904119951972
EVS: 0.8370909916837752
