Model: GRU
MSE: 4.322854255388053
MAE: 1.4291305007605717
EVS: 0.8007612953521623
