Model: GRU
MSE: 4.203209593811378
MAE: 1.3903231559128597
EVS: 0.8040748945156927
