Model: GRU
MSE: 5.009177817788128
MAE: 1.4839109059037834
EVS: 0.7696862366852247
