Model: GRU
MSE: 4.980114911814867
MAE: 1.7300322795736378
EVS: 0.8120949504122461
