Model: GRU
MSE: 5.210750805364696
MAE: 1.7434796341534318
EVS: 0.8087969320141729
