Model: GRU
MSE: 18.484836219691676
MAE: 3.550242884405728
EVS: 0.544134980660629
