Model: GRU
MSE: 3.4903316594550127
MAE: 1.0834455818965518
EVS: 0.8250587564624062
