Model: GRU
MSE: 3.8039324420333456
MAE: 1.1780923152792042
EVS: 0.8143844363474244
