Model: GRU
MSE: 3.2118630793222804
MAE: 1.108491848255026
EVS: 0.838314521540656
