Model: GRU
MSE: 5.157842559214895
MAE: 1.480299374152874
EVS: 0.8072365079517083
