Model: GRU
MSE: 26.558688095922975
MAE: 3.9318983472626785
EVS: -0.05562933818870741
