Model: GRU
MSE: 3.9973789971784264
MAE: 1.3416608859752785
EVS: 0.8389803809520164
