Model: GRU
MSE: 595.6045066857833
MAE: 23.730984778239808
EVS: -0.6533794317093535
