Model: GRU
MSE: 4.986646491912251
MAE: 1.5773999362156308
EVS: 0.8226414068299488
