Model: GRU
MSE: 3.694105312879178
MAE: 1.2072773226376237
EVS: 0.8144660040418467
