Model: GRU
MSE: 4.062423716018054
MAE: 1.3337260279162177
EVS: 0.806453348877616
