Model: GRU
MSE: 4.317268663527696
MAE: 1.2300450185249592
EVS: 0.7823031650795733
