Model: GRU
MSE: 4.168871298421682
MAE: 1.3327069940238163
EVS: 0.7948626753338652
