Model: GRU
MSE: 4.374854727425692
MAE: 1.263092850816661
EVS: 0.8034618893374044
