Model: GRU
MSE: 18.98497424868991
MAE: 3.7493152618408203
EVS: 0.035788168530356934
