Model: GRU
MSE: 3.9505893821012497
MAE: 1.3494136744532093
EVS: 0.8164675696228446
