Model: GRU
MSE: 3.0237562249536922
MAE: 1.014462997173441
EVS: 0.8461445060170684
