Model: GRU
MSE: 3.4207854621734426
MAE: 1.107713904874078
EVS: 0.8364626667254057
