Model: GRU
MSE: 3582.3638549588372
MAE: 59.67724451525458
EVS: -0.06966068158230554
