Model: GRU
MSE: 3.5750616480154633
MAE: 1.075841319972071
EVS: 0.8182414330003955
