Model: GRU
MSE: 4.3541175423403535
MAE: 1.150904626681887
EVS: 0.7784079137528757
