Model: GRU
MSE: 4.74149795689594
MAE: 1.5294367527139598
EVS: 0.7878266037775956
