Model: GRU
MSE: 245.74988723485603
MAE: 14.88844961544563
EVS: -0.22731015970583002
