Model: GRU
MSE: 4.7675268341987485
MAE: 1.4784232747965846
EVS: 0.7768474631503021
