Model: GRU
MSE: 4.339559211157641
MAE: 1.4106208127120445
EVS: 0.7990662749853916
