Model: GRU
MSE: 4.146863838471483
MAE: 1.1511008246191616
EVS: 0.8130402992906858
