Model: GRU
MSE: 1894.5676609607065
MAE: 43.30010223388672
EVS: -0.0023157319833480017
