Model: GRU
MSE: 4.262607748733663
MAE: 1.5293551395679343
EVS: 0.8203233638371876
