Model: GRU
MSE: 191.4543969599002
MAE: 13.14362202019527
EVS: 0.047074897170784835
