Model: GRU
MSE: 3.4916563748750598
MAE: 1.0966674212751717
EVS: 0.8327636255553341
