Model: GRU
MSE: 4.512381694112343
MAE: 1.182774017597067
EVS: 0.7897570657837432
