Model: GRU
MSE: 202.61020963784856
MAE: 13.34595449628501
EVS: -0.24829294919541645
