Model: GRU
MSE: 5.412690911751605
MAE: 1.7000524751071273
EVS: 0.7769178911702419
