Model: GRU
MSE: 22.606159059625778
MAE: 3.6999275602143387
EVS: 0.06490894584078721
