Model: GRU
MSE: 3.1951841978981297
MAE: 1.060789132940358
EVS: 0.8426319401177498
