Model: GRU
MSE: 4.268198797973483
MAE: 1.2876554028741245
EVS: 0.8070821957581881
