Model: GRU
MSE: 3.2406527164264314
MAE: 1.1014990971006196
EVS: 0.8349800090401045
