Model: GRU
MSE: 3.5009747557487394
MAE: 1.0544813193123916
EVS: 0.8216734891269802
