Model: GRU
MSE: 3.595118977980007
MAE: 1.0913779941098443
EVS: 0.8168644169899114
