Model: GRU
MSE: 216.33345852800852
MAE: 13.853146949718738
EVS: -0.24462741561955026
