Model: GRU
MSE: 4.247916241727036
MAE: 1.3130132329875026
EVS: 0.8197824238406259
