Model: GRU
MSE: 3.591603851518288
MAE: 1.1418290837057705
EVS: 0.8214456211233664
