Model: GRU
MSE: 3.812365989582898
MAE: 1.0641012448689033
EVS: 0.8194310633014024
