Model: GRU
MSE: 3.6954727355781065
MAE: 1.1139011711909854
EVS: 0.8139529479935979
