Model: GRU
MSE: 4.112372108413422
MAE: 1.1065567218024155
EVS: 0.800581593739693
