Model: GRU
MSE: 4.501586917955508
MAE: 1.219715451372081
EVS: 0.7706578215347947
