Model: GRU
MSE: 4.823586742231045
MAE: 1.4823861615411167
EVS: 0.80831773199008
