Model: GRU
MSE: 173.15762138814964
MAE: 12.291797352248224
EVS: -0.12464601217011628
