Model: GRU
MSE: 3.8311517145567344
MAE: 1.14689577447957
EVS: 0.8098839313542132
