Model: GRU
MSE: 3.460596533743975
MAE: 1.0319746075005367
EVS: 0.8239562057128307
