Model: GRU
MSE: 4.489552292091362
MAE: 1.2326910413544754
EVS: 0.7852451946388537
