Model: GRU
MSE: 4.037673843347539
MAE: 1.0732719990713844
EVS: 0.7947236180859545
