Model: GRU
MSE: 3.334688621614548
MAE: 1.101809600303913
EVS: 0.8300925078996413
