Model: GRU
MSE: 3.8631885466290172
MAE: 1.1419761633050853
EVS: 0.8083978961546497
