Model: GRU
MSE: 4.019225931599049
MAE: 1.2106951228503524
EVS: 0.8313252341312247
