Model: GRU
MSE: 4.302171168972125
MAE: 1.43867099490659
EVS: 0.8358456714026077
