Model: GRU
MSE: 4.281898991026459
MAE: 1.2483798059923896
EVS: 0.7825406651748291
