Model: GRU
MSE: 4.766208989132714
MAE: 1.4380421967341983
EVS: 0.7862943328765335
