Model: GRU
MSE: 3.5986026855529194
MAE: 1.21903421961028
EVS: 0.8327335637570893
