Model: GRU
MSE: 3.7200271785018746
MAE: 1.2248886124841099
EVS: 0.8104309140123029
