Model: GRU
MSE: 4.403851515112358
MAE: 1.2765937180354678
EVS: 0.8120797696246403
