Model: GRU
MSE: 3.748966501866382
MAE: 1.2063584656550967
EVS: 0.820528192958071
