Model: GRU
MSE: 4.088535284993744
MAE: 1.3080799949580226
EVS: 0.8078342444536826
