Model: GRU
MSE: 4.50800988333707
MAE: 1.5499175105776106
EVS: 0.7769083425513837
