Model: GRU
MSE: 4.117614146727137
MAE: 1.2860766155966397
EVS: 0.8101313681743996
