Model: GRU
MSE: 1001.3090145972935
MAE: 31.24694643349483
EVS: -0.2707990258913904
