Model: GRU
MSE: 823.5003544479619
MAE: 28.18504307187837
EVS: -0.4831147166961469
