Model: GRU
MSE: 19.896152342074796
MAE: 3.7974047907467545
EVS: 0.11857184674317767
