Model: GRU
MSE: 4.666821096751268
MAE: 1.410065720821249
EVS: 0.8080675366588752
