Model: GRU
MSE: 3.661015682899128
MAE: 1.3488215989079968
EVS: 0.8389762406799349
