Model: GRU
MSE: 4.118065081650136
MAE: 1.2708664598136112
EVS: 0.8045515201687875
