Model: GRU
MSE: 4.9376773546414086
MAE: 1.658061117961489
EVS: 0.8007045942216467
