Model: GRU
MSE: 4.593335728882217
MAE: 1.56500563621521
EVS: 0.784505237388319
