Model: GRU
MSE: 3.3024658569740293
MAE: 1.0069489561278244
EVS: 0.8331198955574615
