Model: GRU
MSE: 3.7916382539880513
MAE: 1.1731706117761547
EVS: 0.8214253488233045
