Model: GRU
MSE: 3.675074308592706
MAE: 1.1933050607812816
EVS: 0.8130378128522686
