Model: GRU
MSE: 255.7261721979043
MAE: 15.241083412334836
EVS: -0.19426757676138773
