Model: GRU
MSE: 3.405994370712237
MAE: 1.0635947646765873
EVS: 0.8327812794079104
