Model: GRU
MSE: 2334.3045878313233
MAE: 48.06495114030509
EVS: -0.22634724780232784
