Model: GRU
MSE: 3.8993046237988436
MAE: 1.0887067708475837
EVS: 0.8114119390297865
