Model: GRU
MSE: 3.5294230348228153
MAE: 1.067205651053067
EVS: 0.8201440842246862
