Model: GRU
MSE: 201.81898123493397
MAE: 13.44775616917117
EVS: -0.0689723808819318
