Model: GRU
MSE: 3.5966597519640753
MAE: 1.0985555319950497
EVS: 0.8184512807180111
