Model: GRU
MSE: 6.083306038520815
MAE: 1.9005513273436447
EVS: 0.7759328799190721
