Model: GRU
MSE: 3.753893697160127
MAE: 1.122965029601393
EVS: 0.8141702848965503
