Model: GRU
MSE: 3.6882312434314226
MAE: 1.1392862015757068
EVS: 0.8131618839651868
