Model: GRU
MSE: 4.019424534793566
MAE: 1.3768619545574845
EVS: 0.834438730095449
