Model: GRU
MSE: 4.677846788890959
MAE: 1.394702548610753
EVS: 0.7730930113648895
