Model: GRU
MSE: 3.795677296123181
MAE: 1.159026310361665
EVS: 0.8229314835919335
