Model: GRU
MSE: 4.077758239685535
MAE: 1.1995978026554501
EVS: 0.7923995784136185
