Model: GRU
MSE: 446.83053094208594
MAE: 20.48483111940581
EVS: -0.38621612011083895
