Model: GRU
MSE: 4.215209255033557
MAE: 1.216616814506465
EVS: 0.8221866312437295
