Model: GRU
MSE: 3.9707636666450528
MAE: 1.3145146246614128
EVS: 0.8164755361770769
