Model: GRU
MSE: 3.4666660319277893
MAE: 1.1229749054744327
EVS: 0.8233958449891136
