Model: GRU
MSE: 1324.1467898589954
MAE: 35.87683197547649
EVS: -0.8854929918469194
