Model: GRU
MSE: 3.4030080430138048
MAE: 1.0872925766583146
EVS: 0.8303563390162997
