Model: GRU
MSE: 4.022532673722345
MAE: 1.2007499809922844
EVS: 0.7954994203017596
