Model: GRU
MSE: 3.614961917432304
MAE: 1.0479208210418964
EVS: 0.8173150300812899
