Model: GRU
MSE: 4.495752345451956
MAE: 1.584922042386285
EVS: 0.8062635689534674
