Model: GRU
MSE: 256.3205491530135
MAE: 15.183099409629559
EVS: -0.31445556945081354
