Model: GRU
MSE: 4.361889847277007
MAE: 1.487675886729668
EVS: 0.808645134771387
