Model: GRU
MSE: 4.11128312577255
MAE: 1.2445823981844146
EVS: 0.8013707045024526
