Model: GRU
MSE: 5.6212503342752465
MAE: 1.4619615026589097
EVS: 0.753266360024045
