Model: GRU
MSE: 3.854333023029126
MAE: 1.2251045005074863
EVS: 0.8055666792346896
