Model: GRU
MSE: 192.62643721956346
MAE: 13.071604531386804
EVS: -0.10886140824694457
