Model: GRU
MSE: 19.625453911037766
MAE: 3.7939620182431977
EVS: 0.0
