Model: GRU
MSE: 3.3532245999194603
MAE: 1.0229033005648647
EVS: 0.8304220029055778
