Model: GRU
MSE: 3.5305688245898605
MAE: 1.0997072992653683
EVS: 0.8202938151915091
