Model: GRU
MSE: 3.364598864667228
MAE: 1.0610546120281876
EVS: 0.8288757157697715
