Model: GRU
MSE: 3.779696376780012
MAE: 1.1979119202186321
EVS: 0.8111043610459518
