Model: GRU
MSE: 7.373772290040187
MAE: 2.199301764882844
EVS: 0.8133247608053302
