Model: GRU
MSE: 3.536014736319948
MAE: 1.1774869458428745
EVS: 0.8207570005476673
