Model: GRU
MSE: 3.5169246330695296
MAE: 1.1897846234255824
EVS: 0.8317195268767819
