Model: GRU
MSE: 4.387298472153151
MAE: 1.4862050393532062
EVS: 0.8073310788045439
