Model: GRU
MSE: 3.541671137894756
MAE: 1.0883547232068818
EVS: 0.8237317873574193
