Model: GRU
MSE: 4.793166037243668
MAE: 1.2643575791654915
EVS: 0.7559790955393532
