Model: GRU
MSE: 4.458141188888307
MAE: 1.5964028999723237
EVS: 0.8239900978226251
