Model: GRU
MSE: 3.4801324774158746
MAE: 1.0601389736964786
EVS: 0.8226537509089648
