Model: GRU
MSE: 4.059122025157263
MAE: 1.4062992622112405
EVS: 0.8084144079392692
