Model: GRU
MSE: 159.6606477620767
MAE: 11.830267752039022
EVS: -0.004181119565943581
