Model: GRU
MSE: 1851.6184582345008
MAE: 42.57376858283733
EVS: -0.9921500113057129
