Model: GRU
MSE: 3.3536526613866218
MAE: 1.1424225404344757
EVS: 0.8365426146332474
