Model: GRU
MSE: 4.519466568895999
MAE: 1.2134228379561984
EVS: 0.770511204106553
