Model: GRU
MSE: 164.48920927975865
MAE: 11.96025537622386
EVS: -0.09265156968715083
