Model: GRU
MSE: 3.791162888334844
MAE: 1.1949269483829368
EVS: 0.8076032067515673
