Model: GRU
MSE: 3.166136761611005
MAE: 1.0686180098303433
EVS: 0.8386554415017959
