Model: GRU
MSE: 203.715451628641
MAE: 13.448131255034742
EVS: -0.16510177166406126
