Model: GRU
MSE: 27.014640321980426
MAE: 4.417200384468868
EVS: 0.4010131648689328
