Model: GRU
MSE: 20.269889342720678
MAE: 3.9990792767754915
EVS: 0.0
