Model: GRU
MSE: 4.797019311346419
MAE: 1.6202348820094405
EVS: 0.7974267558244551
