Model: GRU
MSE: 3.9767531283032387
MAE: 1.4051106222744645
EVS: 0.8217951110539773
