Model: GRU
MSE: 5.408038768713154
MAE: 1.8023786092626637
EVS: 0.7953878247332159
