Model: GRU
MSE: 4.11178680220883
MAE: 1.4171789679034004
EVS: 0.8078498704747443
