Model: GRU
MSE: 257.9522984574319
MAE: 15.435079821224871
EVS: -0.004445941256588037
