Model: GRU
MSE: 3.35270527231134
MAE: 1.029348675546975
EVS: 0.8291735766693172
