Model: GRU
MSE: 4.016188435449182
MAE: 1.3252150066967667
EVS: 0.8087068072953676
