Model: GRU
MSE: 4.498899165258067
MAE: 1.3544157167960857
EVS: 0.7741637316931735
