Model: GRU
MSE: 3.8049563645246103
MAE: 1.2205291575398938
EVS: 0.8198561991865142
