Model: GRU
MSE: 3.474067138535628
MAE: 1.1184737415149295
EVS: 0.8229654414008161
