Model: GRU
MSE: 5.186144136879948
MAE: 1.7906680353756608
EVS: 0.805168577211016
