Model: GRU
MSE: 6.133008214617758
MAE: 2.0058507631564964
EVS: 0.777987226540931
