Model: GRU
MSE: 3.385210321308946
MAE: 1.0440989403889096
EVS: 0.8326274364483515
