Model: GRU
MSE: 4.473214887910201
MAE: 1.5659387193877121
EVS: 0.8139127032496637
