Model: GRU
MSE: 3.3094456678562296
MAE: 1.1896551230858112
EVS: 0.8369509687131496
