Model: GRU
MSE: 3.7081139356653985
MAE: 1.153724491596222
EVS: 0.8137072675732437
