Model: GRU
MSE: 3.571105325280751
MAE: 1.0604567815517556
EVS: 0.8180182599451952
