Model: GRU
MSE: 3.9474591667506163
MAE: 1.1933050093979671
EVS: 0.8028487482269195
