Model: GRU
MSE: 3.8656531801175964
MAE: 1.3640630491848649
EVS: 0.8215723759541816
