Model: GRU
MSE: 3.4428837888546173
MAE: 1.134906267297679
EVS: 0.8247646746547668
