Model: GRU
MSE: 3.7006577826654024
MAE: 1.2960834379853874
EVS: 0.8388905309068155
