Model: GRU
MSE: 3.397125145715117
MAE: 1.059489266625766
EVS: 0.8275940588111729
