Model: GRU
MSE: 4.312299417899525
MAE: 1.5228758885942657
EVS: 0.8195208952456611
