Model: GRU
MSE: 3.8515369173656024
MAE: 1.144872628409287
EVS: 0.803766184489436
