Model: GRU
MSE: 3707.984076042964
MAE: 60.670440344974914
EVS: -0.38007647171468983
