Model: GRU
MSE: 6.465393036239575
MAE: 1.946477433730816
EVS: 0.7540335055546616
