Model: GRU
MSE: 6.5422540775508535
MAE: 2.189136998406772
EVS: 0.8125620063235474
