Model: GRU
MSE: 5.0911694477939475
MAE: 1.7770614459596832
EVS: 0.8154513312875676
