Model: GRU
MSE: 4.571127398547583
MAE: 1.6183302813562854
EVS: 0.8175989160551587
