Model: GRU
MSE: 4.620139081649087
MAE: 1.2890770270906646
EVS: 0.7724892051095886
