Model: GRU
MSE: 3.601796237396431
MAE: 1.1014746016469494
EVS: 0.819728707313018
