Model: GRU
MSE: 7.000393833856531
MAE: 2.1744876709477654
EVS: 0.7830233640132416
