Model: GRU
MSE: 5.34957488585865
MAE: 1.8093054787866
EVS: 0.7972364985228071
