Model: GRU
MSE: 9420.104569184457
MAE: 96.18891452920847
EVS: -7.550892801577151
