Model: GRU
MSE: 4.991886421849564
MAE: 1.510949379411237
EVS: 0.7713058656625471
