Model: GRU
MSE: 4.304580114550284
MAE: 1.294407439642939
EVS: 0.8148811011374419
