Model: GRU
MSE: 3.8466080429314227
MAE: 1.2313023230125164
EVS: 0.8132004552920328
