Model: GRU
MSE: 3.8464188608243526
MAE: 1.2035972578772183
EVS: 0.8041139896622385
