Model: GRU
MSE: 18.819977670658538
MAE: 3.7092122867189605
EVS: 0.045844847203563854
