Model: GRU
MSE: 4.165046600906178
MAE: 1.2013610169805329
EVS: 0.8119232652826013
