Model: GRU
MSE: 3.9704083456895285
MAE: 1.1680277976496467
EVS: 0.8054512199922381
