Model: GRU
MSE: 3.960872099232196
MAE: 1.244010666321064
EVS: 0.8030369630035831
