Model: GRU
MSE: 4.672290378378521
MAE: 1.6035682045180222
EVS: 0.8093405906807452
