Model: GRU
MSE: 4.088431025970254
MAE: 1.4299156069755554
EVS: 0.8211072430985284
