Model: GRU
MSE: 4.941663945948776
MAE: 1.4760054329345966
EVS: 0.7876179394633267
