Model: GRU
MSE: 3.2620692584359525
MAE: 1.0370198488235474
EVS: 0.8374746845682022
