Model: GRU
MSE: 3.779869915277377
MAE: 1.18030387779762
EVS: 0.8225632559261356
