Model: GRU
MSE: 19.5090681486491
MAE: 3.8215462092695565
EVS: 0.014833762626165203
