Model: GRU
MSE: 3.572285941352064
MAE: 1.1635551617063324
EVS: 0.8180698380244317
