Model: GRU
MSE: 3.8341438299123345
MAE: 1.2410450269436013
EVS: 0.8159147729129355
