Model: GRU
MSE: 4.575162030680064
MAE: 1.5021784469999115
EVS: 0.8243627613470133
