Model: GRU
MSE: 4.384510653364222
MAE: 1.259712935521685
EVS: 0.8000567880561733
