Model: GRU
MSE: 3.7949519611716833
MAE: 1.2253540672104934
EVS: 0.8094550808201433
