Model: GRU
MSE: 7.250051953019619
MAE: 1.9371606769232914
EVS: 0.7826139319796167
