Model: GRU
MSE: 6.136748226015586
MAE: 2.094983955909466
EVS: 0.815856733822646
