Model: GRU
MSE: 3.695140056903685
MAE: 1.1745022042044277
EVS: 0.8295849462718329
