Model: GRU
MSE: 4.440911141713756
MAE: 1.1528002116186866
EVS: 0.7771369230436305
