Model: GRU
MSE: 4.611680637179784
MAE: 1.420170559965331
EVS: 0.7958413300446374
