Model: GRU
MSE: 3.9552705236846757
MAE: 1.193693224726052
EVS: 0.7985775471615763
