Model: GRU
MSE: 7.662432255604803
MAE: 2.3488364877371954
EVS: 0.7915598107342225
