Model: GRU
MSE: 6.068048297286103
MAE: 1.95995032787323
EVS: 0.7865142721350236
