Model: GRU
MSE: 620.9170092436761
MAE: 24.280518679783263
EVS: -0.5987788953543765
