Model: GRU
MSE: 19.98578047665094
MAE: 3.9077118183004447
EVS: -0.0011483037465849222
