Model: GRU
MSE: 4.0185722349763555
MAE: 1.2468084754614994
EVS: 0.8169512568951982
