Model: GRU
MSE: 3.531202628123571
MAE: 1.0539024903856475
EVS: 0.8217541061684804
