Model: GRU
MSE: 3.7513699017758704
MAE: 1.0816114072141976
EVS: 0.8090872145615071
