Model: GRU
MSE: 5.035976638804886
MAE: 1.6245846378392186
EVS: 0.7835994026771629
