Model: GRU
MSE: 3.649653207942208
MAE: 1.1563126999756386
EVS: 0.8173265691863285
