Model: GRU
MSE: 3.6934337438199285
MAE: 1.0588281596529072
EVS: 0.8143448065018651
