Model: GRU
MSE: 14.981040403923966
MAE: 3.2611135778755975
EVS: 0.5601022423287592
