Model: GRU
MSE: 3.6168791147611112
MAE: 1.138122544206422
EVS: 0.8167365401951462
