Model: GRU
MSE: 3.527806859899451
MAE: 1.0264594308261215
EVS: 0.8303686620207533
