Model: GRU
MSE: 8.840536580359759
MAE: 2.13542692825712
EVS: 0.5512909842303713
