Model: GRU
MSE: 4.089289702370486
MAE: 1.1599308457867852
EVS: 0.811158048978218
