Model: GRU
MSE: 711.415819793818
MAE: 26.323296185197503
EVS: 0.05725151109658955
