Model: GRU
MSE: 192.7667873241752
MAE: 13.087175708392571
EVS: -0.09525656054673237
