Model: GRU
MSE: 4.376244604489537
MAE: 1.523417201535455
EVS: 0.815053297901445
