Model: GRU
MSE: 21.307074410366614
MAE: 4.113423544785072
EVS: -0.008421454265719941
