Model: GRU
MSE: 4.6929143212865165
MAE: 1.5075213580295956
EVS: 0.8228771642687533
