Model: GRU
MSE: 2499.9010134825917
MAE: 49.564931803736194
EVS: -1.2024025279005213
