Model: GRU
MSE: 3.8048196024217833
MAE: 1.230678496689632
EVS: 0.8180462224721233
