Model: GRU
MSE: 4.481105029013028
MAE: 1.3806563143072457
EVS: 0.7865407111033342
