Model: GRU
MSE: 4.417280317797212
MAE: 1.1725345593074272
EVS: 0.7806009596854583
