Model: GRU
MSE: 5.078606676751806
MAE: 1.4534598383410224
EVS: 0.7565441890346114
