Model: GRU
MSE: 3.9380505708618387
MAE: 1.1062706719184745
EVS: 0.8032877214873794
