Model: GRU
MSE: 436.3275268520715
MAE: 20.086827541219776
EVS: -0.6738661341571499
