Model: GRU
MSE: 3.899367972447394
MAE: 1.157736346639436
EVS: 0.8024567004924696
