Model: GRU
MSE: 4.0108035810261216
MAE: 1.2687311357465283
EVS: 0.8042995568395908
