Model: GRU
MSE: 4.403761075651469
MAE: 1.5399645635059902
EVS: 0.8274312307607332
