Model: GRU
MSE: 213.0901610672697
MAE: 13.807841037881785
EVS: -0.1432130469101578
