Model: GRU
MSE: 20.2647206233836
MAE: 3.9983019006663354
EVS: 0.0
