Model: GRU
MSE: 7.936979665859325
MAE: 2.1199553197827834
EVS: 0.6817727978845279
