Model: GRU
MSE: 3.846866319868862
MAE: 1.1170918242684726
EVS: 0.806078251556333
