Model: GRU
MSE: 4.426152051431836
MAE: 1.3676726982511322
EVS: 0.7905405164828267
