Model: GRU
MSE: 8923.282065283018
MAE: 94.3150854439571
EVS: -0.4241554862186445
