Model: GRU
MSE: 3.329945067671965
MAE: 1.1265853848950615
EVS: 0.8307853780476736
