Model: GRU
MSE: 4.159230272529003
MAE: 1.3173727167063747
EVS: 0.8150471634161474
