Model: GRU
MSE: 3.800634074519061
MAE: 1.2161567704430942
EVS: 0.8063764473149783
