Model: GRU
MSE: 3.7485187690082724
MAE: 1.0766134590938174
EVS: 0.8185209202649952
