Model: GRU
MSE: 3.4532334606710813
MAE: 1.1660517125294125
EVS: 0.8391314537316098
