Model: GRU
MSE: 3.7178919626452793
MAE: 1.164774804279722
EVS: 0.8139562763398779
