Model: GRU
MSE: 3.8876079713070095
MAE: 1.2188929535191635
EVS: 0.8019550312653809
