Model: GRU
MSE: 210.32343499639194
MAE: 13.678450600854282
EVS: -0.1834577865278959
