Model: GRU
MSE: 6.297666322003375
MAE: 2.0340173162263016
EVS: 0.7941314361698049
