Model: GRU
MSE: 4.7087409419759725
MAE: 1.488448793518132
EVS: 0.8262173303172284
