Model: GRU
MSE: 19.66856559178257
MAE: 3.809262752532959
EVS: -0.002263909227551597
