Model: GRU
MSE: 3.577437609870321
MAE: 1.2414262130342681
EVS: 0.8310532394674703
