Model: GRU
MSE: 4.0758037463429195
MAE: 1.3946142278868576
EVS: 0.8171430688535718
