Model: GRU
MSE: 3.676177306137319
MAE: 1.274595807338583
EVS: 0.8461267528772985
