Model: GRU
MSE: 3.8282131388835845
MAE: 1.2620379760347564
EVS: 0.8125082113619443
