Model: GRU
MSE: 4.256007364322721
MAE: 1.2309672626955757
EVS: 0.7837306112443244
