Model: GRU
MSE: 3.7116647334846995
MAE: 1.3375269626748973
EVS: 0.8464477228019256
