Model: GRU
MSE: 4.786686206916433
MAE: 1.5896236115488513
EVS: 0.8032261478671777
