Model: GRU
MSE: 4.0996886976866485
MAE: 1.4649343531707237
EVS: 0.8310258309452223
