Model: GRU
MSE: 3.726277651332129
MAE: 1.0890213251113892
EVS: 0.8103303207382282
