Model: GRU
MSE: 3.831232496777098
MAE: 1.2313344190860618
EVS: 0.8109845560233446
