Model: GRU
MSE: 6.2017011904379595
MAE: 2.033050232920153
EVS: 0.805654503735793
