Model: GRU
MSE: 3.368620962260456
MAE: 1.1894321030583874
EVS: 0.8332715097624555
