Model: GRU
MSE: 4.446933157181159
MAE: 1.4299477462110848
EVS: 0.7837567998989867
