Model: GRU
MSE: 200.38860284738982
MAE: 13.346665320725277
EVS: -0.1341137270157553
