Model: GRU
MSE: 5.183380254724076
MAE: 1.8118017130884632
EVS: 0.8193205375772392
