Model: GRU
MSE: 4.265377391110769
MAE: 1.4290704624406223
EVS: 0.8078289980342521
