Model: GRU
MSE: 3.0305710480884227
MAE: 1.1197673205671639
EVS: 0.8516687124135065
