Model: GRU
MSE: 3.804170600391486
MAE: 1.299894563082991
EVS: 0.8243066856366605
