Model: GRU
MSE: 4.782851250464084
MAE: 1.5966037306292304
EVS: 0.8038916135482649
