Model: GRU
MSE: 3.768629075173334
MAE: 1.131317319541142
EVS: 0.8082928264795904
