Model: GRU
MSE: 3.6467216882134577
MAE: 1.2085562471685738
EVS: 0.8463898461596301
