Model: GRU
MSE: 4.319016052289286
MAE: 1.2301131969895855
EVS: 0.7800123337196804
