Model: GRU
MSE: 3.9220171274560283
MAE: 1.3049507367199864
EVS: 0.8185962932041241
