Model: GRU
MSE: 4.399292171676906
MAE: 1.2558762205058132
EVS: 0.7801456348099183
