Model: GRU
MSE: 4.216043086540703
MAE: 1.3558518886566162
EVS: 0.8074881563075913
