Model: GRU
MSE: 171.52238362947045
MAE: 12.234281513197669
EVS: -0.11320048518549197
