Model: GRU
MSE: 3.2827496822057247
MAE: 1.0958564651423488
EVS: 0.8351576985164818
