Model: GRU
MSE: 15.42265452696986
MAE: 3.261919169590391
EVS: 0.6615641520775752
