Model: GRU
MSE: 5.35796039064119
MAE: 1.7346019909299653
EVS: 0.829826850498294
