Model: GRU
MSE: 573.2503651178264
MAE: 23.355126019181878
EVS: -0.4160901398422996
