Model: GRU
MSE: 6.977424026756004
MAE: 2.209217375722425
EVS: 0.809095572913274
