Model: GRU
MSE: 4.2009293602013145
MAE: 1.434884133010075
EVS: 0.8187136509556652
