Model: GRU
MSE: 3.758799319964696
MAE: 1.212355595210503
EVS: 0.8157796343724286
