Model: GRU
MSE: 14.387881903896806
MAE: 3.2044405608341613
EVS: 0.7326491715175945
