Model: GRU
MSE: 3.3196614406306386
MAE: 1.2931701520393635
EVS: 0.8526984928523159
