Model: GRU
MSE: 4.636033633085492
MAE: 1.634321245653876
EVS: 0.8185196250031139
