Model: GRU
MSE: 3.9051606108389803
MAE: 1.2332706944695835
EVS: 0.8307882034226065
