Model: GRU
MSE: 4.312689701137454
MAE: 1.2039705381311219
EVS: 0.7879135160725907
