Model: GRU
MSE: 3.9430298453461976
MAE: 1.1592115790679538
EVS: 0.8007550581339854
