Model: GRU
MSE: 3.3662143218331595
MAE: 1.089896847461832
EVS: 0.8360017572005565
