Model: GRU
MSE: 3.378476051788018
MAE: 1.2030201533745075
EVS: 0.8370178007098119
