Model: GRU
MSE: 3.9755133920706296
MAE: 1.3230738722044846
EVS: 0.8109500164664615
