Model: GRU
MSE: 4.997253656121999
MAE: 1.7011151334335064
EVS: 0.8078582866645267
