Model: GRU
MSE: 4.042779092167361
MAE: 1.2821380269938503
EVS: 0.8270607657966269
