Model: GRU
MSE: 3.9381845923635277
MAE: 1.2219707061504494
EVS: 0.8071183499754626
