Model: GRU
MSE: 4.059534700141562
MAE: 1.2926253203687996
EVS: 0.8066920301558638
