Model: GRU
MSE: 3.3095129275951285
MAE: 1.004735373217484
EVS: 0.8401547969539536
