Model: GRU
MSE: 4.341082368622393
MAE: 1.4537310333087528
EVS: 0.8064400887182929
