Model: GRU
MSE: 4.925519062523598
MAE: 1.7141400616744469
EVS: 0.8047524345109521
