Model: GRU
MSE: 18.917966563312568
MAE: 3.704648757803029
EVS: 0.05182392118227608
