Model: GRU
MSE: 45.97187575978751
MAE: 5.256147976579337
EVS: 0.008451760597816271
