Model: GRU
MSE: 4.144293426614866
MAE: 1.2858918864151527
EVS: 0.7936914667086257
