Model: GRU
MSE: 3.4528764875658724
MAE: 1.2070957175616561
EVS: 0.8426995241041217
