Model: GRU
MSE: 4.628911582282342
MAE: 1.546954294730877
EVS: 0.8243607870061419
