Model: GRU
MSE: 4.231383817150807
MAE: 1.2050999577703148
EVS: 0.7879919201922624
