Model: GRU
MSE: 3.4490443550141503
MAE: 1.117975115776062
EVS: 0.8268190734037821
