Model: GRU
MSE: 4.014668510761945
MAE: 1.3923816680908203
EVS: 0.834882191365746
