Model: GRU
MSE: 4.451618768471245
MAE: 1.2415199588085044
EVS: 0.7794298410060343
