Model: GRU
MSE: 190.95852708370143
MAE: 12.999102859661496
EVS: -0.12018768855508166
