Model: GRU
MSE: 3.8617278807456152
MAE: 1.2981051823188519
EVS: 0.8136140727908783
