Model: GRU
MSE: 3.4701721277074458
MAE: 1.1912569054241837
EVS: 0.8486463170167511
