Model: GRU
MSE: 4.157243139452963
MAE: 1.208754415142125
EVS: 0.7913178775019771
