Model: GRU
MSE: 3.9908711632199325
MAE: 1.207172106052267
EVS: 0.7966351697644465
