Model: GRU
MSE: 3.2024296449857
MAE: 1.1511229412896293
EVS: 0.8218788974070392
