Model: GRU
MSE: 19.626130916633475
MAE: 3.7922995337124528
EVS: 0.0
