Model: GRU
MSE: 3.9805965502118115
MAE: 1.244582858578912
EVS: 0.804085532189626
