Model: GRU
MSE: 3.4760175791647403
MAE: 1.1356563568115234
EVS: 0.8278967238587694
