Model: GRU
MSE: 4.3564764689811435
MAE: 1.4335170306008438
EVS: 0.8071534322698314
