Model: GRU
MSE: 5.502762129270015
MAE: 1.4796344863957371
EVS: 0.738825938038993
