Model: GRU
MSE: 4.3226336166531665
MAE: 1.2093600980166732
EVS: 0.7939960688781207
