Model: GRU
MSE: 3.7619674722089136
MAE: 1.2173051217506672
EVS: 0.8179450064973584
