Model: GRU
MSE: 5.352341499931845
MAE: 1.7477152511991303
EVS: 0.7792699514054595
