Model: GRU
MSE: 3.3157384071693006
MAE: 1.1413499486857448
EVS: 0.8329494539253364
