Model: GRU
MSE: 5.8213284130498435
MAE: 1.847710132598877
EVS: 0.7827767291824784
