Model: GRU
MSE: 3.992552140255461
MAE: 1.39368513534809
EVS: 0.8212752002139232
