Model: GRU
MSE: 4.838116029341475
MAE: 1.5344767447175651
EVS: 0.7800966855544542
