Model: GRU
MSE: 3175.9732290757006
MAE: 56.176044661423255
EVS: -0.03067110205551593
