Model: GRU
MSE: 4.519253497257155
MAE: 1.479779522994469
EVS: 0.7927908079035786
