Model: GRU
MSE: 3.6875743688714504
MAE: 1.0790434952439933
EVS: 0.8124425389798364
