Model: GRU
MSE: 4.364828720255776
MAE: 1.4387406974003232
EVS: 0.8058232137168144
