Model: GRU
MSE: 198.85791487193686
MAE: 13.27444756442103
EVS: -0.1540812028591394
