Model: GRU
MSE: 3.674826051838712
MAE: 1.175083090519083
EVS: 0.8177846991800918
