Model: GRU
MSE: 4.636594777157423
MAE: 1.484263407772985
EVS: 0.7946430636201409
