Model: GRU
MSE: 19.643342183877394
MAE: 3.775149970219053
EVS: 0.0
