Model: GRU
MSE: 4.057451140479459
MAE: 1.4641226530075073
EVS: 0.8215117186962042
