Model: GRU
MSE: 252.53896146505727
MAE: 15.111936429451251
EVS: -0.23161031586709635
