Model: GRU
MSE: 14.589548735366234
MAE: 2.9979087073227455
EVS: 0.3964171858040517
