Model: GRU
MSE: 4.013038769432269
MAE: 1.2278770701638584
EVS: 0.7969289735341478
