Model: GRU
MSE: 4.508535468351101
MAE: 1.5504185207958878
EVS: 0.8107167442496026
