Model: GRU
MSE: 5.3749571324527174
MAE: 1.7036630860690414
EVS: 0.7869289606914802
