Model: GRU
MSE: 3.3419526471366288
MAE: 1.1364206034561684
EVS: 0.8325481022745487
