Model: GRU
MSE: 3.202645742948558
MAE: 1.0751937422259101
EVS: 0.8379104929034882
