Model: GRU
MSE: 4.941647672947111
MAE: 1.629345451963359
EVS: 0.8401445466599116
