Model: GRU
MSE: 3.8727756110769316
MAE: 1.1989510511529857
EVS: 0.8026446859989699
