Model: GRU
MSE: 5.4129015630564075
MAE: 1.4955596492208283
EVS: 0.8011697976503224
