Model: GRU
MSE: 5.470202247851905
MAE: 1.9099759644475476
EVS: 0.813688843000227
