Model: GRU
MSE: 3.2520508629823195
MAE: 0.9998181606161183
EVS: 0.844389003871474
