Model: GRU
MSE: 3.9861742254143175
MAE: 1.1525860778216659
EVS: 0.7968659239093542
