Model: GRU
MSE: 4.927837797830692
MAE: 1.7169003651059906
EVS: 0.8097840542961904
