Model: GRU
MSE: 4.316605422764553
MAE: 1.201614342886826
EVS: 0.7838335313235211
