Model: GRU
MSE: 4.750412142139965
MAE: 1.4326433580497215
EVS: 0.814805273040998
