Model: GRU
MSE: 4.675199563555568
MAE: 1.4872118810127521
EVS: 0.7834147513545943
