Model: GRU
MSE: 3.3574483313379884
MAE: 1.0504617937679948
EVS: 0.8333626088414466
