Model: GRU
MSE: 3.8071635215079067
MAE: 1.1886894990657937
EVS: 0.8245466194998072
