Model: GRU
MSE: 4.776325922882257
MAE: 1.6658669175772831
EVS: 0.8056662956321399
