Model: GRU
MSE: 1626.471787864822
MAE: 40.08908643393681
EVS: 0.014596287835644373
