Model: GRU
MSE: 3.3067371377578194
MAE: 1.1169549514507424
EVS: 0.8376150742849645
