Model: GRU
MSE: 5.707600437372631
MAE: 1.8484546973787506
EVS: 0.7817169634930199
