Model: GRU
MSE: 4.40555482753384
MAE: 1.3750604761057887
EVS: 0.7888150860124272
