Model: GRU
MSE: 4.909187334171289
MAE: 1.5886298561918324
EVS: 0.7961856119835116
