Model: GRU
MSE: 4.722169356988853
MAE: 1.5323897682387253
EVS: 0.8273990141871705
