Model: GRU
MSE: 4.180795534551028
MAE: 1.2613405276989114
EVS: 0.7939499679180335
