Model: GRU
MSE: 4.545324253767746
MAE: 1.5363220305278384
EVS: 0.8050341932340532
