Model: GRU
MSE: 3.3150494965328816
MAE: 1.0934301491441398
EVS: 0.8311746706517043
