Model: GRU
MSE: 4.325214024452178
MAE: 1.278488278388977
EVS: 0.7866682410341891
