Model: GRU
MSE: 3.3858744889975023
MAE: 1.0733716487884521
EVS: 0.8320392454050205
