Model: GRU
MSE: 3.9051600144949674
MAE: 1.1204581928664241
EVS: 0.8097736919113583
