Model: GRU
MSE: 3.9018404791054717
MAE: 1.287724860783281
EVS: 0.8260306974502063
