Model: GRU
MSE: 3.8056076201416387
MAE: 1.2533105447374542
EVS: 0.8313014596543349
