Model: GRU
MSE: 3.313741900850801
MAE: 1.1723295244677314
EVS: 0.8365238756436829
