Model: GRU
MSE: 9.55261483273082
MAE: 2.4872902721680443
EVS: 0.7987596737804338
