Model: GRU
MSE: 4.054851038153953
MAE: 1.3165587371793286
EVS: 0.8388975149297516
