Model: GRU
MSE: 3.2628281991106287
MAE: 1.116617330189409
EVS: 0.83480754214093
