Model: GRU
MSE: 5.103320167242778
MAE: 1.562802322979631
EVS: 0.7773375525788884
