Model: GRU
MSE: 3.0768229291417866
MAE: 0.9531946757744099
EVS: 0.8432137460766346
