Model: GRU
MSE: 4.137406748143291
MAE: 1.2159548710132468
EVS: 0.7923004104934499
