Model: GRU
MSE: 4.694183917064616
MAE: 1.2464395103783443
EVS: 0.7638631015414951
