Model: GRU
MSE: 25.922397036707547
MAE: 4.485651567064482
EVS: 0.026155514271937075
