Model: GRU
MSE: 3.4955011086407652
MAE: 1.115673644789334
EVS: 0.8272874277896266
