Model: GRU
MSE: 4.736483080430824
MAE: 1.4475054823119065
EVS: 0.7826766102215752
