Model: GRU
MSE: 202.30873663551148
MAE: 13.433391961558112
EVS: -0.11360701879174484
