Model: GRU
MSE: 3553.6179081024134
MAE: 59.18088031637257
EVS: -1.6112398649735309
