Model: GRU
MSE: 4.3364220817031836
MAE: 1.3418753496531783
EVS: 0.7916967216183622
