Model: GRU
MSE: 5.327931140291904
MAE: 1.7735954523086548
EVS: 0.8035192148833518
