Model: GRU
MSE: 3.897298475804707
MAE: 1.1885998320990596
EVS: 0.8079574966218585
