Model: GRU
MSE: 3.508490918524425
MAE: 1.0895195336177432
EVS: 0.8218037745810831
