Model: GRU
MSE: 4.1958502205009
MAE: 1.2718585041062584
EVS: 0.8142771659820561
