Model: GRU
MSE: 3.838647489332683
MAE: 1.1486640582824577
EVS: 0.8158349292914513
