Model: GRU
MSE: 5.135648017749866
MAE: 1.6496857404708862
EVS: 0.777134835275642
