Model: GRU
MSE: 6905.58262929446
MAE: 82.90132220038052
EVS: -0.679294384692327
