Model: GRU
MSE: 3.5648875716247854
MAE: 1.1181545165078393
EVS: 0.8346319463018483
