Model: GRU
MSE: 3.55486063014996
MAE: 1.2233059776240383
EVS: 0.8393317515249028
