Model: GRU
MSE: 4.970947599909333
MAE: 1.6661316649667148
EVS: 0.8146083988202215
