Model: GRU
MSE: 4.6557861270233785
MAE: 1.3829236277218522
EVS: 0.8004031334354625
