Model: GRU
MSE: 5.027240387471207
MAE: 1.2547002845797046
EVS: 0.7438566897841024
