Model: GRU
MSE: 5.2852268346707305
MAE: 1.7319029343539272
EVS: 0.7935029635084716
