Model: GRU
MSE: 3.7638113112959233
MAE: 1.1591232090160764
EVS: 0.8242700710600924
