Model: GRU
MSE: 1524.3076755769564
MAE: 38.82089927278716
EVS: 0.12117747427641257
