Model: GRU
MSE: 4.349383693673934
MAE: 1.1813809059817215
EVS: 0.8005795130199427
