Model: GRU
MSE: 3.7969728403264
MAE: 1.221741224157399
EVS: 0.8355481940493218
