Model: GRU
MSE: 3.4292834477847305
MAE: 1.2581377370016915
EVS: 0.8069537526778986
