Model: GRU
MSE: 3.8787555344646862
MAE: 1.3469623121721992
EVS: 0.8253380473790581
