Model: GRU
MSE: 6.411520560258352
MAE: 2.1327334847943535
EVS: 0.8134857258098304
