Model: GRU
MSE: 3.5298791608684645
MAE: 1.0680533400897323
EVS: 0.8207207791102178
