Model: GRU
MSE: 211.09035596606606
MAE: 13.764879588423105
EVS: -0.10166864023732924
