Model: GRU
MSE: 1991.308626039524
MAE: 44.35096655220821
EVS: -0.23833969723828896
