Model: GRU
MSE: 3.683912987578029
MAE: 1.3464439289910453
EVS: 0.8085383977591301
