Model: GRU
MSE: 4.241639970381516
MAE: 1.331496941632238
EVS: 0.8090500747217467
