Model: GRU
MSE: 205.68339310112444
MAE: 13.51998115819076
EVS: -0.166645095514397
