Model: GRU
MSE: 3.887805223531866
MAE: 1.2619171183684776
EVS: 0.8132349854326167
