Model: GRU
MSE: 3.5953182501254877
MAE: 1.1393629312515259
EVS: 0.8184067864602255
