Model: GRU
MSE: 6.145995202621246
MAE: 1.8231899902738373
EVS: 0.7875123557223829
