Model: GRU
MSE: 3.913942144769034
MAE: 1.1600726041300544
EVS: 0.8006611697950019
