Model: GRU
MSE: 3.7411126153213243
MAE: 1.1960504178343148
EVS: 0.8144125049826161
