Model: GRU
MSE: 4.345090414046797
MAE: 1.336454855984655
EVS: 0.8278551093391463
