Model: GRU
MSE: 4.276323031065811
MAE: 1.3736310642341087
EVS: 0.8241194785528201
