Model: GRU
MSE: 4.346316303324137
MAE: 1.5738305963318924
EVS: 0.827577009842996
