Model: GRU
MSE: 4.786360093841798
MAE: 1.4142646049631054
EVS: 0.7711038659599992
