Model: GRU
MSE: 4.583322519885623
MAE: 1.3372303370771736
EVS: 0.7917905006542324
