Model: GRU
MSE: 5.708839686896855
MAE: 1.8983128029724647
EVS: 0.7924335173809735
