Model: GRU
MSE: 264.8860009079513
MAE: 15.57585229544804
EVS: -0.13532139523922337
