Model: GRU
MSE: 4.4924297732996585
MAE: 1.3942547748828757
EVS: 0.8122179191084302
