Model: GRU
MSE: 4.752444345223496
MAE: 1.6265547748269706
EVS: 0.80624351811278
