Model: GRU
MSE: 5.118209415888206
MAE: 1.5128925956528763
EVS: 0.7941351999648627
