Model: GRU
MSE: 4.105081615712858
MAE: 1.2712423225928997
EVS: 0.7989788105282243
