Model: GRU
MSE: 6.87584155787372
MAE: 2.1541363165296357
EVS: 0.77372337555595
