Model: GRU
MSE: 4.461444869185488
MAE: 1.609687431105252
EVS: 0.8215147112476788
