Model: GRU
MSE: 3.656546510168233
MAE: 1.1354975762038395
EVS: 0.8153202977116315
