Model: GRU
MSE: 3.999410810432959
MAE: 1.3137089219586602
EVS: 0.828185182633266
