Model: GRU
MSE: 4.492368590153899
MAE: 1.2661844265872035
EVS: 0.776727658365265
