Model: GRU
MSE: 3.463688524839593
MAE: 1.0931573777363217
EVS: 0.8235475579811498
