Model: GRU
MSE: 3.620468006206909
MAE: 1.1693269548744991
EVS: 0.8244837963491661
