Model: GRU
MSE: 230.01724518607833
MAE: 14.403888953143152
EVS: -0.14889715213395904
