Model: GRU
MSE: 5.773127759901805
MAE: 1.863560491594775
EVS: 0.7808209165402172
