Model: GRU
MSE: 3.5177146983134926
MAE: 1.1868389803787758
EVS: 0.8266535328966231
