Model: GRU
MSE: 5.766784979779938
MAE: 1.9084685609258454
EVS: 0.8019130742350249
