Model: GRU
MSE: 3.37217212867064
MAE: 1.052719338186856
EVS: 0.8289999804081046
