Model: GRU
MSE: 4.688933235354515
MAE: 1.5804383836943527
EVS: 0.7988553683363256
