Model: GRU
MSE: 3.7531852434263246
MAE: 1.1678279145010586
EVS: 0.8173439278191004
