Model: GRU
MSE: 3.8217739827134176
MAE: 1.1397727964253261
EVS: 0.8053694892060161
