Model: GRU
MSE: 3.370947062251323
MAE: 1.0656618496467327
EVS: 0.8337988393729706
