Model: GRU
MSE: 3.8313405335430355
MAE: 1.1612240076065063
EVS: 0.819343025179764
