Model: GRU
MSE: 3.61046781075224
MAE: 1.1177755388720283
EVS: 0.8260731108892398
