Model: GRU
MSE: 3.578615930497638
MAE: 1.0910782731812576
EVS: 0.8178698598643868
