Model: GRU
MSE: 4.012710581207187
MAE: 1.1221795431498824
EVS: 0.8057541864138904
