Model: GRU
MSE: 3.679210418461001
MAE: 1.0844756190119118
EVS: 0.8125396727690313
