Model: GRU
MSE: 5.334054414341693
MAE: 1.6359864041723053
EVS: 0.7944907774857435
