Model: GRU
MSE: 3.963415996657014
MAE: 1.2565795512034976
EVS: 0.8084311452249601
