Model: GRU
MSE: 10.494387822136595
MAE: 2.681328436423992
EVS: 0.46858835887916883
