Model: GRU
MSE: 4.914667619395608
MAE: 1.5301975875065243
EVS: 0.7715859020192377
