Model: GRU
MSE: 736.8367428300958
MAE: 26.775343122153448
EVS: -0.015001427064345263
