Model: GRU
MSE: 493.5233134225002
MAE: 21.430565850488072
EVS: -0.7455803669629941
