Model: GRU
MSE: 3.550845650261653
MAE: 1.0566819001888406
EVS: 0.8194042268456787
