Model: GRU
MSE: 4.293773034815371
MAE: 1.3261272989470383
EVS: 0.7932128671620274
