Model: GRU
MSE: 4.276904326592066
MAE: 1.290872086738718
EVS: 0.8142950375217339
