Model: GRU
MSE: 3.5858198914299035
MAE: 1.1777447626508515
EVS: 0.8189421206803801
