Model: GRU
MSE: 4.589305736238436
MAE: 1.400526005646278
EVS: 0.7805861987270641
