Model: GRU
MSE: 16.233000482262582
MAE: 3.324918640070948
EVS: 0.6116663716039634
