Model: GRU
MSE: 4.785510237935284
MAE: 1.5545331732980137
EVS: 0.7911694109976606
