Model: GRU
MSE: 205.12253591517256
MAE: 13.519036243701803
EVS: -0.13936600115385445
