Model: GRU
MSE: 3.882421031194837
MAE: 1.2227045914222454
EVS: 0.8096896074015624
