Model: GRU
MSE: 4.05441707563456
MAE: 1.2799691434564262
EVS: 0.8024592425878928
