Model: GRU
MSE: 3.5349684369300776
MAE: 1.1013601648396458
EVS: 0.8208255858411871
