Model: GRU
MSE: 3.332144204162582
MAE: 1.0773994182718212
EVS: 0.830330544433761
