Model: GRU
MSE: 3.775042732316828
MAE: 1.36858607160634
EVS: 0.8326470276281017
