Model: GRU
MSE: 3.3392461084806855
MAE: 1.0851683041145062
EVS: 0.830104771807818
