Model: GRU
MSE: 6.918257212106602
MAE: 1.866941784990245
EVS: 0.6729645413983896
