Model: GRU
MSE: 207.99711112607355
MAE: 13.561821316850596
EVS: -0.22680863576833432
