Model: GRU
MSE: 3.516737845805736
MAE: 1.076059522299931
EVS: 0.8247254459292191
