Model: GRU
MSE: 175.6765376285296
MAE: 12.407667340903446
EVS: -0.10716631627299877
