Model: GRU
MSE: 5.229546748244571
MAE: 1.5424579402496075
EVS: 0.760882675227178
