Model: GRU
MSE: 4.078983823826955
MAE: 1.111557345965813
EVS: 0.7992854647433234
