Model: GRU
MSE: 3.5929952981854067
MAE: 1.179804230558461
EVS: 0.8175575751594781
