Model: GRU
MSE: 194.6578654980316
MAE: 13.1433199849622
EVS: -0.11657736705484045
