Model: GRU
MSE: 3.8974576101229212
MAE: 1.2235430766796243
EVS: 0.8095312991020258
