Model: GRU
MSE: 4.127884471551245
MAE: 1.2457339763641357
EVS: 0.7958023764051952
