Model: GRU
MSE: 4.275556458491446
MAE: 1.3190900539529735
EVS: 0.7869278674142779
