Model: GRU
MSE: 7.255544241296894
MAE: 1.9268742429799046
EVS: 0.8003981390905528
