Model: GRU
MSE: 4.562228763395179
MAE: 1.3867908469561874
EVS: 0.8024541899853653
