Model: GRU
MSE: 4.142937477629443
MAE: 1.232865600750364
EVS: 0.7890044316698221
