Model: GRU
MSE: 4.2660785497093014
MAE: 1.5022364567066062
EVS: 0.8179078266355413
