Model: GRU
MSE: 1547.5496401706728
MAE: 39.185244593127024
EVS: 0.38510819515957484
