Model: GRU
MSE: 4.337320011010106
MAE: 1.3780877569626118
EVS: 0.8223612596765869
