Model: GRU
MSE: 3.2594403252989443
MAE: 1.1340746632937728
EVS: 0.8383197457989978
