Model: GRU
MSE: 3.625879916212941
MAE: 1.1007272991640815
EVS: 0.8167765057472466
