Model: GRU
MSE: 4.416933343343633
MAE: 1.2644206326583336
EVS: 0.7903346938569974
