Model: GRU
MSE: 186.51892674615837
MAE: 12.755221605300903
EVS: -0.2140246331502882
