Model: GRU
MSE: 3.3213422802399686
MAE: 1.1499268597569958
EVS: 0.8308532054057024
