Model: GRU
MSE: 4.629840983148269
MAE: 1.1411636903368194
EVS: 0.764248921059246
