Model: GRU
MSE: 8.189835382432115
MAE: 2.434984287311291
EVS: 0.782381753210744
