Model: GRU
MSE: 3.3809580538689312
MAE: 1.1833181175692329
EVS: 0.8367528051589976
