Model: GRU
MSE: 6.874666620074199
MAE: 2.0398796221305586
EVS: 0.7511634166158411
