Model: GRU
MSE: 3.9532748784405585
MAE: 1.365106253788389
EVS: 0.820047930104613
