Model: GRU
MSE: 3.744973308868486
MAE: 1.1558044491143062
EVS: 0.8124831362978047
