Model: GRU
MSE: 317.9761393850454
MAE: 17.099847596267175
EVS: -0.30310736793866044
