Model: GRU
MSE: 3.6938496958342366
MAE: 1.0805061500647972
EVS: 0.8173610470731478
