Model: GRU
MSE: 3.8767543118905987
MAE: 1.2850065108003288
EVS: 0.8370152073320767
