Model: GRU
MSE: 3.8878294908942865
MAE: 1.0976456290689007
EVS: 0.8063391254882313
