Model: GRU
MSE: 239.21913702072732
MAE: 14.763052549855463
EVS: -0.0839841375738124
