Model: GRU
MSE: 3.7220821936805115
MAE: 1.1321546024289624
EVS: 0.8114827784984736
