Model: GRU
MSE: 3.42490246451987
MAE: 1.2628802595467403
EVS: 0.8353926434499994
