Model: GRU
MSE: 219.7460142617736
MAE: 14.02741965137679
EVS: -0.17092619625692773
