Model: GRU
MSE: 3.594295008852255
MAE: 1.0709274925034622
EVS: 0.8195224148096524
