Model: GRU
MSE: 200.24437757009878
MAE: 13.423679820422468
EVS: -0.021700284653584312
