Model: GRU
MSE: 4.181941290811202
MAE: 1.2050087379998173
EVS: 0.7917712937700573
