Model: GRU
MSE: 1291.3865859851628
MAE: 35.29878935320624
EVS: -1.3126541287333087
