Model: GRU
MSE: 4.586745794392609
MAE: 1.552228921446307
EVS: 0.8122300654421277
