Model: GRU
MSE: 4.620732019110314
MAE: 1.3848461868434117
EVS: 0.7755431726473584
