Model: GRU
MSE: 7.944036127476534
MAE: 1.835787847124297
EVS: 0.5957469139120071
