Model: GRU
MSE: 1416.8271091563488
MAE: 37.41920438306085
EVS: 0.15252799610060408
