Model: GRU
MSE: 4.599686834122624
MAE: 1.7051660932343582
EVS: 0.8353353006375813
