Model: GRU
MSE: 3.6133958259353838
MAE: 1.0602376337709098
EVS: 0.8163259035586201
