Model: GRU
MSE: 3.3270523306139532
MAE: 1.027612016118806
EVS: 0.8321835111638557
