Model: GRU
MSE: 197.0989964656353
MAE: 13.288850681535129
EVS: -0.04495044484016275
