Model: GRU
MSE: 5.261977885574198
MAE: 1.6539148462229762
EVS: 0.7760936296271479
