Model: GRU
MSE: 3.6219825803727996
MAE: 1.1721618175506592
EVS: 0.8168307316324397
