Model: GRU
MSE: 3.342894471443437
MAE: 1.0874172572431893
EVS: 0.8299871403558093
