Model: GRU
MSE: 3.723592510951262
MAE: 1.073933282802845
EVS: 0.8202836055184117
