Model: GRU
MSE: 4.65978183860829
MAE: 1.4267340055827438
EVS: 0.8276579113382182
