Model: GRU
MSE: 5.442069843423881
MAE: 1.8174330448282177
EVS: 0.7883452609921326
