Model: GRU
MSE: 4.359893535093338
MAE: 1.3834434706589271
EVS: 0.7969783202566301
