Model: GRU
MSE: 3.91002379239398
MAE: 1.2559753491960723
EVS: 0.8270755236735479
