Model: GRU
MSE: 4.249158821628057
MAE: 1.269038146939771
EVS: 0.8077456272278037
