Model: GRU
MSE: 4.032816557259436
MAE: 1.2337704177560478
EVS: 0.8112711406259415
