Model: GRU
MSE: 3.9531845732756574
MAE: 1.1176227536694756
EVS: 0.7997279221635943
