Model: GRU
MSE: 3516.5239224413767
MAE: 59.10977291238719
EVS: -0.14958207420350766
