Model: GRU
MSE: 4.47638291743891
MAE: 1.5140104561016476
EVS: 0.8032409499818434
