Model: GRU
MSE: 922.4256025193051
MAE: 29.61975538319555
EVS: -1.2980611869230811
