Model: GRU
MSE: 169.11406551615582
MAE: 12.13364440716546
EVS: -0.11544268122193269
