Model: GRU
MSE: 215.74203617718507
MAE: 13.9380731418215
EVS: -0.09421361855529176
