Model: GRU
MSE: 4.76036378257261
MAE: 1.6330089569091797
EVS: 0.8150362824709368
