Model: GRU
MSE: 4.007223508788326
MAE: 1.3474851045115241
EVS: 0.8289426664072941
