Model: GRU
MSE: 4468.830310754941
MAE: 66.65361266300596
EVS: -0.33138376978181405
