Model: GRU
MSE: 241.2568743672831
MAE: 14.722993024464312
EVS: -0.24801993526183153
