Model: GRU
MSE: 4.674358303346157
MAE: 1.216109140165921
EVS: 0.7619151364415272
