Model: GRU
MSE: 178.60571947596975
MAE: 12.537370603660058
EVS: -0.09155885226733007
