Model: GRU
MSE: 3.829602795601939
MAE: 1.1810732751057065
EVS: 0.8149206532046523
