Model: GRU
MSE: 4.282819208311219
MAE: 1.1281002677720169
EVS: 0.7819298947541156
