Model: GRU
MSE: 3.849517588081209
MAE: 1.2878967975747997
EVS: 0.8408709506848044
