Model: GRU
MSE: 294.8331622350045
MAE: 16.426525568139965
EVS: -0.27411480860818815
