Model: GRU
MSE: 5.634810519154282
MAE: 1.8324651944226231
EVS: 0.7947405694268624
