Model: GRU
MSE: 4.538004846318794
MAE: 1.4156164434449425
EVS: 0.7891022538448544
