Model: GRU
MSE: 3.179012887306217
MAE: 1.0636443105237237
EVS: 0.8396085184921844
