Model: GRU
MSE: 197.51949104793565
MAE: 13.316874991203177
EVS: -0.028382821896485888
