Model: GRU
MSE: 3.3667020595352004
MAE: 1.1653497219085693
EVS: 0.8094130067198971
