Model: GRU
MSE: 3.5253392072639786
MAE: 1.1001250271139473
EVS: 0.8206675913197572
