Model: GRU
MSE: 8.304117846107136
MAE: 2.5467736227759
EVS: 0.8010205396276552
