Model: GRU
MSE: 3.8703832173558603
MAE: 1.1693808950226883
EVS: 0.8203407813302712
