Model: GRU
MSE: 3587.651273202955
MAE: 59.323334595252724
EVS: -2.485296510440389
