Model: GRU
MSE: 5.985031898896885
MAE: 1.9814610933435375
EVS: 0.7943957736982138
