Model: GRU
MSE: 6.467277794383881
MAE: 2.085191011428833
EVS: 0.7896409226244901
