Model: GRU
MSE: 3.2272592658005266
MAE: 1.0800005238631676
EVS: 0.8355776111544585
