Model: GRU
MSE: 3.3795737551655103
MAE: 1.1247622267953281
EVS: 0.8322476305157507
