Model: GRU
MSE: 3.528511344699907
MAE: 1.2301388814531524
EVS: 0.8413076941658462
