Model: GRU
MSE: 20.264471666020935
MAE: 3.9982643785147833
EVS: 0.0
