Model: GRU
MSE: 3.7615674522790985
MAE: 1.0921718498756146
EVS: 0.8134102483445479
