Model: GRU
MSE: 4.004448820467093
MAE: 1.1410811194058121
EVS: 0.7977292964820447
