Model: GRU
MSE: 4.6083358731696835
MAE: 1.468567494688363
EVS: 0.7891346966663557
