Model: GRU
MSE: 4.511882664758063
MAE: 1.4040707966376995
EVS: 0.7869069309033121
