Model: GRU
MSE: 3.5796324843743625
MAE: 1.173436921218346
EVS: 0.8204786747432732
