Model: GRU
MSE: 4.128180353475394
MAE: 1.2755473954924221
EVS: 0.793615522622095
