Model: GRU
MSE: 4.3208821645010485
MAE: 1.3054684873284965
EVS: 0.788780161564154
