Model: GRU
MSE: 248.55137476413677
MAE: 15.027541415444736
EVS: -0.15802634884670774
