Model: GRU
MSE: 18.311560274307418
MAE: 3.7087227229414315
EVS: 0.09498463412170133
