Model: GRU
MSE: 4.615646885634844
MAE: 1.5444831601504623
EVS: 0.8019620081128169
