Model: GRU
MSE: 5.0272348475605195
MAE: 1.611375249665359
EVS: 0.7818661616058135
