Model: GRU
MSE: 3.512071369164715
MAE: 1.2603993662472428
EVS: 0.8352558582476093
