Model: GRU
MSE: 4.78192852959052
MAE: 1.4225998130337945
EVS: 0.7938487811050045
