Model: GRU
MSE: 3.7837501606325077
MAE: 1.1120771899305542
EVS: 0.8148797325929078
