Model: GRU
MSE: 7.244376191310497
MAE: 2.215889412781288
EVS: 0.7589649200498148
