Model: GRU
MSE: 3.672230154427178
MAE: 1.0707749200278316
EVS: 0.8131988768742554
