Model: GRU
MSE: 4.130349598585713
MAE: 1.3553007080637176
EVS: 0.8068749735675146
