Model: GRU
MSE: 4.341963661493185
MAE: 1.4513635142096157
EVS: 0.8040803518749039
