Model: GRU
MSE: 491.0738323157641
MAE: 21.34060157578567
EVS: -0.8168421483128185
