Model: GRU
MSE: 3.804451821686502
MAE: 1.2445044723050347
EVS: 0.838103084101276
