Model: GRU
MSE: 3.85218987999633
MAE: 1.2368124826201077
EVS: 0.80732851088566
