Model: GRU
MSE: 4.2132281502444116
MAE: 1.388727200442347
EVS: 0.8209567467269816
