Model: GRU
MSE: 4.128977179950363
MAE: 1.1138351703512257
EVS: 0.7918727249634719
