Model: GRU
MSE: 177.87115772549222
MAE: 12.480287236386332
EVS: -0.12690092529422414
