Model: GRU
MSE: 3.383651503165464
MAE: 1.2498850575808822
EVS: 0.8434430796789273
