Model: GRU
MSE: 195.7769589221582
MAE: 13.230486314872216
EVS: -0.05645442309056703
