Model: GRU
MSE: 4.066725755564105
MAE: 1.2463660610133205
EVS: 0.7972072081847861
