Model: GRU
MSE: 3.9927590634372274
MAE: 1.3368055286078617
EVS: 0.8129567959730651
