Model: GRU
MSE: 4.664173339118321
MAE: 1.509499604332036
EVS: 0.8016765857905108
