Model: GRU
MSE: 3.5264456204882615
MAE: 1.1590911787131737
EVS: 0.8215235113161063
