Model: GRU
MSE: 3.437982446621405
MAE: 1.0329979781446785
EVS: 0.8267590571311183
