Model: GRU
MSE: 5.623451008573631
MAE: 1.5619886866931258
EVS: 0.7135335825490247
