Model: GRU
MSE: 3.7621072840204746
MAE: 1.098706319414336
EVS: 0.8123179203727652
