Model: GRU
MSE: 4.048246488652569
MAE: 1.266990182728603
EVS: 0.8142327206353662
