Model: GRU
MSE: 7.296519137679125
MAE: 1.9496739815021384
EVS: 0.6631834373279217
