Model: GRU
MSE: 3.7211091204372946
MAE: 1.1051742557821602
EVS: 0.8146922958540919
