Model: GRU
MSE: 196.93405365091832
MAE: 13.245446048933884
EVS: -0.09523583595981155
