Model: GRU
MSE: 5.989568043156274
MAE: 1.8476311564445496
EVS: 0.7589229171305858
