Model: GRU
MSE: 3.820023010174345
MAE: 1.222053182536158
EVS: 0.822080638904982
