Model: GRU
MSE: 25.19033665217627
MAE: 4.355377394577553
EVS: 0.131170303061118
