Model: GRU
MSE: 4.6421624462612465
MAE: 1.450339124120515
EVS: 0.8189525875037615
