Model: GRU
MSE: 3.597924212560766
MAE: 1.0935712025083344
EVS: 0.8171443973188249
