Model: GRU
MSE: 3.7014932617774328
MAE: 1.227832409842261
EVS: 0.8338686172358541
