Model: GRU
MSE: 19.717322167619667
MAE: 3.6108463550436087
EVS: 0.08377202628536418
