Model: GRU
MSE: 4.258363567775469
MAE: 1.2093103250552868
EVS: 0.8070000427082038
