Model: GRU
MSE: 3.6832271754845274
MAE: 1.2974041330403294
EVS: 0.8265386012502721
