Model: GRU
MSE: 4.0227776982951164
MAE: 1.2249635745739114
EVS: 0.8091774308902923
