Model: GRU
MSE: 4.3600903691271276
MAE: 1.4294812555970817
EVS: 0.8028828602955522
