Model: GRU
MSE: 4.885588260989225
MAE: 1.5569452047348022
EVS: 0.7833600029009035
