Model: GRU
MSE: 3.675173256526643
MAE: 1.139593272373594
EVS: 0.8136113864461366
