Model: GRU
MSE: 3.6169380939625624
MAE: 1.1168998890909656
EVS: 0.8162548493001975
