Model: GRU
MSE: 5.8969057782560865
MAE: 1.7757128970376377
EVS: 0.8111333683459226
