Model: GRU
MSE: 1589.2517585571713
MAE: 39.549711523384886
EVS: -0.27766450458602954
