Model: GRU
MSE: 2465.768266623928
MAE: 49.228326008237644
EVS: -1.1576414116950322
