Model: GRU
MSE: 3.9276933215140786
MAE: 1.2352380958096734
EVS: 0.8061573977393746
