Model: GRU
MSE: 3.945617570384486
MAE: 1.3129719742413224
EVS: 0.8158414480315827
