Model: GRU
MSE: 4.326728330052147
MAE: 1.231939903621016
EVS: 0.7806285495849228
