Model: GRU
MSE: 5.4769874236721305
MAE: 1.909283843533746
EVS: 0.8212591189905392
