Model: GRU
MSE: 6.147001238236487
MAE: 2.0369530792894035
EVS: 0.800638624122133
