Model: GRU
MSE: 4.805282492043515
MAE: 1.6405929779184276
EVS: 0.8102339778261912
