Model: GRU
MSE: 3.72092164616017
MAE: 1.3679483594565556
EVS: 0.8376366998692318
