Model: GRU
MSE: 3.8070830122045565
MAE: 1.1259772757004047
EVS: 0.8059996962888564
