Model: GRU
MSE: 22.28715851848232
MAE: 4.22491113070784
EVS: 0.0
