Model: GRU
MSE: 3.7071655934533623
MAE: 1.076956633863778
EVS: 0.8149257218281151
