Model: GRU
MSE: 4.043944492110956
MAE: 1.3394448674958328
EVS: 0.830070615243167
