Model: GRU
MSE: 7.366473683215278
MAE: 2.141503362820066
EVS: 0.7309488414165064
