Model: GRU
MSE: 3.524852628735609
MAE: 1.1727145622516502
EVS: 0.8302182571733805
