Model: GRU
MSE: 15733.616844616165
MAE: 125.35546848691743
EVS: 0.0
