Model: GRU
MSE: 3.6799250487450745
MAE: 1.0975489739713997
EVS: 0.8124908575464544
