Model: GRU
MSE: 3.8215501364953877
MAE: 1.2560795915537868
EVS: 0.8167459602276559
