Model: GRU
MSE: 3.173550529227265
MAE: 1.045623935502151
EVS: 0.8386155865913361
