Model: GRU
MSE: 6.9289464558101646
MAE: 2.1684022689687796
EVS: 0.7505026283477993
