Model: GRU
MSE: 5.529112184454867
MAE: 1.8405006836200584
EVS: 0.7906646285268906
