Model: GRU
MSE: 5.597810036201956
MAE: 1.7784412410752526
EVS: 0.7829597798455974
