Model: GRU
MSE: 3.6465769904128393
MAE: 1.3018283515140927
EVS: 0.8289406744478871
