Model: GRU
MSE: 4.156714716340476
MAE: 1.3951238866510063
EVS: 0.8075163209121065
