Model: GRU
MSE: 3.60498362848073
MAE: 1.1195641673844436
EVS: 0.8164383924280783
