Model: GRU
MSE: 4.067369750755751
MAE: 1.2234254232768356
EVS: 0.8204316978758035
