Model: GRU
MSE: 3.3432495584273627
MAE: 1.127390483330036
EVS: 0.8324667537735855
