Model: GRU
MSE: 5.022654698630547
MAE: 1.6558233705060235
EVS: 0.7954324865236984
