Model: GRU
MSE: 5.193970463645207
MAE: 1.7994943446126477
EVS: 0.7979140834078583
