Model: GRU
MSE: 8.153253674949084
MAE: 2.222158908843994
EVS: 0.6494905536692633
