Model: GRU
MSE: 3.917734450412845
MAE: 1.087177694871508
EVS: 0.8006090036390686
