Model: GRU
MSE: 190.0179947034736
MAE: 12.94116078574082
EVS: -0.14885251195529992
