Model: GRU
MSE: 5.000945740370371
MAE: 1.7206704698759934
EVS: 0.8309461639360856
