Model: GRU
MSE: 3.9386201693461236
MAE: 1.165096743353482
EVS: 0.7993610220861457
