Model: GRU
MSE: 8.297640522864016
MAE: 2.4041479291587042
EVS: 0.7757225281053568
