Model: GRU
MSE: 4.833804638074056
MAE: 1.5703408142616009
EVS: 0.7929485061250968
