Model: GRU
MSE: 377.8298239674587
MAE: 18.79872961702018
EVS: -0.2453312009331714
