Model: GRU
MSE: 4.0899898576008145
MAE: 1.1589814445068096
EVS: 0.7915941027679887
