Model: GRU
MSE: 3.5463668823035075
MAE: 1.1083459278632855
EVS: 0.8194664544506964
