Model: GRU
MSE: 214.39705484531422
MAE: 13.794901455270834
EVS: -0.22801306674846544
