Model: GRU
MSE: 4.281034755884233
MAE: 1.2344229488537228
EVS: 0.7942102537904762
