Model: GRU
MSE: 3.8311031791059533
MAE: 1.3910538081465096
EVS: 0.831281933146632
