Model: GRU
MSE: 4.098137287842232
MAE: 1.2272744199325298
EVS: 0.791909235813784
