Model: GRU
MSE: 4.249488063633735
MAE: 1.2341684164672062
EVS: 0.7836646730897602
