Model: GRU
MSE: 485.1678186202196
MAE: 21.11816826359979
EVS: -0.9971492008323042
