Model: GRU
MSE: 4.063188898464367
MAE: 1.1962200074360287
EVS: 0.7937736954298639
