Model: GRU
MSE: 301.7120952004712
MAE: 16.767865772905022
EVS: -0.04726037449375098
