Model: GRU
MSE: 5.318562828708609
MAE: 1.8186117657299699
EVS: 0.8134814393076055
