Model: GRU
MSE: 3.7090869492170846
MAE: 1.1042765790018543
EVS: 0.816189029083001
