Model: GRU
MSE: 6.707495725818496
MAE: 2.0028329347742013
EVS: 0.7402925257316927
