Model: GRU
MSE: 3.9240496559875235
MAE: 1.223202187439491
EVS: 0.804983127537836
