Model: GRU
MSE: 4.642413523039222
MAE: 1.4827112617163822
EVS: 0.7883791869097561
