Model: GRU
MSE: 4.298755147675808
MAE: 1.3176845928718304
EVS: 0.7813144841542344
