Model: GRU
MSE: 742.9592057038294
MAE: 26.893367537136736
EVS: -0.00421044884591093
