Model: GRU
MSE: 3.087653936045472
MAE: 1.0776909466447502
EVS: 0.8444224470247326
