Model: GRU
MSE: 4.687082221384201
MAE: 1.4801208972930908
EVS: 0.8134315394133399
