Model: GRU
MSE: 3.539247651447534
MAE: 1.1199693720916222
EVS: 0.8213755360892868
