Model: GRU
MSE: 3.678357769998571
MAE: 1.1731465684956517
EVS: 0.8178571432296337
