Model: GRU
MSE: 3.5757814860534607
MAE: 1.166940216360421
EVS: 0.8232772925085543
