Model: GRU
MSE: 5.305693141840714
MAE: 1.8224480398770035
EVS: 0.8060341687638891
