Model: GRU
MSE: 4.616111768658751
MAE: 1.4627286504054893
EVS: 0.792456782855319
