Model: GRU
MSE: 20.217817259348774
MAE: 3.9910992589490166
EVS: 0.0
