Model: GRU
MSE: 1770.755491285042
MAE: 41.83020953474374
EVS: -0.06959542973198762
