Model: GRU
MSE: 4.024610178419309
MAE: 1.2333847890640128
EVS: 0.8013365985644451
