Model: GRU
MSE: 3.4353334186658335
MAE: 1.0735031263581638
EVS: 0.8266346004614149
