Model: GRU
MSE: 3.553713393515231
MAE: 1.3312669583729335
EVS: 0.818920359072134
