Model: GRU
MSE: 3.5631868825815944
MAE: 1.1152819929451778
EVS: 0.8225321889834658
