Model: GRU
MSE: 3.4569728394225723
MAE: 1.1039494954306504
EVS: 0.8239098638204472
