Model: GRU
MSE: 4.245567848696838
MAE: 1.2699485359520748
EVS: 0.7880603457569433
