Model: GRU
MSE: 3.3943554372954696
MAE: 1.1101988142934338
EVS: 0.832218519738572
