Model: GRU
MSE: 3.6931308096898787
MAE: 1.2771068194816853
EVS: 0.8140822864400569
