Model: GRU
MSE: 730.5712464362279
MAE: 26.321519177535485
EVS: -0.923669795817484
