Model: GRU
MSE: 5.814841792739984
MAE: 1.8062807198228508
EVS: 0.7571102244165426
