Model: GRU
MSE: 3.9498379081880177
MAE: 1.3565845962228447
EVS: 0.8371916963377511
