Model: GRU
MSE: 4.451022873668934
MAE: 1.3626920827503861
EVS: 0.7912233503860223
