Model: GRU
MSE: 3.874046916258692
MAE: 1.2128480015129879
EVS: 0.8204697080703498
