Model: GRU
MSE: 3.9411761468461983
MAE: 1.1516008459288498
EVS: 0.807822041239305
