Model: GRU
MSE: 3.7571781039604804
MAE: 1.1548229373734573
EVS: 0.8107211733647175
