Model: GRU
MSE: 19.873434486974098
MAE: 3.613863122874293
EVS: 0.4076749154537811
