Model: GRU
MSE: 5.185898843858849
MAE: 1.4203239186056729
EVS: 0.7386217476210304
