Model: GRU
MSE: 3.494983167052409
MAE: 1.0791065857328217
EVS: 0.8268933822894101
