Model: GRU
MSE: 4.330226947956052
MAE: 1.330729518471093
EVS: 0.7928450978535215
