Model: GRU
MSE: 3.9675716010043103
MAE: 1.1566818870347122
EVS: 0.7997098524504858
