Model: GRU
MSE: 6.034736689910703
MAE: 2.057133937704152
EVS: 0.8281833829909723
