Model: GRU
MSE: 4.006505146121197
MAE: 1.3366171142150616
EVS: 0.809335686089411
