Model: GRU
MSE: 267.80172957643464
MAE: 15.737716354172806
EVS: -0.02561479590036253
