Model: GRU
MSE: 3.718790910395836
MAE: 1.2360671388691868
EVS: 0.8198547371147564
