Model: GRU
MSE: 198.77614690208844
MAE: 13.34647333827512
EVS: -0.05220466973987814
