Model: GRU
MSE: 179.9357013758671
MAE: 12.566320055517657
EVS: -0.1222999516879435
