Model: GRU
MSE: 3.8309201357394045
MAE: 1.186694007495354
EVS: 0.8091143146360211
