Model: GRU
MSE: 4.535793003177641
MAE: 1.4569559117843365
EVS: 0.7991409955800098
