Model: GRU
MSE: 4.27297157434465
MAE: 1.4856656748673012
EVS: 0.8225120512129086
