Model: GRU
MSE: 4.112360490025086
MAE: 1.0983097162739983
EVS: 0.7958906429669634
