Model: GRU
MSE: 3.7995189115563575
MAE: 1.2806186511598785
EVS: 0.8175151379714273
