Model: GRU
MSE: 3.9232252662978735
MAE: 1.3473455823701004
EVS: 0.8175296930487556
