Model: GRU
MSE: 3.789038830096462
MAE: 1.3189045684090976
EVS: 0.8333523719304128
