Model: GRU
MSE: 4.883563600300032
MAE: 1.6431865979885232
EVS: 0.8034671158361928
