Model: GRU
MSE: 3.2488208536826035
MAE: 1.1019669158118113
EVS: 0.8168935269567724
