Model: GRU
MSE: 4.452489279506311
MAE: 1.408689104277512
EVS: 0.7971706911436701
