Model: GRU
MSE: 3408.2472204312303
MAE: 57.75053277508966
EVS: -2.726332587170761
