Model: GRU
MSE: 1945.6805635280855
MAE: 43.77591198888318
EVS: -0.49567074797791055
