Model: GRU
MSE: 4.712476647376715
MAE: 1.4110384357386623
EVS: 0.8151622624549127
