Model: GRU
MSE: 4.552971090942406
MAE: 1.624444501153354
EVS: 0.8213308708503263
