Model: GRU
MSE: 5.900636431017103
MAE: 1.9510030910886567
EVS: 0.7893320270841835
