Model: GRU
MSE: 4.599972231650394
MAE: 1.4455166109677018
EVS: 0.7861706698006665
