Model: GRU
MSE: 5.705874737027567
MAE: 1.9428979898321217
EVS: 0.8191007632170586
