Model: GRU
MSE: 1524.3585361684356
MAE: 38.483340131825415
EVS: -1.2111940727111623
