Model: GRU
MSE: 3.6065033712623116
MAE: 1.1342279161725726
EVS: 0.8038081911178188
