Model: GRU
MSE: 3.3885602320400734
MAE: 1.151517892705983
EVS: 0.8358854739646873
