Model: GRU
MSE: 3.8983863773646403
MAE: 1.1372319994301632
EVS: 0.807437975861689
