Model: GRU
MSE: 3.69427164517181
MAE: 1.2953025883641736
EVS: 0.8319416794582318
