Model: GRU
MSE: 3.861795136741092
MAE: 1.3339669951077164
EVS: 0.8159718645528805
