Model: GRU
MSE: 182.69259627981705
MAE: 12.754255208475836
EVS: -0.020292407261569334
