Model: GRU
MSE: 3.6078096946046605
MAE: 1.0750277823415295
EVS: 0.8249392097613186
