Model: GRU
MSE: 199.59067003354613
MAE: 13.346518820729749
EVS: -0.09365062291498716
