Model: GRU
MSE: 4.295646070326914
MAE: 1.4110996065468624
EVS: 0.8275427033401073
