Model: GRU
MSE: 252.00606017838945
MAE: 15.06862500618244
EVS: -0.271066432721635
