Model: GRU
MSE: 3.27493991900175
MAE: 1.1284244471582874
EVS: 0.8377324418659979
