Model: GRU
MSE: 1104.5810780683803
MAE: 32.92787653824379
EVS: -0.03631689607904143
