Model: GRU
MSE: 4.967115122884885
MAE: 1.6866414711393158
EVS: 0.7971167692451636
