Model: GRU
MSE: 243.57897034325953
MAE: 14.907875965381491
EVS: -0.08718379843696344
