Model: GRU
MSE: 3.6153207816882547
MAE: 1.1329934103735562
EVS: 0.8209424875246999
