Model: GRU
MSE: 3.82724738703393
MAE: 1.2910518399600326
EVS: 0.8118292762429242
