Model: GRU
MSE: 3.360195468972168
MAE: 1.1245315403773868
EVS: 0.8356018007667896
