Model: GRU
MSE: 3.1981374453353824
MAE: 1.0477506621130581
EVS: 0.8412016113801246
