Model: GRU
MSE: 4.250478837937698
MAE: 1.481495166647023
EVS: 0.8196147333813228
