Model: GRU
MSE: 3.667290128603339
MAE: 1.1250466396068703
EVS: 0.8145255056653287
