Model: GRU
MSE: 4.337164391977512
MAE: 1.3686172263375644
EVS: 0.783263627149709
