Model: GRU
MSE: 5.766615515772228
MAE: 1.9762956356180126
EVS: 0.8168611793759593
