Model: GRU
MSE: 874.5257293960877
MAE: 29.14858499066583
EVS: -0.2681679408827655
