Model: GRU
MSE: 3.597123487893592
MAE: 1.1779579170818986
EVS: 0.8364819282164258
