Model: GRU
MSE: 7.926011437526246
MAE: 2.0845553710542877
EVS: 0.5967821113421559
