Model: GRU
MSE: 4.2230171571096164
MAE: 1.1048622439647544
EVS: 0.784919622893466
