Model: GRU
MSE: 4.866573541028445
MAE: 1.595834230554515
EVS: 0.7846357067681172
