Model: GRU
MSE: 3.9186962305031603
MAE: 1.3473264842197812
EVS: 0.8159114322439629
