Model: GRU
MSE: 3.8418581421518763
MAE: 1.187597735174771
EVS: 0.8064193127324734
