Model: GRU
MSE: 4.577808288745167
MAE: 1.5456961927742794
EVS: 0.8040304981440555
