Model: GRU
MSE: 3.2847685048961885
MAE: 1.029093125770832
EVS: 0.8346599978415701
