Model: GRU
MSE: 3.7346228224000755
MAE: 1.0665251920963157
EVS: 0.8101296006352929
