Model: GRU
MSE: 222.82813644520874
MAE: 14.15624607842544
EVS: -0.14296571279727788
