Model: GRU
MSE: 5.324960824708012
MAE: 1.7206128219078327
EVS: 0.7780076591679878
