Model: GRU
MSE: 3.7354502192822228
MAE: 1.2061363211993514
EVS: 0.8109256811662486
