Model: GRU
MSE: 4.989032960541532
MAE: 1.7441366212121372
EVS: 0.8166613272504262
