Model: GRU
MSE: 5.17011963645111
MAE: 1.4452607755003304
EVS: 0.7422405005371486
