Model: GRU
MSE: 5.506975415500745
MAE: 1.8446559885452534
EVS: 0.7999465094190702
