Model: GRU
MSE: 5.894730111693228
MAE: 1.9190608509655656
EVS: 0.7838166188095502
