Model: GRU
MSE: 4.2782867943530105
MAE: 1.4975881494324783
EVS: 0.8125657664204815
