Model: GRU
MSE: 5.177905375286426
MAE: 1.8136699816276287
EVS: 0.8161634434965759
