Model: GRU
MSE: 4.70603498192954
MAE: 1.5556725386915535
EVS: 0.8006301329157396
