Model: GRU
MSE: 4.720257913755708
MAE: 1.576016512410394
EVS: 0.8323796585810287
