Model: GRU
MSE: 392.4744372574934
MAE: 19.166784689344208
EVS: -0.27953599581739264
