Model: GRU
MSE: 4.281607192836133
MAE: 1.2750758055982918
EVS: 0.8040833258073437
