Model: GRU
MSE: 5.174889684757639
MAE: 1.722119035391972
EVS: 0.7934088495115738
