Model: GRU
MSE: 3.7425057422059846
MAE: 1.287557708806005
EVS: 0.8112255138301565
