Model: GRU
MSE: 5.41801437667397
MAE: 1.8263992153365036
EVS: 0.8133661180333985
