Model: GRU
MSE: 4.37007650608698
MAE: 1.2252440534788986
EVS: 0.7773874516342605
