Model: GRU
MSE: 4.063892806865101
MAE: 1.427976916576254
EVS: 0.8163670814289362
