Model: GRU
MSE: 4.024472397669955
MAE: 1.251407606848355
EVS: 0.8148027001496304
