Model: GRU
MSE: 4.4316041422789745
MAE: 1.463305442497648
EVS: 0.8035353795267453
