Model: GRU
MSE: 3.614107509495329
MAE: 1.1814155701933235
EVS: 0.8160664955854331
