Model: GRU
MSE: 4.766096955122467
MAE: 1.2960184689225822
EVS: 0.7919237894812333
