Model: GRU
MSE: 13432.448411801344
MAE: 115.81310798381936
EVS: -0.007596346885721861
