Model: GRU
MSE: 3.6076663027751343
MAE: 1.125246709790723
EVS: 0.819312431018191
