Model: GRU
MSE: 4.2578913299832255
MAE: 1.276242981696951
EVS: 0.8124686429748035
