Model: GRU
MSE: 3.794433880077281
MAE: 1.1308918287014138
EVS: 0.8067746237191322
