Model: GRU
MSE: 4.005905263426057
MAE: 1.2984666742127517
EVS: 0.8367076117256046
