Model: GRU
MSE: 3.4470037100211988
MAE: 1.126481450837234
EVS: 0.8244094089544012
