Model: GRU
MSE: 3.906591778041511
MAE: 1.2015423445866025
EVS: 0.8009254951419202
