Model: GRU
MSE: 4.348630819083972
MAE: 1.4744995503590024
EVS: 0.8064281415140361
