Model: GRU
MSE: 4.2243426418056185
MAE: 1.2632382409325962
EVS: 0.7857837485246053
