Model: GRU
MSE: 4.434564677458197
MAE: 1.1506725292781304
EVS: 0.79375618324195
