Model: GRU
MSE: 3.840983086257204
MAE: 1.1999812455012882
EVS: 0.8108265892228755
