Model: GRU
MSE: 3.5113203715719945
MAE: 1.0887295603752136
EVS: 0.8253331139795737
