Model: GRU
MSE: 1995.8696401046222
MAE: 44.31475645920326
EVS: -0.6343782016033965
