Model: GRU
MSE: 4.476939302830528
MAE: 1.3311095361051888
EVS: 0.7825389101169347
