Model: GRU
MSE: 447.73467048169465
MAE: 20.525314544809277
EVS: -0.3476859479629826
