Model: GRU
MSE: 3.39755740528666
MAE: 1.0724816157900054
EVS: 0.8270745396551912
