Model: GRU
MSE: 4.775585684965939
MAE: 1.434926468750526
EVS: 0.8088682381560875
