Model: GRU
MSE: 3187.484829027011
MAE: 56.30258468101765
EVS: 0.10801296175624131
