Model: GRU
MSE: 3.452173406095307
MAE: 1.123966093721061
EVS: 0.8240800709793069
