Model: GRU
MSE: 6.053217530799886
MAE: 1.5905105512717674
EVS: 0.7861626718223992
