Model: GRU
MSE: 4.414773774624927
MAE: 1.4873021388876027
EVS: 0.831834229976042
