Model: GRU
MSE: 4.489869045632327
MAE: 1.5583388229896282
EVS: 0.8117471341697109
