Model: GRU
MSE: 3.9007512756858067
MAE: 1.268042870636644
EVS: 0.8083635600909418
