Model: GRU
MSE: 3.6988632504119026
MAE: 1.1061580468868386
EVS: 0.8121388064490354
