Model: GRU
MSE: 5.9546903705799945
MAE: 1.9453431552854077
EVS: 0.7864487364093065
