Model: GRU
MSE: 4.753481915076134
MAE: 1.5218946697383091
EVS: 0.8313913169423086
