Model: GRU
MSE: 5.305486328553318
MAE: 1.6053913872817467
EVS: 0.761230128788916
