Model: GRU
MSE: 3.801167751356437
MAE: 1.1156548323302433
EVS: 0.8085191068471749
