Model: GRU
MSE: 175.53720795430792
MAE: 12.3926191453276
EVS: -0.11908424608086787
