Model: GRU
MSE: 5.054498243372814
MAE: 1.7609977886594574
EVS: 0.8187877203440211
