Model: GRU
MSE: 3.84270333418545
MAE: 1.3152562914223507
EVS: 0.8199845641842195
