Model: GRU
MSE: 15.906399235163212
MAE: 3.459589251156511
EVS: 0.18971063750243045
