Model: GRU
MSE: 4.010968116156081
MAE: 1.0689176012729775
EVS: 0.7994266443202063
