Model: GRU
MSE: 3.572353725490751
MAE: 1.111010292480732
EVS: 0.818400318614718
