Model: GRU
MSE: 3.103081493604838
MAE: 1.0016293710675732
EVS: 0.8452846547303281
