Model: GRU
MSE: 3.546946669819144
MAE: 1.1393435083586594
EVS: 0.8217829459783783
