Model: GRU
MSE: 204.34498543414392
MAE: 13.490256284845286
EVS: -0.13935457837733356
