Model: GRU
MSE: 4.599911445832086
MAE: 1.3828423228757134
EVS: 0.8053184679870354
