Model: GRU
MSE: 796.6440614837685
MAE: 27.862178901146198
EVS: -0.03667481704329112
