Model: GRU
MSE: 3.663352053161073
MAE: 1.212807848535735
EVS: 0.8231074014393889
