Model: GRU
MSE: 4.160452831731615
MAE: 1.242029759390601
EVS: 0.8060069012042318
