Model: GRU
MSE: 4.201840748967335
MAE: 1.1570997875312279
EVS: 0.7948469985608173
