Model: GRU
MSE: 4.924601878165627
MAE: 1.7718489951100842
EVS: 0.8163425502617858
