Model: GRU
MSE: 3.8422659891121147
MAE: 1.1182371377944946
EVS: 0.8048035258595445
