Model: GRU
MSE: 3213.914197365322
MAE: 56.42611786414837
EVS: -0.5291679119722295
