Model: GRU
MSE: 3.2699289230375204
MAE: 1.1680460387262805
EVS: 0.846889619759167
