Model: GRU
MSE: 4.433209206658413
MAE: 1.4536789573472122
EVS: 0.8061046880035325
