Model: GRU
MSE: 4.643003619332683
MAE: 1.4661766537304581
EVS: 0.8301501215206353
