Model: GRU
MSE: 3.3049456115732996
MAE: 1.178651796068464
EVS: 0.8161713055255466
