Model: GRU
MSE: 5170.167303016124
MAE: 71.47683393544165
EVS: -2.1202351610728276
