Model: GRU
MSE: 3.3445635777067206
MAE: 1.1137087098483383
EVS: 0.8295690536547418
