Model: GRU
MSE: 4.367867610314824
MAE: 1.2395748763248837
EVS: 0.780118518120414
