Model: GRU
MSE: 1633.860314408089
MAE: 40.205768453663794
EVS: 0.11551880008078652
