Model: GRU
MSE: 4.548707955937624
MAE: 1.4810317179252361
EVS: 0.7735777293217088
