Model: GRU
MSE: 5.4198568713711
MAE: 1.8793424655651223
EVS: 0.8200137046946324
