Model: GRU
MSE: 3.770396858158659
MAE: 1.2250394327887173
EVS: 0.8199797273715547
