Model: GRU
MSE: 3.2283747750179232
MAE: 1.0790077365677933
EVS: 0.8368799220793897
