Model: GRU
MSE: 4432.314527742743
MAE: 66.395722882501
EVS: -0.21908299632302297
