Model: GRU
MSE: 3.3719091176849685
MAE: 1.0422582708556076
EVS: 0.8309777752910217
