Model: GRU
MSE: 173.44438173018165
MAE: 12.335061248006491
EVS: -0.08496405651921113
