Model: GRU
MSE: 3.807089364707059
MAE: 1.1681125533991847
EVS: 0.807229429337061
