Model: GRU
MSE: 4.657134905533561
MAE: 1.5884185248407825
EVS: 0.8157445315359119
