Model: GRU
MSE: 5.84811301448223
MAE: 1.4043498285885514
EVS: 0.7416539301267325
