Model: GRU
MSE: 4.258532258676029
MAE: 1.4739697287822593
EVS: 0.8242224535998894
