Model: GRU
MSE: 964.5325158781122
MAE: 30.75739357389253
EVS: 0.05646883806524816
