Model: GRU
MSE: 3.316360214476551
MAE: 1.0608065292753022
EVS: 0.8332699842496858
