Model: GRU
MSE: 4.039063223415399
MAE: 1.4316836307788718
EVS: 0.8142445191054994
