Model: GRU
MSE: 3.8600890630688647
MAE: 1.1374001831843936
EVS: 0.8087478657788941
