Model: GRU
MSE: 1833.4137576748335
MAE: 42.48220272721915
EVS: -0.46132985130076976
