Model: GRU
MSE: 4.082718136290395
MAE: 1.453876047298826
EVS: 0.817051630527566
