Model: GRU
MSE: 180.7041733342187
MAE: 12.652604101033047
EVS: -0.050573270844149754
