Model: GRU
MSE: 4.7791649060747154
MAE: 1.3868883190483883
EVS: 0.7650337528775373
