Model: GRU
MSE: 3.348031600216989
MAE: 1.0386287569999695
EVS: 0.8308252295415853
