Model: GRU
MSE: 3.585307391111491
MAE: 1.307749682459338
EVS: 0.831653222631924
