Model: GRU
MSE: 5.948783616566768
MAE: 1.5192445557692955
EVS: 0.7606428424581846
