Model: GRU
MSE: 3.949617591486264
MAE: 1.1760938455318581
EVS: 0.8015243011416502
