Model: GRU
MSE: 4.340183836924912
MAE: 1.1998216448159054
EVS: 0.7966642379085725
