Model: GRU
MSE: 3.8246522203720397
MAE: 1.2426239046557197
EVS: 0.8305304322658205
