Model: GRU
MSE: 200.20338193556955
MAE: 13.217168744268088
EVS: -0.2999723679914812
