Model: GRU
MSE: 3.3658654210782717
MAE: 1.059620269413652
EVS: 0.8407510400716011
