Model: GRU
MSE: 3.3527309541224337
MAE: 1.1958398161263302
EVS: 0.8295017744700273
