Model: GRU
MSE: 232.1380362382996
MAE: 14.503732779930377
EVS: -0.10988974829149956
