Model: GRU
MSE: 4.184753691815016
MAE: 1.5295847777662606
EVS: 0.81960544956114
