Model: GRU
MSE: 184.71881261371485
MAE: 12.768469835149832
EVS: -0.10505974059975443
