Model: GRU
MSE: 5.96670891892186
MAE: 1.7882803020806148
EVS: 0.8299502693065283
