Model: GRU
MSE: 5.9935552943497115
MAE: 1.9163519411251462
EVS: 0.7876117151684957
