Model: GRU
MSE: 4.213934544245079
MAE: 1.3845485818797145
EVS: 0.8021681655419556
