Model: GRU
MSE: 793.516686661656
MAE: 27.75106219587655
EVS: -0.1922131404390066
