Model: GRU
MSE: 13.509822466600186
MAE: 3.1156301827266297
EVS: 0.32628824981355853
