Model: GRU
MSE: 3.839441707109875
MAE: 1.1469113908965012
EVS: 0.8150515688054062
