Model: GRU
MSE: 3.7482500044068447
MAE: 1.1417280682202042
EVS: 0.8089920142313736
