Model: GRU
MSE: 3.7003342397721575
MAE: 1.270155565492038
EVS: 0.8173146792232928
