Model: GRU
MSE: 3.277496680278399
MAE: 1.1055877619776233
EVS: 0.8373191400123137
