Model: GRU
MSE: 5425.989386197632
MAE: 73.28846319790544
EVS: -1.7921076823822952
