Model: GRU
MSE: 4.386141491607567
MAE: 1.2406725369650742
EVS: 0.7833130765652365
