Model: GRU
MSE: 5.0927549270098815
MAE: 1.6511984200313174
EVS: 0.7809071429065901
