Model: GRU
MSE: 3.5413618176596753
MAE: 1.2982862653403446
EVS: 0.8370078215175274
