Model: GRU
MSE: 4.598134730159858
MAE: 1.2206424464439523
EVS: 0.7694897394031164
