Model: GRU
MSE: 4.055999131960233
MAE: 1.1388009170006061
EVS: 0.793334908039759
