Model: GRU
MSE: 6.48282336064205
MAE: 2.0277699437634698
EVS: 0.7866501291957211
