Model: GRU
MSE: 3.8550748874225347
MAE: 1.1329620727177323
EVS: 0.8050590709388933
