Model: GRU
MSE: 5.068420416432934
MAE: 1.6127886155555988
EVS: 0.7887645794344255
