Model: GRU
MSE: 4.93544428463963
MAE: 1.6794448967637687
EVS: 0.844829153056681
