Model: GRU
MSE: 6.566565736485437
MAE: 2.1430996944164407
EVS: 0.798412443913145
