Model: GRU
MSE: 4.887631406857753
MAE: 1.6251037696312214
EVS: 0.794925866997499
