Model: GRU
MSE: 285.8617633654037
MAE: 16.228774942200758
EVS: -0.14601278593690425
