Model: GRU
MSE: 4.212222954913532
MAE: 1.099773752278295
EVS: 0.7858656092738013
