Model: GRU
MSE: 1239.8136199116257
MAE: 34.27392785302524
EVS: -2.3180593287215863
