Model: GRU
MSE: 2291.0102885473566
MAE: 47.15693960518673
EVS: -2.42618788762988
