Model: GRU
MSE: 3.2709562769982083
MAE: 1.0196161804528072
EVS: 0.8414593452122325
