Model: GRU
MSE: 4.62810403933317
MAE: 1.5121887696200405
EVS: 0.79413471781217
