Model: GRU
MSE: 21.023046754983028
MAE: 3.892139303273168
EVS: -0.06654517730004184
