Model: GRU
MSE: 5.108302670281817
MAE: 1.7515631626392234
EVS: 0.8073382281349037
