Model: GRU
MSE: 3.9856420307581044
MAE: 1.188924072117641
EVS: 0.7968966586839796
