Model: GRU
MSE: 3.7417320683696844
MAE: 1.2121696801021182
EVS: 0.8163315340149985
