Model: GRU
MSE: 3369.3048314437942
MAE: 57.93371562300057
EVS: 0.3380632970163223
