Model: GRU
MSE: 3.5363028534727143
MAE: 1.091763582722894
EVS: 0.8199921673763704
