Model: GRU
MSE: 4.370988944139481
MAE: 1.41222816911237
EVS: 0.7936246293212977
