Model: GRU
MSE: 3.6158790022077474
MAE: 1.1297607175235092
EVS: 0.82932459588118
