Model: GRU
MSE: 24.171064221894902
MAE: 4.033523099175815
EVS: 0.1986610574888923
