Model: GRU
MSE: 3.9766299106928424
MAE: 1.2289663265491355
EVS: 0.797469872290697
