Model: GRU
MSE: 226.00410007926254
MAE: 14.243247307580093
EVS: -0.17890107865356075
