Model: GRU
MSE: 4.576560053059445
MAE: 1.528085441424929
EVS: 0.8047550092389529
