Model: GRU
MSE: 5.396947993222496
MAE: 1.5056310193292026
EVS: 0.7251308662773569
