Model: GRU
MSE: 4.050463951482358
MAE: 1.198168528491053
EVS: 0.7982336201678027
