Model: GRU
MSE: 20.4393427662371
MAE: 3.7488749931598533
EVS: 0.0
