Model: GRU
MSE: 4.543332036940334
MAE: 1.626967948058556
EVS: 0.8169543815637947
