Model: GRU
MSE: 177.45830670538626
MAE: 12.551943159308927
EVS: -0.014455450869175435
