Model: GRU
MSE: 3.7602607225519025
MAE: 1.1455308774421955
EVS: 0.8113283133487786
