Model: GRU
MSE: 5.224936130101125
MAE: 1.7602231091466443
EVS: 0.795175079149942
