Model: GRU
MSE: 4.806976481384063
MAE: 1.5461469631770561
EVS: 0.8286996220905007
