Model: GRU
MSE: 4.868988159860465
MAE: 1.5808580497215534
EVS: 0.7870740460116936
