Model: GRU
MSE: 3.477936991757574
MAE: 1.1144446298993866
EVS: 0.8265496976610498
