Model: GRU
MSE: 4.236361649911143
MAE: 1.233461220716608
EVS: 0.7862994544500014
