Model: GRU
MSE: 4.014196190956303
MAE: 1.0789002817252586
EVS: 0.7998347273806133
