Model: GRU
MSE: 4.544646615446466
MAE: 1.4195085722824623
EVS: 0.8121607521820154
