Model: GRU
MSE: 3.6418238493716726
MAE: 1.1586805705366463
EVS: 0.8275743679847704
