Model: GRU
MSE: 5.440001864129713
MAE: 1.7208905343351693
EVS: 0.76976759214017
