Model: GRU
MSE: 3.684929809384512
MAE: 1.1367566708860726
EVS: 0.8213780554784388
