Model: GRU
MSE: 5.886491813894844
MAE: 1.6283390850856387
EVS: 0.7856133579464275
