Model: GRU
MSE: 4.20425109249981
MAE: 1.3879974628316945
EVS: 0.8428024425941634
