Model: GRU
MSE: 10.125147288167303
MAE: 2.828841945220684
EVS: 0.752563203597072
