Model: GRU
MSE: 5.590986001956276
MAE: 1.6544171181218377
EVS: 0.7809992894494002
