Model: GRU
MSE: 3.7510305953514034
MAE: 1.1506180927671235
EVS: 0.8257150227236874
