Model: GRU
MSE: 4.254007025977151
MAE: 1.2621668885494102
EVS: 0.7864080719922909
