Model: GRU
MSE: 5.837888729065951
MAE: 1.9084038939969292
EVS: 0.786991420722437
