Model: GRU
MSE: 1266.9181615492898
MAE: 35.32724153584447
EVS: 0.03665008639940259
