Model: GRU
MSE: 216.36841626613955
MAE: 13.924607235809852
EVS: -0.14525360695830214
