Model: GRU
MSE: 3.8982983242561398
MAE: 1.2348161524739758
EVS: 0.812618684075851
