Model: GRU
MSE: 3.7973606061039034
MAE: 1.141494880462515
EVS: 0.8076134274650913
