Model: GRU
MSE: 3.042345042870068
MAE: 1.0118831108356345
EVS: 0.845880088855404
