Model: GRU
MSE: 192.94443701644767
MAE: 13.071609628611597
EVS: -0.12505977883071884
