Model: GRU
MSE: 4.000698298392952
MAE: 1.1274107735732506
EVS: 0.8055367816983947
