Model: GRU
MSE: 4.188251133836483
MAE: 1.3304763415764118
EVS: 0.8065402191899507
