Model: GRU
MSE: 3.806700158955585
MAE: 1.2423863123203147
EVS: 0.828594155424677
