Model: GRU
MSE: 4.83599846932512
MAE: 1.4312722867932812
EVS: 0.802454945283925
