Model: GRU
MSE: 5.26346531729059
MAE: 1.7022303712779079
EVS: 0.7789627069596046
