Model: GRU
MSE: 4.799935724931941
MAE: 1.3093399158839523
EVS: 0.8002818221889746
