Model: GRU
MSE: 5.774448469899994
MAE: 1.9498601300375802
EVS: 0.7973774852378506
