Model: GRU
MSE: 4.195755849190035
MAE: 1.2454799639767613
EVS: 0.7886396791457424
