Model: GRU
MSE: 3.865075540142259
MAE: 1.3125726765599743
EVS: 0.8158855236660982
