Model: GRU
MSE: 6.513399046806863
MAE: 1.8618645380283225
EVS: 0.7985739628676277
