Model: GRU
MSE: 3.716007360277237
MAE: 1.2588537068202579
EVS: 0.8192801269044094
