Model: GRU
MSE: 17.290669113669225
MAE: 3.3828129275091765
EVS: 0.4415697430853299
