Model: GRU
MSE: 4.253504805034256
MAE: 1.394325934607407
EVS: 0.8076248703920214
