Model: GRU
MSE: 4.835338343618354
MAE: 1.6270143656895077
EVS: 0.7958295836852863
