Model: GRU
MSE: 3.5933467228449674
MAE: 1.0578889970121712
EVS: 0.8169553618936989
