Model: GRU
MSE: 3.6675366802109157
MAE: 1.1442568281601215
EVS: 0.8132467170281429
