Model: GRU
MSE: 16.96483798669914
MAE: 3.4748257932991815
EVS: 0.18208124014697613
