Model: GRU
MSE: 3.437358351006888
MAE: 1.0457917862925037
EVS: 0.8319421942261237
