Model: GRU
MSE: 4.645177113576574
MAE: 1.6557895479531124
EVS: 0.8169575375007812
