Model: GRU
MSE: 3.6278322711147797
MAE: 1.1406438021824277
EVS: 0.8157852248590012
