Model: GRU
MSE: 191.59881324434994
MAE: 12.985497931981909
EVS: -0.170831641470099
