Model: GRU
MSE: 3.7790370613876454
MAE: 1.1251201999598537
EVS: 0.8084748858518136
