Model: GRU
MSE: 4.690876730893072
MAE: 1.5862230206358021
EVS: 0.8083108023063934
