Model: GRU
MSE: 4.800670130637378
MAE: 1.5125927431830044
EVS: 0.8153664688538022
