Model: GRU
MSE: 5.798835963842501
MAE: 1.9004772223275284
EVS: 0.7980105305066991
