Model: GRU
MSE: 5.608996629878017
MAE: 1.856891199520656
EVS: 0.8220398731964969
