Model: GRU
MSE: 4.225898499451747
MAE: 1.3959025350110283
EVS: 0.8117209561658034
