Model: GRU
MSE: 3.688842255814142
MAE: 1.0838248750259136
EVS: 0.8185650013450434
