Model: GRU
MSE: 3.9341627627350495
MAE: 1.3778967446294323
EVS: 0.8257391164611091
