Model: GRU
MSE: 24.04487845762679
MAE: 4.311211585998535
EVS: 0.04182711903523717
