Model: GRU
MSE: 4.7650997714023315
MAE: 1.2034425283300465
EVS: 0.7584658021266657
