Model: GRU
MSE: 213.84987752165762
MAE: 13.793652263180963
EVS: -0.20188533995475777
