Model: GRU
MSE: 3.416268473339355
MAE: 1.1686721875749786
EVS: 0.8404571854746292
