Model: GRU
MSE: 2005.0557278472813
MAE: 44.42264941079276
EVS: -0.7957266256600586
