Model: GRU
MSE: 3.5710568209278124
MAE: 1.138132603004061
EVS: 0.8247994499929711
