Model: GRU
MSE: 4.224632552866697
MAE: 1.4440986370218212
EVS: 0.8100163669464596
