Model: GRU
MSE: 3.9206839928780868
MAE: 1.362545029870395
EVS: 0.8243351504797299
