Model: GRU
MSE: 195.08603666170774
MAE: 13.144204538443994
EVS: -0.13721187298552362
