Model: GRU
MSE: 5.636276521720208
MAE: 1.9030237937795704
EVS: 0.8040905791873251
