Model: GRU
MSE: 3215.615608395001
MAE: 56.45543177374478
EVS: -0.4472457488722674
