Model: GRU
MSE: 4.28019080383354
MAE: 1.1855893998310483
EVS: 0.7820208588297435
