Model: GRU
MSE: 3.865617959108106
MAE: 1.2524118957848385
EVS: 0.8083843808143032
