Model: GRU
MSE: 5.43680348376306
MAE: 1.7767886087812226
EVS: 0.7841192492387883
