Model: GRU
MSE: 4.366994726348729
MAE: 1.1685998460342144
EVS: 0.7785120314285342
