Model: GRU
MSE: 4.829622191238922
MAE: 1.599446411790519
EVS: 0.8054514914636756
