Model: GRU
MSE: 4.152116212901418
MAE: 1.1654986759711956
EVS: 0.792853355074315
