Model: GRU
MSE: 3.4628429470563065
MAE: 1.0662362267231118
EVS: 0.8267471954135341
