Model: GRU
MSE: 2051.8669627017352
MAE: 45.06169779547329
EVS: -0.08596840786366222
