Model: GRU
MSE: 4.173901869127805
MAE: 1.2962338390021488
EVS: 0.7946455221930281
