Model: GRU
MSE: 20.25517292634313
MAE: 3.9968576431274414
EVS: 0.0
