Model: GRU
MSE: 473.45871682225635
MAE: 21.161666442608013
EVS: -0.3067376639873789
