Model: GRU
MSE: 193.18238279932677
MAE: 13.071891414708105
EVS: -0.13681000144962874
