Model: GRU
MSE: 3.922489971129144
MAE: 1.3031711352282558
EVS: 0.8180026200866428
