Model: GRU
MSE: 3.4791748176318156
MAE: 1.076836528449223
EVS: 0.8231920401476769
