Model: GRU
MSE: 4.261775288956251
MAE: 1.3009490905136898
EVS: 0.8140895102855044
