Model: GRU
MSE: 3.7933635804735464
MAE: 1.1426641540280704
EVS: 0.8072926368127816
