Model: GRU
MSE: 3.678755436496204
MAE: 1.2758808958119359
EVS: 0.8378012277160696
