Model: GRU
MSE: 4.613347044049845
MAE: 1.307278203553167
EVS: 0.7764428202021509
