Model: GRU
MSE: 19.62601774465255
MAE: 3.792561958576071
EVS: 0.0
