Model: GRU
MSE: 4.350370226409756
MAE: 1.553504821232387
EVS: 0.7953888585219426
