Model: GRU
MSE: 3.2226121245634087
MAE: 1.1246728444921559
EVS: 0.8383951020595182
