Model: GRU
MSE: 3.615616091247488
MAE: 1.1408520669772708
EVS: 0.8276989463952923
