Model: GRU
MSE: 4.4479643406833
MAE: 1.5606649579672978
EVS: 0.8197934667287475
