Model: GRU
MSE: 1345.4355856442708
MAE: 36.2617418026102
EVS: -0.5553737608393097
