Model: GRU
MSE: 6.6551199587933185
MAE: 2.1947117016233246
EVS: 0.7969876709739894
