Model: GRU
MSE: 4.55802094057892
MAE: 1.3709275886930268
EVS: 0.7736306592970451
