Model: GRU
MSE: 4.121603113635879
MAE: 1.2194218471132476
EVS: 0.8157104865499736
