Model: GRU
MSE: 4.001164018156818
MAE: 1.1491153116883903
EVS: 0.8070132413427223
