Model: GRU
MSE: 43.871327779103
MAE: 5.287731680376776
EVS: 0.16742068932672782
