Model: GRU
MSE: 200.02231589751375
MAE: 13.303286268793304
EVS: -0.1743597644530297
