Model: GRU
MSE: 3.8458165425969555
MAE: 1.3465892693092083
EVS: 0.8222926003689364
