Model: GRU
MSE: 5.508580545523645
MAE: 1.7731363444492734
EVS: 0.7801385077155438
