Model: GRU
MSE: 4.784855137094485
MAE: 1.468413731147503
EVS: 0.7945554570877651
