Model: GRU
MSE: 4.76750201988865
MAE: 1.749609585466056
EVS: 0.8286683956654131
