Model: GRU
MSE: 4.482167462055669
MAE: 1.3676397194122445
EVS: 0.8100975936475457
