Model: GRU
MSE: 4.150154971702895
MAE: 1.1902202861062412
EVS: 0.8032387950020459
