Model: GRU
MSE: 4.132310046171048
MAE: 1.1506430003149757
EVS: 0.7917463393683459
