Model: GRU
MSE: 4.690004289858441
MAE: 1.604198396205902
EVS: 0.807444587081143
