Model: GRU
MSE: 3.6472029023905734
MAE: 1.143714427947998
EVS: 0.8195666236209114
