Model: GRU
MSE: 4.000367954724754
MAE: 1.2681240048901787
EVS: 0.7983829229920908
