Model: GRU
MSE: 2023.2532623284658
MAE: 44.760302313442885
EVS: -0.007401080076725686
