Model: GRU
MSE: 3.471257769987194
MAE: 1.15180203010296
EVS: 0.8326034310564252
