Model: GRU
MSE: 3.307497068131415
MAE: 1.0524103435976753
EVS: 0.8319552875798091
