Model: GRU
MSE: 1822.0991909294196
MAE: 42.37803301317938
EVS: -0.3352199690384301
