Model: GRU
MSE: 3.704016979022
MAE: 1.1515059358087079
EVS: 0.8275296055601793
