Model: GRU
MSE: 698.8873524716325
MAE: 25.93602436986463
EVS: -0.3356522850099677
