Model: GRU
MSE: 3.446394981310977
MAE: 1.0576038155062446
EVS: 0.8249902828734854
