Model: GRU
MSE: 4.026030314871595
MAE: 1.2932806816594353
EVS: 0.7997188609451111
