Model: GRU
MSE: 4.276960355184239
MAE: 1.3621880268228466
EVS: 0.8248403420608705
