Model: GRU
MSE: 9.017596026671812
MAE: 2.581813853362511
EVS: 0.7495788816781328
