Model: GRU
MSE: 5.28322032105255
MAE: 1.6262703270747745
EVS: 0.7635580884145202
