Model: GRU
MSE: 4.311581799605938
MAE: 1.3960419441091603
EVS: 0.7962429551970713
