Model: GRU
MSE: 4.449962226788461
MAE: 1.3829719896974235
EVS: 0.7884527941470674
