Model: GRU
MSE: 2804.639253344274
MAE: 52.7723582037564
EVS: -0.004795197810467888
