Model: GRU
MSE: 4.74317828868347
MAE: 1.448690560357324
EVS: 0.777873216751424
