Model: GRU
MSE: 3.478520726459422
MAE: 1.153471510985802
EVS: 0.8233370737593986
