Model: GRU
MSE: 790.0252955436013
MAE: 27.648544541720685
EVS: -0.30371525035751
