Model: GRU
MSE: 3.1836364577225695
MAE: 1.0726591636394631
EVS: 0.8407202723907132
