Model: GRU
MSE: 6528.086843955386
MAE: 80.38536124393858
EVS: -2.3776338307072487
