Model: GRU
MSE: 3.765804144357767
MAE: 1.1784069455903152
EVS: 0.8151252858791322
