Model: GRU
MSE: 4.164275897034913
MAE: 1.362501401325752
EVS: 0.8061893430644252
