Model: GRU
MSE: 204.98676471435164
MAE: 13.562350881510767
EVS: -0.07267042306425564
