Model: GRU
MSE: 4.318066678875094
MAE: 1.4614717528737824
EVS: 0.8079885445793697
