Model: GRU
MSE: 5.478559952726528
MAE: 1.748687261137469
EVS: 0.8207994548571201
