Model: GRU
MSE: 4.929868656098438
MAE: 1.7217164985064803
EVS: 0.8072108555947406
