Model: GRU
MSE: 3.1729211519196094
MAE: 1.08667568502755
EVS: 0.8391991672706339
