Model: GRU
MSE: 7.639219032028721
MAE: 2.3757174672751593
EVS: 0.7998782538899437
