Model: GRU
MSE: 4.032112206194383
MAE: 1.2491630809060459
EVS: 0.8245299972878722
