Model: GRU
MSE: 20.412676126465847
MAE: 3.749388201483365
EVS: 0.0
