Model: GRU
MSE: 4.9917862324068825
MAE: 1.6476180409563
EVS: 0.7852776928382508
