Model: GRU
MSE: 3.909517667652708
MAE: 1.301550606201435
EVS: 0.8171505107834418
