Model: GRU
MSE: 4.893407845424831
MAE: 1.6114207835033023
EVS: 0.8448753278329996
