Model: GRU
MSE: 3.428259489890684
MAE: 1.1062934686397683
EVS: 0.830063990994562
