Model: GRU
MSE: 4.343670877437581
MAE: 1.1917429545830036
EVS: 0.8002464123621319
