Model: GRU
MSE: 3.876083511590076
MAE: 1.187302272895287
EVS: 0.8039563053458172
