Model: GRU
MSE: 3.469187133508176
MAE: 1.1697929480980183
EVS: 0.8304769197572595
