Model: GRU
MSE: 206.68423932860415
MAE: 13.563514306627471
EVS: -0.1575649198973541
