Model: GRU
MSE: 4.756414902526015
MAE: 1.5307030801115364
EVS: 0.8293330064842035
