Model: GRU
MSE: 20.26708889387988
MAE: 3.9986584762047075
EVS: 0.0
