Model: GRU
MSE: 4.162321966336654
MAE: 1.290378948737835
EVS: 0.7919367055548635
