Model: GRU
MSE: 3789.342495370855
MAE: 60.84493873859274
EVS: -3.4455130444112188
