Model: GRU
MSE: 4.36559495112538
MAE: 1.547007104446148
EVS: 0.8197164330609809
