Model: GRU
MSE: 3.922383900122968
MAE: 1.1352316028085248
EVS: 0.8016677539314879
