Model: GRU
MSE: 3.8899688647160504
MAE: 1.27835724271577
EVS: 0.815698104161376
