Model: GRU
MSE: 6.068765112523416
MAE: 1.9250973627485077
EVS: 0.8423147539254746
