Model: GRU
MSE: 3.4458368676619924
MAE: 1.2697630132947648
EVS: 0.8093877833048817
