Model: GRU
MSE: 3.739405371415575
MAE: 1.1268975858030648
EVS: 0.8108654906902357
