Model: GRU
MSE: 4.349471655562739
MAE: 1.3006499286355644
EVS: 0.7845396428530275
