Model: GRU
MSE: 3.7816768797263527
MAE: 1.1401012087690419
EVS: 0.8105464737912882
