Model: GRU
MSE: 6.191077955413884
MAE: 1.903424627822021
EVS: 0.7672186622056931
