Model: GRU
MSE: 4.099083565914561
MAE: 1.321080061896094
EVS: 0.8037869030237523
