Model: GRU
MSE: 3.698110189296975
MAE: 1.1294770117463737
EVS: 0.816868964574937
