Model: GRU
MSE: 4.206120554103756
MAE: 1.499476062840429
EVS: 0.8186970700142088
