Model: GRU
MSE: 3.527616462603286
MAE: 1.2181696727358062
EVS: 0.8258947446042465
