Model: GRU
MSE: 3.3048983347450465
MAE: 1.0812996646453594
EVS: 0.8341508764014767
