Model: GRU
MSE: 3.4141688913458057
MAE: 1.1744463957589248
EVS: 0.8304952205620297
