Model: GRU
MSE: 6.218825188640416
MAE: 1.8937892584965146
EVS: 0.39531737012152324
