Model: GRU
MSE: 5.114617801878502
MAE: 1.6647316258529137
EVS: 0.37104119744719866
