Model: GRU
MSE: 5.620094698002708
MAE: 1.8466036073092758
EVS: 0.3909589041788436
