Model: GRU
MSE: 432.65041607424746
MAE: 20.63424217289892
EVS: 0.04134069245945793
