Model: GRU
MSE: 9.595795658055968
MAE: 2.625540018081665
EVS: 0.363992622069917
