Model: GRU
MSE: 4.079416696878431
MAE: 1.3328863834512645
EVS: 0.43890674173765487
