Model: GRU
MSE: 4.219265470812357
MAE: 1.4944918073456863
EVS: 0.4333113264051265
