Model: GRU
MSE: 354.06061827489873
MAE: 18.621285358379627
EVS: -0.018572688619249433
