Model: GRU
MSE: 5.249378652662816
MAE: 1.956209659576416
EVS: 0.5222226566693298
