Model: GRU
MSE: 4.136646691525129
MAE: 1.4481195252517174
EVS: 0.492544256815748
