Model: GRU
MSE: 4.231300602988775
MAE: 1.5643649594537143
EVS: 0.43739936068418095
