Model: GRU
MSE: 3.8999908513461254
MAE: 1.4893676659156536
EVS: 0.5064843420364944
