Model: GRU
MSE: 318.0465071342118
MAE: 17.62376521373617
EVS: -0.038231949304327495
