Model: GRU
MSE: 5.796035131483536
MAE: 1.844943276767073
EVS: 0.4574347806521405
