Model: GRU
MSE: 4.672523113552337
MAE: 1.6345687241389835
EVS: 0.422051116141947
