Model: GRU
MSE: 13.366966856847034
MAE: 3.2323613331235688
EVS: 0.43461368610311235
