Model: GRU
MSE: 7.700570546936245
MAE: 2.128550101970804
EVS: 0.0
