Model: GRU
MSE: 3.9035384327307368
MAE: 1.4302143064038506
EVS: 0.4631279328883484
