Model: GRU
MSE: 5.580640693277144
MAE: 1.9387918669601967
EVS: 0.4185182346490881
