Model: GRU
MSE: 6.0828242641078045
MAE: 2.059559780975868
EVS: 0.4912192875314645
