Model: GRU
MSE: 13.731617806763975
MAE: 2.9454441728263068
EVS: 0.0
