Model: GRU
MSE: 8.63605420069642
MAE: 2.4530023706370385
EVS: 0.4784209442572922
