Model: GRU
MSE: 4.265512320110827
MAE: 1.643119400945203
EVS: 0.5126654406137559
