Model: GRU
MSE: 4.2385128910109575
MAE: 1.561569361851133
EVS: 0.4811451157931883
