Model: GRU
MSE: 3.5118710919804594
MAE: 1.3035218633454422
EVS: 0.5106771823220946
