Model: GRU
MSE: 7498.820478692518
MAE: 86.55055078966865
EVS: -0.09024940342270593
