Model: GRU
MSE: 4.649393981842987
MAE: 1.7091171823698899
EVS: 0.4927207946021436
