Model: GRU
MSE: 4.03001062154248
MAE: 1.3786340746386299
EVS: 0.4389695407981795
