Model: GRU
MSE: 4.294276295647188
MAE: 1.4423303275272763
EVS: 0.47795697206526966
