Model: GRU
MSE: 4.63866367617946
MAE: 1.5597737739826072
EVS: 0.48253502197532416
