Model: GRU
MSE: 4.01169890862027
MAE: 1.4774847359492862
EVS: 0.4615309987277981
