Model: GRU
MSE: 369.757085724019
MAE: 19.02509247023484
EVS: -0.08750456304769672
