Model: GRU
MSE: 8.372362291693458
MAE: 2.4907178221077753
EVS: 0.4456020721310666
