Model: GRU
MSE: 3.552760029079011
MAE: 1.1704255794656688
EVS: 0.5208007624195641
