Model: GRU
MSE: 6.24289747760299
MAE: 1.9344828539881214
EVS: 0.47892150534859546
