Model: GRU
MSE: 4.039754044060357
MAE: 1.402157290228482
EVS: 0.4499626968797652
