Model: GRU
MSE: 6.297124751168542
MAE: 1.9630704748219456
EVS: 0.20609060451441896
