Model: GRU
MSE: 8710.811423425177
MAE: 93.29328129209321
EVS: 1.1102230246251565e-16
