Model: GRU
MSE: 6.1785238990214095
MAE: 2.0937600464656434
EVS: 0.4537702377144651
