Model: GRU
MSE: 4.359308641498646
MAE: 1.5720983620347648
EVS: 0.4533149488987821
