Model: GRU
MSE: 3.987467207565244
MAE: 1.3398599295780576
EVS: 0.4618727969790172
