Model: GRU
MSE: 5.600745704149662
MAE: 1.8428445684498753
EVS: 0.41752885983589827
