Model: GRU
MSE: 3.763553775271797
MAE: 1.401771167228962
EVS: 0.4783417490149783
