Model: GRU
MSE: 7.520141828807686
MAE: 2.390051743079876
EVS: 0.4755611323971911
