Model: GRU
MSE: 3.7308794765626616
MAE: 1.252834912004142
EVS: 0.4813944663118316
