Model: GRU
MSE: 4.542619281621933
MAE: 1.467870465640364
EVS: 0.4057802435670227
