Model: GRU
MSE: 4.656601620917784
MAE: 1.6220270847452098
EVS: 0.43707266492212504
