Model: GRU
MSE: 6.401578335338164
MAE: 2.090566602246515
EVS: 0.40410867623563373
