Model: GRU
MSE: 5.546455286321298
MAE: 1.689716437767292
EVS: 0.4072703453494235
