Model: GRU
MSE: 5.299977584924792
MAE: 1.5640960420880998
EVS: 0.33475974472525394
