Model: GRU
MSE: 7.524718643303145
MAE: 2.2126379013061523
EVS: 0.1700223205643192
