Model: GRU
MSE: 6.855881542988786
MAE: 1.953267031702502
EVS: 0.06567703080983789
