Model: GRU
MSE: 5.318650700556928
MAE: 1.9093551306888974
EVS: 0.4298579221865899
