Model: GRU
MSE: 4.248899000898166
MAE: 1.4503030612550933
EVS: 0.4331908638856744
