Model: GRU
MSE: 3.6813981121543544
MAE: 1.258995401448217
EVS: 0.48714992972615834
