Model: GRU
MSE: 4.430574059334817
MAE: 1.5318924476360452
EVS: 0.42491250444329143
