Model: GRU
MSE: 3.9542084571900165
MAE: 1.3961771603288322
EVS: 0.45139304437452077
