Model: GRU
MSE: 3.924895060533831
MAE: 1.4496890923072552
EVS: 0.46848124231365884
