Model: GRU
MSE: 6.532488060959591
MAE: 2.193281206591376
EVS: 0.5155539371899336
