Model: GRU
MSE: 6.521431179794901
MAE: 2.132726085597071
EVS: 0.4761093572342465
