Model: GRU
MSE: 5.6017290885457
MAE: 1.6831356410322518
EVS: 0.47410386538505445
