Model: GRU
MSE: 4.904145706902019
MAE: 1.7664007729497448
EVS: 0.5070371259176079
