Model: GRU
MSE: 8.111723261890127
MAE: 2.459316105678164
EVS: 0.4336182344753752
