Model: GRU
MSE: 4.333997174250867
MAE: 1.46212441345741
EVS: 0.4488129968855957
