Model: GRU
MSE: 4.149570507355418
MAE: 1.5043509088713547
EVS: 0.4326730228165294
