Model: GRU
MSE: 7.158667558549606
MAE: 2.1646892120098244
EVS: 0.13764275680061866
