Model: GRU
MSE: 6.723339910458482
MAE: 2.013887405395508
EVS: 0.1551747167022699
