Model: GRU
MSE: 4.520013844962846
MAE: 1.663131598768563
EVS: 0.47739116181148467
