Model: GRU
MSE: 6.89664030803787
MAE: 2.0692543325753046
EVS: 0.48595821375543624
