Model: GRU
MSE: 4.521922376696851
MAE: 1.4910457052033523
EVS: 0.4070864777130182
