Model: GRU
MSE: 6.399187473783486
MAE: 2.1061973325137435
EVS: 0.4178317370686332
