Model: GRU
MSE: 4.066931399977703
MAE: 1.335408588935589
EVS: 0.4605724717824241
