Model: GRU
MSE: 7.149071877047861
MAE: 2.2692204508288154
EVS: 0.4824732006933037
