Model: GRU
MSE: 6.333695312472738
MAE: 2.1021786558217017
EVS: 0.46193800493350345
