Model: GRU
MSE: 346.3215955096706
MAE: 18.404269613068678
EVS: -0.05984125477118174
