Model: GRU
MSE: 4.461279595715637
MAE: 1.469046872237633
EVS: 0.46607574883274505
