Model: GRU
MSE: 4.357075658396925
MAE: 1.4056824815684352
EVS: 0.4409080820656128
