Model: GRU
MSE: 297.39872690646996
MAE: 17.032260582364838
EVS: -0.017524128020757868
