Model: GRU
MSE: 7.713882529369396
MAE: 2.30644153726512
EVS: 0.4928320165486335
