Model: GRU
MSE: 4.522144311131592
MAE: 1.4992587977442249
EVS: 0.377358933306966
