Model: GRU
MSE: 4.5060161950522
MAE: 1.623730626599542
EVS: 0.48929038364413535
