Model: GRU
MSE: 4.108370196012292
MAE: 1.472021744169038
EVS: 0.4534981369331974
