Model: GRU
MSE: 6.097652518886944
MAE: 2.0857852902905694
EVS: 0.47056809658966436
