Model: GRU
MSE: 4.082204250530344
MAE: 1.3329957435870994
EVS: 0.46093121402475157
