Model: GRU
MSE: 6.766464753071636
MAE: 2.1449165673091493
EVS: 0.4746487143638859
