Model: GRU
MSE: 321.671691756702
MAE: 17.739103101450823
EVS: 0.02497199160382535
