Model: GRU
MSE: 5.101271785120295
MAE: 1.5893358855411923
EVS: 0.47107510800235264
