Model: GRU
MSE: 3.6740717691568063
MAE: 1.3142743275083344
EVS: 0.4892758369482627
