Model: GRU
MSE: 6.0959652034961875
MAE: 2.0536224924284836
EVS: 0.4377701446914426
