Model: GRU
MSE: 5.0776447462822345
MAE: 1.8387608692563813
EVS: 0.4636757980277184
