Model: GRU
MSE: 3.740706400056971
MAE: 1.3940489374358078
EVS: 0.49779566708688194
