Model: GRU
MSE: 4.397215085987305
MAE: 1.5310528689417346
EVS: 0.3887615259470195
