Model: GRU
MSE: 5.798000047087028
MAE: 1.992387656507821
EVS: 0.4890430690294877
