Model: GRU
MSE: 3.887680296310636
MAE: 1.5293715411219104
EVS: 0.5068680840169741
