Model: GRU
MSE: 6.748940433426657
MAE: 2.157389443496178
EVS: 0.4279813038579675
