Model: GRU
MSE: 3.7829659774074416
MAE: 1.2322618879120926
EVS: 0.4755165247214561
