Model: GRU
MSE: 4.633377781940312
MAE: 1.6496524810791016
EVS: 0.4162094738186509
