Model: GRU
MSE: 14.012959060303054
MAE: 3.2426644193715064
EVS: -0.040827112099141694
