Model: GRU
MSE: 5.206617881936397
MAE: 1.822627725272343
EVS: 0.44465387059391304
