Model: GRU
MSE: 5.475651552485848
MAE: 1.9703782837966393
EVS: 0.48115737708207196
