Model: GRU
MSE: 5.758157138545875
MAE: 2.000731846381878
EVS: 0.4758078508763228
