Model: GRU
MSE: 1021.6023637991045
MAE: 31.54692322632362
EVS: -2.678560376194507
