Model: GRU
MSE: 10.39099280110202
MAE: 2.8170654691498855
EVS: 0.5049176180610226
