Model: GRU
MSE: 4.351410672184196
MAE: 1.6236880401085163
EVS: 0.49742000572984635
