Model: GRU
MSE: 906.8231328002732
MAE: 29.980271158547236
EVS: -0.11587101705658331
