Model: GRU
MSE: 3.643777901543264
MAE: 1.308585676653632
EVS: 0.4961712590488315
