Model: GRU
MSE: 6.667814444037833
MAE: 1.941743801380026
EVS: 0.3668917015598492
