Model: GRU
MSE: 6.988414412264539
MAE: 2.1922878396922143
EVS: 0.3656104040729039
