Model: GRU
MSE: 7.022306561797089
MAE: 2.2172421586924584
EVS: 0.4404772537761208
