Model: GRU
MSE: 7.275977033043421
MAE: 2.101498686034104
EVS: 0.07991478370445682
