Model: GRU
MSE: 6.0587523050075625
MAE: 1.9239773614065987
EVS: 0.374165491099517
