Model: GRU
MSE: 4.936766109704485
MAE: 1.575106012410131
EVS: 0.4935541979571372
