Model: GRU
MSE: 4.561680525721354
MAE: 1.390618587362355
EVS: 0.39109366226881115
