Model: GRU
MSE: 12.951963280578685
MAE: 3.1993004864659804
EVS: 0.49441914343983295
