Model: GRU
MSE: 5.537697884543079
MAE: 1.6001006652568948
EVS: 0.27157320162716414
