Model: GRU
MSE: 339.8844382604504
MAE: 18.244864628232758
EVS: 0.02309883786657574
