Model: GRU
MSE: 10.227459612789756
MAE: 2.8227649968245934
EVS: 0.5160836509962307
