Model: GRU
MSE: 4.32537269194433
MAE: 1.522154035239384
EVS: 0.4453309452634614
