Model: GRU
MSE: 13.346117474280023
MAE: 3.2636114646648537
EVS: 0.4804374770999065
