Model: GRU
MSE: 4.547158755668878
MAE: 1.6977879754428207
EVS: 0.49712225478348815
