Model: GRU
MSE: 4.393213802105634
MAE: 1.599562168121338
EVS: 0.4714630203428596
