Model: GRU
MSE: 7.861191237686179
MAE: 2.167914160366716
EVS: -0.03488628359176338
