Model: GRU
MSE: 7.267628036832685
MAE: 2.291157812907778
EVS: 0.4634777551275072
