Model: GRU
MSE: 5.992328070901169
MAE: 2.034052174666832
EVS: 0.4432577956848317
