Model: GRU
MSE: 6.744764688331437
MAE: 2.1585124196677374
EVS: 0.41626317512973054
