Model: GRU
MSE: 4.476475173549433
MAE: 1.6487854431415427
EVS: 0.49024992711498083
