Model: GRU
MSE: 5.88778149983709
MAE: 2.062406350826395
EVS: 0.495418148410114
