Model: GRU
MSE: 5.168600597841101
MAE: 1.8897860954547752
EVS: 0.4998463449352053
