Model: GRU
MSE: 3.8463014372392568
MAE: 1.2544760868467133
EVS: 0.46439090617211265
