Model: GRU
MSE: 5.6768690761525935
MAE: 1.9998887982861748
EVS: 0.49426097046155626
