Model: GRU
MSE: 3.951593949025476
MAE: 1.3778076500728214
EVS: 0.483208048037608
