Model: GRU
MSE: 4.195716913386103
MAE: 1.359621574138773
EVS: 0.4486755914029862
