Model: GRU
MSE: 383.1588287653882
MAE: 19.3717917820503
EVS: -0.0999879891073101
