Model: GRU
MSE: 10.636452070673402
MAE: 2.5443138582953093
EVS: -0.007427796071297399
