Model: GRU
MSE: 6.663369418790639
MAE: 2.1178829998805604
EVS: 0.4159971891838973
