Model: GRU
MSE: 6.904786371931111
MAE: 2.1013897534074455
EVS: 0.4755636611539855
