Model: GRU
MSE: 8.514433411736796
MAE: 2.2957720098824335
EVS: 0.3454748169700913
