Model: GRU
MSE: 5.017200162267555
MAE: 1.8162485155565986
EVS: 0.48937576542314287
