Model: GRU
MSE: 4.498207201022053
MAE: 1.6303243965938174
EVS: 0.4566757062137389
