Model: GRU
MSE: 5.777841255615887
MAE: 1.9939930356782058
EVS: 0.447369617978019
