Model: GRU
MSE: 2832.1792416354883
MAE: 53.14925706797633
EVS: -0.02238656190738797
