Model: GRU
MSE: 4.91506924139144
MAE: 1.6631988492505303
EVS: 0.514835258459931
