Model: GRU
MSE: 4.300528117360202
MAE: 1.53292047566381
EVS: 0.43529835065326306
