Model: GRU
MSE: 4.20285483120139
MAE: 1.5124024851568814
EVS: 0.4341568971259947
