Model: GRU
MSE: 3.887401053896328
MAE: 1.3870993318228886
EVS: 0.4613908197084652
