Model: GRU
MSE: 4.213841219297561
MAE: 1.422910739635599
EVS: 0.42101335716468113
