Model: GRU
MSE: 3.5097647694057645
MAE: 1.296256344893883
EVS: 0.512477329689605
