Model: GRU
MSE: 3.5878394987543882
MAE: 1.462843944286478
EVS: 0.5584781053863466
