Model: GRU
MSE: 7.549739936654877
MAE: 2.369490179522284
EVS: 0.5314217034095285
