Model: GRU
MSE: 8.765610769360936
MAE: 2.551516582225931
EVS: 0.43679431595927776
