Model: GRU
MSE: 4.172830006688651
MAE: 1.4591930816913474
EVS: 0.4193137422730304
