Model: GRU
MSE: 333.52013698537127
MAE: 18.057014572209326
EVS: -0.04031622988990735
