Model: GRU
MSE: 5.220291640976923
MAE: 1.8174893444982068
EVS: 0.3815784354247821
