Model: GRU
MSE: 5.05594673744833
MAE: 1.7700199094311944
EVS: 0.45456089278384315
