Model: GRU
MSE: 12.686194112003925
MAE: 3.135745887098641
EVS: 0.4401057770911029
