Model: GRU
MSE: 12.967919033056676
MAE: 3.085665900131752
EVS: -0.009278852240816926
