Model: GRU
MSE: 342.8863268881559
MAE: 18.317296776278265
EVS: -0.026184555153558886
