Model: GRU
MSE: 3.9279233516229803
MAE: 1.4974920996304215
EVS: 0.4611559676452498
