Model: GRU
MSE: 3.888007434313765
MAE: 1.329038225371262
EVS: 0.46184104324216835
