Model: GRU
MSE: 4.4229588753152145
MAE: 1.6946960317677464
EVS: 0.5325982785682455
