Model: GRU
MSE: 343.12424443786057
MAE: 18.316865949795165
EVS: -0.06154307277538873
