Model: GRU
MSE: 3.9425918951429
MAE: 1.5014746106904129
EVS: 0.49974646191676486
