Model: GRU
MSE: 3.843188275131775
MAE: 1.4207377433776855
EVS: 0.4709360241260756
