Model: GRU
MSE: 17.774059967606156
MAE: 3.8107626602567475
EVS: 0.3761074352037116
