Model: GRU
MSE: 4.271644494126812
MAE: 1.4550133409171269
EVS: 0.4984632446302525
