Model: GRU
MSE: 4.59983657791245
MAE: 1.43977270455196
EVS: 0.4463905916339248
