Model: GRU
MSE: 4.134089122806284
MAE: 1.4295466192837418
EVS: 0.4783075386548927
