Model: GRU
MSE: 3.727141580113029
MAE: 1.3744605163048054
EVS: 0.4867135364486995
