Model: GRU
MSE: 5.449129984668694
MAE: 1.8460158808477993
EVS: 0.25196495162039134
