Model: GRU
MSE: 8.09334114923996
MAE: 2.2938354097563645
EVS: 0.08068931357825737
