Model: GRU
MSE: 4.738501037304214
MAE: 1.5493011145756161
EVS: 0.4898496750668121
