Model: GRU
MSE: 5.25670058365628
MAE: 1.847101277318494
EVS: 0.5248701717388453
