Model: GRU
MSE: 3.8590259031474456
MAE: 1.2990630412923878
EVS: 0.4814365016021096
