Model: GRU
MSE: 4.614834830758699
MAE: 1.646118344931767
EVS: 0.4300165646591352
