Model: GRU
MSE: 7.158506821357401
MAE: 2.1512701758022965
EVS: 0.005764266539849072
