Model: GRU
MSE: 4.585280957561077
MAE: 1.472677362376246
EVS: 0.44391334565460405
