Model: GRU
MSE: 7.8976506489174865
MAE: 2.029444957601613
EVS: -0.07732253002012546
