Model: GRU
MSE: 3.6467918689419907
MAE: 1.30583197495033
EVS: 0.49180518635884796
