Model: GRU
MSE: 4.5386516275078
MAE: 1.6619105339050293
EVS: 0.4309171683186267
