Model: GRU
MSE: 4.149068565111473
MAE: 1.252116351292051
EVS: 0.4282467931507782
