Model: GRU
MSE: 4.478457170299799
MAE: 1.6402295375692433
EVS: 0.48573776384035783
