Model: GRU
MSE: 10.226870986708384
MAE: 2.7280307556020804
EVS: 0.4386259779273932
