Model: GRU
MSE: 9.249019343243539
MAE: 2.4502908772435683
EVS: -0.00922013461890936
