Model: GRU
MSE: 3.751326956411221
MAE: 1.4375705390140927
EVS: 0.48523793677014704
