Model: GRU
MSE: 4.195826015361255
MAE: 1.3713849001917346
EVS: 0.4178758406251061
