Model: GRU
MSE: 12.931818117614904
MAE: 3.083454132080078
EVS: 0.0
