Model: GRU
MSE: 4.8941022971660395
MAE: 1.5574541585198765
EVS: 0.48113870598789465
