Model: GRU
MSE: 6.610976933416011
MAE: 2.1296624150769463
EVS: 0.2103940930714956
