Model: GRU
MSE: 320.86969899734174
MAE: 17.69622097344234
EVS: -0.07503364256817724
