Model: GRU
MSE: 4.041641255644553
MAE: 1.4282117383233432
EVS: 0.46658694609065077
