Model: GRU
MSE: 3.7916372918227887
MAE: 1.3654632075079556
EVS: 0.4751841896659883
