Model: GRU
MSE: 5.241246085877343
MAE: 1.8470384663548962
EVS: 0.4412967998895092
