Model: GRU
MSE: 7.598243236273541
MAE: 2.2138971460276635
EVS: 0.4271492178605074
