Model: GRU
MSE: 6.495732853842316
MAE: 2.0771171635594863
EVS: 0.3189148525952217
