Model: GRU
MSE: 4.492243932196586
MAE: 1.7510883561496078
EVS: 0.4946460129867286
