Model: GRU
MSE: 3.949792295582311
MAE: 1.3697538869134311
EVS: 0.45534078307812365
