Model: GRU
MSE: 12.145489259163758
MAE: 3.0121743761259934
EVS: 0.056812777985447926
