Model: GRU
MSE: 7.968664510344877
MAE: 2.3050631490247
EVS: 0.49440977430726907
