Model: GRU
MSE: 7.165020337628448
MAE: 2.0846150168057145
EVS: 0.013736727936245141
