Model: GRU
MSE: 14.519548655249924
MAE: 3.399195038039109
EVS: 0.4638278678882396
