Model: GRU
MSE: 4.444972512059316
MAE: 1.7026675158533557
EVS: 0.5057161720340093
