Model: GRU
MSE: 3.9496944169507295
MAE: 1.5195855107800713
EVS: 0.49351147491059977
