Model: GRU
MSE: 363.00495390434895
MAE: 18.836835010298365
EVS: -0.13986049434186199
