Model: GRU
MSE: 3.9713235310142125
MAE: 1.260039444627433
EVS: 0.4571684434341168
