Model: GRU
MSE: 3.8798697372476925
MAE: 1.416117816135801
EVS: 0.498090092423493
