Model: GRU
MSE: 5.977790487928454
MAE: 1.8954478954446727
EVS: 0.435781277742079
