Model: GRU
MSE: 4.874351757412851
MAE: 1.7346748648018673
EVS: 0.32800837371569647
