Model: GRU
MSE: 4.032177075699188
MAE: 1.5384934030730149
EVS: 0.5042049479992081
