Model: GRU
MSE: 5.52539094325865
MAE: 1.925123461361589
EVS: 0.4182740139078952
