Model: GRU
MSE: 6.256228477346417
MAE: 2.1195834258507036
EVS: 0.5073411692025427
