Model: GRU
MSE: 4.0285446729186365
MAE: 1.5480784383313408
EVS: 0.49345574463613684
