Model: GRU
MSE: 4.272764695985172
MAE: 1.6127266061717067
EVS: 0.4766142793253888
