Model: GRU
MSE: 5.658915919628531
MAE: 1.6575285502842494
EVS: 0.36108244716754057
