Model: GRU
MSE: 6.93977287548081
MAE: 2.2372513968369057
EVS: 0.4091849524756841
