Model: GRU
MSE: 3.5873408840202816
MAE: 1.3820716430400979
EVS: 0.5203937078515446
