Model: GRU
MSE: 3.916383463854737
MAE: 1.2705612840323612
EVS: 0.4678467661431205
