Model: GRU
MSE: 4.932126665246822
MAE: 1.6172850543055042
EVS: 0.43747341223476444
