Model: GRU
MSE: 7.915538881312669
MAE: 2.2524406498876113
EVS: 0.057378255013104895
