Model: GRU
MSE: 4.178504783610214
MAE: 1.4285384539900154
EVS: 0.42247552815279543
