Model: GRU
MSE: 5.250019045402621
MAE: 1.9200241319064437
EVS: 0.47038973095770253
