Model: GRU
MSE: 3.653854340989224
MAE: 1.315093813271358
EVS: 0.49098281938013544
