Model: GRU
MSE: 4.3032701483540725
MAE: 1.420774032329691
EVS: 0.4183423706482864
