Model: GRU
MSE: 4.85370240109735
MAE: 1.5989967543503334
EVS: 0.3743603847171111
