Model: GRU
MSE: 7.584009136071456
MAE: 2.305764313401847
EVS: 0.41355720650325556
