Model: GRU
MSE: 346.5851810467155
MAE: 18.40527819559492
EVS: -0.09140324162031765
