Model: GRU
MSE: 7.714003306652965
MAE: 2.1301374764278016
EVS: 0.0
