Model: GRU
MSE: 394.79905129321696
MAE: 19.681096693565106
EVS: -0.03880022188477339
