Model: GRU
MSE: 4.060992369337672
MAE: 1.3440747754327182
EVS: 0.436876890718251
