Model: GRU
MSE: 4.136761910235832
MAE: 1.2585817041068241
EVS: 0.4278010406147421
