Model: GRU
MSE: 9.598928052201826
MAE: 2.528997487035291
EVS: 0.0
