Model: GRU
MSE: 6.054088968388661
MAE: 2.1095175743103027
EVS: 0.5058399752741803
