Model: GRU
MSE: 9.5967292000429
MAE: 2.6980152952259986
EVS: 0.4725870146129334
