Model: GRU
MSE: 8.03967616643099
MAE: 2.4639933355923356
EVS: 0.4589331030783439
