Model: GRU
MSE: 3.817369910956084
MAE: 1.4005230541886955
EVS: 0.4733702063921531
