Model: GRU
MSE: 4.192623599823586
MAE: 1.522730958872828
EVS: 0.4673969058762575
