Model: GRU
MSE: 7.7019014871575875
MAE: 2.1287082803660424
EVS: 0.0
