Model: GRU
MSE: 3.5206045318215793
MAE: 1.3248730199090366
EVS: 0.5120657423625763
