Model: GRU
MSE: 7.178361317252893
MAE: 1.9937046642961174
EVS: 0.0
