Model: GRU
MSE: 2276.276003487058
MAE: 47.64145726171033
EVS: 0.08467291439300528
