Model: GRU
MSE: 5.100335880011573
MAE: 1.8903936846502896
EVS: 0.5352773738298624
