Model: GRU
MSE: 3.692108109114558
MAE: 1.3839314888263572
EVS: 0.5126931286095104
