Model: GRU
MSE: 401.66042125006464
MAE: 19.837322000799507
EVS: -0.13463078756787272
