Model: GRU
MSE: 317.10945501578624
MAE: 17.594672967647686
EVS: -0.05043128924409235
