Model: GRU
MSE: 9.949770431145037
MAE: 2.7217444058122306
EVS: 0.42708533377021707
