Model: GRU
MSE: 6.121831105995468
MAE: 2.033625471180883
EVS: 0.4390459104031751
