Model: GRU
MSE: 7.878642483034818
MAE: 2.1564997969002557
EVS: 0.008138387913848022
