Model: GRU
MSE: 7.405260389999108
MAE: 2.384016275405884
EVS: 0.4732992386484711
