Model: GRU
MSE: 5.5936370324521425
MAE: 1.893015877953891
EVS: 0.4089415181146925
