Model: GRU
MSE: 8.204470627240958
MAE: 2.4189728868418725
EVS: 0.4940348621069389
