Model: GRU
MSE: 3.525679394475054
MAE: 1.352873128035973
EVS: 0.5123581769614112
