Model: GRU
MSE: 3.8473608606479406
MAE: 1.3100835208235115
EVS: 0.47652603336413735
