Model: GRU
MSE: 10.616154053219521
MAE: 2.8415536305000044
EVS: 0.47786200430209913
