Model: GRU
MSE: 1870.0957855851577
MAE: 43.08715692059747
EVS: -0.8944285910357588
