Model: GRU
MSE: 3.7830961688772544
MAE: 1.2219444472214271
EVS: 0.48957735740377295
