Model: GRU
MSE: 4.8744656780290985
MAE: 1.759730914543415
EVS: 0.4808201158839326
