Model: GRU
MSE: 9.440398824698887
MAE: 2.427880254285089
EVS: -0.056550713552757426
