Model: GRU
MSE: 3.836896173875614
MAE: 1.4098010885304417
EVS: 0.47782480145463113
