Model: GRU
MSE: 4.448914980462507
MAE: 1.4587914861481766
EVS: 0.4742962229559018
