Model: GRU
MSE: 4.573230323322197
MAE: 1.5651593701592807
EVS: 0.4455048116195406
