Model: GRU
MSE: 4.32480316654299
MAE: 1.6885089545414365
EVS: 0.5309278143688139
