Model: GRU
MSE: 8.682210442681892
MAE: 2.5029750281366807
EVS: 0.3642460340977832
