Model: GRU
MSE: 5.200868203879979
MAE: 1.867702451245538
EVS: 0.4579308083751379
