Model: GRU
MSE: 4.287324044368547
MAE: 1.4203787672108616
EVS: 0.494141631694308
