Model: GRU
MSE: 4.196267679260614
MAE: 1.3867673216194942
EVS: 0.41570444860549594
