Model: GRU
MSE: 6.983919799615188
MAE: 2.0860283621426285
EVS: 0.3705784569356596
