Model: GRU
MSE: 6.020718888597347
MAE: 1.786033663256415
EVS: 0.43654045701308497
