Model: GRU
MSE: 4.875643699780775
MAE: 1.7782138956004176
EVS: 0.46677622959664633
