Model: GRU
MSE: 8.614283518162509
MAE: 2.4453375257294754
EVS: 0.1274079995821149
