Model: GRU
MSE: 4.407446181956998
MAE: 1.6251459779410526
EVS: 0.49368342123855813
