Model: GRU
MSE: 4.6475185151040055
MAE: 1.7508636014214878
EVS: 0.5109003432467287
