Model: GRU
MSE: 6.3575451980111275
MAE: 1.9250957061504494
EVS: 0.37065305637652346
