Model: GRU
MSE: 4.32156102010604
MAE: 1.5731488918435985
EVS: 0.460382395794821
