Model: GRU
MSE: 3.9590385204106213
MAE: 1.49892703418074
EVS: 0.4659260341234228
