Model: GRU
MSE: 4.654953577994484
MAE: 1.6829477343065986
EVS: 0.44972097922361576
