Model: GRU
MSE: 14837.504077269203
MAE: 121.72701092424064
EVS: -1.7928417637124237
