Model: GRU
MSE: 8.454588126887652
MAE: 2.4388519287109376
EVS: 0.37233690802940334
