Model: GRU
MSE: 6.354846346550042
MAE: 2.1316374910288842
EVS: 0.4721142959430805
