Model: GRU
MSE: 7.060723770866639
MAE: 1.9818409229147023
EVS: 0.39733387861911995
