Model: GRU
MSE: 5.670744192086439
MAE: 1.9406168214206039
EVS: 0.3477871632239803
