Model: GRU
MSE: 8.172443168378182
MAE: 2.488622237896097
EVS: 0.5165497457002102
