Model: GRU
MSE: 361.82122727093395
MAE: 18.824233655271858
EVS: -0.04102602431132407
