Model: GRU
MSE: 3.606488347257286
MAE: 1.3246631951167667
EVS: 0.5020690306114466
