Model: GRU
MSE: 11.124425992700598
MAE: 2.8976579699023017
EVS: 0.4445766074943973
