Model: GRU
MSE: 4.524274519703889
MAE: 1.608762971286116
EVS: 0.45011631407348385
