Model: GRU
MSE: 7.701401841371268
MAE: 2.1286489223611764
EVS: 0.0
