Model: GRU
MSE: 4.295486080935289
MAE: 1.5823864114695583
EVS: 0.4564951920962226
