Model: GRU
MSE: 4.178706671078026
MAE: 1.5929361047415898
EVS: 0.5136646958927414
