Model: GRU
MSE: 3022.847931212621
MAE: 54.86609906163709
EVS: -0.7503761496157502
