Model: GRU
MSE: 4.0372524375203005
MAE: 1.3559082787612389
EVS: 0.46676396543820486
