Model: GRU
MSE: 368.346310626391
MAE: 18.997727969597126
EVS: -0.035895503677365825
