Model: GRU
MSE: 10.06539423493607
MAE: 2.688253534251246
EVS: 0.3957521784780853
