Model: GRU
MSE: 6.28845208558621
MAE: 1.9147824583382442
EVS: 0.5033693560946351
