Model: GRU
MSE: 4.065765184093191
MAE: 1.4090671046026821
EVS: 0.43957855182219774
