Model: GRU
MSE: 4.0039744747708905
MAE: 1.4362234247141872
EVS: 0.44196324371147244
