Model: GRU
MSE: 4.232065835040367
MAE: 1.4620981709710483
EVS: 0.4681066879538922
