Model: GRU
MSE: 7.49199369335639
MAE: 2.1488396381509713
EVS: 0.05125805910550907
