Model: GRU
MSE: 4.761395579587018
MAE: 1.8311369994591022
EVS: 0.5123533831137235
