Model: GRU
MSE: 4.004441852972314
MAE: 1.2404633554919013
EVS: 0.45263355908836866
