Model: GRU
MSE: 6.398960012206567
MAE: 1.9442824166396568
EVS: 0.44490805829809643
