Model: GRU
MSE: 4.123503049062523
MAE: 1.3731052793305496
EVS: 0.42578545409470514
