Model: GRU
MSE: 5.168331267850072
MAE: 1.8351210725718532
EVS: 0.47966462265581733
