Model: GRU
MSE: 5.591521484445679
MAE: 1.677647853719777
EVS: 0.3269051681349693
