Model: GRU
MSE: 5.469668092658958
MAE: 1.9313269401418751
EVS: 0.4764042997263832
