Model: GRU
MSE: 3.8447821957450854
MAE: 1.3885732848068764
EVS: 0.4678652346800143
