Model: GRU
MSE: 348.9967463375443
MAE: 18.475160245237678
EVS: -0.06830731417002367
