Model: GRU
MSE: 5.790739619114369
MAE: 1.8579237707729996
EVS: 0.4237247590675939
