Model: GRU
MSE: 5.87242608343201
MAE: 2.008791808424325
EVS: 0.4764173540147826
