Model: GRU
MSE: 342.0924082082535
MAE: 18.302696228027344
EVS: 0.009946940721577313
