Model: GRU
MSE: 4.010342969495657
MAE: 1.387994305840854
EVS: 0.4413447489591761
