Model: GRU
MSE: 310.69963685698167
MAE: 17.407670935680127
EVS: -0.06934273011254999
