Model: GRU
MSE: 4.874913387628379
MAE: 1.869766218908902
EVS: 0.5293740994146509
