Model: GRU
MSE: 4.1824919995322425
MAE: 1.6026130544728245
EVS: 0.4994099874839454
