Model: GRU
MSE: 4.386295616090514
MAE: 1.5449921180462014
EVS: 0.4375487398833745
