Model: GRU
MSE: 5.956590603869699
MAE: 1.8509159088134766
EVS: 0.49147299803651245
