Model: GRU
MSE: 4.093329922205408
MAE: 1.3265919849790375
EVS: 0.4747023948846989
