Model: GRU
MSE: 3.5020718228504943
MAE: 1.227814822361387
EVS: 0.5129793441436685
