Model: GRU
MSE: 894.5254794817758
MAE: 29.77963194353827
EVS: -0.07301813211131192
