Model: GRU
MSE: 12.746658093425438
MAE: 3.1679787635803223
EVS: 0.4347699010335553
