Model: GRU
MSE: 1109.6871065600649
MAE: 33.20639370227682
EVS: 0.02126319635551599
