Model: GRU
MSE: 4.349097686938374
MAE: 1.5937668043991615
EVS: 0.4904660956532648
