Model: GRU
MSE: 3.848156518752305
MAE: 1.5025719938607052
EVS: 0.5263484865843304
