Model: GRU
MSE: 4.326517779893462
MAE: 1.3802885680363095
EVS: 0.4571193556282307
