Model: GRU
MSE: 4.759630320341754
MAE: 1.74990071921513
EVS: 0.47516087369599636
