Model: GRU
MSE: 6.935991534046793
MAE: 1.9837199244005927
EVS: 0.03671528053588491
