Model: GRU
MSE: 7.293924951035196
MAE: 2.24197242999899
EVS: 0.44885042184459645
