Model: GRU
MSE: 5.996547801461161
MAE: 2.0218196901781806
EVS: 0.41823659299775195
