Model: GRU
MSE: 4.378277771655309
MAE: 1.5874690022961846
EVS: 0.4724528388907798
