Model: GRU
MSE: 5.724241032510063
MAE: 1.7937589513844456
EVS: 0.45715644679210166
