Model: GRU
MSE: 3.896640082251859
MAE: 1.5217379043842185
EVS: 0.5145616743527208
