Model: GRU
MSE: 4.46064117337161
MAE: 1.6067502745266617
EVS: 0.4969449418674595
