Model: GRU
MSE: 3.88756374747632
MAE: 1.3915061292977169
EVS: 0.4641309183179546
