Model: GRU
MSE: 4.782910010243415
MAE: 1.74311900960988
EVS: 0.44600274251899297
