Model: GRU
MSE: 13.559130444886016
MAE: 3.2075515451102423
EVS: 0.0993317091941841
