Model: GRU
MSE: 7.88549440543475
MAE: 2.2192474562546303
EVS: 0.4541808758147612
