Model: GRU
MSE: 5.0986443841792415
MAE: 1.784994832400618
EVS: 0.40556196750416773
