Model: GRU
MSE: 4.502447140041897
MAE: 1.4236308459577889
EVS: 0.4058579824321683
