Model: GRU
MSE: 338.54959641120814
MAE: 18.200933834602093
EVS: -0.014008854465994203
