Model: GRU
MSE: 14679.564390224348
MAE: 121.12963840879243
EVS: 1.1102230246251565e-16
