Model: GRU
MSE: 6.048437691105987
MAE: 1.8338025191734577
EVS: 0.3027910634623471
