Model: GRU
MSE: 3.873880055231705
MAE: 1.4398113119191136
EVS: 0.4861197541124581
