Model: GRU
MSE: 1677.7689490621149
MAE: 40.86607400302229
EVS: -0.07774892382694931
