Model: GRU
MSE: 468.45782370546425
MAE: 21.4602557132984
EVS: -0.10315680087559342
