Model: GRU
MSE: 3.957303455391662
MAE: 1.398525961514177
EVS: 0.45503017202709517
