Model: GRU
MSE: 3.797234058647581
MAE: 1.3719402181691136
EVS: 0.48021303005105964
