Model: GRU
MSE: 10.684750781252786
MAE: 2.6163268911427466
EVS: 0.19276899029229877
