Model: GRU
MSE: 3.9551641475644326
MAE: 1.2816303022976578
EVS: 0.4487650518098373
