Model: GRU
MSE: 3.7474890518303003
MAE: 1.3275779033529347
EVS: 0.4890747403213239
