Model: GRU
MSE: 4.640277459457358
MAE: 1.5267671716624294
EVS: 0.4568601668872583
