Model: GRU
MSE: 7.223856900162775
MAE: 2.2834866951251853
EVS: 0.4825568902622893
