Model: GRU
MSE: 3.852018984677106
MAE: 1.2269739611395474
EVS: 0.46682192554011903
