Model: GRU
MSE: 4.777594267820452
MAE: 1.7040666711741481
EVS: 0.3499977444513437
