Model: GRU
MSE: 9.578254189118086
MAE: 2.5253264328529097
EVS: 0.0
