Model: GRU
MSE: 5.270739514595099
MAE: 1.8893898437763084
EVS: 0.4495797476051351
