Model: GRU
MSE: 3.6448462091076212
MAE: 1.288102939211089
EVS: 0.4949753058717312
