Model: GRU
MSE: 6.276807646759278
MAE: 2.096234650447451
EVS: 0.4951648068917194
