Model: GRU
MSE: 3.903698870312555
MAE: 1.4743529352648506
EVS: 0.4816605889419028
