Model: GRU
MSE: 4.299175179454073
MAE: 1.4844632642022495
EVS: 0.46002321432375093
