Model: GRU
MSE: 4.458377905136064
MAE: 1.6554923715262577
EVS: 0.4702439810023934
