Model: GRU
MSE: 4.778804500845659
MAE: 1.5989570782102387
EVS: 0.4087407273489273
