Model: GRU
MSE: 3.3725019141309156
MAE: 1.1716746626229122
EVS: 0.5341195939820489
