Model: GRU
MSE: 5.326657648871458
MAE: 1.9171283985006398
EVS: 0.4882887739799552
