Model: GRU
MSE: 3.8033263362592216
MAE: 1.3725696267752812
EVS: 0.471545749599958
