Model: GRU
MSE: 3.9836364935263817
MAE: 1.5105860151093582
EVS: 0.47862079086085585
