Model: GRU
MSE: 3.842582435931318
MAE: 1.452662994121683
EVS: 0.48425720764420566
