Model: GRU
MSE: 4.124991316207939
MAE: 1.419927794357826
EVS: 0.5039166912040716
