Model: GRU
MSE: 4.452609683760753
MAE: 1.462106047005489
EVS: 0.5100589357373663
