Model: GRU
MSE: 305.22045613095304
MAE: 17.263102301235858
EVS: -0.004273938302761682
