Model: GRU
MSE: 8.72152701337449
MAE: 2.593156304852716
EVS: 0.47476942132786537
