Model: GRU
MSE: 4.380303941970726
MAE: 1.5370721159310177
EVS: 0.3979884173179308
