Model: GRU
MSE: 4.736809760800074
MAE: 1.6945369161408523
EVS: 0.4535249439884812
