Model: GRU
MSE: 6.207801539556809
MAE: 1.9121804566218936
EVS: 0.5013793029529485
