Model: GRU
MSE: 5.510634847049695
MAE: 1.7587318420410156
EVS: 0.5124304575203031
