Model: GRU
MSE: 317.4267813494791
MAE: 17.609153622183307
EVS: -0.023609585336211714
