Model: GRU
MSE: 8.211087781931571
MAE: 2.272875029465248
EVS: 0.3642538387250748
