Model: GRU
MSE: 1356.4107547174103
MAE: 36.70579163781528
EVS: -0.2676657712668453
