Model: GRU
MSE: 4.457236560621133
MAE: 1.64277642348717
EVS: 0.45086941738542263
