Model: GRU
MSE: 5.207901053737118
MAE: 1.8951763777897275
EVS: 0.49771577286985424
