Model: GRU
MSE: 358.608778908409
MAE: 18.735954268225306
EVS: -0.055428912154062315
