Model: GRU
MSE: 4.491042306127728
MAE: 1.6998044375715584
EVS: 0.4946904083216772
