Model: GRU
MSE: 6.185999233175576
MAE: 2.079166971403977
EVS: 0.4588098599487147
