Model: GRU
MSE: 9.16608856680581
MAE: 2.672234584545267
EVS: 0.49685737125443497
