Model: GRU
MSE: 4.853294272625229
MAE: 1.7850242483204808
EVS: 0.4806004884165883
