Model: GRU
MSE: 4.084810418339077
MAE: 1.3897803898515373
EVS: 0.4700262881014047
