Model: GRU
MSE: 7.582746908557541
MAE: 2.111777322045688
EVS: 0.0109608479837362
