Model: GRU
MSE: 4.504927204275709
MAE: 1.6495637071543727
EVS: 0.4513624028343781
