Model: GRU
MSE: 4.030932319778066
MAE: 1.3749955275963093
EVS: 0.44788477841293217
