Model: GRU
MSE: 4.039710126870887
MAE: 1.4004607036195953
EVS: 0.477078006523737
