Model: GRU
MSE: 4.356062703115107
MAE: 1.464135794804014
EVS: 0.4508644676075716
