Model: GRU
MSE: 4.223167300612956
MAE: 1.4197664096437652
EVS: 0.5185603124784031
