Model: GRU
MSE: 3.5541041100675477
MAE: 1.2499718994929874
EVS: 0.5070556210062847
