Model: GRU
MSE: 4.224549195440729
MAE: 1.5537756229269093
EVS: 0.47650195460457734
