Model: GRU
MSE: 5.048166980423173
MAE: 1.735227058673727
EVS: 0.4355348472757701
