Model: GRU
MSE: 3.8948311441331653
MAE: 1.4316821920460667
EVS: 0.469676643401581
