Model: GRU
MSE: 6.930219576620198
MAE: 2.20296966618505
EVS: 0.49490268285632066
