Model: GRU
MSE: 8.102087443086255
MAE: 2.450814395115293
EVS: 0.47811944365367354
