Model: GRU
MSE: 3.774390715737009
MAE: 1.4053262513259361
EVS: 0.4751511818214652
