Model: GRU
MSE: 8.983851347887171
MAE: 2.624283626161773
EVS: 0.4881018307992404
