Model: GRU
MSE: 5.860308815089081
MAE: 1.99658517179818
EVS: 0.483063706423848
