Model: GRU
MSE: 8.548100502313586
MAE: 2.47344997011382
EVS: 0.4435280339040739
