Model: GRU
MSE: 3.88095418907079
MAE: 1.3395689273702687
EVS: 0.46684663035145635
