Model: GRU
MSE: 3.844103742253318
MAE: 1.480962687525256
EVS: 0.4811479355972613
