Model: GRU
MSE: 6.2154756165063665
MAE: 2.010248833689196
EVS: 0.413845403302576
