Model: GRU
MSE: 301.77546254712803
MAE: 17.14740195767633
EVS: -0.07902054668171421
