Model: GRU
MSE: 4.537077450384333
MAE: 1.4968539270861396
EVS: 0.4904191099165768
