Model: GRU
MSE: 4.427219911922795
MAE: 1.4382885242330616
EVS: 0.4660775558468787
