Model: GRU
MSE: 6.056675974853142
MAE: 1.880830583901241
EVS: 0.22259498515569143
