Model: GRU
MSE: 4.058459357444118
MAE: 1.3894673544785072
EVS: 0.45021303889644937
