Model: GRU
MSE: 3.723204410245185
MAE: 1.372159217966014
EVS: 0.48834927269819406
