Model: GRU
MSE: 4.972867612191435
MAE: 1.7985629542120571
EVS: 0.4861051172588111
