Model: GRU
MSE: 4.270520948068538
MAE: 1.5368769086640457
EVS: 0.4463538331653554
