Model: GRU
MSE: 3.846997012357939
MAE: 1.3744872027430042
EVS: 0.46641794960896166
