Model: GRU
MSE: 5.330916763331035
MAE: 1.7195382390703473
EVS: 0.3866735599861022
