Model: GRU
MSE: 9.45810135421193
MAE: 2.689641179709599
EVS: 0.48265053754599563
