Model: GRU
MSE: 4.116414968766078
MAE: 1.2869353129945953
EVS: 0.4294003278198196
