Model: GRU
MSE: 7.133601010665955
MAE: 2.1896640641348704
EVS: 0.40945816506473653
