Model: GRU
MSE: 4.6064507672832
MAE: 1.6057346031583588
EVS: 0.4453876537157485
