Model: GRU
MSE: 3.8579126892347535
MAE: 1.4108655041661755
EVS: 0.47110016897863993
