Model: GRU
MSE: 11.10712897670653
MAE: 2.8858560447035164
EVS: 0.46326179426134173
