Model: GRU
MSE: 4.185963301265945
MAE: 1.463788394270272
EVS: 0.4701386661559428
