Model: GRU
MSE: 8.365291367797314
MAE: 2.35175320197796
EVS: 0.04035899363683593
