Model: GRU
MSE: 7.186900404928722
MAE: 2.2735242185921503
EVS: 0.44162895321027695
