Model: GRU
MSE: 7.116283090164435
MAE: 2.1752734430905045
EVS: 0.45539768278847925
