Model: GRU
MSE: 9.669830109084034
MAE: 2.7186826673047295
EVS: 0.47768957603845896
