Model: GRU
MSE: 4.0408241406637995
MAE: 1.579652375188367
EVS: 0.5155785695354409
