Model: GRU
MSE: 4.984882682899328
MAE: 1.8106073839911099
EVS: 0.46198443488183816
