Model: GRU
MSE: 4.234631029825715
MAE: 1.574288351782437
EVS: 0.4694061597627237
