Model: GRU
MSE: 3.845899150841182
MAE: 1.4242694460112473
EVS: 0.4717870101723479
