Model: GRU
MSE: 4.064021142623679
MAE: 1.4297723770141602
EVS: 0.44806966853711205
