Model: GRU
MSE: 319.38266545032747
MAE: 17.65258134336307
EVS: -0.0827792062044792
