Model: GRU
MSE: 4.006923739000238
MAE: 1.4638883656468884
EVS: 0.48768055105006647
