Model: GRU
MSE: 1224.6774995656588
MAE: 34.89370671634016
EVS: 0.00952713173892239
