Model: GRU
MSE: 3.6794048743491374
MAE: 1.316094579367802
EVS: 0.4881982452676277
