Model: GRU
MSE: 3.854123877378321
MAE: 1.3033418655395508
EVS: 0.47436294256504563
