Model: GRU
MSE: 3.793719243445092
MAE: 1.3117367645789837
EVS: 0.4714913087612088
