Model: GRU
MSE: 3.757750562731589
MAE: 1.3965041555207351
EVS: 0.5008584708151911
