Model: GRU
MSE: 7.765854506199064
MAE: 2.1360865954695076
EVS: 0.0
