Model: GRU
MSE: 4.288410599761893
MAE: 1.410185271296008
EVS: 0.4498964151939192
