Model: GRU
MSE: 7.445976608987825
MAE: 2.3127426443428827
EVS: 0.4527264908488148
