Model: GRU
MSE: 4.953772831635653
MAE: 1.7309702182638234
EVS: 0.40422320469086137
