Model: GRU
MSE: 6.025354257861107
MAE: 2.004763151037282
EVS: 0.4488282848638173
