Model: GRU
MSE: 8.203442668583193
MAE: 2.449735740135456
EVS: 0.47222321188812044
