Model: GRU
MSE: 17.420906089951163
MAE: 3.6883761964995285
EVS: -0.01654673974319021
