Model: GRU
MSE: 4.095980055149743
MAE: 1.3158923181994209
EVS: 0.4291404716023015
