Model: GRU
MSE: 1757.2682947734227
MAE: 41.80236625671387
EVS: -0.37008333513030456
