Model: GRU
MSE: 7.648798354143043
MAE: 2.321724036644245
EVS: 0.3831145953012115
