Model: GRU
MSE: 8.49801700687636
MAE: 2.2767481310614226
EVS: -0.0878754423926329
