Model: GRU
MSE: 5.1770828681388465
MAE: 1.6580101539348733
EVS: 0.4426860229091262
