Model: GRU
MSE: 4.17502850438762
MAE: 1.4139010495152966
EVS: 0.4373453535124301
