Model: GRU
MSE: 4.323628906416036
MAE: 1.616427783308358
EVS: 0.44604515791751376
