Model: GRU
MSE: 306.91764058459097
MAE: 17.30643553363866
EVS: -0.032033124509061484
