Model: GRU
MSE: 8.859923795187354
MAE: 2.5963098016278496
EVS: 0.5136256638921409
