Model: GRU
MSE: 5.148133121261958
MAE: 1.9018603028922245
EVS: 0.5075525871121276
