Model: GRU
MSE: 4.227563308128679
MAE: 1.3466360486786941
EVS: 0.4412350461086606
