Model: GRU
MSE: 3.7432526176523018
MAE: 1.38629229315396
EVS: 0.48424066448195024
