Model: GRU
MSE: 5.759419282069475
MAE: 1.8320686406102673
EVS: 0.5142202066181261
