Model: GRU
MSE: 4.149645539030439
MAE: 1.5558952956364072
EVS: 0.4791384713967157
