Model: GRU
MSE: 4.983478541487408
MAE: 1.6724288874659046
EVS: 0.4961234856119704
