Model: GRU
MSE: 6.566587038266224
MAE: 2.0802390822048844
EVS: 0.3749654041268249
