Model: GRU
MSE: 3.787609154251923
MAE: 1.3479105357466072
EVS: 0.4749571027805315
