Model: GRU
MSE: 4.465123792525133
MAE: 1.670247768533641
EVS: 0.48343990732292375
