Model: GRU
MSE: 13.29999117418585
MAE: 3.237773796607708
EVS: 0.5046128007761914
