Model: GRU
MSE: 5.217878590056992
MAE: 1.8323801303731984
EVS: 0.42857847125996573
