Model: GRU
MSE: 4.0979688800781835
MAE: 1.333740185047018
EVS: 0.4486713935771923
