Model: GRU
MSE: 9.508036839682095
MAE: 2.67524712661217
EVS: 0.47107492230081793
