Model: GRU
MSE: 6.6867101756497975
MAE: 1.9728247050581307
EVS: 0.43139269411129744
