Model: GRU
MSE: 4.135395827125084
MAE: 1.2793799762068123
EVS: 0.4365817145358214
