Model: GRU
MSE: 3.9579510202061727
MAE: 1.4043463180805076
EVS: 0.45053039915611326
