Model: GRU
MSE: 6.877034435263074
MAE: 2.208562834509488
EVS: 0.4463300916067595
