Model: GRU
MSE: 2972.5559365675385
MAE: 54.343010409124965
EVS: -1.7028453244249557
