Model: GRU
MSE: 342.0631044247366
MAE: 18.28833082626606
EVS: -0.05922864839734743
