Model: GRU
MSE: 4.283326488462865
MAE: 1.4461384148433292
EVS: 0.4939939876937869
