Model: GRU
MSE: 3.899288521470116
MAE: 1.3319009419145256
EVS: 0.45736289026238164
