Model: GRU
MSE: 12.851749199568765
MAE: 2.9560000320960738
EVS: -0.09097344669212237
