Model: GRU
MSE: 11.39278124646508
MAE: 2.8980371705416976
EVS: 0.06067803878682465
