Model: GRU
MSE: 325.61758796536316
MAE: 17.825849598851697
EVS: -0.0949932255722441
