Model: GRU
MSE: 4.3208652598570305
MAE: 1.5633016125909214
EVS: 0.48500819987807786
