Model: GRU
MSE: 4.449011692063292
MAE: 1.5073334924105941
EVS: 0.42683435028279504
