Model: GRU
MSE: 3.979800373171672
MAE: 1.3899736733272159
EVS: 0.44779091180917585
