Model: GRU
MSE: 5.728594992579066
MAE: 2.0048059101762443
EVS: 0.4914802723709608
