Model: GRU
MSE: 5.78856797254446
MAE: 1.9925451607539737
EVS: 0.5024100513737997
