Model: GRU
MSE: 12.713900206293163
MAE: 3.0399755773873163
EVS: 0.2861507909497417
