Model: GRU
MSE: 3.902420497165547
MAE: 1.4092787134236302
EVS: 0.4752526881195762
