Model: GRU
MSE: 426.60108960049524
MAE: 20.46174955368042
EVS: -0.1035256294128637
