Model: GRU
MSE: 3.9633868150795495
MAE: 1.4687540942224964
EVS: 0.47379383080389004
