Model: GRU
MSE: 3.499249518145775
MAE: 1.2430271115796319
EVS: 0.5150075564289988
