Model: GRU
MSE: 5891.540759589758
MAE: 76.68373259182634
EVS: -0.5534183751749246
