Model: GRU
MSE: 461.35155702811255
MAE: 21.288225996083227
EVS: -0.1376849490688783
