Model: GRU
MSE: 365.6781649937105
MAE: 18.9104839768903
EVS: -0.12497009465657816
