Model: GRU
MSE: 4.275527134759284
MAE: 1.4191725665125354
EVS: 0.4260084445683837
