Model: GRU
MSE: 364.802244599675
MAE: 18.894344120190063
EVS: -0.08793140714744552
