Model: GRU
MSE: 7.442297346652062
MAE: 2.041505813598633
EVS: -0.03663786753514375
