Model: GRU
MSE: 4.6007773274646
MAE: 1.6520570557692955
EVS: 0.4632462214240012
