Model: GRU
MSE: 5.406917069518072
MAE: 1.9422979026005185
EVS: 0.44052930158820836
