Model: GRU
MSE: 7.216692424973863
MAE: 2.3118113649302514
EVS: 0.4829702431365539
