Model: GRU
MSE: 9.276932157579314
MAE: 2.5480663036477975
EVS: 0.42883736037697406
