Model: GRU
MSE: 4.090082282751359
MAE: 1.4158662269855369
EVS: 0.4478881554570473
