Model: GRU
MSE: 7.966424345475389
MAE: 2.450868606567383
EVS: 0.4518785189787724
