Model: GRU
MSE: 4.66072939979206
MAE: 1.6652320335651267
EVS: 0.4468995114233022
