Model: GRU
MSE: 4.146440295034373
MAE: 1.390808993372424
EVS: 0.5024091854719839
