Model: GRU
MSE: 4.266669038540824
MAE: 1.57565399696087
EVS: 0.4860298248204671
