Model: GRU
MSE: 5.4171718687270465
MAE: 1.8029456796317265
EVS: 0.5152326781719556
