Model: GRU
MSE: 5.058917757223549
MAE: 1.7977022138135186
EVS: 0.4536916556634004
