Model: GRU
MSE: 316.7636806454349
MAE: 17.594678110089795
EVS: -0.0022151178634723934
