Model: GRU
MSE: 4.092947333876462
MAE: 1.4196470030422867
EVS: 0.46122227385785397
