Model: GRU
MSE: 4.344671390670979
MAE: 1.589166131512872
EVS: 0.46577720226409836
