Model: GRU
MSE: 3.7127325046285007
MAE: 1.3736652341382256
EVS: 0.4939921321541918
