Model: GRU
MSE: 335.37599629068876
MAE: 18.113890129944373
EVS: -0.012249530179362145
