Model: GRU
MSE: 9.269814807985501
MAE: 2.434906268941945
EVS: -0.013497600453020064
