Model: GRU
MSE: 4.1994377824587055
MAE: 1.5364178624646416
EVS: 0.48654301475664974
