Model: GRU
MSE: 4.72784542981973
MAE: 1.581800000420932
EVS: 0.34745455730030705
