Model: GRU
MSE: 899.3427744264923
MAE: 29.835978261355695
EVS: -0.2762455469548937
