Model: GRU
MSE: 4.538019731063444
MAE: 1.4201458569230705
EVS: 0.41527670170259023
