Model: GRU
MSE: 7.772185492050304
MAE: 2.1367947808627425
EVS: 0.0
