Model: GRU
MSE: 21.30330149991626
MAE: 4.124301713088463
EVS: 0.019812086197163015
