Model: GRU
MSE: 5.422702863845549
MAE: 1.7430233297676876
EVS: 0.4924319213651497
