Model: GRU
MSE: 5.11786653727589
MAE: 1.8580344134363636
EVS: 0.46732943841832875
