Model: GRU
MSE: 7.098733889781466
MAE: 2.262310028076172
EVS: 0.44329533580971603
