Model: GRU
MSE: 8.651344424630286
MAE: 2.351174157241295
EVS: -0.04393793498887244
