Model: GRU
MSE: 4.594262291428455
MAE: 1.7751557744782547
EVS: 0.5544116804298459
