Model: GRU
MSE: 4.003233785352614
MAE: 1.2918569301736766
EVS: 0.4729941001873683
