Model: GRU
MSE: 5.517341506746326
MAE: 1.6922491829970787
EVS: 0.4733833687508563
