Model: GRU
MSE: 335.71272841920955
MAE: 18.11521735890158
EVS: -0.05247868980994386
