Model: GRU
MSE: 5.10703448725812
MAE: 1.8743029298453495
EVS: 0.5039770375211234
