Model: GRU
MSE: 5.404873111917086
MAE: 1.6472703341780037
EVS: 0.38752560400852776
