Model: GRU
MSE: 4.073884043456348
MAE: 1.2576426966436978
EVS: 0.4380466538464317
