Model: GRU
MSE: 3.411177817187418
MAE: 1.2268256647833462
EVS: 0.5295977530660905
