Model: GRU
MSE: 4.086703886624868
MAE: 1.293003279587318
EVS: 0.43988532897821453
