Model: GRU
MSE: 1842.091948243846
MAE: 42.69497585296631
EVS: -1.6802433638436
