Model: GRU
MSE: 4.912238702113913
MAE: 1.6128198525001263
EVS: 0.4994144640037548
