Model: GRU
MSE: 3.929277056638151
MAE: 1.4386812736248147
EVS: 0.47007392340361953
