Model: GRU
MSE: 5.258992897090154
MAE: 1.6295859677450997
EVS: 0.35937590704229816
