Model: GRU
MSE: 6.827725749202242
MAE: 2.0255790085628114
EVS: 0.4606359335360085
