Model: GRU
MSE: 3.924897031230667
MAE: 1.4681352089191306
EVS: 0.48927872545028595
