Model: GRU
MSE: 7.03390044382877
MAE: 2.1570639610290527
EVS: 0.43016106487043193
