Model: GRU
MSE: 6.808500367207796
MAE: 1.9247841999448578
EVS: 0.0656317503108399
