Model: GRU
MSE: 4.0468885543400575
MAE: 1.3905015978319892
EVS: 0.4494844728835953
