Model: GRU
MSE: 4.239947058196149
MAE: 1.4155550660758183
EVS: 0.4741717564202582
