Model: GRU
MSE: 4.908247928378073
MAE: 1.6238373559096764
EVS: 0.4149418095484969
