Model: GRU
MSE: 7.682551553577249
MAE: 2.1263885498046875
EVS: 0.0
