Model: GRU
MSE: 3.990462346450699
MAE: 1.372840667593068
EVS: 0.4465367306247525
