Model: GRU
MSE: 6.219033293114331
MAE: 2.1047064024826576
EVS: 0.4518288448064387
