Model: GRU
MSE: 3.9957642492372543
MAE: 1.469113119717302
EVS: 0.48510444256162333
