Model: GRU
MSE: 6.193518872128654
MAE: 2.0903669554611732
EVS: 0.4769421559906085
