Model: GRU
MSE: 7.398509617951653
MAE: 2.174380631282412
EVS: 0.15326632904465953
