Model: GRU
MSE: 3.7383406400073502
MAE: 1.3414526643424198
EVS: 0.48944356452873394
