Model: GRU
MSE: 6.674876856047549
MAE: 2.053133224618846
EVS: 0.48326787765968293
