Model: GRU
MSE: 7.189087620222412
MAE: 1.9831680429392848
EVS: 0.0
