Model: GRU
MSE: 4.033699693523949
MAE: 1.3207951907453865
EVS: 0.44705903797072866
