Model: GRU
MSE: 7.290465067133984
MAE: 2.0760454638250945
EVS: 0.4426037111727186
