Model: GRU
MSE: 324.9544070693173
MAE: 17.81150586029579
EVS: -0.07380770679860227
