Model: GRU
MSE: 4.010336150078933
MAE: 1.475441258529137
EVS: 0.44488591322744053
