Model: GRU
MSE: 5.661326140108266
MAE: 1.8232460844105687
EVS: 0.3611269210342747
