Model: GRU
MSE: 5.702680944030613
MAE: 1.8963142263478245
EVS: 0.40889243861803204
