Model: GRU
MSE: 3.9179148655807223
MAE: 1.4313057537736564
EVS: 0.45403257782994444
