Model: GRU
MSE: 7.700681163861787
MAE: 2.1285632560993064
EVS: 0.0
