Model: GRU
MSE: 3.97984272317416
MAE: 1.4523312141155373
EVS: 0.45418858905158654
