Model: GRU
MSE: 3.887068166052531
MAE: 1.3913078308105469
EVS: 0.4641250664570288
