Model: GRU
MSE: 5.707851177267285
MAE: 1.990966139168575
EVS: 0.5112699712310818
