Model: GRU
MSE: 3.8553641221057724
MAE: 1.2617414244290055
EVS: 0.4726801352186838
