Model: GRU
MSE: 4.416610718046286
MAE: 1.5884175793877964
EVS: 0.44213529600972834
