Model: GRU
MSE: 3.9808535159272496
MAE: 1.4308813851455162
EVS: 0.4961340112203628
