Model: GRU
MSE: 3.924077591381335
MAE: 1.3848568982091443
EVS: 0.4551829925298716
