Model: GRU
MSE: 5.235361738002353
MAE: 1.6778211429201324
EVS: 0.47990000130208044
