Model: GRU
MSE: 4.218702096059571
MAE: 1.4220370917484677
EVS: 0.41480756229508264
