Model: GRU
MSE: 5.712108432221114
MAE: 1.9262117764045452
EVS: 0.4898613995438301
