Model: GRU
MSE: 3.9496597707354244
MAE: 1.351133839837436
EVS: 0.4515409510595212
