Model: GRU
MSE: 4.316842961635353
MAE: 1.4531254357305066
EVS: 0.40949098583469845
