Model: GRU
MSE: 4.993316210363054
MAE: 1.8063735468634243
EVS: 0.47172078234745163
