Model: GRU
MSE: 4.006255140963809
MAE: 1.537858091551682
EVS: 0.4977382088512987
