Model: GRU
MSE: 4.317879897973681
MAE: 1.3817658259950836
EVS: 0.49860276105907375
