Model: GRU
MSE: 6.124529004937421
MAE: 2.0763298231979896
EVS: 0.46815666168475
