Model: GRU
MSE: 10.085081853257101
MAE: 2.759568987221553
EVS: 0.5083846256893847
