Model: GRU
MSE: 17.24567071540892
MAE: 3.6916412649483514
EVS: 0.23954459342484202
