Model: GRU
MSE: 4.007512242700269
MAE: 1.3466704138394059
EVS: 0.4761631383227588
