Model: GRU
MSE: 3.9060515484079743
MAE: 1.3988628551877778
EVS: 0.4657775490950886
