Model: GRU
MSE: 5.437964946456355
MAE: 1.9080095373350998
EVS: 0.4738086227844872
