Model: GRU
MSE: 8.198989915075803
MAE: 2.4899258531373123
EVS: 0.5128616509317534
