Model: GRU
MSE: 3.6053183869323124
MAE: 1.3721619310050175
EVS: 0.501555333768792
