Model: GRU
MSE: 5.430369821954298
MAE: 1.9284637878681052
EVS: 0.469685873946456
