Model: GRU
MSE: 3.523506512740541
MAE: 1.398608503670528
EVS: 0.5294233795296112
