Model: GRU
MSE: 4.148737948297288
MAE: 1.3862851570392478
EVS: 0.4585057560918272
