Model: GRU
MSE: 4.223761989681015
MAE: 1.5751349186075145
EVS: 0.45970372281320593
