Model: GRU
MSE: 369.37927181902757
MAE: 19.025023591929468
EVS: -0.03521349486871217
