Model: GRU
MSE: 405.43234444537404
MAE: 19.937488259940313
EVS: -0.10506031795629944
