Model: GRU
MSE: 3.616543106923598
MAE: 1.3291718219888622
EVS: 0.4967006378366893
