Model: GRU
MSE: 7.651202314526582
MAE: 2.2402447996468378
EVS: 0.4884177620191452
