Model: GRU
MSE: 4.251209260729175
MAE: 1.3903028389503216
EVS: 0.4267700423969497
