Model: GRU
MSE: 5.641434226152718
MAE: 1.9134485310521618
EVS: 0.3575786675081425
