Model: GRU
MSE: 4.071320678317204
MAE: 1.2877092854730015
EVS: 0.432965794672738
