Model: GRU
MSE: 8.52098526042429
MAE: 2.2764191463075836
EVS: -0.08453583335331327
