Model: GRU
MSE: 11.197937475603203
MAE: 2.885873819219655
EVS: 0.48608360116035776
