Model: GRU
MSE: 3294.827133402742
MAE: 57.33805057920259
EVS: 1.1102230246251565e-16
