Model: GRU
MSE: 4.0713880511321205
MAE: 1.3149946146997913
EVS: 0.44541643096038186
