Model: GRU
MSE: 4.1527781282162355
MAE: 1.4170627758420746
EVS: 0.4420865002582539
