Model: GRU
MSE: 23.246569151653272
MAE: 4.425431629707074
EVS: 0.37354664093383405
