Model: GRU
MSE: 5.719590434776192
MAE: 1.7072944805539887
EVS: 0.4024493936341711
