Model: GRU
MSE: 3.8616649758701613
MAE: 1.4053323844383503
EVS: 0.4730613831390511
