Model: GRU
MSE: 7.42662922760232
MAE: 2.084402758499672
EVS: 0.028994167947683613
