Model: GRU
MSE: 5.802090433055175
MAE: 1.83002887923142
EVS: 0.43217932126946923
