Model: GRU
MSE: 5.213776037170619
MAE: 1.8721080401848103
EVS: 0.5037341580774096
