Model: GRU
MSE: 4.3993351256089355
MAE: 1.4630900087027714
EVS: 0.44795331634062385
