Model: GRU
MSE: 3.490803511785026
MAE: 1.2322999691141063
EVS: 0.5156214949490713
