Model: GRU
MSE: 6.375903781779004
MAE: 2.1037340081971267
EVS: 0.46997945592537516
