Model: GRU
MSE: 12.620522299774652
MAE: 3.1190793103185195
EVS: 0.4275775769326797
