Model: GRU
MSE: 314.97074887011166
MAE: 17.537292155726202
EVS: -0.033315758074342616
