Model: GRU
MSE: 5.31898947588545
MAE: 1.7250729758163978
EVS: 0.4967408956852032
