Model: GRU
MSE: 5.355300961058941
MAE: 1.8772749243111446
EVS: 0.4502431987364819
