Model: GRU
MSE: 9.525497629789808
MAE: 2.5715055794551454
EVS: 0.09526348731798029
