Model: GRU
MSE: 341.63802265870066
MAE: 18.287752542002448
EVS: -0.002932429285395166
