Model: GRU
MSE: 4.980725246886997
MAE: 1.8809199662044132
EVS: 0.49503948908893813
