Model: GRU
MSE: 347.22410435955595
MAE: 18.433324719297474
EVS: -0.03645320168145183
