Model: GRU
MSE: 4.310100317435422
MAE: 1.6181007582565834
EVS: 0.4698816532919624
