Model: GRU
MSE: 4.348330986146501
MAE: 1.5306699358183762
EVS: 0.4442698107493407
