Model: GRU
MSE: 5.161076832253049
MAE: 1.894595771000303
EVS: 0.4748855817343346
