Model: GRU
MSE: 7.274572760798382
MAE: 2.2241360894564925
EVS: 0.37123637560105516
