Model: GRU
MSE: 3.964232483768934
MAE: 1.4805009118441879
EVS: 0.45841014985457684
