Model: GRU
MSE: 4.1961543172632885
MAE: 1.6441590210487103
EVS: 0.4931183912106405
