Model: GRU
MSE: 5.462094019731231
MAE: 1.899226320200953
EVS: 0.46173028399555005
