Model: GRU
MSE: 5.842333913118731
MAE: 1.8062891466864224
EVS: 0.46023977442139563
