Model: GRU
MSE: 4.080616908326208
MAE: 1.5363198806499612
EVS: 0.4769407055613374
