Model: GRU
MSE: 3.6993711395412463
MAE: 1.3134052013528759
EVS: 0.4861724696007247
