Model: GRU
MSE: 4.428137976311707
MAE: 1.7055442086581527
EVS: 0.51725328015648
