Model: GRU
MSE: 4.169488024796951
MAE: 1.577961231100148
EVS: 0.4911484105902866
