Model: GRU
MSE: 10.10506355409833
MAE: 2.7215529145865607
EVS: 0.36937235428641446
