Model: GRU
MSE: 4.076164979132328
MAE: 1.3871245548642914
EVS: 0.4398976528181716
