Model: GRU
MSE: 4.04286003145055
MAE: 1.2744624368075668
EVS: 0.46105684096475963
