Model: GRU
MSE: 4.368868051013453
MAE: 1.6372385518304233
EVS: 0.5055889780676786
