Model: GRU
MSE: 4.614933906094879
MAE: 1.488948657594878
EVS: 0.4219980878256583
