Model: GRU
MSE: 4.406702018800435
MAE: 1.6773385508307095
EVS: 0.5051916947951552
