Model: GRU
MSE: 4.859872820630824
MAE: 1.4853544564082706
EVS: 0.43392030288828753
