Model: GRU
MSE: 4.589099641949643
MAE: 1.5543702881911705
EVS: 0.49538560589986536
