Model: GRU
MSE: 8.204652504481727
MAE: 2.45049394410232
EVS: 0.46187295833032804
