Model: GRU
MSE: 5.547769906635103
MAE: 1.958622406268942
EVS: 0.49999565539868474
