Model: GRU
MSE: 4.945426130025304
MAE: 1.7893537817330196
EVS: 0.43843141943193176
