Model: GRU
MSE: 9.21356328234382
MAE: 2.58131769607807
EVS: 0.3749849376942166
