Model: GRU
MSE: 510.6570955896339
MAE: 22.403964683927338
EVS: -0.21524092771201664
