Model: GRU
MSE: 145.81506601568756
MAE: 11.774547839986868
EVS: 0.0
