Model: GRU
MSE: 4.319992690538192
MAE: 1.6062830234396046
EVS: 0.4676267662707846
