Model: GRU
MSE: 4.055653396824929
MAE: 1.504778270063729
EVS: 0.4823561075314775
