Model: GRU
MSE: 4.4967141018732475
MAE: 1.7001104190431793
EVS: 0.5186705382735635
