Model: GRU
MSE: 3.9864089774378986
MAE: 1.518308919051598
EVS: 0.5025901319611235
