Model: GRU
MSE: 9.346264720563324
MAE: 2.6592376807640337
EVS: 0.5020330040846779
