Model: GRU
MSE: 5.36162991767295
MAE: 1.6903393021945297
EVS: 0.49035959364530657
