Model: GRU
MSE: 4.18817920256523
MAE: 1.4792130404505237
EVS: 0.489053876881547
