Model: GRU
MSE: 4.116188424943771
MAE: 1.4742342192551185
EVS: 0.46008004681507453
