Model: GRU
MSE: 5.314593223928788
MAE: 1.9312929284983669
EVS: 0.4547215217980427
