Model: GRU
MSE: 4.405953524993465
MAE: 1.5936343834317963
EVS: 0.4711762405462102
