Model: GRU
MSE: 946.0553612534978
MAE: 30.625884861781678
EVS: -0.13037447806333513
