Model: GRU
MSE: 4.038395807649772
MAE: 1.4073654865396434
EVS: 0.4371665296461712
