Model: GRU
MSE: 9.595095955668889
MAE: 2.5283182078394395
EVS: 0.0
