Model: GRU
MSE: 6.213551999733854
MAE: 1.8974480300114072
EVS: 0.1647773200903767
