Model: GRU
MSE: 4.286768397307807
MAE: 1.380463435732085
EVS: 0.4639976829520126
