Model: GRU
MSE: 4.115190201067325
MAE: 1.5362534029730435
EVS: 0.4765382669164473
