Model: GRU
MSE: 4.052487367944101
MAE: 1.3625899676618904
EVS: 0.46894525393594944
