Model: GRU
MSE: 6.182091985801513
MAE: 1.8778434293023472
EVS: 0.4561353163292683
