Model: GRU
MSE: 552.2329586806486
MAE: 23.352965683772645
EVS: 0.042248495980567013
