Model: GRU
MSE: 3.883883246380547
MAE: 1.394427019974281
EVS: 0.5197034343868578
