Model: GRU
MSE: 5.211479613562041
MAE: 1.759040067935812
EVS: 0.45993200413482516
