Model: GRU
MSE: 8.281939823234834
MAE: 2.344039407269708
EVS: 0.4733026386704454
