Model: GRU
MSE: 4.7754355921651515
MAE: 1.5496398087205558
EVS: 0.4099729535370834
