Model: GRU
MSE: 315.2302643657943
MAE: 17.55150065339845
EVS: 1.1102230246251565e-16
