Model: GRU
MSE: 7.43815866043936
MAE: 2.2867625581807105
EVS: 0.47051825374795286
