Model: GRU
MSE: 4.388582833720412
MAE: 1.65845119542089
EVS: 0.46847410375002596
