Model: GRU
MSE: 9.182166563021308
MAE: 2.652601414713366
EVS: 0.49759087303397287
