Model: GRU
MSE: 6.24402294133459
MAE: 2.1356562252702385
EVS: 0.4400715438889682
