Model: GRU
MSE: 387.9468701005031
MAE: 19.502043378764185
EVS: -0.06161386467712382
