Model: GRU
MSE: 4.351118299868803
MAE: 1.4047290867772595
EVS: 0.45044956086740806
