Model: GRU
MSE: 4.992174252228563
MAE: 1.8101846678503628
EVS: 0.48738356969814556
