Model: GRU
MSE: 11.119620668091368
MAE: 2.9622338722492088
EVS: 0.4490176863968812
