Model: GRU
MSE: 4.170666431816903
MAE: 1.4113168716430664
EVS: 0.4189539988030818
