Model: GRU
MSE: 4.660974606909506
MAE: 1.4146591877115184
EVS: 0.41848227517981607
