Model: GRU
MSE: 5.033678919894258
MAE: 1.631293510568553
EVS: 0.4502815719552271
