Model: GRU
MSE: 3.963145944818562
MAE: 1.495738489874478
EVS: 0.48046154304541777
