Model: GRU
MSE: 4.1820998558587865
MAE: 1.5348870507602035
EVS: 0.4959053606372402
