Model: GRU
MSE: 4.301672036854802
MAE: 1.5312582213303139
EVS: 0.4409738533687184
