Model: GRU
MSE: 3.655465927907934
MAE: 1.3555536270141602
EVS: 0.49827851578044147
