Model: GRU
MSE: 3.5029833403649215
MAE: 1.2592862063440784
EVS: 0.5117887256190312
