Model: GRU
MSE: 4.345383537787445
MAE: 1.567124185890987
EVS: 0.4719701061490079
