Model: GRU
MSE: 9.887064627043573
MAE: 2.744637703073436
EVS: 0.47205219879514293
