Model: GRU
MSE: 3.884298459403814
MAE: 1.3892842654524178
EVS: 0.47698581468322787
