Model: GRU
MSE: 7.153364072828497
MAE: 2.2970264533470415
EVS: 0.5085394998636494
