Model: GRU
MSE: 6.904299471323454
MAE: 2.0409283802427094
EVS: 0.060322888528624
