Model: GRU
MSE: 3.8954658939475597
MAE: 1.3310673812340046
EVS: 0.4607572781584136
