Model: GRU
MSE: 6.818982543875136
MAE: 2.1738568256641257
EVS: 0.45331152127969276
