Model: GRU
MSE: 3.8998944062992793
MAE: 1.270030038110141
EVS: 0.4655940309718626
