Model: GRU
MSE: 19.50612164115709
MAE: 4.048133307489856
EVS: 0.41607065966334345
