Model: GRU
MSE: 4.372240008882492
MAE: 1.4196785071800495
EVS: 0.43496896912840166
