Model: GRU
MSE: 4.944883996230021
MAE: 1.766517260978962
EVS: 0.4453337584037228
