Model: GRU
MSE: 4.130896627877629
MAE: 1.4567962679369697
EVS: 0.4498076026517044
