Model: GRU
MSE: 360.8143952625406
MAE: 18.78098805197354
EVS: -0.1273564483664127
