Model: GRU
MSE: 9.271061757815758
MAE: 2.6688074901186187
EVS: 0.478965972625384
