Model: GRU
MSE: 3.4826073352756355
MAE: 1.224073969084641
EVS: 0.5191526400872472
