Model: GRU
MSE: 11.916364918741692
MAE: 3.026011483422641
EVS: 0.4345369810682528
