Model: GRU
MSE: 3.9223453621927296
MAE: 1.5039888250416722
EVS: 0.4755277268683188
