Model: GRU
MSE: 4.40012636949151
MAE: 1.5983334163139606
EVS: 0.4723387639032922
