Model: GRU
MSE: 3.759566133745607
MAE: 1.3049847997468094
EVS: 0.47703867817597556
