Model: GRU
MSE: 3.6379389070986754
MAE: 1.2308645741692905
EVS: 0.4935334460949793
