Model: GRU
MSE: 328.7335629772636
MAE: 17.912766633362605
EVS: -0.09634240343340905
