Model: GRU
MSE: 4.355437196958974
MAE: 1.6072649626896298
EVS: 0.46119035642276895
