Model: GRU
MSE: 8.725829159868649
MAE: 2.52392918488075
EVS: 0.3983563446494638
