Model: GRU
MSE: 4.4712356058222715
MAE: 1.6547309283552498
EVS: 0.46810170862211853
