Model: GRU
MSE: 5.1435282060020056
MAE: 1.6648289581824993
EVS: 0.3062911781933818
