Model: GRU
MSE: 6.098397300585793
MAE: 2.1017047043504387
EVS: 0.5072736070671261
