Model: GRU
MSE: 7.099586906660236
MAE: 1.9840679826407597
EVS: 0.013878234025735514
