Model: GRU
MSE: 5.670470644096864
MAE: 1.840409673493484
EVS: 0.4629816976191953
