Model: GRU
MSE: 5.757068032991642
MAE: 1.9105858257838657
EVS: 0.4154611089278707
