Model: GRU
MSE: 3.7282163066488936
MAE: 1.4256366861277614
EVS: 0.4864653222229839
