Model: GRU
MSE: 4.222309394093639
MAE: 1.5370454788208008
EVS: 0.48360895450109653
