Model: GRU
MSE: 4.356915485109029
MAE: 1.4387367511617726
EVS: 0.45730677987034274
