Model: GRU
MSE: 3.9077847803610926
MAE: 1.313333379811254
EVS: 0.455562995078039
