Model: GRU
MSE: 8.188686755881996
MAE: 2.47871418656974
EVS: 0.4803726046618545
