Model: GRU
MSE: 9.222140223014561
MAE: 2.6188203301923028
EVS: 0.5007055277050307
