Model: GRU
MSE: 4.964972971839102
MAE: 1.8063666245033
EVS: 0.47975194263955245
