Model: GRU
MSE: 5.218551986768332
MAE: 1.8098796482743889
EVS: 0.428864151093886
