Model: GRU
MSE: 336.22795143970177
MAE: 18.12506867987769
EVS: 0.020300296461424394
