Model: GRU
MSE: 4.506280239755852
MAE: 1.6486273222956165
EVS: 0.4954114045248983
