Model: GRU
MSE: 5.695462452590916
MAE: 1.7842886530119797
EVS: 0.4203369487775458
