Model: GRU
MSE: 3.6895554731880047
MAE: 1.3985438182436187
EVS: 0.49387211524597785
