Model: GRU
MSE: 393.0879868390002
MAE: 19.61955313846983
EVS: -0.13742439731918843
