Model: GRU
MSE: 4.104481850585546
MAE: 1.4775073446076492
EVS: 0.42795535560557074
