Model: GRU
MSE: 6.078277330824143
MAE: 2.1061742059115707
EVS: 0.5131256151146097
