Model: GRU
MSE: 4.55002983801053
MAE: 1.6456839956086258
EVS: 0.48654805290794234
