Model: GRU
MSE: 328.7506790282322
MAE: 17.927590452391527
EVS: -0.02468128486946397
