Model: GRU
MSE: 4.319331100510367
MAE: 1.552139972818309
EVS: 0.47241865989680754
