Model: GRU
MSE: 9.198012443996676
MAE: 2.4732964943195213
EVS: 0.09147716208545476
