Model: GRU
MSE: 5.02694742622385
MAE: 1.578647810837318
EVS: 0.4451318524769132
