Model: GRU
MSE: 4.4586051942444325
MAE: 1.477162476243644
EVS: 0.4734261132702253
