Model: GRU
MSE: 7.590231863986995
MAE: 2.223243762706888
EVS: 0.2320206696977355
