Model: GRU
MSE: 7.505360579938685
MAE: 2.0962774342504042
EVS: 0.011802864131852164
