Model: GRU
MSE: 5.892209877808235
MAE: 1.995484680965029
EVS: 0.4766626908859557
