Model: GRU
MSE: 3.7068156755171597
MAE: 1.3196869718617406
EVS: 0.48444710679848735
