Model: GRU
MSE: 1171.7721721629102
MAE: 34.14220615913128
EVS: 0.1523546818589765
