Model: GRU
MSE: 5.445552253774638
MAE: 1.78533463642515
EVS: 0.2417817344497203
