Model: GRU
MSE: 3.6558018995288752
MAE: 1.3787765174076474
EVS: 0.5078727973181993
