Model: GRU
MSE: 434.16333399901976
MAE: 20.648393885842687
EVS: -0.08809294752289931
