Model: GRU
MSE: 3.776139916603119
MAE: 1.265406657909525
EVS: 0.4851009810468375
