Model: GRU
MSE: 9.491605996641157
MAE: 2.449966381336081
EVS: -0.06824722553090301
