Model: GRU
MSE: 3.7003598295326467
MAE: 1.3074357427399734
EVS: 0.5155763268388229
