Model: GRU
MSE: 368.5601254404591
MAE: 18.997278213500977
EVS: -0.06807674825066168
