Model: GRU
MSE: 8.644465706871681
MAE: 2.3498598131640205
EVS: 0.4246343069089099
