Model: GRU
MSE: 4.1452625542830965
MAE: 1.441166795533279
EVS: 0.4660514167568792
