Model: GRU
MSE: 5.439766718082144
MAE: 1.9738831026800747
EVS: 0.5215216888107405
