Model: GRU
MSE: 3.688420577963104
MAE: 1.508326579784525
EVS: 0.5229625919439935
