Model: GRU
MSE: 4.336982456871173
MAE: 1.5699345161174905
EVS: 0.3985698612938944
