Model: GRU
MSE: 4.757455943350939
MAE: 1.6921443774782379
EVS: 0.45464353335320906
