Model: GRU
MSE: 14.624446935675776
MAE: 3.4691331550992768
EVS: 0.3982895876439976
