Model: GRU
MSE: 6.227814067676765
MAE: 2.1036916272393587
EVS: 0.44372164345315834
