Model: GRU
MSE: 6.617080210170179
MAE: 2.2536783711663606
EVS: 0.49936977187892995
