Model: GRU
MSE: 5.912723365665803
MAE: 2.049520180143159
EVS: 0.45167613045449273
