Model: GRU
MSE: 4.533730779889852
MAE: 1.3453734989823967
EVS: 0.3687522691656985
