Model: GRU
MSE: 6.293795337830771
MAE: 2.047454735328411
EVS: 0.40609042599801326
