Model: GRU
MSE: 3.9580534820052766
MAE: 1.3886816254977523
EVS: 0.44992911560042226
