Model: GRU
MSE: 7.70309020814124
MAE: 2.2119975090026855
EVS: 0.08413767370658853
