Model: GRU
MSE: 10.17066847238537
MAE: 2.497624101309941
EVS: 0.0
