Model: GRU
MSE: 3.7322095129394914
MAE: 1.3146854597946693
EVS: 0.4991496379377943
