Model: GRU
MSE: 3.925629232332634
MAE: 1.5040548916520744
EVS: 0.509361582262941
