Model: GRU
MSE: 8.84456329251573
MAE: 2.6063680977656922
EVS: 0.5138439550380094
