Model: GRU
MSE: 4.058296365476979
MAE: 1.3521888173859695
EVS: 0.4471984981907873
