Model: GRU
MSE: 4.939595185205831
MAE: 1.7535025333536083
EVS: 0.47743685878863995
