Model: GRU
MSE: 3.8846806181798392
MAE: 1.4679143182162582
EVS: 0.5010509838155374
