Model: GRU
MSE: 6.044301615990521
MAE: 2.0544584044094742
EVS: 0.49395317385886306
