Model: GRU
MSE: 3.8430022028607773
MAE: 1.394033333350872
EVS: 0.47317497542069054
