Model: GRU
MSE: 340.26534162104207
MAE: 18.24502509626849
EVS: -0.029171996722148874
