Model: GRU
MSE: 3.759101297564798
MAE: 1.3865051598384464
EVS: 0.4778627309376471
