Model: GRU
MSE: 5.495481489272026
MAE: 1.942563796865529
EVS: 0.47910879250970284
