Model: GRU
MSE: 4.762786897976514
MAE: 1.5797875996293693
EVS: 0.3799339775248859
