Model: GRU
MSE: 12.79255129286464
MAE: 3.161772999270209
EVS: 0.4219833447760938
