Model: GRU
MSE: 10.299487023357932
MAE: 2.7583797717916556
EVS: 0.5008411620769395
