Model: GRU
MSE: 3.6072856789094594
MAE: 1.3434667587280273
EVS: 0.5015871244567357
