Model: GRU
MSE: 4.296741666304037
MAE: 1.5163830559829186
EVS: 0.4535811868196009
