Model: GRU
MSE: 5.401468820579151
MAE: 1.8812041282653809
EVS: 0.43800519739829413
