Model: GRU
MSE: 4.609738904195512
MAE: 1.6033796935245908
EVS: 0.5016662552994097
