Model: GRU
MSE: 3.7002420764316444
MAE: 1.2606356226164719
EVS: 0.533478697675559
