Model: GRU
MSE: 377.4677932598968
MAE: 19.22623035825532
EVS: -0.08986233836478807
