Model: GRU
MSE: 348.4959226455353
MAE: 18.44709029896506
EVS: -0.142951946958362
