Model: GRU
MSE: 6.1478208011272955
MAE: 2.0348805641305856
EVS: 0.37309844520614144
