Model: GRU
MSE: 6.717683844541159
MAE: 2.167100585740188
EVS: 0.4661643430868798
