Model: GRU
MSE: 4.893509060348465
MAE: 1.7848633404435783
EVS: 0.49593653841566987
