Model: GRU
MSE: 4.456648126610021
MAE: 1.5526733234010894
EVS: 0.40312448010006086
