Model: GRU
MSE: 5.948060928480843
MAE: 2.013431113341759
EVS: 0.45397872572415343
