Model: GRU
MSE: 4.4618362665777225
MAE: 1.6707781101095265
EVS: 0.4824914886211288
