Model: GRU
MSE: 5.762416242795747
MAE: 1.6632298469543456
EVS: 0.3975045629217623
