Model: GRU
MSE: 4.100196035735719
MAE: 1.581297907336005
EVS: 0.5058254312948285
