Model: GRU
MSE: 4.953215786827231
MAE: 1.8032709812295848
EVS: 0.4456537118792798
