Model: GRU
MSE: 4.614261946303647
MAE: 1.6200852476317307
EVS: 0.4419303944678975
