Model: GRU
MSE: 4.339035893974486
MAE: 1.5896058575860386
EVS: 0.4610470381662579
