Model: GRU
MSE: 4.487102698339751
MAE: 1.5004866698692585
EVS: 0.4534045348407437
