Model: GRU
MSE: 3.9662529319925537
MAE: 1.3043858593907849
EVS: 0.466417138968909
