Model: GRU
MSE: 9.363193080416687
MAE: 2.479531847197434
EVS: -0.029490772958074674
