Model: GRU
MSE: 407.7400393919639
MAE: 19.982397112353095
EVS: -0.1768278867187867
