Model: GRU
MSE: 4.240384650333924
MAE: 1.4894522469619225
EVS: 0.41112502557750663
