Model: GRU
MSE: 3.972092147674771
MAE: 1.4604421648485908
EVS: 0.47432985372169545
