Model: GRU
MSE: 6.233565653466501
MAE: 1.8380927052991143
EVS: 0.44802830593862386
