Model: GRU
MSE: 4.853250709419693
MAE: 1.7106298660409862
EVS: 0.43445208630519094
