Model: GRU
MSE: 8.72859407788011
MAE: 2.593857058163347
EVS: 0.49258679151751117
