Model: GRU
MSE: 12.031744262191516
MAE: 3.0139067584070665
EVS: 0.40675673643683574
