Model: GRU
MSE: 7.117236753613395
MAE: 2.310184626743711
EVS: 0.5108022064131297
