Model: GRU
MSE: 7.702549580259826
MAE: 2.1287852320177802
EVS: 0.0
