Model: GRU
MSE: 4.148312944224362
MAE: 1.3876788040687298
EVS: 0.42225781899368053
