Model: GRU
MSE: 5.715154338594669
MAE: 1.7218431439892998
EVS: 0.4110039009369032
