Model: GRU
MSE: 7.850642771362392
MAE: 2.1277859457607926
EVS: -0.06498811848434172
