Model: GRU
MSE: 3.6147199633874623
MAE: 1.338132430767191
EVS: 0.49890571747464374
