Model: GRU
MSE: 4.842321456440522
MAE: 1.73902414584982
EVS: 0.411752377850816
