Model: GRU
MSE: 5.53959419049336
MAE: 1.7194025763149918
EVS: 0.43666721605122616
