Model: GRU
MSE: 5.058126070975865
MAE: 1.886484277659449
EVS: 0.5247734114209378
