Model: GRU
MSE: 8.569131526154349
MAE: 2.464480605618707
EVS: 0.445682715343949
