Model: GRU
MSE: 3.83616841058869
MAE: 1.2701068746632542
EVS: 0.4758325816285498
