Model: GRU
MSE: 5.087642883912991
MAE: 1.8250603346989072
EVS: 0.46984567479510386
