Model: GRU
MSE: 5.8804164775515035
MAE: 1.9846706225954254
EVS: 0.4187684554571167
