Model: GRU
MSE: 5.169529292710982
MAE: 1.7672922282383359
EVS: 0.46098025896324335
