Model: GRU
MSE: 7.188514765662023
MAE: 1.983589797184385
EVS: 0.0
