Model: GRU
MSE: 408.872444350936
MAE: 20.038377112355725
EVS: -0.022410575030128443
