Model: GRU
MSE: 4.176748119484853
MAE: 1.440908958171976
EVS: 0.45937898694547774
