Model: GRU
MSE: 314.9110420582278
MAE: 17.537234246730804
EVS: -0.025277435504052592
