Model: GRU
MSE: 3.891840516276653
MAE: 1.3168564829333076
EVS: 0.45998742455779673
