Model: GRU
MSE: 9.613102308485457
MAE: 2.4887112255754142
EVS: -0.05489411231309327
