Model: GRU
MSE: 5.165759004018802
MAE: 1.9581187346885944
EVS: 0.5532695813906421
