Model: GRU
MSE: 9.843700082228445
MAE: 2.58199065307091
EVS: 0.040786682861077894
