Model: GRU
MSE: 370.48082068769384
MAE: 19.054240863898706
EVS: -0.03367715754211842
