Model: GRU
MSE: 341.0735775532335
MAE: 18.273742470247992
EVS: 0.004344962756507531
