Model: GRU
MSE: 4.542692093461294
MAE: 1.5870944384870858
EVS: 0.3976111607921954
