Model: GRU
MSE: 4.763228289423468
MAE: 1.6537524913919384
EVS: 0.44763896516871593
