Model: GRU
MSE: 3.8538294777973565
MAE: 1.3200154797784214
EVS: 0.47194926553708283
