Model: GRU
MSE: 4.054360438159024
MAE: 1.4521274402223785
EVS: 0.46411960868575275
