Model: GRU
MSE: 5.599910074209737
MAE: 1.9609211066673542
EVS: 0.4884986378545725
