Model: GRU
MSE: 11.836180584323666
MAE: 3.0019857061320336
EVS: 0.4688672766917229
