Model: GRU
MSE: 8.113015838745852
MAE: 2.4675851032651703
EVS: 0.491829487735553
