Model: GRU
MSE: 836.1500623324416
MAE: 28.80010667340509
EVS: 0.0656676502309903
