Model: GRU
MSE: 362.5502565279415
MAE: 18.827603714806692
EVS: -0.025668808954113942
