Model: GRU
MSE: 5.898401092429156
MAE: 1.9896305347311085
EVS: 0.4384307312701331
