Model: GRU
MSE: 4.410713425907677
MAE: 1.4049916431821625
EVS: 0.4542390999910314
