Model: GRU
MSE: 7.400282543312046
MAE: 2.026599851147882
EVS: -0.03059176678944553
