Model: GRU
MSE: 8.890492829596042
MAE: 2.3446252757105333
EVS: 0.0573900617907237
