Model: GRU
MSE: 5.436702173191579
MAE: 1.936697976342563
EVS: 0.49510953210356645
