Model: GRU
MSE: 3.5626072136930094
MAE: 1.337194459191684
EVS: 0.5163247424182414
