Model: GRU
MSE: 365.50120533595504
MAE: 18.922840817221278
EVS: -0.035151000384789244
