Model: GRU
MSE: 3.973339232796912
MAE: 1.5606944478791336
EVS: 0.4834536783940554
