Model: GRU
MSE: 4.729349708994744
MAE: 1.563228335873834
EVS: 0.38996275622161913
