Model: GRU
MSE: 6.2295353691829565
MAE: 2.1322642688093514
EVS: 0.5031185307991863
