Model: GRU
MSE: 4.82464544689815
MAE: 1.7696900038883603
EVS: 0.47008222944369205
