Model: GRU
MSE: 6.462780788117784
MAE: 2.124673629629201
EVS: 0.5065695925837939
