Model: GRU
MSE: 5.264963103135478
MAE: 1.7147602541693325
EVS: 0.3922247036792723
