Model: GRU
MSE: 4.4323577503626845
MAE: 1.328665519582814
EVS: 0.3884123120891618
