Model: GRU
MSE: 4.4081403033392546
MAE: 1.5221783046064705
EVS: 0.39921463309348504
