Model: GRU
MSE: 21.280592920472795
MAE: 4.125724184102025
EVS: 0.16812659713723432
