Model: GRU
MSE: 4.233621625047504
MAE: 1.281996332365891
EVS: 0.41294971682137327
