Model: GRU
MSE: 4.440661169081303
MAE: 1.6056078055809284
EVS: 0.45608145094018726
