Model: GRU
MSE: 4.48892782628646
MAE: 1.7230359439192147
EVS: 0.4834993940306931
