Model: GRU
MSE: 3.7622885189322663
MAE: 1.3917073874637997
EVS: 0.49704353729121165
