Model: GRU
MSE: 430.0871545975806
MAE: 20.54460352453692
EVS: -0.11586356863509151
