Model: GRU
MSE: 3.6414469970514363
MAE: 1.3829039376357506
EVS: 0.5223060868430692
