Model: GRU
MSE: 4.321046558480969
MAE: 1.5684439396036083
EVS: 0.4661919678355415
