Model: GRU
MSE: 5.678609559684117
MAE: 2.018446445465088
EVS: 0.54019414318191
