Model: GRU
MSE: 4.164996950181517
MAE: 1.504447525945203
EVS: 0.49062630736556745
