Model: GRU
MSE: 5.666978713744345
MAE: 1.9424159855678165
EVS: 0.4770851261890251
