Model: GRU
MSE: 7.103124048377328
MAE: 2.140202785360402
EVS: 0.4713308402936842
