Model: GRU
MSE: 7.4475790998600635
MAE: 2.084718506911705
EVS: -0.012573812271522877
