Model: GRU
MSE: 4.375753727451693
MAE: 1.3445455616918103
EVS: 0.391288539054059
