Model: GRU
MSE: 6.861460925643067
MAE: 2.138693932829232
EVS: 0.43011779779339654
