Model: GRU
MSE: 6.447594693571961
MAE: 2.11854599262106
EVS: 0.440937105560952
