Model: GRU
MSE: 5.756556540036744
MAE: 2.0323558346978547
EVS: 0.4891710239010404
