Model: GRU
MSE: 6.660284993963756
MAE: 2.127826608460525
EVS: 0.42775299231615227
