Model: GRU
MSE: 3.7636065500424936
MAE: 1.3611386891069084
EVS: 0.5108784037941285
