Model: GRU
MSE: 4.526655671182747
MAE: 1.557703396369671
EVS: 0.4453762172500494
