Model: GRU
MSE: 14.561233226692586
MAE: 3.3490937824906974
EVS: 0.17202579507478077
