Model: GRU
MSE: 55.260123295305924
MAE: 6.913578197873872
EVS: -0.07967802655457024
