Model: GRU
MSE: 4.0624200080300055
MAE: 1.5016980006777008
EVS: 0.4562963474104358
