Model: GRU
MSE: 6.456534005124672
MAE: 1.8670448105910729
EVS: 0.12293371397658259
