Model: GRU
MSE: 3.4074699295994266
MAE: 1.3180297818677178
EVS: 0.5256761125160794
