Model: GRU
MSE: 324.0174663039057
MAE: 17.7824206927727
EVS: -0.08750991296338406
