Model: GRU
MSE: 4.608329252876501
MAE: 1.7010502650819976
EVS: 0.4191527678363526
