Model: GRU
MSE: 9.573515318722395
MAE: 2.679544317311254
EVS: 0.4603284090362708
