Model: GRU
MSE: 6.339102994916724
MAE: 1.9681254584213783
EVS: 0.49277975923554185
