Model: GRU
MSE: 6.602920597536578
MAE: 2.0980015952011635
EVS: 0.2960968130724353
