Model: GRU
MSE: 6.2316566370230655
MAE: 2.0846050854386955
EVS: 0.5286300561087924
