Model: GRU
MSE: 1387.063448860802
MAE: 37.15056971845956
EVS: 0.038532026285925
