Model: GRU
MSE: 4345.997689479258
MAE: 65.85957994132207
EVS: -0.18652454608279845
