Model: GRU
MSE: 14.388918244586531
MAE: 3.2763711830665327
EVS: 0.009014656856882741
