Model: GRU
MSE: 5.745380334008383
MAE: 1.810843747237633
EVS: 0.42492104503367756
