Model: GRU
MSE: 4.422230694275343
MAE: 1.6466687465536183
EVS: 0.468881511967279
