Model: GRU
MSE: 5.294963790415029
MAE: 1.736188296614022
EVS: 0.2633935866894236
