Model: GRU
MSE: 5.6940961593415
MAE: 1.9452057953538566
EVS: 0.4529221866508617
