Model: GRU
MSE: 7.8011173014976585
MAE: 2.2435438221898574
EVS: -0.029960304068671784
