Model: GRU
MSE: 8.910117290314059
MAE: 2.436127580445388
EVS: 0.04405286834146982
