Model: GRU
MSE: 4.733145157147176
MAE: 1.8163001783962907
EVS: 0.5166538032137024
