Model: GRU
MSE: 6.753730117435602
MAE: 2.2200629793364426
EVS: 0.45435925517124687
