Model: GRU
MSE: 5.250395349298914
MAE: 1.9136820003904145
EVS: 0.48486975956745293
