Model: GRU
MSE: 416.2650289697908
MAE: 20.21272820439832
EVS: -0.07464134757932772
