Model: GRU
MSE: 4.207816194589778
MAE: 1.3736667304203427
EVS: 0.4584670337328888
