Model: GRU
MSE: 4.168328137437113
MAE: 1.5300305958451896
EVS: 0.4638626799655555
