Model: GRU
MSE: 379.70069246585024
MAE: 19.258535845526332
EVS: -0.22778816150996373
