Model: GRU
MSE: 4.737141886323821
MAE: 1.6023331181756382
EVS: 0.5001796964890639
