Model: GRU
MSE: 4.311628660515547
MAE: 1.4543020971890153
EVS: 0.4999309038011581
