Model: GRU
MSE: 4.841009856993581
MAE: 1.535144098873796
EVS: 0.44072440257961043
