Model: GRU
MSE: 4.558509459145751
MAE: 1.4741036152017528
EVS: 0.42771804343418096
