Model: GRU
MSE: 4.028113312547828
MAE: 1.5828900337219238
EVS: 0.470186271784631
