Model: GRU
MSE: 11.658645962842037
MAE: 3.020611754779158
EVS: 0.5139443543508997
