Model: GRU
MSE: 4.692255524969102
MAE: 1.6201719251172295
EVS: 0.35437761560160874
