Model: GRU
MSE: 4.191521481741786
MAE: 1.3991230767348717
EVS: 0.4778752804658023
