Model: GRU
MSE: 5.820732469039301
MAE: 1.9973333786273826
EVS: 0.4537463153028738
