Model: GRU
MSE: 10.600855727486714
MAE: 2.5794283110519935
EVS: 0.0077491600730569266
