Model: GRU
MSE: 5.667443702243371
MAE: 1.8714251353822906
EVS: 0.39158192025914274
