Model: GRU
MSE: 3.8098238166078553
MAE: 1.2814204117347454
EVS: 0.47198043201703455
