Model: GRU
MSE: 4.150668872095735
MAE: 1.344655546648749
EVS: 0.45467287380562726
