Model: GRU
MSE: 4.768445712533556
MAE: 1.5670692345191692
EVS: 0.39865399522989375
