Model: GRU
MSE: 4.510636956904113
MAE: 1.6511510158407277
EVS: 0.39492402314395814
