Model: GRU
MSE: 4.241433125749091
MAE: 1.4353385300471866
EVS: 0.47005350580255945
