Model: GRU
MSE: 14.101159031720304
MAE: 2.989619156409954
EVS: 0.0
