Model: GRU
MSE: 3624.3325873560398
MAE: 60.10825426825161
EVS: -0.5791240911049857
