Model: GRU
MSE: 4.170123182549764
MAE: 1.3561655241867592
EVS: 0.45665874555078634
