Model: GRU
MSE: 4.4597810967552975
MAE: 1.5792325611772209
EVS: 0.4385692221361269
