Model: GRU
MSE: 3.7405309710164243
MAE: 1.406477451324463
EVS: 0.478744267259385
