Model: GRU
MSE: 4.2698063200314404
MAE: 1.5163985367478996
EVS: 0.45295551145298385
