Model: GRU
MSE: 9.12857447767236
MAE: 2.616222620010376
EVS: 0.4547778463185167
