Model: GRU
MSE: 3.9111998079128294
MAE: 1.2709483113782158
EVS: 0.4720285783826288
