Model: GRU
MSE: 3.6573621588134553
MAE: 1.3745563934589256
EVS: 0.4987239423101568
