Model: GRU
MSE: 5.88056731090104
MAE: 1.8146276802852237
EVS: 0.48307465225141155
