Model: GRU
MSE: 6.718052523068669
MAE: 2.198369289266652
EVS: 0.5101365704700539
