Model: GRU
MSE: 10.544054920330865
MAE: 2.780174371174404
EVS: 0.38457664865247465
