Model: GRU
MSE: 3.7840248007993256
MAE: 1.5362560666840652
EVS: 0.556161383786085
