Model: GRU
MSE: 11.620156870937112
MAE: 2.9638120552589156
EVS: 0.3663032475475332
