Model: GRU
MSE: 3.6867315731458428
MAE: 1.3409447505556304
EVS: 0.4994072295927905
