Model: GRU
MSE: 408.42356390139196
MAE: 20.009473989749775
EVS: -0.12117276226325346
