Model: GRU
MSE: 4.0036275803644585
MAE: 1.3895830285960231
EVS: 0.45168029985762503
