Model: GRU
MSE: 4.4456113503444366
MAE: 1.4545572379539753
EVS: 0.42204393448091826
