Model: GRU
MSE: 4.950281940422946
MAE: 1.8202579268093766
EVS: 0.5210352262917353
