Model: GRU
MSE: 6.603191560541635
MAE: 2.1591818743738633
EVS: 0.44953970588000525
