Model: GRU
MSE: 4.035911599657225
MAE: 1.5012993812561035
EVS: 0.4701307127572627
