Model: GRU
MSE: 4.142516696787848
MAE: 1.4757248944249646
EVS: 0.4528190590996889
