Model: GRU
MSE: 6.152250320765076
MAE: 2.0375151469789703
EVS: 0.4117673388203631
