Model: GRU
MSE: 4.596483619521835
MAE: 1.446950813819622
EVS: 0.441688713361419
