Model: GRU
MSE: 3.9165146945746185
MAE: 1.3321110462320263
EVS: 0.47302454459847787
