Model: GRU
MSE: 7445.716032288131
MAE: 86.23108054851663
EVS: -0.38211239961076826
