Model: GRU
MSE: 9.005689258575174
MAE: 2.5837633198705214
EVS: 0.4583177158741196
