Model: GRU
MSE: 5.938855866979762
MAE: 1.8376508581227269
EVS: 0.44388654788042714
