Model: GRU
MSE: 389.1318179930708
MAE: 19.520708881575487
EVS: -0.12524632820788262
