Model: GRU
MSE: 5.011980086577798
MAE: 1.7874631388434048
EVS: 0.47250675037798373
