Model: GRU
MSE: 4.179243072176382
MAE: 1.3780279323972504
EVS: 0.4191645036554241
