Model: GRU
MSE: 3.8529666536415506
MAE: 1.4072165324770172
EVS: 0.4634674473724215
