Model: GRU
MSE: 4.483071267503356
MAE: 1.637401531482565
EVS: 0.4556706059085287
