Model: GRU
MSE: 4.657393347022709
MAE: 1.5049855298009411
EVS: 0.46748365646015466
