Model: GRU
MSE: 339.94029123850123
MAE: 18.229676045220472
EVS: -0.06189656102587149
