Model: GRU
MSE: 6834.019022759476
MAE: 82.62471744931977
EVS: 1.1102230246251565e-16
