Model: GRU
MSE: 9.488544852927275
MAE: 2.4758558931021857
EVS: 0.09756784249179873
