Model: GRU
MSE: 1097.469557084253
MAE: 32.99152397287303
EVS: -0.2583680572686433
