Model: GRU
MSE: 4.478285117941345
MAE: 1.6203419586707806
EVS: 0.47317268391723155
