Model: GRU
MSE: 4.55232675588093
MAE: 1.61735855299851
EVS: 0.4683584100379308
