Model: GRU
MSE: 4.084088837300128
MAE: 1.43473796186776
EVS: 0.4661475566651945
