Model: GRU
MSE: 6.326880163985199
MAE: 2.119618925554999
EVS: 0.48426950576807015
