Model: GRU
MSE: 6.346842741125847
MAE: 2.1102869592863938
EVS: 0.4628882048429728
