Model: GRU
MSE: 5.2965953847212
MAE: 1.9226448453705887
EVS: 0.509790326126546
