Model: GRU
MSE: 5.234198262114397
MAE: 1.8635746446149102
EVS: 0.4245685591180448
