Model: GRU
MSE: 8.178707953709978
MAE: 2.4551457947698134
EVS: 0.4864886298857829
