Model: GRU
MSE: 4.058505321686315
MAE: 1.3221686955155998
EVS: 0.43500376346887315
