Model: GRU
MSE: 7.611825812131428
MAE: 2.1278032763250945
EVS: 0.005780626902407882
