Model: GRU
MSE: 3.789753929331098
MAE: 1.2991970160911823
EVS: 0.47456378513168185
