Model: GRU
MSE: 4.0582759025205
MAE: 1.326546784104972
EVS: 0.4344958978227704
