Model: GRU
MSE: 4.1072880397759475
MAE: 1.403191878877837
EVS: 0.5060596217489468
