Model: GRU
MSE: 3.850801835505771
MAE: 1.3780183792114258
EVS: 0.48406855374081603
