Model: GRU
MSE: 4.526415665024019
MAE: 1.585882022463042
EVS: 0.38830319566553795
