Model: GRU
MSE: 4.923437008469262
MAE: 1.615854838798786
EVS: 0.4178726446656995
