Model: GRU
MSE: 3.8432918048701263
MAE: 1.4022073581300933
EVS: 0.46444672181685553
