Model: GRU
MSE: 3.915336693353577
MAE: 1.5207855125953411
EVS: 0.5068395031671507
