Model: GRU
MSE: 5.784483083077091
MAE: 1.7790354038106984
EVS: 0.435706491790832
