Model: GRU
MSE: 4.002150451184238
MAE: 1.4017070244098533
EVS: 0.44315596496485277
