Model: GRU
MSE: 3.742264892475603
MAE: 1.3637667359976933
EVS: 0.4793037605006455
