Model: GRU
MSE: 4.135160159816792
MAE: 1.2956480733279525
EVS: 0.42846821797709045
