Model: GRU
MSE: 4.609546829651114
MAE: 1.5996306682455128
EVS: 0.39729382352859477
