Model: GRU
MSE: 3.848970026671803
MAE: 1.2814090169709305
EVS: 0.46775316954333557
