Model: GRU
MSE: 4.1834282074308184
MAE: 1.560997749197072
EVS: 0.4553718146304474
