Model: GRU
MSE: 9.471933234646414
MAE: 2.628481651174611
EVS: 0.4501828623039795
