Model: GRU
MSE: 3.752827541691549
MAE: 1.4736301323463177
EVS: 0.5102526751274314
