Model: GRU
MSE: 4.369650626187273
MAE: 1.4190699807528793
EVS: 0.4349031269394258
