Model: GRU
MSE: 6.882184588811567
MAE: 2.204455219466111
EVS: 0.45065852330943823
