Model: GRU
MSE: 6.952708660692961
MAE: 2.2362171205981025
EVS: 0.46277018348461485
