Model: GRU
MSE: 6.860989950383665
MAE: 2.2503588610681993
EVS: 0.5001070151043806
