Model: GRU
MSE: 5.1504807262693815
MAE: 1.842698804263411
EVS: 0.434851765330341
