Model: GRU
MSE: 5.3839328718005195
MAE: 1.64656139242238
EVS: 0.4327737535191327
