Model: GRU
MSE: 6.322672770737646
MAE: 2.136824525635818
EVS: 0.46448738217207386
