Model: GRU
MSE: 5.440643712670705
MAE: 1.7288085345564217
EVS: 0.3692811189917271
