Model: GRU
MSE: 10.660539181742433
MAE: 2.5586621514682113
EVS: 0.0
