Model: GRU
MSE: 7.836963994989062
MAE: 2.056607690350763
EVS: -0.09106485090167493
