Model: GRU
MSE: 4.578404364755913
MAE: 1.6536707384832974
EVS: 0.36851996069113024
