Model: GRU
MSE: 5.104726580918897
MAE: 1.6650707310643689
EVS: 0.46010579116500494
