Model: GRU
MSE: 5.7973207377903515
MAE: 2.0404215352288606
EVS: 0.49797527198056
