Model: GRU
MSE: 360.7381048195493
MAE: 18.79384917226331
EVS: -0.04937205954576385
