Model: GRU
MSE: 377.79272011541053
MAE: 19.243774340070527
EVS: -0.041083821668139286
