Model: GRU
MSE: 4.307035378006715
MAE: 1.6111293825609931
EVS: 0.48141573389990944
