Model: GRU
MSE: 3.8659026650396235
MAE: 1.4246352129969104
EVS: 0.47328486703732786
