Model: GRU
MSE: 352.25082978702983
MAE: 18.56267291101916
EVS: -0.07009181257714014
