Model: GRU
MSE: 9.661913959334768
MAE: 2.627248402299552
EVS: 0.49441291233840035
