Model: GRU
MSE: 6.419272086925256
MAE: 2.0389483860560826
EVS: 0.385603023829194
