Model: GRU
MSE: 6.530582825010983
MAE: 1.890741743360247
EVS: 0.4177787721195003
