Model: GRU
MSE: 6.092785738155945
MAE: 1.9352296960764919
EVS: 0.44067648217728794
