Model: GRU
MSE: 3.6220425995070245
MAE: 1.2217228165988265
EVS: 0.5021078078003937
