Model: GRU
MSE: 5.314147661021707
MAE: 1.9283613665350552
EVS: 0.4882849348563887
