Model: GRU
MSE: 10.6818040880413
MAE: 2.783293000582991
EVS: 0.4178257271006147
