Model: GRU
MSE: 9.206928956616112
MAE: 2.638923949208753
EVS: 0.5119838509176826
