Model: GRU
MSE: 5.099031808231538
MAE: 1.8206806676141147
EVS: 0.4452422874216476
