Model: GRU
MSE: 321.09134956655504
MAE: 17.696099774590856
EVS: -0.10652315749761354
