Model: GRU
MSE: 938.7626117307522
MAE: 30.497721310319573
EVS: -0.2057838435642252
