Model: GRU
MSE: 3.6976676043030645
MAE: 1.3301044168143437
EVS: 0.48610396931446054
