Model: GRU
MSE: 4.4418435550758755
MAE: 1.4820582126748973
EVS: 0.47034602768502165
