Model: GRU
MSE: 7.283107904461758
MAE: 2.042112350463867
EVS: 0.012310883440814213
