Model: GRU
MSE: 4.41687823444824
MAE: 1.634680567116573
EVS: 0.44487660589191724
