Model: GRU
MSE: 4.759275741052126
MAE: 1.5293168528326626
EVS: 0.45013120046660426
