Model: GRU
MSE: 6.096414618888769
MAE: 2.064209115916285
EVS: 0.4771884038889651
