Model: GRU
MSE: 3.8989011283978128
MAE: 1.446609349086367
EVS: 0.4757717880262795
