Model: GRU
MSE: 4.718305158821561
MAE: 1.5461503390608162
EVS: 0.4764738204586565
