Model: GRU
MSE: 7.9227273497650055
MAE: 2.4061700146773766
EVS: 0.448939190554129
