Model: GRU
MSE: 4.175037793601515
MAE: 1.6095274727920006
EVS: 0.5119456822397186
