Model: GRU
MSE: 1451.373592390986
MAE: 37.99563351992903
EVS: -0.0739135942999758
