Model: GRU
MSE: 5.166700971404805
MAE: 1.8720515349815632
EVS: 0.4472220759644905
