Model: GRU
MSE: 4.190578650977167
MAE: 1.4629747949797531
EVS: 0.47030046365116385
