Model: GRU
MSE: 366.67995585187185
MAE: 18.939232744019606
EVS: -0.11293653917069557
