Model: GRU
MSE: 4.245537684123441
MAE: 1.5103467579545646
EVS: 0.4937226287924088
