Model: GRU
MSE: 4.2122064781437825
MAE: 1.6259797194908405
EVS: 0.5107775255008434
