Model: GRU
MSE: 3.8212864418837067
MAE: 1.442875779908279
EVS: 0.4949826693665961
