Model: GRU
MSE: 3.7811179387765215
MAE: 1.5656791226617222
EVS: 0.5570331451657897
