Model: GRU
MSE: 6.904907190980998
MAE: 1.9024446750509327
EVS: 0.1366586839904227
