Model: GRU
MSE: 3.8659481052544957
MAE: 1.3751208042276317
EVS: 0.4692272149626877
