Model: GRU
MSE: 5.7915008390748195
MAE: 2.0135145022951324
EVS: 0.4953445657212393
