Model: GRU
MSE: 3.9879498633367487
MAE: 1.296439581903918
EVS: 0.4569158446413909
