Model: GRU
MSE: 3.836175737768105
MAE: 1.4335739530366043
EVS: 0.46928972726860785
