Model: GRU
MSE: 3.979432717916803
MAE: 1.470512603891307
EVS: 0.46252403138458376
