Model: GRU
MSE: 5.455638462252833
MAE: 1.9057911511125236
EVS: 0.4843720868427487
