Model: GRU
MSE: 4.1714363979468265
MAE: 1.492260554741169
EVS: 0.46181705889499114
