Model: GRU
MSE: 5.744994403609498
MAE: 1.9804002827611462
EVS: 0.480772930430448
