Model: GRU
MSE: 4.0878876065286995
MAE: 1.325274187943031
EVS: 0.4688489321840176
