Model: GRU
MSE: 5.135949737461926
MAE: 1.6050637014980973
EVS: 0.4611781553082789
