Model: GRU
MSE: 3.522375616462388
MAE: 1.2345301365030223
EVS: 0.5207926023089101
