Model: GRU
MSE: 4.6301582838675195
MAE: 1.5702065270522545
EVS: 0.41973834552267
