Model: GRU
MSE: 17.959585071602085
MAE: 3.832374638524549
EVS: 0.4839028960360974
