Model: GRU
MSE: 3.8957163959224497
MAE: 1.4290098321848903
EVS: 0.4697948789920725
