Model: GRU
MSE: 4.614302956421162
MAE: 1.5820485805643016
EVS: 0.47307499783318396
