Model: GRU
MSE: 7.187796867651772
MAE: 1.9841312539988551
EVS: 0.0
