Model: GRU
MSE: 4.650821248445184
MAE: 1.6095305804548592
EVS: 0.48544679986854455
