Model: GRU
MSE: 3.89725947722682
MAE: 1.4213904347913018
EVS: 0.4858665227538339
