Model: GRU
MSE: 4736.638681705481
MAE: 68.76668482813342
EVS: -0.08454950996668176
