Model: GRU
MSE: 7.269909270137477
MAE: 2.0684308019177666
EVS: 0.021121008258653262
