Model: GRU
MSE: 4.780591456453498
MAE: 1.598225971748089
EVS: 0.4797459372428713
