Model: GRU
MSE: 4.254633993627051
MAE: 1.4219743958834945
EVS: 0.44954008442350535
