Model: GRU
MSE: 10.636919897465305
MAE: 2.8066484188211374
EVS: 0.3914012173435658
