Model: GRU
MSE: 375.2689186041361
MAE: 19.185147836290557
EVS: -0.003335418371096077
