Model: GRU
MSE: 6.202385877337433
MAE: 1.847247995179275
EVS: 0.17264605458005
