Model: GRU
MSE: 3.9348296829027967
MAE: 1.3951402368216679
EVS: 0.462931018590116
