Model: GRU
MSE: 4.298292135120407
MAE: 1.622965171419341
EVS: 0.48286308579746673
