Model: GRU
MSE: 4.885677478133011
MAE: 1.559591244006979
EVS: 0.4114484875657888
