Model: GRU
MSE: 5.31227887888817
MAE: 1.7324626692410172
EVS: 0.44462962472781165
