Model: GRU
MSE: 4.019962679950085
MAE: 1.448939849590433
EVS: 0.4615506237343967
