Model: GRU
MSE: 5.293926557374656
MAE: 1.6774141541842758
EVS: 0.4645950740227751
