Model: GRU
MSE: 4.378409164891607
MAE: 1.4169917435481632
EVS: 0.3908110791822309
