Model: GRU
MSE: 7.540572423540151
MAE: 2.2283546184671335
EVS: 0.349673156042536
