Model: GRU
MSE: 4.428801196984217
MAE: 1.5142368777044888
EVS: 0.4527862173710091
