Model: GRU
MSE: 3.7772817283096725
MAE: 1.3790750174686826
EVS: 0.4793546853456817
