Model: GRU
MSE: 3.9295500918110835
MAE: 1.2577670360433644
EVS: 0.45725240935445943
