Model: GRU
MSE: 4.036775760895784
MAE: 1.3767360325517326
EVS: 0.45535839032892456
