Model: GRU
MSE: 5.141911880740077
MAE: 1.7770461378426388
EVS: 0.4129318120598008
