Model: GRU
MSE: 5.477316773539659
MAE: 1.963726832948882
EVS: 0.5161776499892115
