Model: GRU
MSE: 4.306064308776717
MAE: 1.492948712973759
EVS: 0.5120246372776587
