Model: GRU
MSE: 6.280754221563731
MAE: 2.1026460137860528
EVS: 0.46962958541937116
