Model: GRU
MSE: 3.5537211745354083
MAE: 1.263359415120092
EVS: 0.5048755298144225
