Model: GRU
MSE: 4.011114038782627
MAE: 1.3523719228547195
EVS: 0.44164048050194205
