Model: GRU
MSE: 4.258142796017668
MAE: 1.4788426037492424
EVS: 0.40769050044070376
