Model: GRU
MSE: 3.5612547576378315
MAE: 1.226590896474904
EVS: 0.5071316132183472
