Model: GRU
MSE: 5.6209891920453225
MAE: 1.9140855608315304
EVS: 0.4952752156324707
