Model: GRU
MSE: 5.3142436902528125
MAE: 1.7988707772616683
EVS: 0.4184291902880888
