Model: GRU
MSE: 3.541595112986325
MAE: 1.3476080565617001
EVS: 0.5095428487118537
