Model: GRU
MSE: 6.535103626514871
MAE: 2.01696645802465
EVS: 0.46424654296248535
