Model: GRU
MSE: 4.124324335903441
MAE: 1.3225632536000218
EVS: 0.4423621405457663
