Model: GRU
MSE: 312.6878051398484
MAE: 17.479493866706715
EVS: 0.002786010798921157
