Model: GRU
MSE: 7.578233666987785
MAE: 2.339710868638137
EVS: 0.4133933341141086
