Model: GRU
MSE: 5.135615203318613
MAE: 1.6482630187067493
EVS: 0.3345379277995323
