Model: GRU
MSE: 3.86533420869182
MAE: 1.3710701383393387
EVS: 0.4664579386079596
