Model: GRU
MSE: 4.532442234390052
MAE: 1.520642872514396
EVS: 0.44419024131317686
