Model: GRU
MSE: 3.9056837558868334
MAE: 1.3954230670271248
EVS: 0.46207145462907195
