Model: GRU
MSE: 4.248211985178919
MAE: 1.332748610397865
EVS: 0.448438466570807
