Model: GRU
MSE: 5.58037218253296
MAE: 1.7811554547013908
EVS: 0.45969210029747165
