Model: GRU
MSE: 13.548178579076694
MAE: 2.967584149590854
EVS: 0.07128414359311919
