Model: GRU
MSE: 5.236888419582242
MAE: 1.9336327355483482
EVS: 0.4699758449418998
