Model: GRU
MSE: 3.960922972750472
MAE: 1.405606483591014
EVS: 0.45198144832139975
