Model: GRU
MSE: 6.692723437055002
MAE: 2.1727188702287346
EVS: 0.5124975598078196
