Model: GRU
MSE: 5.104674108658667
MAE: 1.7775296342783962
EVS: 0.4263485452047958
