Model: GRU
MSE: 4.803041533599173
MAE: 1.7640503028343464
EVS: 0.5064038495810177
