Model: GRU
MSE: 4.146142908061314
MAE: 1.4047477656397327
EVS: 0.469600239281462
