Model: GRU
MSE: 5.726509105863662
MAE: 1.9676198630497372
EVS: 0.4516834350633334
