Model: GRU
MSE: 9.237272927987698
MAE: 2.6665755633650154
EVS: 0.43276763937937646
