Model: GRU
MSE: 7.238345725658449
MAE: 2.2320794401497674
EVS: 0.4088219281366424
