Model: GRU
MSE: 5.624526725727719
MAE: 1.8935923905208194
EVS: 0.4387518773111967
