Model: GRU
MSE: 5.686963616086077
MAE: 1.9527588877184638
EVS: 0.4895181038583989
