Model: GRU
MSE: 3.900438527358378
MAE: 1.3764875346216663
EVS: 0.5269385588945414
