Model: GRU
MSE: 4.683626603354069
MAE: 1.6077727778204556
EVS: 0.43550497129863663
