Model: GRU
MSE: 8.82852544186142
MAE: 2.582680784422776
EVS: 0.46882541470458616
