Model: GRU
MSE: 7.455797619253409
MAE: 2.345084108155349
EVS: 0.46967742718325933
