Model: GRU
MSE: 9.944071376927111
MAE: 2.685625158037458
EVS: 0.3755088719896864
