Model: GRU
MSE: 4.867571241531032
MAE: 1.6350831163340602
EVS: 0.43764001519912554
