Model: GRU
MSE: 3.8048106335242413
MAE: 1.3662845184063088
EVS: 0.4811805821267562
