Model: GRU
MSE: 4.116093347567554
MAE: 1.46338676584178
EVS: 0.5127219977948956
