Model: GRU
MSE: 10.220596764504974
MAE: 2.7697948094072014
EVS: 0.5226035897087322
