Model: GRU
MSE: 7.009419987847337
MAE: 2.0743863007117964
EVS: 0.48871124634524876
