Model: GRU
MSE: 4.094746228471586
MAE: 1.4616019643586258
EVS: 0.43726298863523905
