Model: GRU
MSE: 7.101148318931744
MAE: 2.090615963113719
EVS: 0.43596373483461504
