Model: GRU
MSE: 3.898610535261312
MAE: 1.4567381431316506
EVS: 0.5040445173373089
