Model: GRU
MSE: 6.272959885574876
MAE: 2.061077759183686
EVS: 0.4341696401908628
