Model: GRU
MSE: 351.66047963777373
MAE: 18.53502093923503
EVS: -0.13078433129714861
