Model: GRU
MSE: 4.057836574775797
MAE: 1.3752815312352673
EVS: 0.46489937199567966
