Model: GRU
MSE: 4.498504220122413
MAE: 1.5966686380320583
EVS: 0.4196815469206575
