Model: GRU
MSE: 3.9759674287535023
MAE: 1.445203994882518
EVS: 0.47280416459216346
