Model: GRU
MSE: 4.493305669526809
MAE: 1.5585154171647697
EVS: 0.3970685969103249
