Model: GRU
MSE: 9.429689736854835
MAE: 2.6782445660952865
EVS: 0.4409593868583901
