Model: GRU
MSE: 3439.692742792177
MAE: 58.58769199765962
EVS: 1.1102230246251565e-16
