Model: GRU
MSE: 9.137092697569532
MAE: 2.506631242817846
EVS: 0.4762120919089484
