Model: GRU
MSE: 5.9146738171587705
MAE: 2.0312597833830734
EVS: 0.39378791522785894
