Model: GRU
MSE: 4.374159375440913
MAE: 1.4405858598906418
EVS: 0.47659266728810823
