Model: GRU
MSE: 3.5392427394189294
MAE: 1.386658471206139
EVS: 0.5100038526516988
