Model: GRU
MSE: 12.293044745978165
MAE: 3.09769093649728
EVS: 0.3960759852548952
