Model: GRU
MSE: 15.297380727897215
MAE: 3.5091126129545014
EVS: 0.48652721298509694
