Model: GRU
MSE: 5.3135838633275725
MAE: 1.7228951289735992
EVS: 0.49324295729044987
