Model: GRU
MSE: 11.96426457182279
MAE: 3.026319717538768
EVS: 0.46181991577605364
