Model: GRU
MSE: 8.588530934781579
MAE: 2.574056707579514
EVS: 0.4395300230960888
