Model: GRU
MSE: 486.51794225463976
MAE: 21.87108977909746
EVS: -0.139132061605014
