Model: GRU
MSE: 4.6520817175547755
MAE: 1.6925813411844188
EVS: 0.4793871173475286
