Model: GRU
MSE: 9.70312120983601
MAE: 2.579982099861934
EVS: 0.09577114163493117
