Model: GRU
MSE: 6.09097516498274
MAE: 2.0349403085379767
EVS: 0.4416502081784701
