Model: GRU
MSE: 5.350699236455528
MAE: 1.7477708849413642
EVS: 0.41798250075098864
