Model: GRU
MSE: 9.070169778057632
MAE: 2.6142500515641838
EVS: 0.4428015610982734
