Model: GRU
MSE: 9.33789112412936
MAE: 2.6848083857832283
EVS: 0.5196593701201913
