Model: GRU
MSE: 4.3007496586288845
MAE: 1.39351303824063
EVS: 0.42726179628867467
