Model: GRU
MSE: 315.24669333953585
MAE: 17.551968669069225
EVS: 1.1102230246251565e-16
