Model: GRU
MSE: 5.174147856892777
MAE: 1.7000722391852017
EVS: 0.4175130520191528
