Model: GRU
MSE: 4.225551892311065
MAE: 1.5449062215870824
EVS: 0.47371530879354373
