Model: GRU
MSE: 8.084356967343364
MAE: 2.2701897292301574
EVS: 0.43930497263435075
