Model: GRU
MSE: 5.671426608946545
MAE: 1.943963914081968
EVS: 0.4998787533215594
