Model: GRU
MSE: 11.245325250481748
MAE: 2.9218817908188393
EVS: 0.4016290781360373
