Model: GRU
MSE: 5.480728009385091
MAE: 1.8369280058762123
EVS: 0.39813323102861564
