Model: GRU
MSE: 4.012436834978463
MAE: 1.4712765792320515
EVS: 0.4720157622560326
