Model: GRU
MSE: 339.53476589432205
MAE: 18.216065036839453
EVS: -0.07451493285032629
