Model: GRU
MSE: 6.416899656604371
MAE: 2.149967275816819
EVS: 0.5131056408206156
