Model: GRU
MSE: 5.685262623486496
MAE: 1.7503049784693225
EVS: 0.20837800383767946
