Model: GRU
MSE: 10.584401999137286
MAE: 2.621554960523333
EVS: 0.029912229842456117
