Model: GRU
MSE: 4.8319160642557515
MAE: 1.8163329321762611
EVS: 0.5183429790846912
