Model: GRU
MSE: 8.351187798678124
MAE: 2.491262468798407
EVS: 0.4474953470187003
