Model: GRU
MSE: 6.496971280867346
MAE: 2.19738716914736
EVS: 0.46753621451693705
