Model: GRU
MSE: 7.098690404947555
MAE: 2.0130412331942855
EVS: 0.011485408461615498
