Model: GRU
MSE: 5.540266335509935
MAE: 2.0045009810349037
EVS: 0.4970710684432704
