Model: GRU
MSE: 7.903645868214614
MAE: 2.380065605558198
EVS: 0.4345304457451159
