Model: GRU
MSE: 3.866013704869492
MAE: 1.364767206126246
EVS: 0.46718794716470347
