Model: GRU
MSE: 2159.0093863877855
MAE: 46.38889671194142
EVS: 0.013301708249744526
