Model: GRU
MSE: 4.072444096165829
MAE: 1.4162287054390743
EVS: 0.433044447488531
