Model: GRU
MSE: 5.80113755001277
MAE: 1.9501991765252475
EVS: 0.44214406456289845
