Model: GRU
MSE: 526.3038519868293
MAE: 22.763468495730695
EVS: -0.13285756139092442
