Model: GRU
MSE: 435.2609215963507
MAE: 20.693831969951763
EVS: 0.02074527299524742
