Model: GRU
MSE: 6.837953375651052
MAE: 2.241824215856092
EVS: 0.515515378268551
