Model: GRU
MSE: 5.620384897026568
MAE: 1.8542553629193987
EVS: 0.39607848582532046
