Model: GRU
MSE: 3.9038237548551136
MAE: 1.2751548865745808
EVS: 0.45803256493382394
