Model: GRU
MSE: 5.928744650786187
MAE: 2.031788266938308
EVS: 0.4700582788617662
