Model: GRU
MSE: 4.973935044165861
MAE: 1.6551148315955853
EVS: 0.3079247844026275
