Model: GRU
MSE: 6.281869037238141
MAE: 2.0061840353340936
EVS: 0.42183825724684165
