Model: GRU
MSE: 7.4255832199481215
MAE: 2.0713431917387863
EVS: 0.02797235567536427
