Model: GRU
MSE: 20.451369806145696
MAE: 4.168995380401611
EVS: 0.45917506536738373
