Model: GRU
MSE: 4.2532067426520905
MAE: 1.447172970607363
EVS: 0.49458215137900563
