Model: GRU
MSE: 3.676196670612077
MAE: 1.4016941169212604
EVS: 0.491608714690712
