Model: GRU
MSE: 306.17515512242136
MAE: 17.263463978109687
EVS: -0.1355909864027185
