Model: GRU
MSE: 3.8899051958323194
MAE: 1.2714139839698528
EVS: 0.45987698948070244
