Model: GRU
MSE: 4.945334758880735
MAE: 1.680662434676598
EVS: 0.4067840381859906
