Model: GRU
MSE: 6.19675823848245
MAE: 2.1233324922364334
EVS: 0.4790940935872797
