Model: GRU
MSE: 7.424131508814329
MAE: 2.1630857895160545
EVS: 0.27485530570512917
