Model: GRU
MSE: 4.165834283048408
MAE: 1.5372594307208884
EVS: 0.4215073500869967
