Model: GRU
MSE: 13.626399923502111
MAE: 3.2014072516868852
EVS: 0.08049543646408042
