Model: GRU
MSE: 15.405006115190771
MAE: 3.511196185802591
EVS: 0.4866791874705392
