Model: GRU
MSE: 4.2102852542086335
MAE: 1.4622122830358044
EVS: 0.4145676725692993
