Model: GRU
MSE: 3.6044120506616903
MAE: 1.2816989010777966
EVS: 0.5157356127263211
