Model: GRU
MSE: 3.9625714292986483
MAE: 1.4962093419042126
EVS: 0.4635124159792723
