Model: GRU
MSE: 4.051426708533388
MAE: 1.4476755898574303
EVS: 0.44064617984681487
