Model: GRU
MSE: 360.7286572073197
MAE: 18.779241824972218
EVS: -0.12454820903591446
