Model: GRU
MSE: 4.102601499567974
MAE: 1.57984131780164
EVS: 0.5155149805080496
