Model: GRU
MSE: 412.1604102644107
MAE: 20.09950276900982
EVS: -0.13871737319532906
