Model: GRU
MSE: 3.917389684336991
MAE: 1.3388672861559638
EVS: 0.4556664091105398
