Model: GRU
MSE: 4.352994248791
MAE: 1.6739354626885776
EVS: 0.4873751456993577
