Model: GRU
MSE: 4.476753814601422
MAE: 1.685922491139379
EVS: 0.4844038898423647
