Model: GRU
MSE: 3.724746474141535
MAE: 1.230288604210163
EVS: 0.491410135378888
