Model: GRU
MSE: 5.360767430472528
MAE: 1.8287421588239998
EVS: 0.43024467581419357
