Model: GRU
MSE: 5.356968939273005
MAE: 1.9501779654930378
EVS: 0.5004751491502241
