Model: GRU
MSE: 7.162294325716583
MAE: 2.078653171144683
EVS: 0.4551802623350022
