Model: GRU
MSE: 7.922234560075458
MAE: 2.39994163348757
EVS: 0.44460917646175313
