Model: GRU
MSE: 13.66738062447003
MAE: 3.2900017705456963
EVS: 0.4857247041288322
