Model: GRU
MSE: 5.8668638905363375
MAE: 2.060915108384757
EVS: 0.5222155345087305
