Model: GRU
MSE: 4.099191509271852
MAE: 1.4600235018236885
EVS: 0.45266261038253064
