Model: GRU
MSE: 3.792082877626054
MAE: 1.3509865300408725
EVS: 0.4761496592471962
