Model: GRU
MSE: 7.6927959052079355
MAE: 2.1276220782049773
EVS: 0.0
