Model: GRU
MSE: 6.039936189415396
MAE: 2.042554575821449
EVS: 0.4647733127284426
