Model: GRU
MSE: 4.108261516924609
MAE: 1.420732333742339
EVS: 0.4815808235775292
