Model: GRU
MSE: 12.958304315533873
MAE: 3.0874464429658035
EVS: 0.0
