Model: GRU
MSE: 6.4021027840191325
MAE: 2.197048417453108
EVS: 0.4809246343544864
