Model: GRU
MSE: 3.618594121679413
MAE: 1.3393374640366127
EVS: 0.496976238040315
