Model: GRU
MSE: 4.1626951449027825
MAE: 1.5728470374797952
EVS: 0.4429075286698294
