Model: GRU
MSE: 3.6570059774630863
MAE: 1.3694414928041656
EVS: 0.5054950678062837
