Model: GRU
MSE: 4.3161375445792745
MAE: 1.5669019797752644
EVS: 0.44719449700621106
