Model: GRU
MSE: 5.058410524678258
MAE: 1.6255053158464103
EVS: 0.512057904187891
