Model: GRU
MSE: 10.054521490027467
MAE: 2.175390922417075
EVS: 0.6314631363993154
