Model: GRU
MSE: 9.318606516167558
MAE: 2.1105998392616
EVS: 0.7125262167843698
