Model: GRU
MSE: 9.318607694192513
MAE: 2.1106000172240393
EVS: 0.7125261913039415
