Model: GRU
MSE: 17.011856866109166
MAE: 3.31490715413258
EVS: 0.6243952176714604
