Model: GRU
MSE: 2453.042050065122
MAE: 49.49364989144461
EVS: -0.3302607454213664
