Model: GRU
MSE: 12.313438356135247
MAE: 2.457767575474109
EVS: 0.6237477845257283
