Model: GRU
MSE: 10.7927695955784
MAE: 2.4732549746831256
EVS: 0.5667268266611241
