Model: GRU
MSE: 460.5722378073158
MAE: 20.64770565714155
EVS: -0.10845551345268545
