Model: GRU
MSE: 8.931995181440653
MAE: 2.1106845889772687
EVS: 0.7173107811526225
