Model: GRU
MSE: 2738.476722035875
MAE: 51.948404709498085
EVS: -0.6033973463013871
