Model: GRU
MSE: 6708.770805296987
MAE: 81.73751457370058
EVS: -0.09796297721213865
