Model: GRU
MSE: 201.93565994489882
MAE: 12.955392117159708
EVS: -0.10356736473854711
