Model: GRU
MSE: 19.87630037899117
MAE: 3.544448211275298
EVS: 0.6352664265806887
