Model: GRU
MSE: 18.47271274896912
MAE: 3.4446058351485456
EVS: 0.5079249607399288
