Model: GRU
MSE: 159.66967481861138
MAE: 12.216634750366211
EVS: -40.69404077902436
