Model: GRU
MSE: 7.525900403960395
MAE: 2.3321061304637363
EVS: 0.7626986424066475
