Model: GRU
MSE: 11975.935542757186
MAE: 108.07569091174068
EVS: -10.695213814206891
