Model: GRU
MSE: 9.73720838997378
MAE: 2.429092500252383
EVS: 0.6861344429833065
