Model: GRU
MSE: 226.99891176722494
MAE: 13.856129998820169
EVS: -0.1331233240375318
