Model: GRU
MSE: 10.300040392770649
MAE: 2.5478430341501705
EVS: 0.4833098013993432
