Model: GRU
MSE: 323.4769824566888
MAE: 17.09717292931615
EVS: -0.23305013573179134
