Model: GRU
MSE: 12.685753612114361
MAE: 3.002703889211019
EVS: 0.5816685641470412
