Model: GRU
MSE: 9.034196312945555
MAE: 2.4988338947296143
EVS: 0.7016377501173805
