Model: GRU
MSE: 9.413032684896626
MAE: 2.1822302539433753
EVS: 0.7086083899260539
