Model: GRU
MSE: 21.775303569702963
MAE: 4.252359056472779
EVS: 0.11089170621897271
