Model: GRU
MSE: 10.742571992739613
MAE: 2.7266898155212402
EVS: 0.015968710464818292
