Model: GRU
MSE: 11.771362376176707
MAE: 2.385147084082876
EVS: 0.7036938410491382
