Model: GRU
MSE: 10.219613428213886
MAE: 2.199516610588346
EVS: 0.7072852949666106
