Model: GRU
MSE: 10.390054973887665
MAE: 2.420698892218726
EVS: 0.6694511189004515
