Model: GRU
MSE: 10744.915396901622
MAE: 103.5034912109375
EVS: -0.03394933174883574
