Model: GRU
MSE: 19.311934308644073
MAE: 3.4762768745422363
EVS: 0.5797228743096057
