Model: GRU
MSE: 3559.1854530265614
MAE: 59.39705129350935
EVS: -0.009123914966504998
