Model: GRU
MSE: 669.3273060852928
MAE: 25.403840827941895
EVS: -0.011911239927615336
