Model: GRU
MSE: 10.864777280958656
MAE: 2.74524405343192
EVS: 0.6580277420739153
