Model: GRU
MSE: 12.410553212805828
MAE: 2.529741468174117
EVS: 0.7121956505433182
