Model: GRU
MSE: 9.203937251763335
MAE: 2.2832804577691213
EVS: 0.7020853711419472
