Model: GRU
MSE: 12.811674137551137
MAE: 2.699436447450093
EVS: 0.5953059152960667
