Model: GRU
MSE: 9809.145898793491
MAE: 97.13624268893538
EVS: -10.64781506149529
