Model: GRU
MSE: 4.3440871569904695
MAE: 1.539031658352924
EVS: 0.8886028660445956
