Model: GRU
MSE: 1610.0329181111324
MAE: 39.45536482674735
EVS: -0.21316253406528585
