Model: GRU
MSE: 11.07662327092178
MAE: 2.5272233879755412
EVS: 0.7277108333979965
