Model: GRU
MSE: 2598.1285814775933
MAE: 50.58494236387055
EVS: -0.2247062350851461
