Model: GRU
MSE: 243.7425106198918
MAE: 14.530917229323551
EVS: -0.0159588267935018
