Model: GRU
MSE: 8.240368658069281
MAE: 2.144359235412135
EVS: 0.7414915311785664
