Model: GRU
MSE: 9.80683482664832
MAE: 2.4775505373074163
EVS: 0.7316793385422895
