Model: GRU
MSE: 8.7387672847593
MAE: 2.153097899050101
EVS: 0.7323592422368261
