Model: GRU
MSE: 9.048484779715965
MAE: 2.3251767666437306
EVS: 0.7343849068814119
