Model: GRU
MSE: 917.1672522634882
MAE: 29.61275207428705
EVS: -0.024704116201097026
