Model: GRU
MSE: 6.731834506189348
MAE: 2.0038640927138
EVS: 0.8024776117013481
