Model: GRU
MSE: 6450.113390915208
MAE: 80.09749082367996
EVS: -0.07550446204635564
