Model: GRU
MSE: 7.7432981949059405
MAE: 2.1449435360472777
EVS: 0.7600883644199323
