Model: GRU
MSE: 8.848174558985853
MAE: 2.3743621794560466
EVS: 0.71833205400615
