Model: GRU
MSE: 0.934157745928174
MAE: 0.8221750715557411
EVS: 0.9836256653000205
