Model: GRU
MSE: 10.580767904800913
MAE: 2.5475952491448943
EVS: 0.7160352295284893
