Model: GRU
MSE: 10.551539344954254
MAE: 2.5410399726649238
EVS: 0.7110303792122759
