Model: GRU
MSE: 30.879167693699046
MAE: 4.574612729868312
EVS: 0.09897184814625626
