Model: GRU
MSE: 5119.443689394404
MAE: 71.37349944818216
EVS: -0.1736885685063574
