Model: GRU
MSE: 5.187461356281854
MAE: 1.6827613421848842
EVS: 0.38454357815293017
