Model: GRU
MSE: 17.863432571228795
MAE: 3.438587013880413
EVS: 0.19566999816410635
