Model: GRU
MSE: 18.160026629599557
MAE: 3.170614680465388
EVS: 0.5330164119068954
