Model: GRU
MSE: 24.049257999018266
MAE: 4.298459100723267
EVS: -0.0045569198845005765
