Model: GRU
MSE: 5.369296828568882
MAE: 1.7382023130144393
EVS: 0.3916424983009277
