Model: GRU
MSE: 211.81734968044913
MAE: 13.741280404440428
EVS: -0.08531391903208618
