Model: GRU
MSE: 1299.1775959841652
MAE: 36.02571105957031
EVS: -0.32573863651850843
