Model: GRU
MSE: 11.580377855697227
MAE: 2.910741758346558
EVS: 0.2957062825279494
