Model: GRU
MSE: 14.611802510673373
MAE: 3.1616109341991203
EVS: 0.4952201026174623
