Model: GRU
MSE: 5.514433638196065
MAE: 1.7175402232578822
EVS: 0.4067843336588919
