Model: GRU
MSE: 6.001380237599343
MAE: 1.7833786283220563
EVS: 0.3043039853471581
