Model: GRU
MSE: 5.781786760949035
MAE: 1.6034732546125139
EVS: 0.30204368684946137
