Model: GRU
MSE: 6.673616676413297
MAE: 1.9394547189985003
EVS: 0.29526299839501935
