Model: GRU
MSE: 13.175865433588742
MAE: 3.0188742012813172
EVS: 0.2882399078893425
