Model: GRU
MSE: 18.278943720005188
MAE: 3.5768310585800496
EVS: 0.39380624242813
