Model: GRU
MSE: 5.60449033106197
MAE: 1.7476404190063477
EVS: 0.38827840919777556
