Model: GRU
MSE: 14.740111433912139
MAE: 2.9511588513851166
EVS: 0.399613103325802
