Model: GRU
MSE: 7.422878990178521
MAE: 2.2268418175833564
EVS: 0.3904400333161606
