Model: GRU
MSE: 23.050125193876397
MAE: 3.6529061158498135
EVS: -0.0006273642714020866
