Model: GRU
MSE: 8.718098562662062
MAE: 2.2830817738517397
EVS: 0.6095710015558886
