Model: GRU
MSE: 5.727936939401765
MAE: 1.843004526410784
EVS: 0.39628437598235666
