Model: GRU
MSE: 15.432176311039642
MAE: 2.9904645822815987
EVS: 0.46787529890926527
