Model: GRU
MSE: 7.666514654227191
MAE: 2.1610772034217574
EVS: 0.09154433533386508
