Model: GRU
MSE: 12.965711822736495
MAE: 2.6562869743425024
EVS: 0.4772687915517101
