Model: GRU
MSE: 7.897092139768627
MAE: 2.3553553172520227
EVS: 0.3891183696066547
