Model: GRU
MSE: 5.004934648582564
MAE: 1.5079586914607457
EVS: 0.36417995350476684
