Model: GRU
MSE: 5.120320570377901
MAE: 1.6261775425502232
EVS: 0.34936050504378835
