Model: GRU
MSE: 4.974356645798317
MAE: 1.599389226096017
EVS: 0.3915236123477429
