Model: GRU
MSE: 16.771613529114916
MAE: 3.2265626751646717
EVS: 0.474541867099605
