Model: GRU
MSE: 16.967520315601085
MAE: 3.5707390785217283
EVS: 0.43265749598660974
