Model: GRU
MSE: 22.033260281873
MAE: 3.5037552833557135
EVS: 0.09852501358920052
