Model: GRU
MSE: 6.486694924014228
MAE: 2.0361855915614537
EVS: 0.39607765389922744
