Model: GRU
MSE: 7.452819347437729
MAE: 2.4705614362444206
EVS: -0.0016383533606354472
