Model: GRU
MSE: 5.687535120796179
MAE: 1.8221988473619735
EVS: 0.38040932785517856
