Model: GRU
MSE: 7.476715155717943
MAE: 2.5688593387603764
EVS: -0.05685854015676983
