Model: GRU
MSE: 5246.99940723537
MAE: 72.33077054114858
EVS: -0.08388205849137953
