Model: GRU
MSE: 12.873457058003916
MAE: 2.94614019455054
EVS: 0.14642210642694087
