Model: GRU
MSE: 10.123886575189273
MAE: 2.242293292825873
EVS: 0.3313977661228551
