Model: GRU
MSE: 7.234659925938938
MAE: 2.1374600476232075
EVS: 0.46404034673249406
