Model: GRU
MSE: 5.987465117854374
MAE: 1.9972625091158118
EVS: 0.6319997906474448
