Model: GRU
MSE: 18.726482790844013
MAE: 3.750579806649761
EVS: 0.00493590014656109
