Model: GRU
MSE: 5.7758695643319395
MAE: 1.8778530416034525
EVS: 0.2813104332371691
