Model: GRU
MSE: 1040.898704328508
MAE: 32.025979431308045
EVS: -0.3862386407175491
