Model: GRU
MSE: 8.541354442289098
MAE: 2.2266725721813385
EVS: 0.4146580970877417
