Model: GRU
MSE: 4.694693507279083
MAE: 1.4939837521520154
EVS: 0.6714884199142341
