Model: GRU
MSE: 8.56922453803197
MAE: 2.3844352177211214
EVS: 0.021346665326740566
