Model: GRU
MSE: 4.792184725452679
MAE: 1.542187466340907
EVS: 0.5764341404674129
