Model: GRU
MSE: 5.076135748575952
MAE: 1.720095474144509
EVS: 0.6224952263707442
