Model: GRU
MSE: 3.5295291161345044
MAE: 1.4902737431485082
EVS: 0.7380190903596267
