Model: GRU
MSE: 14.214843551928025
MAE: 2.9667904484656558
EVS: 0.003044104835792094
