Model: GRU
MSE: 13.769974887026168
MAE: 2.749468002075586
EVS: 0.059061478481934104
