Model: GRU
MSE: 7.992854782407361
MAE: 2.2169957292491
EVS: 0.3949837653680388
