Model: GRU
MSE: 13.495999507795448
MAE: 3.114002811176151
EVS: 0.4846290461442406
