Model: GRU
MSE: 273.75313848045334
MAE: 16.08907906167476
EVS: -0.04307979156423736
