Model: GRU
MSE: 390.42731049546916
MAE: 18.751827995975813
EVS: -0.09839586565455294
