Model: GRU
MSE: 15.848812897547058
MAE: 3.053901318141392
EVS: 0.334186302671425
