Model: GRU
MSE: 15.812486883587338
MAE: 3.165369834218706
EVS: 0.6318032495628335
