Model: GRU
MSE: 16.68434731791145
MAE: 2.9395693506513325
EVS: 0.29923415641912177
