Model: GRU
MSE: 16.73882113888676
MAE: 3.1978721482413155
EVS: 0.32848342549380305
