Model: GRU
MSE: 18.657529828327785
MAE: 3.440166459764753
EVS: 0.29540668893976463
