Model: GRU
MSE: 23.5058072834535
MAE: 3.7590286567293365
EVS: 0.5620942198655056
