Model: GRU
MSE: 417.88520426154406
MAE: 19.8449448296002
EVS: -0.015104755339160114
