Model: GRU
MSE: 23.933400285627616
MAE: 4.096747773034232
EVS: 0.3241785694136933
