Model: GRU
MSE: 3617.9184684525703
MAE: 59.86140823364258
EVS: 0.02827624780904514
