Model: GRU
MSE: 36.721121745309176
MAE: 4.81591425136644
EVS: 0.03540228896859077
