Model: GRU
MSE: 20.147500916271085
MAE: 3.5555847576686315
EVS: 0.3067604310498754
