Model: GRU
MSE: 408.3281576853299
MAE: 19.583881517818995
EVS: -0.046168408594057464
