Model: GRU
MSE: 21.351326533293566
MAE: 3.717163521902902
EVS: 0.29449153161282526
