Model: GRU
MSE: 14.873271671698284
MAE: 3.0548334583944206
EVS: 0.6238385866392204
