Model: GRU
MSE: 17.015411995343413
MAE: 2.9878159883070965
EVS: 0.5614075088969865
