Model: GRU
MSE: 136.42683237297314
MAE: 10.142712783813476
EVS: 0.011500260717102861
