Model: GRU
MSE: 21.4061835639931
MAE: 3.7896682009100915
EVS: 0.6137133258043233
