Model: GRU
MSE: 14.02994673590878
MAE: 3.092706828820901
EVS: 0.5999182390250755
