Model: GRU
MSE: 65.70561200952478
MAE: 6.991732324872698
EVS: 0.0002347089713155004
