Model: GRU
MSE: 15.846928290734759
MAE: 3.2119685699542364
EVS: 0.6312390354686535
