Model: GRU
MSE: 13.324414825114218
MAE: 3.650218963623047
EVS: 0.0
