Model: GRU
MSE: 2464.008439810702
MAE: 48.94500965183064
EVS: -0.8642910281843512
