Model: GRU
MSE: 19.49619787813857
MAE: 3.3421124754280878
EVS: 0.59150959192078
