Model: GRU
MSE: 16.49056746566625
MAE: 3.221676812853132
EVS: 0.335992536803017
