Model: GRU
MSE: 18.17194996830311
MAE: 3.475670882633754
EVS: 0.31107069483859506
