Model: GRU
MSE: 22.923492135894048
MAE: 3.5702218487858772
EVS: 0.48521105730825664
