Model: GRU
MSE: 19.05923508383564
MAE: 3.541921499797276
EVS: 0.32959326196665384
