Model: GRU
MSE: 2.462130649904663
MAE: 1.3026233400617326
EVS: 0.3958556867631826
