Model: GRU
MSE: 7437.907452593893
MAE: 86.11346827915736
EVS: 0.05599052748534061
