Model: GRU
MSE: 16.230273565618212
MAE: 2.9865880284990585
EVS: 0.3295308628601541
