Model: GRU
MSE: 16.74119564507995
MAE: 3.1547415801456995
EVS: 0.32454687524817016
