Model: GRU
MSE: 86.28276022354623
MAE: 8.32754953702291
EVS: -0.49169162959089174
