Model: GRU
MSE: 17.088700251562443
MAE: 3.3162325644979673
EVS: 0.5910330122921703
