Model: GRU
MSE: 408.82146402837554
MAE: 19.254844035132457
EVS: -0.03777568618418892
