Model: GRU
MSE: 3249.234036433714
MAE: 56.643134180704756
EVS: -0.1029209460294116
