Model: GRU
MSE: 19.773100783072348
MAE: 3.5324303082057407
EVS: 0.31172014464890974
