Model: GRU
MSE: 7.9472542551670475
MAE: 2.112699065889631
EVS: 0.7928647337655497
