Model: GRU
MSE: 21.52690088183948
MAE: 4.002595675091784
EVS: 0.7048340041324188
