Model: GRU
MSE: 33.84322975960491
MAE: 4.771150001986274
EVS: 0.3331416278535113
