Model: GRU
MSE: 1962.9493681381377
MAE: 43.12244359678088
EVS: -1.106646969847346
