Model: GRU
MSE: 12.683230857831763
MAE: 2.4645484071353385
EVS: 0.7801481697857742
