Model: GRU
MSE: 14.407761986014389
MAE: 2.9721710468160696
EVS: 0.7304694954050553
