Model: GRU
MSE: 2588.2446113636
MAE: 50.207515464290495
EVS: -0.3764909034085244
