Model: GRU
MSE: 3140.588165044748
MAE: 55.54093509250217
EVS: -0.128440097318699
