Model: GRU
MSE: 16.72357263007346
MAE: 3.0512278184389614
EVS: 0.661854988282605
