Model: GRU
MSE: 20.18894855535131
MAE: 3.419985843312209
EVS: 0.6144920041829298
