Model: GRU
MSE: 279.25710417337467
MAE: 14.97169498163156
EVS: -0.12185868883562079
