Model: GRU
MSE: 17.94550972880005
MAE: 3.233389783837942
EVS: 0.6433044125395572
