Model: GRU
MSE: 18.514006117212894
MAE: 3.1667400251943083
EVS: 0.6494162952610885
