Model: GRU
MSE: 12.172112196080397
MAE: 2.6386900624324534
EVS: 0.7616932365569605
