Model: GRU
MSE: 16.376071372489918
MAE: 3.0909224092960357
EVS: 0.6824938251697421
