Model: GRU
MSE: 22.290286510114996
MAE: 4.092795841750645
EVS: 0.4096617475231781
