Model: GRU
MSE: 5.892958829683499
MAE: 1.7655113254274641
EVS: 0.8580765315641066
