Model: GRU
MSE: 18.7988134585769
MAE: 3.379442831157972
EVS: 0.6494138626521667
