Model: GRU
MSE: 297.09013767257994
MAE: 15.615907256092344
EVS: -0.08784210630731959
