Model: GRU
MSE: 12.465977734969112
MAE: 2.5914908377261
EVS: 0.7846800949686772
