Model: GRU
MSE: 6.686699200580656
MAE: 1.8684911889544988
EVS: 0.36212146420147384
