Model: GRU
MSE: 5.762351996187754
MAE: 1.8410222632544382
EVS: 0.7432291225107024
