Model: GRU
MSE: 11.198745926400456
MAE: 2.7692918485524705
EVS: 0.3469315761000623
