Model: GRU
MSE: 11.041894197586982
MAE: 2.8734765938350133
EVS: 0.7443221642821268
