Model: GRU
MSE: 8.044778158199563
MAE: 2.105187475681305
EVS: 0.3347117641066649
