Model: GRU
MSE: 9.591143727011458
MAE: 2.252029360557089
EVS: 0.24375402378976063
