Model: GRU
MSE: 7.329687587454388
MAE: 1.9501618544260662
EVS: 0.302043191695368
