Model: GRU
MSE: 6.2620675777078265
MAE: 2.1283366680145264
EVS: 0.7881056556391128
