Model: GRU
MSE: 13.123696844892713
MAE: 3.2165643419538226
EVS: 0.6786126078331252
