Model: GRU
MSE: 1642.6812795545345
MAE: 40.25882959365845
EVS: -1.4895362844665305
