Model: GRU
MSE: 2270.18120770242
MAE: 47.27826182047526
EVS: -0.021183449458122228
