Model: GRU
MSE: 5.8304374689303415
MAE: 2.0922318254198347
EVS: 0.7921275282332028
