Model: GRU
MSE: 5.575713422063842
MAE: 1.9997069903782436
EVS: 0.7920370966921126
