Model: GRU
MSE: 7.716005102741646
MAE: 2.4404583726610456
EVS: 0.7865554518912982
