Model: GRU
MSE: 11.890832858650818
MAE: 2.901786206132275
EVS: 0.41306580310323093
