Model: GRU
MSE: 6.362225472293237
MAE: 1.7848723729451497
EVS: 0.3128454824402973
