Model: GRU
MSE: 8.57004684051391
MAE: 2.266657672944616
EVS: 0.25331337281844024
