Model: GRU
MSE: 6.80806816089743
MAE: 2.088900784083775
EVS: 0.7547500463685486
