Model: GRU
MSE: 2.994080674929137
MAE: 1.7180233001708984
EVS: 0.9575233850009681
