Model: GRU
MSE: 8.347967228570147
MAE: 2.534387370518276
EVS: 0.7902154695661693
