Model: GRU
MSE: 6.463684266877078
MAE: 2.1875507749360183
EVS: 0.6178808126458748
