Model: GRU
MSE: 6.776436714276026
MAE: 2.2270083495548794
EVS: 0.7849434723703692
