Model: GRU
MSE: 9069.716653413117
MAE: 95.15452591253786
EVS: -0.40255170327783363
