Model: GRU
MSE: 2926.9519386513057
MAE: 53.924983051845004
EVS: -0.06765986887273723
