Model: GRU
MSE: 6.269943016740293
MAE: 1.7962018171946208
EVS: 0.35793415620967295
