Model: GRU
MSE: 45.220970257785055
MAE: 5.806109632764544
EVS: 0.01328507515802635
