Model: GRU
MSE: 6.1932824925781285
MAE: 1.7836087648985817
EVS: 0.2584668035189769
