Model: GRU
MSE: 9.40210642586363
MAE: 2.3892841144483916
EVS: 0.32094035624380624
