Model: GRU
MSE: 4.904717469270846
MAE: 1.6311718702316285
EVS: 0.7487699875014289
