Model: GRU
MSE: 11.015605265064133
MAE: 2.5916780549652723
EVS: 0.2108997614225825
