Model: GRU
MSE: 33.46656306341629
MAE: 5.139664922441755
EVS: -1.7234183543733819
