Model: GRU
MSE: 5.125876458669405
MAE: 1.825070537839617
EVS: 0.7595203730387464
