Model: GRU
MSE: 140.3701444177999
MAE: 11.15042946050907
EVS: -0.1403461759412845
