Model: GRU
MSE: 2501.580905710934
MAE: 49.831979806082586
EVS: -0.02879173372354904
