Model: GRU
MSE: 8.643799013774245
MAE: 2.2102272113164267
EVS: 0.35113299515466545
