Model: GRU
MSE: 5.631576494654293
MAE: 1.8607428755078996
EVS: 0.750828061820816
