Model: GRU
MSE: 5.216908973684126
MAE: 1.692365916021939
EVS: 0.7875733554079796
