Model: GRU
MSE: 9.260841789404324
MAE: 2.382696999357892
EVS: 0.6926904414053429
