Model: GRU
MSE: 5.445641547261313
MAE: 1.6669751298838649
EVS: 0.7700001600807949
