Model: GRU
MSE: 1114.4952821275338
MAE: 32.902630726496376
EVS: -0.7935727357264355
