Model: GRU
MSE: 7.457133600087128
MAE: 2.13281897100909
EVS: 0.7753263314984733
