Model: GRU
MSE: 0.32431442390975146
MAE: 0.4087917668478829
EVS: 0.9841068504445355
