Model: GRU
MSE: 6.806185308194853
MAE: 1.8728056575265692
EVS: 0.7097325294389962
