Model: GRU
MSE: 7.564074390112544
MAE: 2.030002275594888
EVS: 0.6859531890894788
