Model: GRU
MSE: 7.188323523308573
MAE: 2.0449151762600604
EVS: 0.7615947667869888
