Model: GRU
MSE: 1902.67477703411
MAE: 43.35647621475348
EVS: -0.005047227347152905
