Model: GRU
MSE: 6.932397641513093
MAE: 1.906463302047559
EVS: 0.6443688626279624
