Model: GRU
MSE: 8.13910294417883
MAE: 2.142686559895801
EVS: 0.6704565846526885
