Model: GRU
MSE: 8623.26787311516
MAE: 92.72168865861563
EVS: -0.09997509073879507
