Model: GRU
MSE: 7.461102578583733
MAE: 2.003333024055727
EVS: 0.6969845861511569
