Model: GRU
MSE: 7.3118664958353685
MAE: 1.9349117913307288
EVS: 0.6927535876936604
