Model: GRU
MSE: 7.073106912135591
MAE: 1.9717762992495582
EVS: 0.6994616640658061
