Model: GRU
MSE: 5.261578011744392
MAE: 1.6865873188808047
EVS: 0.7850133166135393
