Model: GRU
MSE: 7.384570223927056
MAE: 2.058881908465343
EVS: 0.6997718574691036
