Model: GRU
MSE: 0.4384564047067359
MAE: 0.49525722192258254
EVS: 0.9789220575871186
