Model: GRU
MSE: 10.625408623138322
MAE: 1.879252461024693
EVS: 0.2890605334500346
