Model: GRU
MSE: 10.349024138833736
MAE: 1.9301765578133718
EVS: 0.3081548196385453
