Model: GRU
MSE: 16.577430658893427
MAE: 3.1291447917620343
EVS: 0.5961820091574807
