Model: GRU
MSE: 12.022520517901782
MAE: 2.429964508329119
EVS: 0.3534841703477116
