Model: GRU
MSE: 9.353538430874138
MAE: 2.4459244112173715
EVS: 0.7369941856485456
