Model: GRU
MSE: 188.71039803489023
MAE: 13.046739405599133
EVS: 0.01278382128792832
