Model: GRU
MSE: 70.55691367155589
MAE: 8.399597883224487
EVS: 0.0
