Model: GRU
MSE: 7.332318622199637
MAE: 2.578018379211426
EVS: 0.00011215461765357038
