Model: GRU
MSE: 11.63432586224209
MAE: 2.258527031966618
EVS: 0.24711688787744546
