Model: GRU
MSE: 14.417305208239132
MAE: 2.9131810665130615
EVS: 0.5390655436210908
