Model: GRU
MSE: 10.5261653571239
MAE: 2.5229277416151397
EVS: 0.6888288791695818
