Model: GRU
MSE: 10.20830300238964
MAE: 2.36512904264489
EVS: 0.687132106354265
