Model: GRU
MSE: 12.972824180304169
MAE: 2.620738177463926
EVS: 0.384978055260346
