Model: GRU
MSE: 50.024699314419955
MAE: 6.239780379123375
EVS: 0.009665871086212308
