Model: GRU
MSE: 10.180129551660148
MAE: 2.0702788387026105
EVS: 0.4088673229513998
