Model: GRU
MSE: 11.038394978849187
MAE: 2.507991099357605
EVS: 0.7206481627397139
