Model: GRU
MSE: 11.842523595665726
MAE: 2.722614761193593
EVS: 0.6686222909195064
