Model: GRU
MSE: 9.779268895678648
MAE: 1.9041583299636842
EVS: 0.34548855536972745
