Model: GRU
MSE: 1302.7680222669615
MAE: 35.44976499129315
EVS: -0.526030626917747
