Model: GRU
MSE: 10.065289996999672
MAE: 2.0443148170198713
EVS: 0.3322337578772523
