Model: GRU
MSE: 9.305350499729606
MAE: 1.7628336599894932
EVS: 0.3773699261407314
