Model: GRU
MSE: 9.412475696317797
MAE: 1.8909450803484236
EVS: 0.3759499578306754
