Model: GRU
MSE: 12.522669248803426
MAE: 2.621902037475069
EVS: 0.7058163147166365
