Model: GRU
MSE: 12.83535874116056
MAE: 2.8945738395055134
EVS: 0.6796299580226373
