Model: GRU
MSE: 9.662859937249973
MAE: 1.9955921581813267
EVS: 0.36816645671048076
