Model: GRU
MSE: 10.354077358655172
MAE: 1.9968226977757044
EVS: 0.3555197772352685
