Model: GRU
MSE: 1684.5364810932856
MAE: 40.85622310638428
EVS: -0.024815476909612055
