Model: GRU
MSE: 73.83910621717666
MAE: 8.309537615094866
EVS: 0.00532266447242169
