Model: GRU
MSE: 17.350262121660116
MAE: 3.017117602484567
EVS: 0.42573507636695984
