Model: GRU
MSE: 12.57731105450716
MAE: 2.5105715002332416
EVS: 0.24830126129616648
