Model: GRU
MSE: 837.1844667420804
MAE: 28.6142208644322
EVS: -0.2327389925186818
