Model: GRU
MSE: 31.566858198190264
MAE: 4.911300990046287
EVS: 0.006262352608015331
