Model: GRU
MSE: 5.823300674222385
MAE: 2.181488831837972
EVS: 0.7056542229305427
