Model: GRU
MSE: 1487.9286454756507
MAE: 37.506147509715596
EVS: -1.4567960565600098
