Model: GRU
MSE: 9.961036964348777
MAE: 1.974426715714591
EVS: 0.3475112911526026
