Model: GRU
MSE: 9.687400929370648
MAE: 1.840049147605896
EVS: 0.35858094295588694
