Model: GRU
MSE: 10.68117753751971
MAE: 2.560457882169005
EVS: 0.6921610166719199
