Model: GRU
MSE: 5.677302302559053
MAE: 1.7532147095121187
EVS: 0.7768399071762209
