Model: GRU
MSE: 188.9888660931865
MAE: 13.155509924402041
EVS: 0.012468593183358356
