Model: GRU
MSE: 5.151746412680614
MAE: 1.5694307132013914
EVS: 0.7888220705864122
