Model: GRU
MSE: 6.258337127943474
MAE: 1.3373108386993409
EVS: 0.5934397396526898
