Model: GRU
MSE: 1697.2152749511472
MAE: 40.618102137247725
EVS: -1.0084364888123427
