Model: GRU
MSE: 23.846852529812324
MAE: 4.0336438935378505
EVS: 0.008788892055000108
