Model: GRU
MSE: 7.414953384835561
MAE: 1.973167381728419
EVS: 0.6867954566838084
