Model: GRU
MSE: 6.979195863807734
MAE: 1.9641833472403751
EVS: 0.717775956005187
