Model: GRU
MSE: 6.3366789789657725
MAE: 1.8532371240277443
EVS: 0.7320387331107752
