Model: GRU
MSE: 1413.112934345137
MAE: 36.98436300343481
EVS: -0.8871880926696334
