Model: GRU
MSE: 4.4091509485783345
MAE: 1.519047781259849
EVS: 0.8329363190990662
