Model: GRU
MSE: 6.333623911630428
MAE: 1.8104802837659573
EVS: 0.746626728694662
