Model: GRU
MSE: 10.810143743329025
MAE: 2.719839292414048
EVS: 0.5839699805758796
