Model: GRU
MSE: 24.55549718992693
MAE: 3.9581094334839255
EVS: 0.011295534623620207
