Model: GRU
MSE: 6.5898660790448575
MAE: 1.7549587109914193
EVS: 0.7222499976666521
