Model: GRU
MSE: 6.5544981692485
MAE: 1.823784310965274
EVS: 0.7355245006731004
