Model: GRU
MSE: 15.593280476108216
MAE: 3.037396101724534
EVS: 0.00019556270433784828
