Model: GRU
MSE: 9.328994699427401
MAE: 2.3203767151805943
EVS: 0.6872402689792707
