Model: GRU
MSE: 4.640010106689287
MAE: 1.5995936314264934
EVS: 0.7943074027391857
