Model: GRU
MSE: 3.2163818706873797
MAE: 1.2991952555520194
EVS: 0.8379147766582468
