Model: GRU
MSE: 38.2687769299451
MAE: 5.2233039199328815
EVS: -0.006252666924156269
