Model: GRU
MSE: 136.60422909010595
MAE: 10.818872622648875
EVS: 0.003292880951135002
