Model: GRU
MSE: 3.738750452223601
MAE: 1.4160217265693509
EVS: 0.8199435061599909
