Model: GRU
MSE: 3.9723685934694157
MAE: 1.4099865277608237
EVS: 0.8387810905500045
