Model: GRU
MSE: 195.13317360973798
MAE: 13.30787811904657
EVS: -0.028837706065456103
