Model: GRU
MSE: 6.862923240414838
MAE: 1.7690219550297177
EVS: 0.10746335891449388
