Model: GRU
MSE: 4.090952389354363
MAE: 1.432720066819872
EVS: 0.7976800890938248
