Model: GRU
MSE: 2505.820981032147
MAE: 49.89185147966657
EVS: 0.05780661702028678
