Model: GRU
MSE: 3.4639127026166703
MAE: 1.2116330214909146
EVS: 0.8087315689144463
