Model: GRU
MSE: 10.764175428059675
MAE: 2.931847585950579
EVS: 0.7637794079548645
