Model: GRU
MSE: 36.30867105836751
MAE: 6.024665832519531
EVS: 0.0
