Model: GRU
MSE: 158.83336260845908
MAE: 11.7626629114151
EVS: -0.00016617805652141548
