Model: GRU
MSE: 1.8559912598476331
MAE: 1.0106167793273926
EVS: 0.5363083415613548
