Model: GRU
MSE: 2788.7709029169305
MAE: 52.62028090807856
EVS: 0.015014176659984502
