Model: GRU
MSE: 3.473212115707476
MAE: 1.168478694983891
EVS: 0.811268902370779
