Model: GRU
MSE: 4.212779942856002
MAE: 1.5472041096006122
EVS: 0.8094223112370502
