Model: GRU
MSE: 3.1728433566351852
MAE: 1.1884281294686454
EVS: 0.8276900420812937
