Model: GRU
MSE: 3.634131119483019
MAE: 1.3425638635279769
EVS: 0.8510743671739971
