Model: GRU
MSE: 5.381434370468771
MAE: 1.6382641587938582
EVS: 0.7254379071538246
