Model: GRU
MSE: 5.460218031783043
MAE: 1.857335148538862
EVS: 0.7905866323002467
