Model: GRU
MSE: 15666.894058033467
MAE: 125.0922695795695
EVS: 0.08568080200011718
