Model: GRU
MSE: 2066.6820381301254
MAE: 45.14645891773458
EVS: -0.411268142738195
