Model: GRU
MSE: 1580.4964553676473
MAE: 39.18947764805385
EVS: -1.532367394948201
