Model: GRU
MSE: 4.168733868218586
MAE: 1.4689862387520927
EVS: 0.7936636486750828
