Model: GRU
MSE: 3.200336455850828
MAE: 1.2570982047489712
EVS: 0.8186370064011862
