Model: GRU
MSE: 7.805285627895956
MAE: 2.150020122528076
EVS: -0.02154653574572918
