Model: GRU
MSE: 4.925645849962959
MAE: 1.782002057347979
EVS: 0.8160316991767796
