Model: GRU
MSE: 5.312650828681454
MAE: 1.8021782534463064
EVS: 0.7774668096737911
