Model: GRU
MSE: 12.726483902396991
MAE: 3.329806600298201
EVS: -0.056641097939064355
