Model: GRU
MSE: 4.000074139454687
MAE: 1.360049663271223
EVS: 0.7885635789119374
