Model: GRU
MSE: 3.410398443774845
MAE: 1.1193800057683672
EVS: 0.8074156178224847
