Model: GRU
MSE: 120.90475519769795
MAE: 10.645365756133508
EVS: 0.003193689740492167
