Model: GRU
MSE: 4.728742276203947
MAE: 1.5728378393212143
EVS: 0.7805119629984851
