Model: GRU
MSE: 4.289336851016315
MAE: 1.6248466806896662
EVS: 0.8278201361401061
