Model: GRU
MSE: 189.5719236145041
MAE: 13.030385716464192
EVS: -0.02870293067661045
