Model: GRU
MSE: 2007.5046396579914
MAE: 44.59007496011668
EVS: 0.04900384222837306
