Model: GRU
MSE: 215.50207512211782
MAE: 13.97447906090663
EVS: -0.048204379132636976
