Model: GRU
MSE: 2.8519469580700774
MAE: 1.2485060281814284
EVS: 0.8521503533057936
