Model: GRU
MSE: 2.635760765096057
MAE: 1.1196088605112844
EVS: 0.8716830255994961
