Model: GRU
MSE: 2808.11857098937
MAE: 52.80047160181506
EVS: -0.0003966473766170431
