Model: GRU
MSE: 1.6356765422079846
MAE: 0.9041163160019563
EVS: 0.9101493423368576
