Model: GRU
MSE: 0.4759199100691823
MAE: 0.5356490671634674
EVS: 0.9801142098242026
