Model: GRU
MSE: 0.40146054877832615
MAE: 0.49512586352371035
EVS: 0.975214375292532
