Model: GRU
MSE: 5.622691506996043
MAE: 1.83625721444889
EVS: 0.5902803232744969
