Model: GRU
MSE: 2.4623119961978555
MAE: 1.1087933755690051
EVS: 0.8731878431591378
