Model: GRU
MSE: 22.52032857011057
MAE: 3.9842263391822765
EVS: 0.00623122838543555
