Model: GRU
MSE: 1.8559490652214052
MAE: 0.9599458184735529
EVS: 0.9087646094015538
