Model: GRU
MSE: 1.802430206645148
MAE: 0.9272501830396981
EVS: 0.9108823297051793
