Model: GRU
MSE: 3.7769740773701
MAE: 1.5329023122010867
EVS: 0.8770359381648409
