Model: GRU
MSE: 1.6805915514098941
MAE: 0.9170016995791731
EVS: 0.9178210280278543
