Model: GRU
MSE: 15755.70051308864
MAE: 125.43594249856883
EVS: -0.06449283699579333
