Model: GRU
MSE: 245.25029557629955
MAE: 14.965928285084074
EVS: -0.11277773659455637
