Model: GRU
MSE: 3.2680417099715178
MAE: 1.247717850701103
EVS: 0.8371252844331987
