Model: GRU
MSE: 3.8876916891347344
MAE: 1.5379781065316036
EVS: 0.8110880649661648
