Model: GRU
MSE: 465.5841431802134
MAE: 21.061267589700634
EVS: -0.0815019785660891
