Model: GRU
MSE: 5.063432306171375
MAE: 1.603793464857957
EVS: 0.8232212096469895
