Model: GRU
MSE: 5.5675560070835965
MAE: 1.7533641437004357
EVS: 0.8248996752143757
