Model: GRU
MSE: 4.352779854297576
MAE: 1.5966972400402206
EVS: 0.8428188155776569
