Model: GRU
MSE: 3.567454644583343
MAE: 1.3203865119389129
EVS: 0.8236828277288418
