Model: GRU
MSE: 416.3231768456697
MAE: 20.047791086394213
EVS: 0.2918832631411059
