Model: GRU
MSE: 1818.3248746363754
MAE: 42.413543372318664
EVS: 0.04582499901954051
