Model: GRU
MSE: 6.288115677453777
MAE: 2.0261726132754623
EVS: 0.7351262037053092
