Model: GRU
MSE: 192.0589469222417
MAE: 13.103825963776687
EVS: 0.0
