Model: GRU
MSE: 1047.7690300666513
MAE: 32.06135424252214
EVS: 0.02506784368745396
