Model: GRU
MSE: 5.217075298724484
MAE: 1.835954962105587
EVS: 0.8065513626191022
