Model: GRU
MSE: 7.068474020591923
MAE: 2.136599639366413
EVS: 0.842074530488024
