Model: GRU
MSE: 279.7082041701138
MAE: 16.142222026298786
EVS: 0.059552712652136575
