Model: GRU
MSE: 2.9158765314101434
MAE: 1.1058409131806475
EVS: 0.8577546035990748
