Model: GRU
MSE: 3559.9380390244446
MAE: 59.578423006781215
EVS: 0.49138986267254103
