Model: GRU
MSE: 1061.9105083222641
MAE: 32.204350011102086
EVS: -0.21827725556671296
