Model: GRU
MSE: 2505.0733575218032
MAE: 49.770044589864796
EVS: -0.3767970441950357
