Model: GRU
MSE: 3.159360685403671
MAE: 1.305798941645129
EVS: 0.8449093045543603
