Model: GRU
MSE: 2.846101482576971
MAE: 1.1227492546213085
EVS: 0.8622622500745702
