Model: GRU
MSE: 9.75788374600308
MAE: 2.470118962485215
EVS: 0.7661734672233981
