Model: GRU
MSE: 3.421457522931484
MAE: 1.3402528433964176
EVS: 0.8469391111424969
