Model: GRU
MSE: 480.52218285164184
MAE: 20.950993266598932
EVS: -1.043279436660589
