Model: GRU
MSE: 3.8922421436005092
MAE: 1.45448793213943
EVS: 0.8317693927623268
