Model: GRU
MSE: 3.1668478084259
MAE: 1.2289582367601068
EVS: 0.8557841330828558
