Model: GRU
MSE: 5.799709154050359
MAE: 1.8486802660185717
EVS: 0.8121893992198421
