Model: GRU
MSE: 3.514812635245942
MAE: 1.2991491761700862
EVS: 0.8338114602817668
