Model: GRU
MSE: 5.383049354852282
MAE: 1.7772133555905578
EVS: 0.8239995115879803
