Model: GRU
MSE: 3.7938717090071243
MAE: 1.4047057299778385
EVS: 0.8497836780497728
