Model: GRU
MSE: 214.19868483346647
MAE: 13.926273290453286
EVS: 0.004476698554912395
