Model: GRU
MSE: 3.4461764581284804
MAE: 1.3392167420222847
EVS: 0.869931388712893
