Model: GRU
MSE: 241.03676384480625
MAE: 14.720617771148682
EVS: -0.19615433958720496
