Model: GRU
MSE: 4.264999268954703
MAE: 1.5456300603932354
EVS: 0.7935872651892262
