Model: GRU
MSE: 3.67644652407255
MAE: 1.3457273368177745
EVS: 0.8211229026751294
