Model: GRU
MSE: 768.7027380529685
MAE: 27.298074442764808
EVS: -0.15574355991826816
