Model: GRU
MSE: 10.865195088651852
MAE: 2.7654960566553575
EVS: 0.8038389894069538
