Model: GRU
MSE: 1661.015045040114
MAE: 40.507429714860585
EVS: 0.009116512120119213
