Model: GRU
MSE: 4.175676283067539
MAE: 1.510283807228352
EVS: 0.8368060665240326
