Model: GRU
MSE: 6.628096103305672
MAE: 2.0492321831839426
EVS: 0.8104598137884458
