Model: GRU
MSE: 428.96416144090676
MAE: 20.218234670573267
EVS: 0.007938779873098434
