Model: GRU
MSE: 4.860068957493194
MAE: 1.6346340960469745
EVS: 0.8079786240793507
