Model: GRU
MSE: 5193.861766461449
MAE: 71.91506444996801
EVS: -0.08534109132233092
