Model: GRU
MSE: 356.372909977801
MAE: 18.27039071609234
EVS: -0.10895250771925435
