Model: GRU
MSE: 3.2128713931766812
MAE: 1.3056053128735774
EVS: 0.8423110488283873
