Model: GRU
MSE: 3.31465560435765
MAE: 1.3054086257671491
EVS: 0.8378331840089807
