Model: GRU
MSE: 4.4459849075979605
MAE: 1.5878549937544202
EVS: 0.8510509813935181
