Model: GRU
MSE: 3.408058006050545
MAE: 1.3908289218771046
EVS: 0.8348341084542428
