Model: GRU
MSE: 4000.1881345921397
MAE: 63.12753637905779
EVS: 0.2578252558854407
