Model: GRU
MSE: 7.816833439329663
MAE: 2.2325846902255355
EVS: 0.8135918421080361
