Model: GRU
MSE: 3151.0188483985557
MAE: 55.96389060184873
EVS: 0.06324214491650515
