Model: GRU
MSE: 224.89085410752625
MAE: 14.171809572598029
EVS: -0.181926951677994
