Model: GRU
MSE: 3508.0088041866584
MAE: 59.069937344255116
EVS: 0.07850065735170186
