Model: GRU
MSE: 1114.1109266864996
MAE: 33.1161558545869
EVS: 0.14337746756944547
