Model: GRU
MSE: 229.46443423235328
MAE: 14.416486403037762
EVS: -0.06293583823429838
