Model: GRU
MSE: 5.267312751889347
MAE: 1.7120968103408818
EVS: 0.828786809017844
