Model: GRU
MSE: 3.424871145378308
MAE: 1.3173736046100488
EVS: 0.8432845119058113
