Model: GRU
MSE: 536.0085157999603
MAE: 22.775141929758007
EVS: 0.1497524336684095
