Model: GRU
MSE: 7.03271444581078
MAE: 2.0703652069486425
EVS: 0.8090186424078327
