Model: GRU
MSE: 3.0625967601210293
MAE: 1.2328593073220089
EVS: 0.8531375216055039
