Model: GRU
MSE: 430.6367239723221
MAE: 20.311797914833857
EVS: 0.11210069867332917
