Model: GRU
MSE: 379.94674983469264
MAE: 18.950469115684772
EVS: -0.023479548272433037
