Model: GRU
MSE: 5.498070024852594
MAE: 1.821162577333122
EVS: 0.7846552114299115
