Model: GRU
MSE: 2.9045164060920454
MAE: 1.1183085441589358
EVS: 0.8573233221205847
