Model: GRU
MSE: 6.0495985941546735
MAE: 1.814780843668971
EVS: 0.8004682355235913
