Model: GRU
MSE: 5.2678868892322575
MAE: 1.716903974269999
EVS: 0.8177851325422443
