Model: GRU
MSE: 3.2295008127424465
MAE: 1.2018684847601528
EVS: 0.8417055998187246
