Model: GRU
MSE: 3.1545095094436655
MAE: 1.2215633227907383
EVS: 0.8531534815246942
