Model: GRU
MSE: 4.8946522268237125
MAE: 1.6419497029534706
EVS: 0.8472897917681536
