Model: GRU
MSE: 10386.311921784398
MAE: 101.83781406797212
EVS: 0.24459284083766497
