Model: GRU
MSE: 4.185546119902484
MAE: 1.4847364918939003
EVS: 0.8393826646197666
