Model: GRU
MSE: 4.131107685092745
MAE: 1.4837771777448985
EVS: 0.7972493321370717
