Model: GRU
MSE: 7.924971478675596
MAE: 2.4059753335755447
EVS: 0.8456590571476761
