Model: GRU
MSE: 4.739071665334711
MAE: 1.5913376808166508
EVS: 0.8284965567622135
