Model: GRU
MSE: 3.2353980081270257
MAE: 1.2920792185027024
EVS: 0.8412280933796269
