Model: GRU
MSE: 337.330052684744
MAE: 17.72891225485966
EVS: -0.13106645412754148
