Model: GRU
MSE: 288.25243994967957
MAE: 16.224418146856898
EVS: -0.22959724903607048
