Model: GRU
MSE: 5.160475861545236
MAE: 1.7025096909753212
EVS: 0.8227965236931877
