Model: GRU
MSE: 7.075073470924808
MAE: 2.0686175083291944
EVS: 0.7322690689067823
