Model: GRU
MSE: 2069.583086283202
MAE: 45.24437049339558
EVS: -0.10719769618093089
