Model: GRU
MSE: 3.6260716435547238
MAE: 1.4190029275828393
EVS: 0.8587828245438174
