Model: GRU
MSE: 2519.6246506486445
MAE: 50.06803782232876
EVS: 0.3701688909767935
