Model: GRU
MSE: 8.94889540545389
MAE: 2.475434607472913
EVS: 0.8222601977181991
