Model: GRU
MSE: 676.100011912571
MAE: 25.580677246225292
EVS: -0.06783096925691834
