Model: GRU
MSE: 3.4510270288119402
MAE: 1.328194979258946
EVS: 0.8202130822211489
