Model: GRU
MSE: 5.659119504478504
MAE: 1.8059522858981432
EVS: 0.8082330877709719
