Model: GRU
MSE: 4.729407771453331
MAE: 1.8424525507565201
EVS: 0.8507283839092159
