Model: GRU
MSE: 3.6899593478682546
MAE: 1.318597193421989
EVS: 0.8286654406036826
