Model: GRU
MSE: 4.963433113426515
MAE: 1.6862879210504997
EVS: 0.8477484403253663
