Model: GRU
MSE: 3.2839018935728355
MAE: 1.351121738039214
EVS: 0.8386186188712239
