Model: GRU
MSE: 1610.3310783752372
MAE: 39.72257771985284
EVS: -0.5945937759733142
