Model: GRU
MSE: 3.026256036852209
MAE: 1.1628626297260156
EVS: 0.8514794738538632
