Model: GRU
MSE: 692.3626623153829
MAE: 25.888095757056927
EVS: -0.0894636545956693
