Model: GRU
MSE: 4.958220150958711
MAE: 1.730799272142608
EVS: 0.810042782513435
