Model: GRU
MSE: 233.76814670701003
MAE: 14.575129936481344
EVS: -0.0484081240597678
