Model: GRU
MSE: 3.4269435341689523
MAE: 1.2668962149784488
EVS: 0.8382747622957649
