Model: GRU
MSE: 18.33226109258189
MAE: 3.662435395964261
EVS: 0.7352034929538465
