Model: GRU
MSE: 3.209416431738407
MAE: 1.2504052375925
EVS: 0.8423187263341477
