Model: GRU
MSE: 437.4610670663028
MAE: 20.331503292609906
EVS: -0.1839110292434798
