Model: GRU
MSE: 4.095688593291146
MAE: 1.5078981744832012
EVS: 0.8529332257030796
