Model: GRU
MSE: 1029.3083459730913
MAE: 31.760780367357977
EVS: -0.010442164827996203
