Model: GRU
MSE: 555.742510020453
MAE: 23.035689090860302
EVS: -0.23347181669494432
