Model: GRU
MSE: 4.984793793278406
MAE: 1.6360455545885815
EVS: 0.8307436950238056
