Model: GRU
MSE: 3.2008157151030154
MAE: 1.2518592456291462
EVS: 0.8427075422263655
