Model: GRU
MSE: 3.375193731130182
MAE: 1.2692073871349472
EVS: 0.843353889208469
