Model: GRU
MSE: 3.7220201385728755
MAE: 1.429836955563776
EVS: 0.8572863908158272
