Model: GRU
MSE: 4.560747201840538
MAE: 1.6660372964267078
EVS: 0.8074113035286883
