Model: GRU
MSE: 232.18862656722433
MAE: 14.475043115944699
EVS: -0.11367125325244931
