Model: GRU
MSE: 827.8090202594271
MAE: 28.47492971091435
EVS: 0.16518476027253937
