Model: GRU
MSE: 9.17853976206371
MAE: 2.4356845987254174
EVS: 0.7857059023285897
