Model: GRU
MSE: 3.358371760247682
MAE: 1.283090706529289
EVS: 0.8364893018911739
