Model: GRU
MSE: 8288.508299857724
MAE: 90.93590795582739
EVS: 0.05797659743188133
