Model: GRU
MSE: 3.715233397318057
MAE: 1.3717825083897037
EVS: 0.8202309029574917
