Model: GRU
MSE: 7.221505844737053
MAE: 2.200882023778455
EVS: 0.8485554120767191
