Model: GRU
MSE: 243.55991586221208
MAE: 14.89514329104588
EVS: -0.06614332586719485
