Model: GRU
MSE: 4.873470875302814
MAE: 1.6850028284664818
EVS: 0.7634561699072213
