Model: GRU
MSE: 482.9014678279704
MAE: 21.487926680466224
EVS: -0.040385041369734864
