Model: GRU
MSE: 4.353638118841763
MAE: 1.4797858616401411
EVS: 0.792156260434743
