Model: GRU
MSE: 218.329373234024
MAE: 14.056256503894412
EVS: -0.01977199796419682
