Model: GRU
MSE: 3.346919009583103
MAE: 1.2759008900872595
EVS: 0.8357105702559746
