Model: GRU
MSE: 2.9993912886051994
MAE: 1.2252005215348867
EVS: 0.8547846727431189
