Model: GRU
MSE: 200.82009025394441
MAE: 13.478471120883679
EVS: 0.058863023426018124
