Model: GRU
MSE: 5.076777813781611
MAE: 1.6876586963390487
EVS: 0.8219369850615734
