Model: GRU
MSE: 8.298924910660073
MAE: 2.2938833976614066
EVS: 0.7947376093646334
