Model: GRU
MSE: 5.829913389807998
MAE: 1.8414862936940692
EVS: 0.8299783256051341
