Model: GRU
MSE: 187.62795198421466
MAE: 12.87249594721301
EVS: -0.07755329125447608
