Model: GRU
MSE: 553.1564940401876
MAE: 23.179564689767773
EVS: 0.22037864610156488
