Model: GRU
MSE: 5.0627404904015085
MAE: 1.7523767865937334
EVS: 0.7540540461026018
