Model: GRU
MSE: 4.146846574905293
MAE: 1.4415510111841667
EVS: 0.8275686308265912
