Model: GRU
MSE: 4.663351600871837
MAE: 1.5406665226508836
EVS: 0.7837407999845736
