Model: GRU
MSE: 3.6119161786515566
MAE: 1.3419235245934853
EVS: 0.8448044190955575
