Model: GRU
MSE: 1668.4571374589843
MAE: 40.5940538603684
EVS: -0.011363708626662694
