Model: GRU
MSE: 236.74332665713922
MAE: 14.73731558487333
EVS: 0.039011648660560616
