Model: GRU
MSE: 1219.094079155797
MAE: 34.32255383195548
EVS: -1.0176420942014581
