Model: GRU
MSE: 2.9249322041565424
MAE: 1.2083240377491917
EVS: 0.8582293382031498
