Model: GRU
MSE: 4.034903559051757
MAE: 1.6006247750644023
EVS: 0.8070807764165104
