Model: GRU
MSE: 395.7617004298473
MAE: 19.433844574566546
EVS: 0.11112785766063427
