Model: GRU
MSE: 2462.2255447265024
MAE: 49.39163155391299
EVS: -0.11517129120051894
