Model: GRU
MSE: 3.348184710791919
MAE: 1.3326574276233538
EVS: 0.8440678024365329
