Model: GRU
MSE: 4.2311247716578
MAE: 1.517759068258878
EVS: 0.8104216863700364
