Model: GRU
MSE: 633.8976426301305
MAE: 24.87477369966178
EVS: 0.25581084052143455
