Model: GRU
MSE: 4945.819378356335
MAE: 70.19873901893352
EVS: 0.11756399484468161
