Model: GRU
MSE: 7.052195011632256
MAE: 2.1001039209036994
EVS: 0.8154607573381847
