Model: GRU
MSE: 4.115543588880491
MAE: 1.5529131724916654
EVS: 0.8131184097731893
