Model: GRU
MSE: 752.628748400907
MAE: 26.80026518065354
EVS: -0.6892748974388354
