Model: GRU
MSE: 5.8690847636646515
MAE: 1.7342250264924153
EVS: 0.7409730723072478
