Model: GRU
MSE: 3.656779362977839
MAE: 1.381550344927558
EVS: 0.8211516225108367
