Model: GRU
MSE: 3.331640243049426
MAE: 1.3098378017030918
EVS: 0.8600064741183151
