Model: GRU
MSE: 8.51198557023189
MAE: 2.305536886741375
EVS: 0.7699733443133594
