Model: GRU
MSE: 1581.4914364780013
MAE: 39.498739867374816
EVS: -0.048764477468122625
