Model: GRU
MSE: 3.9180084815203573
MAE: 1.4228227755119065
EVS: 0.8451259245122522
