Model: GRU
MSE: 236.8935976761889
MAE: 14.648736756423425
EVS: -0.09629204082004983
