Model: GRU
MSE: 1708.9537935948172
MAE: 41.099979236208156
EVS: 0.02964277282447836
