Model: GRU
MSE: 5.367286147186625
MAE: 1.8723658364394615
EVS: 0.7366449223804018
