Model: GRU
MSE: 5.50940085925061
MAE: 1.7697322286408526
EVS: 0.8154033862366715
