Model: GRU
MSE: 8.272003529794155
MAE: 2.3109841757807237
EVS: 0.8054835673016107
