Model: GRU
MSE: 249.66536471265567
MAE: 14.965899033793088
EVS: -0.26235292081370454
