Model: GRU
MSE: 7.672587304610281
MAE: 2.254972244131154
EVS: 0.8019334981911578
