Model: GRU
MSE: 3.991790062788526
MAE: 1.441688126531141
EVS: 0.8399325101772109
