Model: GRU
MSE: 5.1789536662270885
MAE: 1.6557288663140663
EVS: 0.8059463600011829
