Model: GRU
MSE: 5.8254366856142985
MAE: 1.9083971812807283
EVS: 0.8410290238140845
