Model: GRU
MSE: 5.30156469151209
MAE: 1.763202913876238
EVS: 0.7905455692794702
