Model: GRU
MSE: 3.6257275274887686
MAE: 1.3117196724332616
EVS: 0.8499596975870782
