Model: GRU
MSE: 5.06047030887555
MAE: 1.761308933126516
EVS: 0.8484534323534845
