Model: GRU
MSE: 3.6295562873566536
MAE: 1.4023313193485658
EVS: 0.8232438594133042
