Model: GRU
MSE: 7.7958722659768815
MAE: 2.1771986977807405
EVS: 0.785328476687117
