Model: GRU
MSE: 3.2706489605145985
MAE: 1.26517313102196
EVS: 0.839322993832467
