Model: GRU
MSE: 186.9195938334518
MAE: 12.887463366163187
EVS: -0.02379463924107106
