Model: GRU
MSE: 29.270669141337287
MAE: 4.447602321361673
EVS: 0.020013722751589302
