Model: GRU
MSE: 6.597650217642631
MAE: 2.0336914350246564
EVS: 0.8297844459828527
