Model: GRU
MSE: 3.676053834878107
MAE: 1.339356060685783
EVS: 0.8375679559118586
