Model: GRU
MSE: 832.9001876202767
MAE: 27.853809208705506
EVS: -1.8043817308719707
