Model: GRU
MSE: 2.752800724263317
MAE: 1.1216407397697712
EVS: 0.8647602549501452
