Model: GRU
MSE: 4.693991716714238
MAE: 1.7015431749409649
EVS: 0.857142455315944
