Model: GRU
MSE: 1287.9509108198579
MAE: 35.726440725655394
EVS: 0.4312978997787438
