Model: GRU
MSE: 658.4721446645444
MAE: 25.227584674440582
EVS: -0.08317115038217171
