Model: GRU
MSE: 181.26739269724058
MAE: 12.700000236774313
EVS: 0.01824713595906835
