Model: GRU
MSE: 4.352930189328065
MAE: 1.5726315975189207
EVS: 0.807676675695518
