Model: GRU
MSE: 2307.799220037073
MAE: 47.83686723380253
EVS: 0.044982681892937415
