Model: GRU
MSE: 209.67070875447945
MAE: 13.695318160385922
EVS: -0.08650566847781782
