Model: GRU
MSE: 10.69368501712336
MAE: 2.663297681972898
EVS: 0.7653182615945189
