Model: GRU
MSE: 4.195327146630879
MAE: 1.5636228857369263
EVS: 0.8308469820092411
