Model: GRU
MSE: 4.80795986472869
MAE: 1.694078840058426
EVS: 0.8578221450989987
