Model: GRU
MSE: 3.8844639507367886
MAE: 1.3699911298422982
EVS: 0.8315013327646699
