Model: GRU
MSE: 3761.481362103699
MAE: 61.13288728122053
EVS: -0.19179427973082586
