Model: GRU
MSE: 5.028459491930495
MAE: 1.8327549819288582
EVS: 0.823552583680253
