Model: GRU
MSE: 3.9001019851028
MAE: 1.4156596989467232
EVS: 0.8131402244815331
