Model: GRU
MSE: 5.658022257060167
MAE: 1.8842651474064795
EVS: 0.8386817225590157
