Model: GRU
MSE: 3.9273611547471985
MAE: 1.427563593305391
EVS: 0.8142523144331467
