Model: GRU
MSE: 58.569936673941875
MAE: 6.466749487252071
EVS: -0.00018318205262723986
