Model: GRU
MSE: 3.154566467309239
MAE: 1.2261111160804488
EVS: 0.8449835987530685
