Model: GRU
MSE: 6.4544435290950215
MAE: 1.9923468458241431
EVS: 0.80379335270342
