Model: GRU
MSE: 4.745081284218078
MAE: 1.5249885032916897
EVS: 0.7950823512886102
