Model: GRU
MSE: 4.323658246187964
MAE: 1.5724613666534424
EVS: 0.7875305742261879
