Model: GRU
MSE: 220.96371893140372
MAE: 14.172059535980225
EVS: 0.011413244294916525
