Model: GRU
MSE: 375.8574409628879
MAE: 18.86783398430923
EVS: 0.023903763891271135
