Model: GRU
MSE: 2.79915626625317
MAE: 1.1076810935447958
EVS: 0.8644693042145026
