Model: GRU
MSE: 8.313600460529148
MAE: 2.068301102210736
EVS: 0.6773462434509975
