Model: GRU
MSE: 1767.1393206991584
MAE: 41.33100075557314
EVS: -1.8939303393859972
