Model: GRU
MSE: 4.572114699244343
MAE: 1.6776285829215216
EVS: 0.7753199562036928
