Model: GRU
MSE: 250.9074375112278
MAE: 15.110883959408465
EVS: -0.10909455210162489
