Model: GRU
MSE: 7.043069531866094
MAE: 2.1002591067347036
EVS: 0.8024075154991263
