Model: GRU
MSE: 8.201094058424
MAE: 2.363450444977859
EVS: 0.8358116637098555
