Model: GRU
MSE: 8.73098502168964
MAE: 2.4095691236956367
EVS: 0.816664174074065
