Model: GRU
MSE: 4.486133584232343
MAE: 1.5653975503198037
EVS: 0.8305703423036244
