Model: GRU
MSE: 6.626670026845731
MAE: 1.9939090136823985
EVS: 0.8119466137359812
