Model: GRU
MSE: 3.2913101794429913
MAE: 1.2497170135892672
EVS: 0.8452793150909738
