Model: GRU
MSE: 7285.993029135906
MAE: 85.24665832519531
EVS: 0.06626561096768113
