Model: GRU
MSE: 11.00008814408913
MAE: 2.8348696560695252
EVS: 0.816976299118845
