Model: GRU
MSE: 1084.1544869964093
MAE: 32.616035856049635
EVS: -2.220446049250313e-16
