Model: GRU
MSE: 4.114162375890911
MAE: 1.4573557870141396
EVS: 0.8378842443286448
