Model: GRU
MSE: 5.1381217802923596
MAE: 1.794426983800428
EVS: 0.8516419553904533
