Model: GRU
MSE: 4.119928289791566
MAE: 1.5591686100795357
EVS: 0.8055494639823985
