Model: GRU
MSE: 5.5242351697579
MAE: 1.80304347235581
EVS: 0.7931109422716082
