Model: GRU
MSE: 1134.7785436478343
MAE: 33.388458251953125
EVS: 0.017656802082819945
