Model: GRU
MSE: 5.8470905224422935
MAE: 1.8325588908688777
EVS: 0.8206039550007923
