Model: GRU
MSE: 10.173310292088427
MAE: 2.648792554592264
EVS: 0.7964652562531772
