Model: GRU
MSE: 3528.231897960984
MAE: 59.22868728637695
EVS: 0.007577476699158203
