Model: GRU
MSE: 7.99521869346882
MAE: 2.2526797138411423
EVS: 0.8073377606225407
