Model: GRU
MSE: 2.877703141151873
MAE: 1.1269583126594285
EVS: 0.8635080929341594
