Model: GRU
MSE: 5.329728149948579
MAE: 1.7267373430317852
EVS: 0.822455420528944
