Model: GRU
MSE: 3.734105030271182
MAE: 1.4537662473218191
EVS: 0.8500846768350714
