Model: GRU
MSE: 5.1377613850420465
MAE: 1.7742904383560711
EVS: 0.8556039238261514
