Model: GRU
MSE: 5.812581501239906
MAE: 1.9187016076055068
EVS: 0.8375594143309147
