Model: GRU
MSE: 232.46324193771136
MAE: 14.518719031892974
EVS: -0.06493525850233972
