Model: GRU
MSE: 5.275587750269048
MAE: 1.713855965384122
EVS: 0.8264350091185755
