Model: GRU
MSE: 469.1941210622216
MAE: 21.07042508289732
EVS: -0.23994740531483627
