Model: GRU
MSE: 597.3386265935335
MAE: 24.069891682986555
EVS: 0.11645716916783955
