Model: GRU
MSE: 4.627625946103765
MAE: 1.7400166166239772
EVS: 0.843364953427338
