Model: GRU
MSE: 3.7683415069765065
MAE: 1.3696463025849446
EVS: 0.8267570623696163
