Model: GRU
MSE: 781.337154385702
MAE: 27.553068572077258
EVS: -0.0892870466487019
