Model: GRU
MSE: 3029.8651939623405
MAE: 54.85761024212015
EVS: -0.007818706598960556
