Model: GRU
MSE: 8351.330238673123
MAE: 89.85159459607354
EVS: -12.662852961806305
