Model: GRU
MSE: 1767.7352240684372
MAE: 41.78232456075734
EVS: -0.07980298350481352
