Model: GRU
MSE: 3.906759120190486
MAE: 1.4283919087771717
EVS: 0.8161789475548357
