Model: GRU
MSE: 4.622046420070854
MAE: 1.590437083408751
EVS: 0.8364654293528226
