Model: GRU
MSE: 5722.531092911342
MAE: 75.51461535486682
EVS: 0.013501178109591172
