Model: GRU
MSE: 1966.0998764350995
MAE: 44.11317121571508
EVS: 0.010845429515890515
