Model: GRU
MSE: 711.1000982461736
MAE: 26.264472303719355
EVS: -0.045649165976807016
