Model: GRU
MSE: 3.792390075861041
MAE: 1.4628584713771422
EVS: 0.8234639324601628
