Model: GRU
MSE: 1265.8423278169598
MAE: 35.2750725252875
EVS: -0.05714834729774321
