Model: GRU
MSE: 3.2166877781179712
MAE: 1.1907158062375827
EVS: 0.8480347786093434
