Model: GRU
MSE: 8.467277048061439
MAE: 2.32402124076054
EVS: 0.7892838261792939
