Model: GRU
MSE: 7.954126728518136
MAE: 2.224515972466304
EVS: 0.7250224461937083
