Model: GRU
MSE: 5.119308696610902
MAE: 1.6983504788628945
EVS: 0.8207036126566254
