Model: GRU
MSE: 964.8027943644877
MAE: 30.840213775634766
EVS: 0.32752392069003
