Model: GRU
MSE: 3.606113036213636
MAE: 1.4267573356628416
EVS: 0.8359301644272952
