Model: GRU
MSE: 3.298903775085666
MAE: 1.3911642781619369
EVS: 0.838194322161151
