Model: GRU
MSE: 2.992754821365299
MAE: 1.1782760044624068
EVS: 0.8571132032038351
