Model: GRU
MSE: 4.499335172332106
MAE: 1.5423973511005276
EVS: 0.8277485829471258
