Model: GRU
MSE: 3.1494614206781235
MAE: 1.2517751496413658
EVS: 0.8452670479541733
