Model: GRU
MSE: 11271.698523528737
MAE: 106.0382668067669
EVS: -0.3555906247202467
