Model: GRU
MSE: 1565.2676096889472
MAE: 39.38232724419956
EVS: 0.2972565265459002
