Model: GRU
MSE: 9.593087584491924
MAE: 2.483716372785897
EVS: 0.7673065994547641
