Model: GRU
MSE: 4.477707725380352
MAE: 1.6314182774773958
EVS: 0.7987011409021118
