Model: GRU
MSE: 6.197155944157347
MAE: 1.9210690259933472
EVS: 0.7914742158486741
