Model: GRU
MSE: 5.122967209693456
MAE: 1.9091050624847412
EVS: 0.8699301829662802
