Model: GRU
MSE: 322.80838911965304
MAE: 17.248724937438965
EVS: -0.2428256868228187
