Model: GRU
MSE: 2006.9251190286936
MAE: 44.37583107783877
EVS: -0.8532264932857616
