Model: GRU
MSE: 2.92468280985897
MAE: 1.1639305394271326
EVS: 0.8583524366475932
