Model: GRU
MSE: 7.845346241172457
MAE: 2.331255049541079
EVS: 0.8320067189339342
