Model: GRU
MSE: 4.187644009002969
MAE: 1.4637246131896977
EVS: 0.8353858485010055
