Model: GRU
MSE: 2592.075174826633
MAE: 50.667244680996596
EVS: -0.22393573119616939
