Model: GRU
MSE: 6.131316070927854
MAE: 1.959921064047978
EVS: 0.8141361369003133
