Model: GRU
MSE: 5.018191217609277
MAE: 1.7103657558046543
EVS: 0.8495151409466
