Model: GRU
MSE: 2176.828612820954
MAE: 46.47904054049788
EVS: 0.18779038826344152
