Model: GRU
MSE: 51.13003059669744
MAE: 6.067525304597
EVS: 0.0
