Model: GRU
MSE: 4.729469095171118
MAE: 1.6015463697499248
EVS: 0.8324692268966388
