Model: GRU
MSE: 782.8250284830017
MAE: 27.632452635929504
EVS: 0.05288311530876455
