Model: GRU
MSE: 5.463348103395681
MAE: 1.7014604765793377
EVS: 0.8066735002861735
