Model: GRU
MSE: 191.8965743727967
MAE: 13.132674086710502
EVS: 0.04517471328135103
