Model: GRU
MSE: 3.881788440690935
MAE: 1.4217983689801448
EVS: 0.8153458631585564
