Model: GRU
MSE: 3.4212568382310784
MAE: 1.314722028271905
EVS: 0.8364154869566451
