Model: GRU
MSE: 1052.1451615396188
MAE: 32.12273979187012
EVS: 0.0036337583639114435
