Model: GRU
MSE: 2.9430279572445905
MAE: 1.1497360920083937
EVS: 0.8562389186983044
