Model: GRU
MSE: 282.90164419955084
MAE: 16.055169590588275
EVS: -0.2351247724364094
