Model: GRU
MSE: 3025.173826078328
MAE: 54.83250124701138
EVS: 0.08737952078497002
