Model: GRU
MSE: 3.3152675376515797
MAE: 1.3451486538196433
EVS: 0.8451633876966645
