Model: GRU
MSE: 4.170569979503972
MAE: 1.486182574568124
EVS: 0.8376949984468655
