Model: GRU
MSE: 4.305218523325671
MAE: 1.5714369560110162
EVS: 0.8257129136466335
