Model: GRU
MSE: 6.045610560552967
MAE: 1.9138446922959957
EVS: 0.8051341177408715
