Model: GRU
MSE: 4.906729642391297
MAE: 1.7329180980550831
EVS: 0.7589834994814606
