Model: GRU
MSE: 4.609445732694087
MAE: 1.6469248738782158
EVS: 0.7750195025901909
