Model: GRU
MSE: 1451.678352271889
MAE: 37.7995091800032
EVS: -0.12417338595105898
