Model: GRU
MSE: 3.722946625259205
MAE: 1.4350084600777466
EVS: 0.858180108212321
