Model: GRU
MSE: 5.115306827081701
MAE: 1.7938491558206497
EVS: 0.860529027079698
