Model: GRU
MSE: 2.9357555113582796
MAE: 1.0801639228031557
EVS: 0.8557415909905673
