Model: GRU
MSE: 6.7622214490916885
MAE: 2.0407741850820083
EVS: 0.832504372063168
