Model: GRU
MSE: 3.5191269674471917
MAE: 1.3982513444177038
EVS: 0.8277342243546129
