Model: GRU
MSE: 7.27929619325188
MAE: 2.157399810593704
EVS: 0.8269507351703207
