Model: GRU
MSE: 3.638632725326778
MAE: 1.3911336372638574
EVS: 0.8245753609289439
