Model: GRU
MSE: 3.3551839486065838
MAE: 1.3371432320824985
EVS: 0.8396489756281924
