Model: GRU
MSE: 4.249608588117922
MAE: 1.3887281911126503
EVS: 0.8132039590249495
