Model: GRU
MSE: 3.6550627959657134
MAE: 1.4383897781372075
EVS: 0.846699302828958
