Model: GRU
MSE: 8.988951080284815
MAE: 2.4540870847373175
EVS: 0.8138880341064778
