Model: GRU
MSE: 3164.9036194302425
MAE: 56.0527778493947
EVS: -0.12978833032779202
