Model: GRU
MSE: 419.86513478020163
MAE: 19.97630606026485
EVS: -0.02278470443088554
