Model: GRU
MSE: 3762.8536509395835
MAE: 61.17581005754142
EVS: -0.0012395248727874453
