Model: GRU
MSE: 3.1762187907574675
MAE: 1.2378838226712985
EVS: 0.8606234707011436
