Model: GRU
MSE: 3.388662989970428
MAE: 1.2802443175480283
EVS: 0.8339657768946103
