Model: GRU
MSE: 6.726835851252243
MAE: 2.045310686374533
EVS: 0.7849371163235033
