Model: GRU
MSE: 482.3688576716727
MAE: 21.468727251579022
EVS: -0.05474139732739003
