Model: GRU
MSE: 3754.7177707577307
MAE: 61.06381205854745
EVS: -0.27421593455259563
