Model: GRU
MSE: 3.362817974246217
MAE: 1.3046816381914865
EVS: 0.8368327113585785
