Model: GRU
MSE: 6.808318646245376
MAE: 2.117577906312614
EVS: 0.7905285928346745
