Model: GRU
MSE: 3.805444604352947
MAE: 1.3945188933405388
EVS: 0.842469064978069
