Model: GRU
MSE: 8.217789962045902
MAE: 2.209404501421698
EVS: 0.769968322535433
