Model: GRU
MSE: 6.54966684469919
MAE: 1.9630799046878162
EVS: 0.7547689709703858
