Model: GRU
MSE: 3.554603614493321
MAE: 1.2994475940178183
EVS: 0.8293871052588124
