Model: GRU
MSE: 759.2380496707613
MAE: 27.263652078036603
EVS: 0.21708358392444183
