Model: GRU
MSE: 308.82066713334444
MAE: 16.937817614654016
EVS: -0.07775976707387522
