Model: GRU
MSE: 4500.049203033558
MAE: 66.9248851249958
EVS: -0.0373617137228186
