Model: GRU
MSE: 3.697424900334505
MAE: 1.4733373296671899
EVS: 0.8470920789753604
