Model: GRU
MSE: 1633.8899589363793
MAE: 40.16240297514817
EVS: -0.02568490220600994
