Model: GRU
MSE: 3.3976903069534616
MAE: 1.290988691921892
EVS: 0.8333654130000618
