Model: GRU
MSE: 422.8690412116841
MAE: 20.030537292875092
EVS: -0.0637841948272102
