Model: GRU
MSE: 5384.155556565876
MAE: 73.21869619961443
EVS: -0.13904536746249607
