Model: GRU
MSE: 620.2334955008506
MAE: 24.57939422541651
EVS: 0.20943935924277435
