Model: GRU
MSE: 9.670011471578842
MAE: 2.5687535672352233
EVS: 0.8038336793003847
