Model: GRU
MSE: 548.2136196470777
MAE: 23.156983375549316
EVS: 0.4118668378277469
