Model: GRU
MSE: 221.48807769513624
MAE: 14.098898449848438
EVS: -0.11599999443904174
