Model: GRU
MSE: 3.298207282545326
MAE: 1.2825567640107254
EVS: 0.8383056109971283
