Model: GRU
MSE: 3.9353218998237596
MAE: 1.4359432006704398
EVS: 0.8104344331079948
