Model: GRU
MSE: 935.569677437269
MAE: 30.244575599144245
EVS: -0.023914668855745447
