Model: GRU
MSE: 1790.1393965909074
MAE: 41.62671656444155
EVS: -1.8186511723068817
