Model: GRU
MSE: 969.4964175673574
MAE: 30.82995210844895
EVS: 0.06576449596871037
