Model: GRU
MSE: 4.461542659286361
MAE: 1.562695042840366
EVS: 0.8373464721567686
