Model: GRU
MSE: 3.180003296289156
MAE: 1.2005629868342962
EVS: 0.8519902646425503
