Model: GRU
MSE: 4.140840003034007
MAE: 1.4778191138958114
EVS: 0.8065594953019357
