Model: GRU
MSE: 4.7009194625819
MAE: 1.5856684816294708
EVS: 0.828799654168407
