Model: GRU
MSE: 3.992947571495498
MAE: 1.4105440172655834
EVS: 0.8121949323683784
