Model: GRU
MSE: 3.933760305990196
MAE: 1.4628110096372409
EVS: 0.8141777269059657
