Model: GRU
MSE: 1750.2794616955873
MAE: 40.74320401816532
EVS: -3.4361960897558745
