Model: GRU
MSE: 3.186321316709174
MAE: 1.2518869515123041
EVS: 0.844129188563534
