Model: GRU
MSE: 8.254002430223823
MAE: 2.310594369625223
EVS: 0.8122324698012388
