Model: GRU
MSE: 3.3693990120667414
MAE: 1.3047118762443808
EVS: 0.8365111542076606
