Model: GRU
MSE: 4.383995516002911
MAE: 1.5899322937274807
EVS: 0.8512090630848169
