Model: GRU
MSE: 3.734668727812433
MAE: 1.3590797969273158
EVS: 0.8048565640583978
