Model: GRU
MSE: 6.961833630987763
MAE: 2.127295280325002
EVS: 0.8379297514247036
