Model: GRU
MSE: 1845.6750180397169
MAE: 42.7394303288953
EVS: 0.06548719838564443
