Model: GRU
MSE: 295.62544044220436
MAE: 16.53563142644948
EVS: -0.09089732816736418
