Model: GRU
MSE: 23.34111095758631
MAE: 3.877567167939811
EVS: 0.149858263596095
