Model: GRU
MSE: 1676.958582371425
MAE: 40.7000820554536
EVS: -0.00556355255120855
