Model: GRU
MSE: 574.0152620423746
MAE: 23.461891651153564
EVS: -0.1575634519096205
