Model: GRU
MSE: 6.837276479824181
MAE: 2.107733673062818
EVS: 0.836520916663106
