Model: GRU
MSE: 3.769495170137941
MAE: 1.3971711520490975
EVS: 0.8148048260870111
