Model: GRU
MSE: 3.554531600709223
MAE: 1.328352928161621
EVS: 0.8150518031013357
