Model: GRU
MSE: 3.0133637742854513
MAE: 1.1898602946051238
EVS: 0.8521650760268644
