Model: GRU
MSE: 4.730971875298604
MAE: 1.5739523953404926
EVS: 0.8258649476236117
