Model: GRU
MSE: 3.3123613335297226
MAE: 1.2206376256613896
EVS: 0.8387720554964844
