Model: GRU
MSE: 6.615794629611305
MAE: 1.9996988567812692
EVS: 0.8127119302770939
