Model: GRU
MSE: 819.5401161737266
MAE: 28.294181198909364
EVS: 0.06729010267799174
