Model: GRU
MSE: 3.3604962856248557
MAE: 1.2399623311799153
EVS: 0.8504689665371037
