Model: GRU
MSE: 2326.1662268931636
MAE: 48.018928922455885
EVS: -2.220446049250313e-16
