Model: GRU
MSE: 3.374287096869509
MAE: 1.3116332826943238
EVS: 0.8352855330854663
