Model: GRU
MSE: 4.94768965858626
MAE: 1.63624198683377
EVS: 0.7810689746085733
