Model: GRU
MSE: 3.3938193647331114
MAE: 1.2834496169254703
EVS: 0.8383270159028529
