Model: GRU
MSE: 349.86371782770993
MAE: 18.12628334144066
EVS: -0.04682748250688462
