Model: GRU
MSE: 918.276442491048
MAE: 29.971426733608904
EVS: 0.0176261938480049
