Model: GRU
MSE: 6.96105181206349
MAE: 1.9836339621708317
EVS: 0.7808518171725358
