Model: GRU
MSE: 6.984500555782661
MAE: 2.185818491310909
EVS: 0.8402304947562446
