Model: GRU
MSE: 3244.872405229234
MAE: 56.83382652545797
EVS: 0.2732423450515973
