Model: GRU
MSE: 7.825559480980244
MAE: 2.1392483176856207
EVS: 0.7615208066358394
