Model: GRU
MSE: 1780.9569866849492
MAE: 41.88083543448612
EVS: -0.32453771231791295
