Model: GRU
MSE: 3796.234012946332
MAE: 61.415500772410425
EVS: -0.1976336258130338
