Model: GRU
MSE: 5.758539283195896
MAE: 1.8572169994485794
EVS: 0.7756878173074575
