Model: GRU
MSE: 4.878468072587284
MAE: 1.6719645631724396
EVS: 0.7846714435479145
