Model: GRU
MSE: 4021.4246578418797
MAE: 63.268443140490305
EVS: 0.0894372773390244
