Model: GRU
MSE: 243.9363319230333
MAE: 14.953029196837853
EVS: 0.00026745069102029895
