Model: GRU
MSE: 701.4667401346679
MAE: 26.13457329519864
EVS: 0.09326757796670049
