Model: GRU
MSE: 2496.553922933736
MAE: 49.76453603547195
EVS: 0.014930489136448899
