Model: GRU
MSE: 7.249410097723275
MAE: 2.137929147687452
EVS: 0.8219206365533902
