Model: GRU
MSE: 4.399551839337808
MAE: 1.6003617911503238
EVS: 0.8585412323847662
