Model: GRU
MSE: 702.5044482969884
MAE: 26.14842365527975
EVS: 0.07785775074421675
