Model: GRU
MSE: 220.9620171927614
MAE: 14.129675844620014
EVS: -0.047451977937922996
