Model: GRU
MSE: 3.6005153779583923
MAE: 1.3414904495765427
EVS: 0.8366343400331413
