Model: GRU
MSE: 4.97564860585018
MAE: 1.6840887727408578
EVS: 0.8255091558036229
