Model: GRU
MSE: 4.071735825578153
MAE: 1.497929844362983
EVS: 0.8449926888107746
