Model: GRU
MSE: 3.487699621396822
MAE: 1.3106640782849541
EVS: 0.8288658888041345
