Model: GRU
MSE: 1273.114356058014
MAE: 35.16530290143243
EVS: -0.7945049170126552
