Model: GRU
MSE: 5.424939291437377
MAE: 1.727479350977931
EVS: 0.8099933545403571
