Model: GRU
MSE: 3.609686757584929
MAE: 1.376146406962954
EVS: 0.8234464101289737
