Model: GRU
MSE: 4807.237633496486
MAE: 68.8683489437761
EVS: -2.1642400970750546
