Model: GRU
MSE: 13.97912697353196
MAE: 3.214863579848717
EVS: 0.7941924156922082
