Model: GRU
MSE: 6.5285942841171085
MAE: 2.0337025708165664
EVS: 0.822902535532776
