Model: GRU
MSE: 3.8908774451962755
MAE: 1.4434214460438701
EVS: 0.8154168176632115
