Model: GRU
MSE: 3.4417512007657
MAE: 1.333348027591048
EVS: 0.8598351007602008
