Model: GRU
MSE: 797.20700299741
MAE: 27.830913083306676
EVS: -0.11295998336329771
