Model: GRU
MSE: 3.596152846191597
MAE: 1.3556935129494507
EVS: 0.8263259948939058
