Model: GRU
MSE: 5.063557018217003
MAE: 1.6757265370467618
EVS: 0.7657089766801654
