Model: GRU
MSE: 328.4698556264036
MAE: 17.49168608106416
EVS: -0.10625162693891133
