Model: GRU
MSE: 5020.599727893177
MAE: 70.67207112805596
EVS: -0.2805781482927965
