Model: GRU
MSE: 5.061066741156206
MAE: 1.7262228192954232
EVS: 0.7952621637154206
