Model: GRU
MSE: 3.8884474558569058
MAE: 1.3289579194167567
EVS: 0.8232969161121274
