Model: GRU
MSE: 735.939370826022
MAE: 26.664519211341595
EVS: -0.22576851687601107
