Model: GRU
MSE: 208.3545357170991
MAE: 13.651686101124204
EVS: -0.08046267924733086
