Model: GRU
MSE: 4.789018696493989
MAE: 1.673808048511374
EVS: 0.8215666449268685
