Model: GRU
MSE: 4.1035096242572875
MAE: 1.3769699622844833
EVS: 0.8287003092150778
