Model: GRU
MSE: 849.240906111919
MAE: 28.72992153825431
EVS: -0.1712062121081943
