Model: GRU
MSE: 524.0381690483275
MAE: 22.3839457117278
EVS: -0.13015339684354954
