Model: GRU
MSE: 5.624033080231117
MAE: 1.7887470064492066
EVS: 0.8357070532693256
