Model: GRU
MSE: 5.511933559006139
MAE: 1.7922513402741536
EVS: 0.8059722438995425
