Model: GRU
MSE: 9.039581536919778
MAE: 2.3971801872911125
EVS: 0.7852506382397026
