Model: GRU
MSE: 4.333888251600394
MAE: 1.5627379581846044
EVS: 0.8336654949484972
