Model: GRU
MSE: 1616.4193057487466
MAE: 40.03648830282277
EVS: 0.3366202552677281
