Model: GRU
MSE: 3.373656022505288
MAE: 1.3559964607501853
EVS: 0.8345870190038421
