Model: GRU
MSE: 4.738503877983292
MAE: 1.5848504674845734
EVS: 0.7846328659643405
