Model: GRU
MSE: 242.15556352967607
MAE: 14.792098678391556
EVS: -0.14746344286893853
