Model: GRU
MSE: 409.803663686829
MAE: 19.679789567815845
EVS: -0.10619130784850639
