Model: GRU
MSE: 2386.5927574630687
MAE: 48.67442874250741
EVS: 0.14526476565765556
