Model: GRU
MSE: 208.4262439234331
MAE: 13.66617627596033
EVS: -0.06453377358946821
