Model: GRU
MSE: 5151.172672412618
MAE: 71.63364844486631
EVS: 0.02730441555969676
