Model: GRU
MSE: 5.2712081856714095
MAE: 1.7596987773632187
EVS: 0.8306616011612322
