Model: GRU
MSE: 5.590949493372663
MAE: 1.8098348913521607
EVS: 0.8438791939045757
