Model: GRU
MSE: 3.7710685620634585
MAE: 1.4906955258599643
EVS: 0.8153240316521728
