Model: GRU
MSE: 995.2922019849182
MAE: 31.24520709596831
EVS: 0.06484232579495519
