Model: GRU
MSE: 35.384814867597264
MAE: 4.9342193603515625
EVS: 0.0
