Model: GRU
MSE: 5.3376370357415475
MAE: 1.765978492539505
EVS: 0.8161659647914649
