Model: GRU
MSE: 395.20916212195255
MAE: 19.374341290572595
EVS: 0.024799154368330356
