Model: GRU
MSE: 5.268937452464296
MAE: 1.795463150945203
EVS: 0.7412212459458547
