Model: GRU
MSE: 4.61761919223265
MAE: 1.605354103548774
EVS: 0.8103691299749842
