Model: GRU
MSE: 639.8429657319539
MAE: 24.872752475738526
EVS: -0.10749805397098422
