Model: GRU
MSE: 4.015319553747214
MAE: 1.5282086092850262
EVS: 0.8580812517263032
