Model: GRU
MSE: 7.3707881195277665
MAE: 2.1249884736949003
EVS: 0.7964060562489166
