Model: GRU
MSE: 8.655253809814534
MAE: 2.354626408938704
EVS: 0.7215781873733944
