Model: GRU
MSE: 3.6334661091744294
MAE: 1.4040456558095995
EVS: 0.8320686606422952
