Model: GRU
MSE: 4.08973785221611
MAE: 1.4842203115594803
EVS: 0.8483460297826552
