Model: GRU
MSE: 743.9073453652279
MAE: 26.874710428303686
EVS: -0.06430844422915372
