Model: GRU
MSE: 212.8816945959857
MAE: 13.898150135730875
EVS: 0.03074274413316802
