Model: GRU
MSE: 4.077196516321708
MAE: 1.444726549345872
EVS: 0.8098371751757055
