Model: GRU
MSE: 5.155427330200788
MAE: 1.6874586056018703
EVS: 0.8180316272950658
