Model: GRU
MSE: 2.900927526666696
MAE: 1.0884887678869841
EVS: 0.8587629868254508
