Model: GRU
MSE: 3.2721862552267527
MAE: 1.2473293172902076
EVS: 0.8391944938913101
