Model: GRU
MSE: 4.247292360873367
MAE: 1.5103355358386867
EVS: 0.8353172386332038
