Model: GRU
MSE: 4.959662556491654
MAE: 1.6612680122770116
EVS: 0.819616826808572
