Model: GRU
MSE: 247.91675712757117
MAE: 14.923878562861475
EVS: -0.2381437454216948
