Model: GRU
MSE: 9.832933109698326
MAE: 2.58789101551319
EVS: 0.7924061679519471
