Model: GRU
MSE: 3.3603484065292752
MAE: 1.2755175458973853
EVS: 0.8359359767859443
