Model: GRU
MSE: 2112.821291640029
MAE: 45.71948646676952
EVS: -0.10817190697135848
