Model: GRU
MSE: 3.1292384143523813
MAE: 1.257104100852177
EVS: 0.8467117469737779
