Model: GRU
MSE: 1161.1852128494281
MAE: 33.89301793328647
EVS: 0.38823840849415825
