Model: GRU
MSE: 4.946912579109481
MAE: 1.6102138017785965
EVS: 0.8171886819694347
