Model: GRU
MSE: 5.015481613588594
MAE: 1.6895848553756192
EVS: 0.8122167571294493
