Model: GRU
MSE: 7.8147745456706375
MAE: 2.1865668050174056
EVS: 0.7965484797196736
