Model: GRU
MSE: 6.104562881482563
MAE: 1.875999261592997
EVS: 0.7802332026175939
