Model: GRU
MSE: 4.146783637326599
MAE: 1.5021606724837735
EVS: 0.8378155824494978
