Model: GRU
MSE: 12.33198875389228
MAE: 2.9507347345352173
EVS: 0.7869816984995942
