Model: GRU
MSE: 1750.5390315663
MAE: 41.69018370529701
EVS: 0.3873014459853851
