Model: GRU
MSE: 6.0517874982792526
MAE: 1.9674538086200586
EVS: 0.8086961790065045
