Model: GRU
MSE: 4586.22539296596
MAE: 67.58662552669131
EVS: 0.10198440023263344
