Model: GRU
MSE: 420.38224193794855
MAE: 19.975435487155256
EVS: -0.04990625449005548
