Model: GRU
MSE: 3.3435921265884936
MAE: 1.3339855835355563
EVS: 0.8384281994895508
