Model: GRU
MSE: 3.5199495266769825
MAE: 1.3180438978918667
EVS: 0.8273440548682598
