Model: GRU
MSE: 519.8188792334988
MAE: 22.3483557207831
EVS: -0.0010410387808550414
