Model: GRU
MSE: 4.4012876767675575
MAE: 1.456064290013807
EVS: 0.8013265880247025
