Model: GRU
MSE: 3.5083409251071025
MAE: 1.3759562640354555
EVS: 0.8279628745620808
