Model: GRU
MSE: 3.803785444799999
MAE: 1.413223291265554
EVS: 0.8324209336633872
