Model: GRU
MSE: 3.772798224327791
MAE: 1.392524604139657
EVS: 0.8180935192350297
