Model: GRU
MSE: 6504.708122102087
MAE: 80.51859927999563
EVS: -0.05477502212221652
