Model: GRU
MSE: 430.2898701592156
MAE: 20.32970482727577
EVS: 0.16491085681317086
