Model: GRU
MSE: 9.166118919584987
MAE: 2.378517142657576
EVS: 0.7623901625437188
