Model: GRU
MSE: 331.69932863685705
MAE: 17.586994927504968
EVS: -0.10065737985157264
