Model: GRU
MSE: 192.87870222123004
MAE: 13.131835805958715
EVS: -0.004172187241227254
