Model: GRU
MSE: 3.6877614973679274
MAE: 1.3692795079329922
EVS: 0.8627214492531501
