Model: GRU
MSE: 6.4760729707559355
MAE: 1.9803698227323339
EVS: 0.8147418777316332
