Model: GRU
MSE: 42.438792474034486
MAE: 5.43124376494309
EVS: 0.07480511168480009
