Model: GRU
MSE: 5.127649746628907
MAE: 1.7114894883386025
EVS: 0.8144032120858202
