Model: GRU
MSE: 894.9245029624774
MAE: 29.20548391342163
EVS: -1.0622560052846408
