Model: GRU
MSE: 5.312198120860888
MAE: 1.757180526338775
EVS: 0.8290622830894553
