Model: GRU
MSE: 4.192289327108781
MAE: 1.397322769822746
EVS: 0.8267372540720709
