Model: GRU
MSE: 12.384891888669857
MAE: 2.9846868350588043
EVS: 0.7979924966790595
