Model: GRU
MSE: 3541.146783697073
MAE: 59.33303602810564
EVS: -0.019113137623847143
