Model: GRU
MSE: 179.6985176992819
MAE: 12.713627689871295
EVS: 0.11236611016240272
