Model: GRU
MSE: 7.942330877466985
MAE: 2.2433633968747895
EVS: 0.7981925464467764
