Model: GRU
MSE: 2.6549674391076263
MAE: 1.0831673309720797
EVS: 0.8698477738159348
