Model: GRU
MSE: 4.641509974845641
MAE: 1.5633124811895966
EVS: 0.8067660641192099
