Model: GRU
MSE: 3.736723643986192
MAE: 1.4340801814506798
EVS: 0.8600017832850697
