Model: GRU
MSE: 3024.9157305991494
MAE: 54.80340826100316
EVS: -0.056685783134312384
