Model: GRU
MSE: 4.498589679614098
MAE: 1.5612474474413647
EVS: 0.8331427784076807
