Model: GRU
MSE: 772.297827371593
MAE: 26.423659900139118
EVS: -2.640923197036612
