Model: GRU
MSE: 4.189358013993937
MAE: 1.6547477327544113
EVS: 0.8373176902275967
