Model: GRU
MSE: 8.404666814818823
MAE: 2.313867190788532
EVS: 0.7737601190513398
