Model: GRU
MSE: 5.451026615185963
MAE: 1.9707775855886525
EVS: 0.8374610721095844
