Model: GRU
MSE: 5.835151008347464
MAE: 1.8984820185036497
EVS: 0.8529043962141981
