Model: GRU
MSE: 5.2583768201906045
MAE: 1.7435925171293065
EVS: 0.8219357462424856
