Model: GRU
MSE: 5.388376488935735
MAE: 1.7834407872167128
EVS: 0.8286136189085016
