Model: GRU
MSE: 3.299232058396687
MAE: 1.2723310651450321
EVS: 0.8419724137472334
