Model: GRU
MSE: 3942.6949999227063
MAE: 62.6223034694277
EVS: -0.03899101087271184
