Model: GRU
MSE: 7.533194365769193
MAE: 2.179856653871208
EVS: 0.8002882412313507
