Model: GRU
MSE: 5.275196966098385
MAE: 1.744517482560257
EVS: 0.8324654206012189
