Model: GRU
MSE: 824.0565217321348
MAE: 27.949000144826954
EVS: -1.1087307511652509
