Model: GRU
MSE: 6.525050224259833
MAE: 2.082358319183876
EVS: 0.8471843575422695
