Model: GRU
MSE: 11.327344357355098
MAE: 2.79718253530305
EVS: 0.7891805710667482
