Model: GRU
MSE: 368.3444248939218
MAE: 18.70765094921507
EVS: 0.09732670649292263
