Model: GRU
MSE: 3.022574408859155
MAE: 1.157080255705735
EVS: 0.8519808862373532
