Model: GRU
MSE: 3.365715538493015
MAE: 1.2358094905984816
EVS: 0.8403825312762419
