Model: GRU
MSE: 3.155833041050367
MAE: 1.2445516668517018
EVS: 0.8632504642226877
