Model: GRU
MSE: 42.720807326219955
MAE: 5.492008669623013
EVS: 0.005764893343361943
