Model: GRU
MSE: 4.088898243954177
MAE: 1.4105555261884417
EVS: 0.7958014434128938
