Model: GRU
MSE: 3.889966545948232
MAE: 1.4262444397498826
EVS: 0.8460079769868407
