Model: GRU
MSE: 3.469995024134258
MAE: 1.4268635470291662
EVS: 0.8540550397546038
