Model: GRU
MSE: 3.8965705574204055
MAE: 1.5126813691237881
EVS: 0.8266900781430078
