Model: GRU
MSE: 3.5113067943786307
MAE: 1.3434902141834129
EVS: 0.8282849801084586
