Model: GRU
MSE: 3.666531554348996
MAE: 1.4563977553926664
EVS: 0.8434526230580538
