Model: GRU
MSE: 3.9879005028689196
MAE: 1.4854130005014359
EVS: 0.8439200447877143
