Model: GRU
MSE: 5.462598547029222
MAE: 1.8855385369267963
EVS: 0.8554934751882151
