Model: GRU
MSE: 3.626351650086522
MAE: 1.3685953452669346
EVS: 0.8565140092308199
