Model: GRU
MSE: 8.29838278182181
MAE: 2.235122294261538
EVS: 0.7496874946088465
