Model: GRU
MSE: 5.554728103121177
MAE: 1.7991526784568002
EVS: 0.8233710382034062
