Model: GRU
MSE: 5015.7960342749375
MAE: 70.67847863559065
EVS: -2.220446049250313e-16
