Model: GRU
MSE: 379.87055683249673
MAE: 19.053057193756104
EVS: 0.17185987303834038
