Model: GRU
MSE: 4.047098875264163
MAE: 1.470782929453357
EVS: 0.8434665981898081
