Model: GRU
MSE: 11.164542219238815
MAE: 2.8045694499180236
EVS: 0.7939150786174434
