Model: GRU
MSE: 4.239167403849659
MAE: 1.4804364237292065
EVS: 0.793272444324581
