Model: GRU
MSE: 1061.235260321303
MAE: 32.27359988771636
EVS: 0.034335446389023416
