Model: GRU
MSE: 9.124836103708214
MAE: 2.3893692575652024
EVS: 0.7433686109563429
