Model: GRU
MSE: 3.133818760336167
MAE: 1.2751694958785484
EVS: 0.8538803471107868
