Model: GRU
MSE: 6.10289181337844
MAE: 1.8414512338309457
EVS: 0.788115466921044
