Model: GRU
MSE: 5.8559006962492015
MAE: 1.9049629507393675
EVS: 0.8398681153338582
