Model: GRU
MSE: 6.705459941275974
MAE: 2.03314233648366
EVS: 0.8222622344363137
