Model: GRU
MSE: 3.0447447876568408
MAE: 1.2460251758838525
EVS: 0.8504648679509037
