Model: GRU
MSE: 3.951954568904151
MAE: 1.4135614263600322
EVS: 0.8174349174235505
