Model: GRU
MSE: 4.396472566330291
MAE: 1.6018151579232056
EVS: 0.8551788960654487
