Model: GRU
MSE: 2849.070177637616
MAE: 53.18868058303307
EVS: 0.015443575394566533
