Model: GRU
MSE: 2018.9056896605393
MAE: 44.51156215010018
EVS: -0.8490881161671251
