Model: GRU
MSE: 1063.158124590064
MAE: 32.24772262573242
EVS: -0.14221149968071267
