Model: GRU
MSE: 3.6408485258598104
MAE: 1.4050183871696738
EVS: 0.8403590493489994
