Model: GRU
MSE: 222.8693345038955
MAE: 14.142769386028421
EVS: -0.12299152005073477
