Model: GRU
MSE: 6.512147291890385
MAE: 1.9817441742995692
EVS: 0.7739129287702297
