Model: GRU
MSE: 1820.1141424308573
MAE: 42.39150218305917
EVS: -0.1339640433298428
