Model: GRU
MSE: 479.8718304087695
MAE: 21.0420084328487
EVS: -0.8234936899129865
