Model: GRU
MSE: 6.220162121060186
MAE: 1.9788572089425451
EVS: 0.8249085314067344
