Model: GRU
MSE: 3.6619454432470944
MAE: 1.473817348480225
EVS: 0.826584210445428
