Model: GRU
MSE: 3.093913572403098
MAE: 1.1804333719713935
EVS: 0.849472186182906
