Model: GRU
MSE: 186.0632419937379
MAE: 12.915697027897012
EVS: 0.05409093391273645
