Model: GRU
MSE: 6.01248675392308
MAE: 1.836634241301438
EVS: 0.8084744115772128
