Model: GRU
MSE: 5.80354221252284
MAE: 1.7693355165678883
EVS: 0.7812437737412662
