Model: GRU
MSE: 2.836404450290988
MAE: 1.1439656718023894
EVS: 0.8607021841058438
