Model: GRU
MSE: 1851.0523001153435
MAE: 42.768084164323476
EVS: -0.07836302170105292
