Model: GRU
MSE: 4.023356234299501
MAE: 1.4854835312941979
EVS: 0.8024458228199968
