Model: GRU
MSE: 10.908224758589563
MAE: 2.597734467736606
EVS: 0.70014789795583
