Model: GRU
MSE: 463.8815063243843
MAE: 21.09999916471284
EVS: 0.08242055347085053
