Model: GRU
MSE: 3.273746860360038
MAE: 1.2761163711547856
EVS: 0.8548847201104292
