Model: GRU
MSE: 4.510201525100391
MAE: 1.594702790523398
EVS: 0.84793271788921
