Model: GRU
MSE: 6.903134617565899
MAE: 2.092757323692585
EVS: 0.8283090555622321
