Model: GRU
MSE: 191.7185175960337
MAE: 13.073572674701953
EVS: -0.02218929262321323
