Model: GRU
MSE: 8.926868603322113
MAE: 2.563262631153238
EVS: 0.8457588946099748
