Model: GRU
MSE: 1654.9037597532574
MAE: 40.37125738735857
EVS: -0.23179104956195684
