Model: GRU
MSE: 9.872361390127407
MAE: 2.582976217927604
EVS: 0.8003068539175067
