Model: GRU
MSE: 4.111741542215909
MAE: 1.4771968989536686
EVS: 0.8376421513296392
