Model: GRU
MSE: 186.37068923668355
MAE: 12.915316286785849
EVS: 0.0384986702361122
