Model: GRU
MSE: 9.25538115431825
MAE: 2.5523534561025687
EVS: 0.8188961906670242
