Model: GRU
MSE: 3.9932034661240583
MAE: 1.457326066905055
EVS: 0.8572952142314612
