Model: GRU
MSE: 3.535843186901688
MAE: 1.3905672081585594
EVS: 0.8500831600804686
