Model: GRU
MSE: 1799.82060626478
MAE: 42.34330706760801
EVS: 0.6626341962517609
