Model: GRU
MSE: 4.408926525879573
MAE: 1.489137772856088
EVS: 0.8157979015667173
