Model: GRU
MSE: 2010.6283834607982
MAE: 44.625141078028186
EVS: 0.05521361297207206
