Model: GRU
MSE: 5.595096126056368
MAE: 1.777181304734329
EVS: 0.814748156524818
