Model: GRU
MSE: 8.98141684686063
MAE: 2.495094500738999
EVS: 0.8174630956474426
