Model: GRU
MSE: 171.99497362663107
MAE: 12.29579840035274
EVS: -0.022587362886436146
