Model: GRU
MSE: 6.43057269039775
MAE: 2.0112282818761367
EVS: 0.8332117011203992
