Model: GRU
MSE: 4.242479703294788
MAE: 1.5089641275077033
EVS: 0.7999055956509875
