Model: GRU
MSE: 3.155538162476099
MAE: 1.2728092670440672
EVS: 0.8512682436066965
