Model: GRU
MSE: 5.429851051350238
MAE: 1.8430117492018079
EVS: 0.8483189609395951
