Model: GRU
MSE: 536.3277122117663
MAE: 22.71861298330899
EVS: 0.007683820986982726
