Model: GRU
MSE: 3.680572225736016
MAE: 1.5077541038907805
EVS: 0.8629408984464327
