Model: GRU
MSE: 5.654865011765397
MAE: 1.7902600436375065
EVS: 0.80261081508833
