Model: GRU
MSE: 1760.1020148434638
MAE: 41.68860458505565
EVS: -0.0891246748479042
