Model: GRU
MSE: 4.12728412773173
MAE: 1.5709192506198226
EVS: 0.7993773671875914
