Model: GRU
MSE: 3.8510250222686198
MAE: 1.436247702302604
EVS: 0.8118456098191936
