Model: GRU
MSE: 4.538771209677032
MAE: 1.5498027801513676
EVS: 0.8233366771678314
