Model: GRU
MSE: 4.459505182080637
MAE: 1.5611677087586506
EVS: 0.8307237808161825
