Model: GRU
MSE: 2.8399411333841256
MAE: 1.1046921960238756
EVS: 0.8608148505536624
