Model: GRU
MSE: 3.9399932354272504
MAE: 1.5881053003771557
EVS: 0.872698638609243
