Model: GRU
MSE: 4.151506158624518
MAE: 1.46557065536236
EVS: 0.8149153673155122
