Model: GRU
MSE: 4.454145664369642
MAE: 1.639791315999524
EVS: 0.821079658931251
