Model: GRU
MSE: 3.7576383760864362
MAE: 1.4545307981556865
EVS: 0.8456771492301555
