Model: GRU
MSE: 8.20843804074962
MAE: 2.2904477283872406
EVS: 0.8002555331971637
