Model: GRU
MSE: 5.387014354355017
MAE: 1.763842237406764
EVS: 0.8271592392968519
