Model: GRU
MSE: 6.893658275366288
MAE: 2.092767296166256
EVS: 0.8282855236801766
