Model: GRU
MSE: 7.908612138776555
MAE: 2.254052655450229
EVS: 0.8147320546908128
