Model: GRU
MSE: 282.61763701719394
MAE: 16.241358831011016
EVS: 0.07434343648643738
