Model: GRU
MSE: 5.87864827586747
MAE: 1.8603324150216993
EVS: 0.8164775406855653
