Model: GRU
MSE: 5.271812235586622
MAE: 1.7518985353667165
EVS: 0.8492289151831918
