Model: GRU
MSE: 5.2048782734102605
MAE: 1.716553326310783
EVS: 0.8123442239134145
