Model: GRU
MSE: 536.0228952406229
MAE: 22.02896634463606
EVS: -1.4938967548618627
