Model: GRU
MSE: 1605.4970078506408
MAE: 39.87340072105671
EVS: 0.23292746466766978
