Model: GRU
MSE: 1096.5403907123891
MAE: 32.81924468073352
EVS: 0.044775493838567715
