Model: GRU
MSE: 2.8696123627336036
MAE: 1.1632675384653024
EVS: 0.8646435674639603
