Model: GRU
MSE: 5.05954876183028
MAE: 1.6893119236518601
EVS: 0.816393490889826
