Model: GRU
MSE: 5.822584990055445
MAE: 1.7910415057478282
EVS: 0.8053669153649555
