Model: GRU
MSE: 6.623910252142205
MAE: 2.04503424414273
EVS: 0.8243850904384907
