Model: GRU
MSE: 4.430402951306958
MAE: 1.5101914981315878
EVS: 0.7895741011209827
