Model: GRU
MSE: 2.972956203075914
MAE: 1.1784412367590542
EVS: 0.8576010716143107
