Model: GRU
MSE: 1133.9142449069411
MAE: 33.19706127561372
EVS: -0.5661629513064523
