Model: GRU
MSE: 5.79481889119855
MAE: 1.8934892868173538
EVS: 0.7787885964613783
