Model: GRU
MSE: 200.08126958519836
MAE: 13.465308625122596
EVS: 0.07774253083726324
