Model: GRU
MSE: 3.343965622618396
MAE: 1.2875619756764378
EVS: 0.8356778920904413
