Model: GRU
MSE: 219.39399745979722
MAE: 14.071994107345056
EVS: -0.05033676207166926
