Model: GRU
MSE: 4.229053000576372
MAE: 1.5452777681679566
EVS: 0.8298660981377989
