Model: GRU
MSE: 6.298939181723248
MAE: 1.9960372324647577
EVS: 0.8472950392503966
