Model: GRU
MSE: 6.904910922129008
MAE: 2.0703627158855573
EVS: 0.8049914551725866
