Model: GRU
MSE: 6.795110376932918
MAE: 2.111283405073758
EVS: 0.8385260916692311
