Model: GRU
MSE: 6.75529766303185
MAE: 2.0101385157683804
EVS: 0.8078731664076555
