Model: GRU
MSE: 3.938143137692899
MAE: 1.5190777449772273
EVS: 0.8257372758022543
