Model: GRU
MSE: 4.671917877181081
MAE: 1.6248099228431443
EVS: 0.8278386373697204
