Model: GRU
MSE: 4.521731297004029
MAE: 1.6016557381070897
EVS: 0.8333705093470047
