Model: GRU
MSE: 214.79293489467454
MAE: 13.882526151065168
EVS: -0.08451209166460738
