Model: GRU
MSE: 8.17174849077904
MAE: 2.34021572409005
EVS: 0.8193630063924582
