Model: GRU
MSE: 3.1201871776310806
MAE: 1.1828920512363834
EVS: 0.848522714291069
