Model: GRU
MSE: 3.584776051072011
MAE: 1.3406454859108765
EVS: 0.8331874429286983
