Model: GRU
MSE: 5.800333597090733
MAE: 1.8353720533436748
EVS: 0.770885799180306
