Model: GRU
MSE: 5.015747182293216
MAE: 1.6821327250579312
EVS: 0.8376104850408413
