Model: GRU
MSE: 4.854361008348595
MAE: 1.6608788227212845
EVS: 0.8080199371827395
