Model: GRU
MSE: 8383.533481658284
MAE: 91.46472562592605
EVS: 0.12832491624872278
