Model: GRU
MSE: 6.203471056212578
MAE: 1.9735896669585131
EVS: 0.8330746102242905
