Model: GRU
MSE: 3.2962054475171327
MAE: 1.2591485648319642
EVS: 0.8382922729706531
