Model: GRU
MSE: 4.288385091497186
MAE: 1.4921952362718256
EVS: 0.8043117005052013
