Model: GRU
MSE: 6.336953761129231
MAE: 1.965186406826151
EVS: 0.8159885882855272
