Model: GRU
MSE: 3.239912235031213
MAE: 1.2340515646441232
EVS: 0.8409435887824062
