Model: GRU
MSE: 2.9800824309289933
MAE: 1.2779679627254088
EVS: 0.8710807662719775
