Model: GRU
MSE: 1539.9111252350524
MAE: 38.94201255666798
EVS: -0.15146385001202667
