Model: GRU
MSE: 2739.6221128133675
MAE: 52.218733425798085
EVS: 0.36968959981212823
