Model: GRU
MSE: 5.328363758263093
MAE: 1.8122755247971112
EVS: 0.8545834092575924
