Model: GRU
MSE: 615.8753677833851
MAE: 24.178279103903936
EVS: -0.537503604945138
