Model: GRU
MSE: 8.220552703969217
MAE: 2.2383448913179596
EVS: 0.7737646414243134
