Model: GRU
MSE: 3.296271226978833
MAE: 1.2686323955141268
EVS: 0.8447122153041231
