Model: GRU
MSE: 4.159500216615678
MAE: 1.5073638702261039
EVS: 0.8037168208616452
