Model: GRU
MSE: 4.598022677793846
MAE: 1.590252539207196
EVS: 0.8292097899800303
