Model: GRU
MSE: 253.83992746973922
MAE: 15.242379805137372
EVS: -0.057059849865841006
