Model: GRU
MSE: 4.7976322777424505
MAE: 1.6465356349945073
EVS: 0.8015396857184924
