Model: GRU
MSE: 5.708701608818804
MAE: 1.8301913738250737
EVS: 0.8077693613375982
