Model: GRU
MSE: 3334.9274358875027
MAE: 57.57246734356058
EVS: 0.0005038245762370996
