Model: GRU
MSE: 3.6984243734041704
MAE: 1.4557164784135495
EVS: 0.8251800350558263
