Model: GRU
MSE: 225.89945274629278
MAE: 14.359597362320999
EVS: 0.03180920394873876
