Model: GRU
MSE: 4.818594682857706
MAE: 1.739586710929871
EVS: 0.8650623076800127
