Model: GRU
MSE: 216.24497293486033
MAE: 13.925678656019013
EVS: -0.09689835924770973
