Model: GRU
MSE: 365.6538866499972
MAE: 18.580784460593915
EVS: -0.0029310702406677436
