Model: GRU
MSE: 234.18308210358498
MAE: 14.504307233054062
EVS: -0.17000904794306493
