Model: GRU
MSE: 276.3082822521456
MAE: 16.05359804219213
EVS: 0.08641439354166036
