Model: GRU
MSE: 3.7019581739507994
MAE: 1.2970492716493283
EVS: 0.8374026765802741
