Model: GRU
MSE: 5.373217813989151
MAE: 1.7692322155524949
EVS: 0.8352076093580201
