Model: GRU
MSE: 3.736252142590694
MAE: 1.448031713222635
EVS: 0.8237101672216744
