Model: GRU
MSE: 7943.761127339237
MAE: 89.02483946701577
EVS: 0.09875852554533049
