Model: GRU
MSE: 4.219774127191296
MAE: 1.4652363596291382
EVS: 0.8327154957461004
