Model: GRU
MSE: 7.210758350361589
MAE: 2.0759086691100026
EVS: 0.7763912412735967
