Model: GRU
MSE: 379.1689006566895
MAE: 18.84399242401123
EVS: -0.25822105712524657
