Model: GRU
MSE: 51.23335659835485
MAE: 6.074262717674518
EVS: 0.0
