Model: GRU
MSE: 2212.6762848328462
MAE: 46.21076218835239
EVS: -2.795907013483111
