Model: GRU
MSE: 6392.58576708209
MAE: 79.8074248741413
EVS: -0.14801983351854453
