Model: GRU
MSE: 8.083192128124265
MAE: 2.206083544369402
EVS: 0.752172370141578
