Model: GRU
MSE: 11.62637246341397
MAE: 2.925886581683981
EVS: 0.8108098194616353
