Model: GRU
MSE: 301.97913417801317
MAE: 16.794124907460706
EVS: 0.020256302567171702
