Model: GRU
MSE: 243.7759325083944
MAE: 14.9534579063284
EVS: 0.008780067089435128
