Model: GRU
MSE: 4.867008721800945
MAE: 1.61922967844996
EVS: 0.8278070341667201
