Model: GRU
MSE: 904.7891026597973
MAE: 29.725326110576763
EVS: -0.04154558165133193
