Model: GRU
MSE: 5.7479765222995916
MAE: 1.888957681327031
EVS: 0.8278569881705553
