Model: GRU
MSE: 6.363982396989978
MAE: 1.9273128673948092
EVS: 0.8177120605066694
