Model: GRU
MSE: 473.0959834469183
MAE: 21.326422937985125
EVS: 0.10167847214986392
