Model: GRU
MSE: 914.2151051914883
MAE: 29.81779983125884
EVS: -0.23417851001815326
