Model: GRU
MSE: 4.081418996306042
MAE: 1.6030955479062834
EVS: 0.8105175636646593
