Model: GRU
MSE: 3.0558194515833237
MAE: 1.2294217060352197
EVS: 0.8499133504910139
