Model: GRU
MSE: 3.1573613273721652
MAE: 1.2567069366060457
EVS: 0.8465821047714894
