Model: GRU
MSE: 5.609661908422317
MAE: 1.8308640636246785
EVS: 0.8382871233330306
