Model: GRU
MSE: 6206.662108636155
MAE: 78.6582716580095
EVS: 0.0398199363886792
