Model: GRU
MSE: 822.3332862658688
MAE: 28.319332517426588
EVS: -2.220446049250313e-16
