Model: GRU
MSE: 1290.5188646836318
MAE: 35.661040996683056
EVS: 0.07566443652753463
