Model: GRU
MSE: 4.3912818276927155
MAE: 1.4661512374877932
EVS: 0.7971998980602976
