Model: GRU
MSE: 1317.4884540672347
MAE: 36.02437187063283
EVS: 0.030252884986111894
