Model: GRU
MSE: 14.615849351699561
MAE: 3.2731788610589914
EVS: 0.7830413555380917
