Model: GRU
MSE: 6.056196880345045
MAE: 1.8240280480220403
EVS: 0.7947452907124319
