Model: GRU
MSE: 5.747147423599614
MAE: 1.8412846532361267
EVS: 0.7887577223274596
