Model: GRU
MSE: 6304.209890914701
MAE: 79.25273303327889
EVS: -0.14082013883462463
