Model: GRU
MSE: 3.0531231931550242
MAE: 1.2101609378025455
EVS: 0.8658196781708316
