Model: GRU
MSE: 4.755813365814012
MAE: 1.7067782878875732
EVS: 0.7668432188880787
