Model: GRU
MSE: 3.167343629808501
MAE: 1.3109937371878786
EVS: 0.8554697516616365
