Model: GRU
MSE: 10.114948860761066
MAE: 2.410964949377652
EVS: 0.636248224631931
