Model: GRU
MSE: 523.4293193216475
MAE: 22.464151020707757
EVS: 0.07653827529863844
