Model: GRU
MSE: 3.7684843471674547
MAE: 1.5067373473068761
EVS: 0.8597444468308989
