Model: GRU
MSE: 303.50080780641133
MAE: 16.662113526771808
EVS: -0.27156971981511036
