Model: GRU
MSE: 433.199556886572
MAE: 20.28617318698338
EVS: -0.132669128630853
