Model: GRU
MSE: 6.238672655332515
MAE: 1.974292122084519
EVS: 0.8337938351536691
