Model: GRU
MSE: 4.587679976543041
MAE: 1.6415984548371418
EVS: 0.822155337193532
