Model: GRU
MSE: 2495.588877896154
MAE: 49.74195493500808
EVS: -0.04806722244779427
