Model: GRU
MSE: 190.49184825561414
MAE: 13.01731335500191
EVS: -0.034041954091004634
