Model: GRU
MSE: 3.8212635861190716
MAE: 1.3866740999550657
EVS: 0.8352899445105859
