Model: GRU
MSE: 6.839351489091549
MAE: 2.1662160856970427
EVS: 0.860838762356085
