Model: GRU
MSE: 392.3933473627769
MAE: 19.370767428957183
EVS: 0.15637248094663492
