Model: GRU
MSE: 3.130716527976441
MAE: 1.2414834581572434
EVS: 0.8462748702067974
