Model: GRU
MSE: 6.030711446662702
MAE: 1.8705072485167407
EVS: 0.8074455777307951
