Model: GRU
MSE: 6.052075922103221
MAE: 1.967836708858096
EVS: 0.8465235350449275
