Model: GRU
MSE: 1218.569927727268
MAE: 34.195400270922434
EVS: -1.4200340718751914
