Model: GRU
MSE: 3.09876959467149
MAE: 1.158776957413246
EVS: 0.8484066285619174
