Model: GRU
MSE: 4.903463674979039
MAE: 1.6828319286477982
EVS: 0.8165371028195143
