Model: GRU
MSE: 2.716073602563044
MAE: 1.160946138973894
EVS: 0.8665235728929694
