Model: GRU
MSE: 3.4162940145137384
MAE: 1.2661501169204714
EVS: 0.842409807756897
