Model: GRU
MSE: 239.43744409060065
MAE: 14.60640721074466
EVS: -0.28216164664633814
