Model: GRU
MSE: 8.20079518236557
MAE: 2.2663476384919266
EVS: 0.7992113558425912
