Model: GRU
MSE: 2.8059156965907968
MAE: 1.134703455300167
EVS: 0.8636081118986079
