Model: GRU
MSE: 9.189246070902037
MAE: 2.5722529641513168
EVS: 0.8312642926440217
