Model: GRU
MSE: 3.065709577935574
MAE: 1.170530093127284
EVS: 0.8606385135903027
