Model: GRU
MSE: 1408.9900775119684
MAE: 37.27481904523126
EVS: 0.03787709670966566
