Model: GRU
MSE: 5.93989281430904
MAE: 1.9306494285320417
EVS: 0.8446491723223473
