Model: GRU
MSE: 4.04884341796789
MAE: 1.4699326054803261
EVS: 0.8435988969593984
