Model: GRU
MSE: 5.830534292348729
MAE: 1.91325514892052
EVS: 0.8462003084094343
