Model: GRU
MSE: 1703.3358501121793
MAE: 41.042192196023876
EVS: 0.07245586959913808
