Model: GRU
MSE: 12.344681495251182
MAE: 2.873120587447594
EVS: 0.737664980940173
