Model: GRU
MSE: 3.2193439567938054
MAE: 1.1942229024295152
EVS: 0.8460269324817606
