Model: GRU
MSE: 5.962568996826899
MAE: 1.8748640520819304
EVS: 0.7800835008335928
