Model: GRU
MSE: 3.585740312072317
MAE: 1.4379216555891363
EVS: 0.8473863299709928
