Model: GRU
MSE: 6.81805359037834
MAE: 2.0071797864190466
EVS: 0.802162766313014
