Model: GRU
MSE: 3.404510100233049
MAE: 1.3723969541746992
EVS: 0.8509204838944876
