Model: GRU
MSE: 6.996817091846481
MAE: 1.9772743356638944
EVS: 0.7883336434530986
