Model: GRU
MSE: 3.817251606682425
MAE: 1.3939971348335005
EVS: 0.8248579851245379
