Model: GRU
MSE: 237.0753564947635
MAE: 14.692499670489081
EVS: -0.04212152273697245
