Model: GRU
MSE: 6.480247882586566
MAE: 2.0397463584768363
EVS: 0.8383032430140778
