Model: GRU
MSE: 4.134928808114609
MAE: 1.5005031043085564
EVS: 0.8023319475701416
