Model: GRU
MSE: 3.8559198166764075
MAE: 1.4934410062329524
EVS: 0.8106005116145647
