Model: GRU
MSE: 186.877071341412
MAE: 12.886580392204483
EVS: -0.022823339338441828
