Model: GRU
MSE: 376.0192522903257
MAE: 18.884816556141296
EVS: 0.0474593698944481
