Model: GRU
MSE: 3.9018165726636123
MAE: 1.394909940916917
EVS: 0.8264912014569131
