Model: GRU
MSE: 3.2040225564765965
MAE: 1.214365770076883
EVS: 0.8458680251508339
