Model: GRU
MSE: 9016.927338210317
MAE: 94.85860850893218
EVS: 0.07749697480590456
