Model: GRU
MSE: 1237.097585736238
MAE: 34.89539984999032
EVS: 0.04619643298064635
