Model: GRU
MSE: 5.503431482896966
MAE: 1.9352240726865575
EVS: 0.8620961139435516
