Model: GRU
MSE: 8.90718077479366
MAE: 2.3259973114934462
EVS: 0.7512037214683489
