Model: GRU
MSE: 214.37266249080642
MAE: 13.913005705537467
EVS: -0.02222465672263474
