Model: GRU
MSE: 328.0734872749705
MAE: 17.568812715596167
EVS: 0.04611524870892547
