Model: GRU
MSE: 45.14963832651143
MAE: 5.668715246792497
EVS: 0.19003716367015833
