Model: GRU
MSE: 1731.8482893610953
MAE: 41.331059521642224
EVS: -0.1593771305282463
