Model: GRU
MSE: 5.7908237455558345
MAE: 1.922905305336262
EVS: 0.8472244123606508
