Model: GRU
MSE: 1130.641812292662
MAE: 33.29689966399094
EVS: -0.07910056444191471
