Model: GRU
MSE: 4.348485221840873
MAE: 1.5876453662740777
EVS: 0.8592395407645659
