Model: GRU
MSE: 7.406800236893584
MAE: 2.079275410750817
EVS: 0.7662325223553879
