Model: GRU
MSE: 4.092882400964799
MAE: 1.5008567530533368
EVS: 0.8587864515703812
