Model: GRU
MSE: 403.0535705881468
MAE: 19.618509144618592
EVS: 0.10718244195065663
