Model: GRU
MSE: 8.6296851493592
MAE: 2.410144830572194
EVS: 0.8133542828209493
