Model: GRU
MSE: 3.35358900667977
MAE: 1.302818660078378
EVS: 0.8543368689201527
