Model: GRU
MSE: 187.35467528261907
MAE: 12.915835479210163
EVS: -0.009198484256143002
