Model: GRU
MSE: 3.9605401803036613
MAE: 1.414919179061364
EVS: 0.8142310035456294
