Model: GRU
MSE: 3.813712525811027
MAE: 1.4691293897299929
EVS: 0.8364688737351418
