Model: GRU
MSE: 2012.9875598985088
MAE: 44.52780937326366
EVS: -0.48715958093469025
