Model: GRU
MSE: 3.41572912126286
MAE: 1.2964219759250513
EVS: 0.8457875897359136
