Model: GRU
MSE: 6.6998017941792
MAE: 2.063374338478878
EVS: 0.8275040234335905
