Model: GRU
MSE: 3.217140005524149
MAE: 1.2192475384679335
EVS: 0.8494798714840917
