Model: GRU
MSE: 495.84539769251006
MAE: 21.864949325035358
EVS: 0.1267552392521205
