Model: GRU
MSE: 6.94336951132191
MAE: 2.054473761854501
EVS: 0.6998882328023113
