Model: GRU
MSE: 4.176045211664163
MAE: 1.5720437148521684
EVS: 0.8224346676217353
