Model: GRU
MSE: 9.748122315236959
MAE: 2.550934812118267
EVS: 0.7859452911375476
