Model: GRU
MSE: 2823.555293951266
MAE: 52.92837090327822
EVS: -0.0881705536674644
