Model: GRU
MSE: 1150.301885983696
MAE: 33.095733971431336
EVS: -1.7016124076178913
