Model: GRU
MSE: 10.636142900556992
MAE: 2.7512207524529817
EVS: 0.8130872317061772
