Model: GRU
MSE: 5.085989340892352
MAE: 1.8588882396961082
EVS: 0.8265389684258798
