Model: GRU
MSE: 678.488075291259
MAE: 25.672009862702467
EVS: 0.044853356237056
