Model: GRU
MSE: 42.62160247797645
MAE: 5.46745045431729
EVS: 0.0
