Model: GRU
MSE: 235.69975663370315
MAE: 14.619225452686178
EVS: -0.08006960650228834
