Model: GRU
MSE: 8.089583466308142
MAE: 2.2929727209025415
EVS: 0.6859234695202129
