Model: GRU
MSE: 1797.5492293465293
MAE: 42.04712101508831
EVS: -0.45409069244531053
