Model: GRU
MSE: 9.437632361378792
MAE: 2.5133334686016213
EVS: 0.807342688596557
