Model: GRU
MSE: 4.89411577267222
MAE: 1.6945513527968838
EVS: 0.8342414821312243
