Model: GRU
MSE: 4.259629220866275
MAE: 1.5475400151877572
EVS: 0.8042564548551363
