Model: GRU
MSE: 2445.698735182249
MAE: 49.24537619229021
EVS: -0.011940169342305573
