Model: GRU
MSE: 3.729189166760116
MAE: 1.4594637689919312
EVS: 0.8692929953549241
