Model: GRU
MSE: 7.690603235207421
MAE: 2.2323751202945052
EVS: 0.8084772263722639
