Model: GRU
MSE: 8.220323020891737
MAE: 2.2739776414016197
EVS: 0.7556822946475444
