Model: GRU
MSE: 7.840967894224015
MAE: 2.234746842548765
EVS: 0.8136450447561652
