Model: GRU
MSE: 4.566513101838625
MAE: 1.6051945028633912
EVS: 0.7768514382165446
