Model: GRU
MSE: 3244.2300705084767
MAE: 56.76495775683173
EVS: -0.07965865017957485
