Model: GRU
MSE: 5.416452804123134
MAE: 1.7947705614155738
EVS: 0.8445887145648604
