Model: GRU
MSE: 6.360270266301006
MAE: 2.03216918583574
EVS: 0.860264659219124
