Model: GRU
MSE: 2.893900984227355
MAE: 1.133821931378595
EVS: 0.8584317941146289
