Model: GRU
MSE: 400.0882206727575
MAE: 19.452022799130145
EVS: -0.06675306989571572
