Model: GRU
MSE: 5.288664127181918
MAE: 1.680292968092294
EVS: 0.7784942894602775
