Model: GRU
MSE: 5.768998293930701
MAE: 1.757518677875914
EVS: 0.800582589263302
