Model: GRU
MSE: 4.553077377644058
MAE: 1.5158550657075032
EVS: 0.8002790064378904
