Model: GRU
MSE: 1315.429682350257
MAE: 36.03025117413751
EVS: 0.15224611731334559
