Model: GRU
MSE: 4.0139446659544396
MAE: 1.4671764620419212
EVS: 0.8497963223699949
