Model: GRU
MSE: 3.706166123700393
MAE: 1.4120575641763626
EVS: 0.8457952436856473
