Model: GRU
MSE: 3.3263178876334463
MAE: 1.3212769935870998
EVS: 0.863595652934863
