Model: GRU
MSE: 1658.9350847874982
MAE: 40.65405500346217
EVS: 0.6961526297191487
