Model: GRU
MSE: 3.1540712061473326
MAE: 1.2736383964275495
EVS: 0.846556845968844
