Model: GRU
MSE: 432.109281379045
MAE: 20.300398900591095
EVS: 0.0169841961735564
