Model: GRU
MSE: 4.620018420920007
MAE: 1.5686763894969022
EVS: 0.7930239350736765
