Model: GRU
MSE: 5.409141527169282
MAE: 1.8037743075140595
EVS: 0.7925315348837588
