Model: GRU
MSE: 8.198586191262915
MAE: 2.3229926125756624
EVS: 0.8215686969564768
