Model: GRU
MSE: 7.616795208682333
MAE: 2.238031527091717
EVS: 0.8352066338116926
