Model: GRU
MSE: 6.743855048008351
MAE: 2.039544681022907
EVS: 0.8274112501069582
