Model: GRU
MSE: 1188.5998895145285
MAE: 34.18626772124192
EVS: 0.02209985911901724
