Model: GRU
MSE: 5.086409063116233
MAE: 1.7535669885832692
EVS: 0.8498919192941429
