Model: GRU
MSE: 2.9000181123133895
MAE: 1.18736535105212
EVS: 0.8592524726906086
