Model: GRU
MSE: 3598.0993926139863
MAE: 59.700243127757105
EVS: -0.6699040432219985
