Model: GRU
MSE: 5.157449323595419
MAE: 1.6289140109358167
EVS: 0.7752553129622477
