Model: GRU
MSE: 3.346848112412474
MAE: 1.2372493086190064
EVS: 0.8498417172340735
