Model: GRU
MSE: 4.262121440167925
MAE: 1.6540683877879174
EVS: 0.8454977050021085
