Model: GRU
MSE: 3.6607517781489745
MAE: 1.34077943604568
EVS: 0.827144594940446
