Model: GRU
MSE: 1778.9136058268446
MAE: 41.92669493576576
EVS: -0.03524381594705628
