Model: GRU
MSE: 232.77325539796462
MAE: 14.489476508107678
EVS: -0.1218571631832428
