Model: GRU
MSE: 3.1527313031401207
MAE: 1.2121319030893265
EVS: 0.8550358283758701
