Model: GRU
MSE: 783.2705075075299
MAE: 27.45323921072072
EVS: -0.4541555937876667
