Model: GRU
MSE: 8519.431827690816
MAE: 92.19047204379378
EVS: -2.220446049250313e-16
