Model: GRU
MSE: 8.592709737446937
MAE: 2.401829324919602
EVS: 0.7962628441196835
