Model: GRU
MSE: 31.14767202148618
MAE: 4.63367981746279
EVS: 0.027392594704187756
