Model: GRU
MSE: 2460.5584783746044
MAE: 49.41617084371632
EVS: 0.08590992046017976
