Model: GRU
MSE: 5.256916411388766
MAE: 1.652227089322847
EVS: 0.7737841660119171
