Model: GRU
MSE: 3.8603032866567983
MAE: 1.41657881079049
EVS: 0.8506237235933316
