Model: GRU
MSE: 3.4375632186466762
MAE: 1.2895790626262802
EVS: 0.8475258740297749
