Model: GRU
MSE: 8.022672928557292
MAE: 2.2191920280456543
EVS: 0.7673197996180467
