Model: GRU
MSE: 208.45437646922775
MAE: 13.666150989203617
EVS: -0.06595026225898604
