Model: GRU
MSE: 2229.040684298279
MAE: 46.98979226474104
EVS: -0.032012631593340446
