Model: GRU
MSE: 8.382060509153122
MAE: 2.3261362684184106
EVS: 0.8061184772289991
