Model: GRU
MSE: 5.815538441484068
MAE: 1.854545535712407
EVS: 0.8016008485072772
