Model: GRU
MSE: 1420.3717102978544
MAE: 37.42913897284146
EVS: 0.04508525571166
