Model: GRU
MSE: 803.0803124606331
MAE: 28.054878613044476
EVS: 0.21350726416285026
