Model: GRU
MSE: 7.142988338518536
MAE: 2.0966809535848685
EVS: 0.8009117359501183
