Model: GRU
MSE: 213.0169701449267
MAE: 13.883324236705386
EVS: 0.003853503199611197
