Model: GRU
MSE: 169.41991427115497
MAE: 12.180136635385711
EVS: -0.03516165953199635
