Model: GRU
MSE: 4.643392236821947
MAE: 1.5726614080626393
EVS: 0.8226900141468566
