Model: GRU
MSE: 3.765393616329173
MAE: 1.3441479946004935
EVS: 0.820458755139617
