Model: GRU
MSE: 4.056241742086062
MAE: 1.4865933368945945
EVS: 0.8024846159469676
