Model: GRU
MSE: 220.5323700504663
MAE: 14.173446612111453
EVS: 0.0345432938908764
