Model: GRU
MSE: 6.658375211120456
MAE: 2.0273228713444302
EVS: 0.7611507326435676
