Model: GRU
MSE: 5.609547643200677
MAE: 1.8042572695633465
EVS: 0.8274623714455339
