Model: GRU
MSE: 2967.9915580882457
MAE: 54.29711894331307
EVS: 0.02625522507596667
