Model: GRU
MSE: 3.4600693654743924
MAE: 1.3709894048756572
EVS: 0.8334359367915889
