Model: GRU
MSE: 6.519508929012367
MAE: 2.056478335939605
EVS: 0.8376073773474639
