Model: GRU
MSE: 5.417715639857816
MAE: 1.8017138777108033
EVS: 0.7601956938798409
