Model: GRU
MSE: 4.798485534834433
MAE: 1.6380114390932285
EVS: 0.8389070167826401
