Model: GRU
MSE: 1129.8675353688855
MAE: 33.36570016269026
EVS: 0.1843412836962618
