Model: GRU
MSE: 203.211843213591
MAE: 13.437149146507526
EVS: -0.11333278773083344
