Model: GRU
MSE: 4.213466587331928
MAE: 1.6014056945669237
EVS: 0.8206883423850746
