Model: GRU
MSE: 4.697151454660426
MAE: 1.8307924352843183
EVS: 0.8492168381738534
