Model: GRU
MSE: 3.8201059058182345
MAE: 1.4861793929132923
EVS: 0.8243077728510433
