Model: GRU
MSE: 4.220631600300808
MAE: 1.5083156371938775
EVS: 0.8238576861814579
