Model: GRU
MSE: 13.76582939489246
MAE: 3.0962028338991363
EVS: 0.7621812186474043
