Model: GRU
MSE: 5.45361204045717
MAE: 1.7494426102473823
EVS: 0.8238363164769157
