Model: GRU
MSE: 4.689932431491569
MAE: 1.6127224297359077
EVS: 0.8274549854444697
