Model: GRU
MSE: 3.5663152106852043
MAE: 1.2907742549633163
EVS: 0.8296887600854389
