Model: GRU
MSE: 3.3440323671751773
MAE: 1.310382275745787
EVS: 0.8382592392632113
