Model: GRU
MSE: 5.832132675265552
MAE: 1.8647435040309517
EVS: 0.7854468389692401
