Model: GRU
MSE: 2318.97132761988
MAE: 47.940505192197605
EVS: -0.016246621793682747
