Model: GRU
MSE: 182.6423627616752
MAE: 12.800816023144229
EVS: 0.07701822443625994
