Model: GRU
MSE: 234.26409253494637
MAE: 14.489143455850668
EVS: -0.19559598282387558
