Model: GRU
MSE: 199.11060007550287
MAE: 13.26158650784657
EVS: -0.1421335254560243
