Model: GRU
MSE: 3.1814815277338164
MAE: 1.1847230894812224
EVS: 0.8503493606909404
