Model: GRU
MSE: 3.95998807989865
MAE: 1.607179197771796
EVS: 0.8632081104773583
