Model: GRU
MSE: 3.8044617430782766
MAE: 1.4206382735022187
EVS: 0.8486699508600891
