Model: GRU
MSE: 772.071693175432
MAE: 27.31534405412345
EVS: -0.27495528154078386
