Model: GRU
MSE: 681.6171292715783
MAE: 25.724020925061456
EVS: 0.022449369913685735
