Model: GRU
MSE: 4.490327424090616
MAE: 1.5867126234646507
EVS: 0.8120658832294144
