Model: GRU
MSE: 5.17870308083205
MAE: 1.6868493639189626
EVS: 0.8111253589422619
