Model: GRU
MSE: 207.67561833153917
MAE: 13.72344124933769
EVS: 0.04943381245988088
