Model: GRU
MSE: 5.996882862422149
MAE: 2.0750526395337334
EVS: 0.8308918966253793
