Model: GRU
MSE: 3.3003111322706102
MAE: 1.2101502254091463
EVS: 0.8434611873637894
