Model: GRU
MSE: 4.627282766098744
MAE: 1.545371663981471
EVS: 0.8208221329621593
