Model: GRU
MSE: 3.1305077753548742
MAE: 1.2319596389244343
EVS: 0.8461831606129733
