Model: GRU
MSE: 3.0241927061404112
MAE: 1.186263331051531
EVS: 0.8516534754207189
