Model: GRU
MSE: 5.827680630001331
MAE: 1.8834331857747046
EVS: 0.8109651752743724
