Model: GRU
MSE: 5.694396574263721
MAE: 1.8109600585082486
EVS: 0.8096987549817811
