Model: GRU
MSE: 1659.4948088325302
MAE: 40.45328436226681
EVS: -0.13160065032363022
