Model: GRU
MSE: 3.2051725773636415
MAE: 1.2743412872840616
EVS: 0.8497226613290814
