Model: GRU
MSE: 9.36660876944214
MAE: 2.4648079461064833
EVS: 0.7945814098634174
