Model: GRU
MSE: 3.842515844410498
MAE: 1.3691046073518955
EVS: 0.824976409389076
