Model: GRU
MSE: 3.8625766487276127
MAE: 1.5121939017854886
EVS: 0.8144452378415321
