Model: GRU
MSE: 5.15838887666187
MAE: 1.6795982821234345
EVS: 0.8136419054880422
