Model: GRU
MSE: 3.898762856732337
MAE: 1.4049219263011017
EVS: 0.8267448268069085
