Model: GRU
MSE: 587.9388716976982
MAE: 23.7266740470097
EVS: -0.22778458309640404
