Model: GRU
MSE: 249.76872067398722
MAE: 15.097862868473447
EVS: -0.07246487602503637
