Model: GRU
MSE: 2435.4973453435073
MAE: 49.16215258631213
EVS: 0.08691436318015078
