Model: GRU
MSE: 3.7676051750979775
MAE: 1.4989697193277292
EVS: 0.8330197471992267
