Model: GRU
MSE: 4.067985449432299
MAE: 1.4556177731218014
EVS: 0.8437424877859749
