Model: GRU
MSE: 8.192031145324153
MAE: 2.255657253594234
EVS: 0.7974592597869106
