Model: GRU
MSE: 5.212768685936768
MAE: 1.7704996898256504
EVS: 0.839003362584323
