Model: GRU
MSE: 4.882156075525869
MAE: 1.6656597647173657
EVS: 0.8036952952569844
