Model: GRU
MSE: 4.512158967952842
MAE: 1.592813722018538
EVS: 0.7827470250667614
