Model: GRU
MSE: 7.085805224420708
MAE: 2.099985130901995
EVS: 0.8112769138743262
