Model: GRU
MSE: 5.469211243265521
MAE: 1.748691608165873
EVS: 0.7934646751229231
