Model: GRU
MSE: 3.3035628857106523
MAE: 1.3405018263849717
EVS: 0.8440718714749098
