Model: GRU
MSE: 1261.1790519982555
MAE: 35.04482825049038
EVS: -0.6236456297942576
