Model: GRU
MSE: 3.3211600168817452
MAE: 1.3642202574631264
EVS: 0.8403996941464457
