Model: GRU
MSE: 3.3997907130815253
MAE: 1.3753000374498041
EVS: 0.8329392829140359
