Model: GRU
MSE: 4.10812620445768
MAE: 1.4979854534412258
EVS: 0.8252863109514719
