Model: GRU
MSE: 7.35298048472593
MAE: 2.1702721447780218
EVS: 0.8417527278281942
