Model: GRU
MSE: 1808.1421398039192
MAE: 42.283022979210166
EVS: 0.002977316168036759
