Model: GRU
MSE: 4.737440200255243
MAE: 1.6749350695774479
EVS: 0.8692811996276343
