Model: GRU
MSE: 6.004203053892976
MAE: 1.8850017786026003
EVS: 0.8152524826491421
