Model: GRU
MSE: 3.492423306284579
MAE: 1.279321547212272
EVS: 0.8313511449136508
