Model: GRU
MSE: 7.400456841036791
MAE: 2.2329431525592147
EVS: 0.836418928618754
