Model: GRU
MSE: 3.8238684883591336
MAE: 1.427518548636601
EVS: 0.8216064514257974
