Model: GRU
MSE: 6.5355504240000135
MAE: 2.017396104746852
EVS: 0.8206798369435541
