Model: GRU
MSE: 3.465633652452131
MAE: 1.305740315338661
EVS: 0.8324839293269868
