Model: GRU
MSE: 7.3610993158022895
MAE: 2.143623820666609
EVS: 0.7903326784909048
