Model: GRU
MSE: 3.800057016439222
MAE: 1.3813806895552014
EVS: 0.8397245681805645
