Model: GRU
MSE: 3.69650701663754
MAE: 1.462894086180062
EVS: 0.8389981776867498
