Model: GRU
MSE: 6.436888688829226
MAE: 2.042257720026477
EVS: 0.8404674574991108
