Model: GRU
MSE: 8.690290008333012
MAE: 2.4566394625038934
EVS: 0.843883836380265
