Model: GRU
MSE: 1282.052125092215
MAE: 35.63243971199825
EVS: 0.39153999467054357
