Model: GRU
MSE: 594.0869235636411
MAE: 23.967554371932458
EVS: 0.03466714420940631
