Model: GRU
MSE: 6.821670007587597
MAE: 2.1023775791299757
EVS: 0.8402748971715721
