Model: GRU
MSE: 5.249408358406672
MAE: 1.6459368426224286
EVS: 0.7957096224672905
