Model: GRU
MSE: 1263.2493696712818
MAE: 35.25297210956442
EVS: -0.006321540473013032
