Model: GRU
MSE: 2.72980484310699
MAE: 1.1323834698775719
EVS: 0.8667797308685511
