Model: GRU
MSE: 522.6137139022308
MAE: 22.460610735005346
EVS: 0.1088036870811081
