Model: GRU
MSE: 3.250668163834183
MAE: 1.1920113810177513
EVS: 0.8449675999114662
