Model: GRU
MSE: 3.401557874841054
MAE: 1.3010492982535526
EVS: 0.8337403355827586
