Model: GRU
MSE: 4883.769535699876
MAE: 69.75316383098733
EVS: 0.1023663222466803
