Model: GRU
MSE: 7.340367071324975
MAE: 2.1062696884418357
EVS: 0.7981671512385
