Model: GRU
MSE: 4.1960907576018185
MAE: 1.5199765665777802
EVS: 0.8426527620334626
