Model: GRU
MSE: 3.9431690371444557
MAE: 1.463192565687772
EVS: 0.844740724150902
