Model: GRU
MSE: 1701.252193830354
MAE: 41.00912133578596
EVS: 0.04150295924542202
