Model: GRU
MSE: 4.972322829492399
MAE: 1.61176845123028
EVS: 0.8206950775290764
