Model: GRU
MSE: 3.361950694693029
MAE: 1.3617949650205412
EVS: 0.8422674387090847
