Model: GRU
MSE: 201.8735915298866
MAE: 13.49408920263422
EVS: 0.02779264196102693
