Model: GRU
MSE: 7.229194480392031
MAE: 2.1861729621887207
EVS: 0.8277729772568488
