Model: GRU
MSE: 4.521259401835235
MAE: 1.5854033848335007
EVS: 0.8345750164595476
