Model: GRU
MSE: 3.9177937177407314
MAE: 1.4074212764871534
EVS: 0.8219881343873259
