Model: GRU
MSE: 5.3400110113743064
MAE: 1.7770302460111422
EVS: 0.7945688035955032
