Model: GRU
MSE: 198.75513564020588
MAE: 13.348576718363269
EVS: -0.010907000829300406
