Model: GRU
MSE: 3.5499704210580196
MAE: 1.3175452495443414
EVS: 0.8336858270956593
