Model: GRU
MSE: 6.207848343920104
MAE: 1.8933734236092408
EVS: 0.7771311267580278
