Model: GRU
MSE: 3.6148945765100726
MAE: 1.3242972637044976
EVS: 0.8324984185181487
