Model: GRU
MSE: 320.7905401199968
MAE: 17.281617879867554
EVS: -0.0878450338734571
