Model: GRU
MSE: 3.8338645347817986
MAE: 1.401647518421042
EVS: 0.8238850483455956
