Model: GRU
MSE: 1378.9208714119375
MAE: 36.85639927305024
EVS: -0.008748080901430644
