Model: GRU
MSE: 237.6861870456854
MAE: 14.779619928064017
EVS: 0.05404132137024309
