Model: GRU
MSE: 229.6745544178863
MAE: 14.489918412833378
EVS: 0.031052277214738133
