Model: GRU
MSE: 743.9910575258197
MAE: 26.884615667935076
EVS: -0.04225361898145885
