Model: GRU
MSE: 2064.412696053033
MAE: 45.091199250056825
EVS: -0.5330934388149098
