Model: GRU
MSE: 2025.7184353906496
MAE: 44.58779140998577
EVS: -0.8501087199438528
