Model: GRU
MSE: 6.228426905590961
MAE: 1.872511148452759
EVS: 0.7888796765597725
