Model: GRU
MSE: 7.139605197424755
MAE: 1.975622456414359
EVS: 0.7345147092188504
