Model: GRU
MSE: 3.452285209546395
MAE: 1.287977868113025
EVS: 0.8468663419979304
