Model: GRU
MSE: 3.4979785926709854
MAE: 1.3916546065231854
EVS: 0.8642504007937917
