Model: GRU
MSE: 3.476805856807193
MAE: 1.403182769643849
EVS: 0.8375604234204781
