Model: GRU
MSE: 7.067840082615885
MAE: 2.0793446343520596
EVS: 0.7737911251906063
