Model: GRU
MSE: 3.067492006826389
MAE: 1.324055737462537
EVS: 0.8493239159070399
