Model: GRU
MSE: 3.2908228220466307
MAE: 1.3425421632569412
EVS: 0.848732960009588
