Model: GRU
MSE: 29.68764825933227
MAE: 4.49134846391349
EVS: 0.0
