Model: GRU
MSE: 2307.678724565953
MAE: 47.86323623657226
EVS: 0.12246772245738136
