Model: GRU
MSE: 4.361038026055608
MAE: 1.5415456952719855
EVS: 0.7887244805733225
