Model: GRU
MSE: 9.912898469921767
MAE: 2.6478920722829886
EVS: 0.822578250302938
