Model: GRU
MSE: 2.9408624505741296
MAE: 1.123120554562273
EVS: 0.8582132091074315
