Model: GRU
MSE: 3.022196235375767
MAE: 1.26058474902449
EVS: 0.8522384128949114
