Model: GRU
MSE: 192.8898285566444
MAE: 13.132258415222168
EVS: -0.004173508500607825
