Model: GRU
MSE: 3.552131192115937
MAE: 1.3486581424186972
EVS: 0.8272727210018918
