Model: GRU
MSE: 1019.0243549342041
MAE: 31.09334789473435
EVS: -1.5666549744705858
