Model: GRU
MSE: 4.4343885124244515
MAE: 1.65487553333414
EVS: 0.7824976709437255
