Model: GRU
MSE: 187.76158812480747
MAE: 12.915600916434979
EVS: -0.02949324988140778
