Model: GRU
MSE: 6.304867655658433
MAE: 2.0017948068421463
EVS: 0.8445832623674869
