Model: GRU
MSE: 5.051636551325826
MAE: 1.7065263041134544
EVS: 0.8475789978859012
