Model: GRU
MSE: 4.558689192429339
MAE: 1.614264430670903
EVS: 0.8233941670050324
