Model: GRU
MSE: 8.839109144373689
MAE: 2.557946706640309
EVS: 0.8442868538035683
