Model: GRU
MSE: 2.7084113166438093
MAE: 1.0675322927277666
EVS: 0.8679270803573793
