Model: GRU
MSE: 948.5865043923379
MAE: 30.575536037313526
EVS: 0.32560282494685056
