Model: GRU
MSE: 4.078629015866635
MAE: 1.4984551298207256
EVS: 0.8394432223232109
