Model: GRU
MSE: 7.76311869116367
MAE: 2.27244796835143
EVS: 0.8240255554682401
