Model: GRU
MSE: 6.4483172047901425
MAE: 1.9879934130043821
EVS: 0.8224043834271966
