Model: GRU
MSE: 13.790400306900588
MAE: 3.2817068346615494
EVS: 0.6177733899297084
