Model: GRU
MSE: 3.550017481802605
MAE: 1.4009047130058554
EVS: 0.8273255125342979
