Model: GRU
MSE: 8.951536743366225
MAE: 2.4217512936427674
EVS: 0.798707451606314
