Model: GRU
MSE: 3.2073625575191005
MAE: 1.19782567846364
EVS: 0.8427089963941891
