Model: GRU
MSE: 3.5776523232391315
MAE: 1.4557202191188414
EVS: 0.83820582308455
