Model: GRU
MSE: 3.785525803859008
MAE: 1.4044427213997681
EVS: 0.8322422081131113
