Model: GRU
MSE: 6.367030913293545
MAE: 2.081212989215193
EVS: 0.8672747905935466
