Model: GRU
MSE: 11.481186753196171
MAE: 2.7341141865171235
EVS: 0.7339499876458699
