Model: GRU
MSE: 7.458973095522275
MAE: 2.0786642699406066
EVS: 0.6360439323116974
