Model: GRU
MSE: 3.05392563217225
MAE: 1.282219985435749
EVS: 0.8580899593783493
