Model: GRU
MSE: 4.276524620523155
MAE: 1.6561187793468604
EVS: 0.8152540949239617
