Model: GRU
MSE: 3.138467373605263
MAE: 1.2958351579205742
EVS: 0.8458767427605305
