Model: GRU
MSE: 25.182409112578203
MAE: 4.109495557587723
EVS: 0.0
