Model: GRU
MSE: 6.7036022021598844
MAE: 2.0533519284478547
EVS: 0.831809156098401
