Model: GRU
MSE: 4.369675255031435
MAE: 1.5230305112641436
EVS: 0.7953605312345774
