Model: GRU
MSE: 5.7708889882786645
MAE: 1.8277466954856088
EVS: 0.8344501160651783
