Model: GRU
MSE: 3.8225506169636723
MAE: 1.4318313105352998
EVS: 0.8570788987115895
