Model: GRU
MSE: 6.613867959254138
MAE: 1.978809578665372
EVS: 0.7610549372245492
