Model: GRU
MSE: 237.2016056629575
MAE: 14.66307636376085
EVS: -0.09077267360278296
