Model: GRU
MSE: 7.54231406381014
MAE: 2.095764003950974
EVS: 0.7717462571832611
