Model: GRU
MSE: 2.476897318382122
MAE: 1.0098378740507983
EVS: 0.8786522065720765
