Model: GRU
MSE: 481.4428103368968
MAE: 21.381596351491993
EVS: -0.19271291535845259
