Model: GRU
MSE: 2113.7951683150227
MAE: 45.77039508161874
EVS: 0.07285921096617776
