Model: GRU
MSE: 4.786679559989993
MAE: 1.6707665755830967
EVS: 0.7982426226326045
