Model: GRU
MSE: 2058.3990604690803
MAE: 45.163540511295714
EVS: 0.0832988713421492
