Model: GRU
MSE: 4.666818497797017
MAE: 1.6224437828721676
EVS: 0.8204214776928546
