Model: GRU
MSE: 3.5069142590299602
MAE: 1.3504850124490677
EVS: 0.8303643421957462
