Model: GRU
MSE: 3.651146392816862
MAE: 1.3762688718993092
EVS: 0.8299871913090014
