Model: GRU
MSE: 216.83055183495952
MAE: 13.968805198011728
EVS: -0.06655666808709526
