Model: GRU
MSE: 4.587481706835058
MAE: 1.6143955855534
EVS: 0.8344228619383004
