Model: GRU
MSE: 1883.5639771434187
MAE: 43.170615886819775
EVS: 0.023922468157390853
