Model: GRU
MSE: 4.411605541347956
MAE: 1.579378456904971
EVS: 0.820171153418182
