Model: GRU
MSE: 4.6582287929497594
MAE: 1.6472534722295307
EVS: 0.8266914730590149
