Model: GRU
MSE: 5.270195419795378
MAE: 1.7504390354814205
EVS: 0.7580741373486322
