Model: GRU
MSE: 214.90297418008302
MAE: 13.82451805164074
EVS: -0.1689043591118886
