Model: GRU
MSE: 3.0636475738635047
MAE: 1.1903210672838935
EVS: 0.8494484792449101
