Model: GRU
MSE: 5.7100280035809305
MAE: 1.8578796879998574
EVS: 0.8107979174257044
