Model: GRU
MSE: 328.0523166903604
MAE: 17.5759859085083
EVS: 0.05954466247920076
