Model: GRU
MSE: 9.121336305919664
MAE: 2.5506314039230347
EVS: 0.8332667533298217
