Model: GRU
MSE: 350.5781147891138
MAE: 18.31149018221888
EVS: 0.2497089213087812
