Model: GRU
MSE: 5.31804917051038
MAE: 1.7025673471648122
EVS: 0.8090674785975217
