Model: GRU
MSE: 4.664977146615918
MAE: 1.624959197537653
EVS: 0.8425078705872183
