Model: GRU
MSE: 345.888821199672
MAE: 18.050996624190233
EVS: 0.014661874073317538
