Model: GRU
MSE: 3.8236299732906
MAE: 1.4712070966589044
EVS: 0.8547699577339084
