Model: GRU
MSE: 4.747603288207694
MAE: 1.7289704289929626
EVS: 0.7975620517700109
