Model: GRU
MSE: 4.858250360827944
MAE: 1.6457684862202617
EVS: 0.8183390299261447
