Model: GRU
MSE: 241.07254449582956
MAE: 14.880502733690985
EVS: 0.034670982473698264
