Model: GRU
MSE: 4.042335354412338
MAE: 1.4747475015706035
EVS: 0.8243036771139354
