Model: GRU
MSE: 4.623495117574339
MAE: 1.6168394499811638
EVS: 0.8313240142490765
