Model: GRU
MSE: 6303.903589107324
MAE: 79.27972793579102
EVS: 0.08454422997789113
