Model: GRU
MSE: 362.5536256284687
MAE: 18.344737102245464
EVS: -0.27891494133321504
