Model: GRU
MSE: 3.5393012345960115
MAE: 1.3700089454650883
EVS: 0.8444317376827603
