Model: GRU
MSE: 4.6954762704504205
MAE: 1.5827543118904381
EVS: 0.8330262582047332
