Model: GRU
MSE: 243.78175485520126
MAE: 14.968581499724552
EVS: 0.030732653035652202
