Model: GRU
MSE: 352.78500694301096
MAE: 18.177628328060283
EVS: -0.09878488864683233
