Model: GRU
MSE: 1988.476917959001
MAE: 44.377412730249866
EVS: 0.06027584982998757
