Model: GRU
MSE: 4.430491331154196
MAE: 1.544544705029192
EVS: 0.8424603581622402
