Model: GRU
MSE: 390.2607243060396
MAE: 19.20729714426501
EVS: -0.04873869450834345
