Model: GRU
MSE: 250.50969998938115
MAE: 15.12591471343205
EVS: -0.06721375682670283
