Model: GRU
MSE: 4.995920805977141
MAE: 1.6611859634004795
EVS: 0.8132883562179564
