Model: GRU
MSE: 1115.3779680636803
MAE: 33.04690051900929
EVS: -0.14407029760406265
