Model: GRU
MSE: 411.64572740635407
MAE: 19.740253193625087
EVS: -0.07958443825211026
