Model: GRU
MSE: 4.610649384615081
MAE: 1.5711220955026566
EVS: 0.8130775840485276
