Model: GRU
MSE: 4523.580653945106
MAE: 67.10087769607017
EVS: -0.03460538533343649
