Model: GRU
MSE: 5.994364139634145
MAE: 1.8683648520502556
EVS: 0.8046703663614806
