Model: GRU
MSE: 9.210559659460678
MAE: 2.5105696546620337
EVS: 0.7987053946605245
