Model: GRU
MSE: 6.983987280546579
MAE: 2.037389442838472
EVS: 0.7708841798599031
