Model: GRU
MSE: 12.223075021766617
MAE: 2.891022567091317
EVS: 0.757610183889052
