Model: GRU
MSE: 3.268312322383642
MAE: 1.2730712890625004
EVS: 0.8448935236923676
