Model: GRU
MSE: 230.8746241873676
MAE: 14.623376476353613
EVS: 0.16301821314464693
