Model: GRU
MSE: 2004.3735699753572
MAE: 44.552449982741784
EVS: 0.04402845751358209
