Model: GRU
MSE: 1005.3577407981194
MAE: 31.325001321989916
EVS: -0.1844512136708647
