Model: GRU
MSE: 9.100227459169817
MAE: 2.469355270780366
EVS: 0.7925701978215196
