Model: GRU
MSE: 5.348733820123575
MAE: 1.7742742546673482
EVS: 0.8288020456102102
