Model: GRU
MSE: 8.160581353717774
MAE: 2.311679618111972
EVS: 0.8140216315086355
