Model: GRU
MSE: 3.4562103852729016
MAE: 1.3486693152065938
EVS: 0.830706159237396
