Model: GRU
MSE: 303.74038134647043
MAE: 16.938012345083827
EVS: 0.1722259535552192
