Model: GRU
MSE: 532.1554827235963
MAE: 22.657170756109828
EVS: 0.07570982836121554
