Model: GRU
MSE: 185.18409956663692
MAE: 12.857497656139834
EVS: 0.023580800353803943
