Model: GRU
MSE: 7.392070429396348
MAE: 2.2196089880807057
EVS: 0.8107903747960183
