Model: GRU
MSE: 3.414388263829731
MAE: 1.241893965622475
EVS: 0.841593192677922
