Model: GRU
MSE: 4.401724287583856
MAE: 1.6158118823478966
EVS: 0.8087032853218643
