Model: GRU
MSE: 3.76397270959221
MAE: 1.3410487668267617
EVS: 0.8244276770699404
