Model: GRU
MSE: 36.5623354342104
MAE: 4.975320939359994
EVS: 0.0726973772013293
