Model: GRU
MSE: 277.9625121376122
MAE: 15.928869724273682
EVS: -0.190917893153987
