Model: GRU
MSE: 3.51198216148656
MAE: 1.3782005310058596
EVS: 0.8283317537950239
