Model: GRU
MSE: 3.529750830070329
MAE: 1.33680403643641
EVS: 0.8286218037729456
