Model: GRU
MSE: 3359.3202983544616
MAE: 57.551706051004345
EVS: -1.3156981734331437
