Model: GRU
MSE: 10.388280593470093
MAE: 2.5616559242380075
EVS: 0.7507155590080434
