Model: GRU
MSE: 8.828347881360013
MAE: 2.432485892854888
EVS: 0.7994599782307461
