Model: GRU
MSE: 324.9546678792284
MAE: 17.4896633213964
EVS: 0.06301865730562528
