Model: GRU
MSE: 4.373274589319821
MAE: 1.5316681286384324
EVS: 0.8321939951667546
