Model: GRU
MSE: 3.1751117063020597
MAE: 1.2901791046405664
EVS: 0.844163510249508
