Model: GRU
MSE: 8.64171483367224
MAE: 2.3410681418010166
EVS: 0.7629200138035452
