Model: GRU
MSE: 7.809959528546407
MAE: 2.3515410546598763
EVS: 0.8466944573032575
