Model: GRU
MSE: 3.5255217561174668
MAE: 1.397937881535497
EVS: 0.8464904452448482
