Model: GRU
MSE: 6.720890671097615
MAE: 2.0755309565313933
EVS: 0.7841585349304775
