Model: GRU
MSE: 8.331814862230154
MAE: 2.4016197221032503
EVS: 0.8360811764875146
