Model: GRU
MSE: 8.52002271649717
MAE: 2.371897179504921
EVS: 0.8178040470690658
