Model: GRU
MSE: 203.03487649539017
MAE: 13.564908434604776
EVS: 0.0648963763840299
