Model: GRU
MSE: 5.104015381447955
MAE: 1.6467508694221238
EVS: 0.8160404491929689
