Model: GRU
MSE: 308.13030416405326
MAE: 17.013540210395025
EVS: 0.08250841662067554
