Model: GRU
MSE: 3.887471910822859
MAE: 1.4005629934113606
EVS: 0.8173183490716408
