Model: GRU
MSE: 546.2663232998257
MAE: 22.906680337313947
EVS: -0.05905181466604703
