Model: GRU
MSE: 4.6642181230530095
MAE: 1.6372558248454132
EVS: 0.8389162157634849
