Model: GRU
MSE: 5.524883576503516
MAE: 1.8070696592330937
EVS: 0.8281004945385919
