Model: GRU
MSE: 3.397185494781744
MAE: 1.2776559796826592
EVS: 0.833115531491929
