Model: GRU
MSE: 3.7892175354793314
MAE: 1.3816048523475388
EVS: 0.8407935436097739
