Model: GRU
MSE: 2119.710227628548
MAE: 45.75221554986362
EVS: -0.2995921243536255
