Model: GRU
MSE: 1441.3266397448601
MAE: 37.68136636142073
EVS: -0.05369273102020533
