Model: GRU
MSE: 17.214574796161923
MAE: 3.507771689316322
EVS: 0.7317356160509987
