Model: GRU
MSE: 3.023831965643181
MAE: 1.134628567202338
EVS: 0.8531142115571351
