Model: GRU
MSE: 6.275652825361082
MAE: 1.9283770833696638
EVS: 0.7786753297078011
