Model: GRU
MSE: 4.992265458944436
MAE: 1.7826611502417207
EVS: 0.8684009023839363
