Model: GRU
MSE: 13.42719168331381
MAE: 3.0670380099066374
EVS: 0.7702975489562213
