Model: GRU
MSE: 4.052714505231497
MAE: 1.459644665036883
EVS: 0.8228395749753481
