Model: GRU
MSE: 2841.922923691944
MAE: 53.09746939560463
EVS: -0.10973557601769435
