Model: GRU
MSE: 1561.9960030223035
MAE: 39.46558054562273
EVS: 0.7806269212800124
