Model: GRU
MSE: 3.4924114035124587
MAE: 1.3388603802385004
EVS: 0.8387989938821048
