Model: GRU
MSE: 6.353861610041735
MAE: 1.9690095473980087
EVS: 0.8264013460423019
