Model: GRU
MSE: 9753.116080726051
MAE: 98.65776496097959
EVS: 0.02885681311474053
