Model: GRU
MSE: 4.32324153258369
MAE: 1.528602920729539
EVS: 0.8313262256623368
