Model: GRU
MSE: 1584.4251258309087
MAE: 39.530404617046486
EVS: -0.06995754851836877
