Model: GRU
MSE: 14619.095967989326
MAE: 120.82527581576643
EVS: -2.220446049250313e-16
