Model: GRU
MSE: 4.806638465655241
MAE: 1.5923480165415802
EVS: 0.8273213762714167
