Model: GRU
MSE: 1067.5872188844298
MAE: 32.483093672785266
EVS: 0.3888627185894462
