Model: GRU
MSE: 4.723849765966851
MAE: 1.715974717304625
EVS: 0.8675986702568557
