Model: GRU
MSE: 3.1535817147074057
MAE: 1.2425086087193982
EVS: 0.8494772567577603
