Model: GRU
MSE: 4.019346080228498
MAE: 1.518644184901797
EVS: 0.8176181612501894
