Model: GRU
MSE: 4.128589594196786
MAE: 1.4677068940524403
EVS: 0.8324898477083429
