Model: GRU
MSE: 220.7735488336965
MAE: 14.115786733298465
EVS: -0.057469133570082764
