Model: GRU
MSE: 3.326203725032676
MAE: 1.3107028747427056
EVS: 0.8584461890047711
