Model: GRU
MSE: 779.0280563275155
MAE: 27.556549138036267
EVS: 0.03361572830657733
