Model: GRU
MSE: 3.0662950803563302
MAE: 1.1856344814958244
EVS: 0.8548049255006512
