Model: GRU
MSE: 1537.9579475199782
MAE: 38.96304387059705
EVS: 0.025040045549474366
