Model: GRU
MSE: 3.8452774762122086
MAE: 1.4219702194476953
EVS: 0.8143935741120369
