Model: GRU
MSE: 7.354390266816403
MAE: 2.2127665980108855
EVS: 0.8385806066565593
