Model: GRU
MSE: 3.508252403183088
MAE: 1.413422000819239
EVS: 0.8277181702995324
