Model: GRU
MSE: 10.899086400610775
MAE: 2.7373373344026763
EVS: 0.7930209954730648
