Model: GRU
MSE: 943.4992996841509
MAE: 30.464740371704103
EVS: 0.19514256720408374
