Model: GRU
MSE: 5.101838391679826
MAE: 1.6987366840757177
EVS: 0.800304220321745
