Model: GRU
MSE: 3.7564536842241507
MAE: 1.4754606444260168
EVS: 0.8421517297955807
