Model: GRU
MSE: 2.9639996937607895
MAE: 1.2228610926661
EVS: 0.8596862388572423
