Model: GRU
MSE: 334.034719657397
MAE: 17.634844911509546
EVS: -0.13260176952377778
