Model: GRU
MSE: 406.7758064146848
MAE: 19.58510583022545
EVS: -0.1400947046422374
