Model: GRU
MSE: 311.1571586102363
MAE: 17.193661517110364
EVS: 0.23655229437566005
