Model: GRU
MSE: 4.105724849662195
MAE: 1.473333334100658
EVS: 0.8098267048333289
