Model: GRU
MSE: 5.710706035207105
MAE: 1.8731408694694787
EVS: 0.8474166437963249
