Model: GRU
MSE: 10.632643482671451
MAE: 2.5732063424998315
EVS: 0.7473007813246175
