Model: GRU
MSE: 1571.9711128562344
MAE: 39.39063874606428
EVS: -2.220446049250313e-16
