Model: GRU
MSE: 2411.9431302264798
MAE: 48.486402643137964
EVS: -1.9983199339868323
