Model: GRU
MSE: 5.135568967136066
MAE: 1.7536536002981256
EVS: 0.8108232229300798
