Model: GRU
MSE: 7410.747175796842
MAE: 85.95547801050647
EVS: -0.10095409304574643
