Model: GRU
MSE: 3.02908236802143
MAE: 1.1439691000971304
EVS: 0.8523894671143573
