Model: GRU
MSE: 8146.816308980801
MAE: 90.00774594010979
EVS: -1.2321817877599024
