Model: GRU
MSE: 2.9822999148793103
MAE: 1.2649500863305456
EVS: 0.8539425770189926
