Model: GRU
MSE: 236.22605301876916
MAE: 14.73740108259793
EVS: 0.0645559764595115
