Model: GRU
MSE: 4.095755962687464
MAE: 1.4704575867488472
EVS: 0.8236871210550376
