Model: GRU
MSE: 6.231981703683089
MAE: 2.0424064192278633
EVS: 0.7970774010167183
