Model: GRU
MSE: 3.058825925165052
MAE: 1.2735465148399618
EVS: 0.8504151949571062
