Model: GRU
MSE: 4.795127340547162
MAE: 1.6672989828833222
EVS: 0.8289465589184983
