Model: GRU
MSE: 4.97629625660473
MAE: 1.662911801502623
EVS: 0.7774687187425603
