Model: GRU
MSE: 3.042502287087665
MAE: 1.2678786557296224
EVS: 0.8585264612905849
