Model: GRU
MSE: 6.846806828934234
MAE: 2.059015931754277
EVS: 0.8063268792538845
