Model: GRU
MSE: 3.596882526189551
MAE: 1.4611983792535188
EVS: 0.8503495082760779
