Model: GRU
MSE: 7.65275188465217
MAE: 2.2204298726443588
EVS: 0.8193556308051104
