Model: GRU
MSE: 3.11580077384247
MAE: 1.136164426803589
EVS: 0.8473008448024287
