Model: GRU
MSE: 4.128696014461286
MAE: 1.528786889437972
EVS: 0.8263528315780745
