Model: GRU
MSE: 1036.206417694019
MAE: 31.84391893189529
EVS: -0.08956608693197632
