Model: GRU
MSE: 3.550160792697919
MAE: 1.2519620780287122
EVS: 0.8361181797348557
