Model: GRU
MSE: 8.352758352843916
MAE: 2.3175936402945685
EVS: 0.804289056768942
