Model: GRU
MSE: 1856.428634499396
MAE: 42.82781222770954
EVS: -0.09132981378433347
