Model: GRU
MSE: 3.4942286074447697
MAE: 1.408234900441663
EVS: 0.8296874371321653
