Model: GRU
MSE: 2.7880047107214367
MAE: 1.1553975302597572
EVS: 0.8653294623701331
