Model: GRU
MSE: 5.840972244589514
MAE: 1.840421479323815
EVS: 0.8068498097825558
