Model: GRU
MSE: 3.286174730973671
MAE: 1.2531240644126107
EVS: 0.8418526364184056
