Model: GRU
MSE: 987.5282827162756
MAE: 31.049159345955683
EVS: -0.15378357426190448
