Model: GRU
MSE: 259.26672688544863
MAE: 15.492113294272587
EVS: 0.05344517812953686
