Model: GRU
MSE: 3.545149730764416
MAE: 1.3848930885051864
EVS: 0.8295989164832055
