Model: GRU
MSE: 424.935505283691
MAE: 20.12932252883911
EVS: 0.029624126142663965
