Model: GRU
MSE: 7.963819257109962
MAE: 2.320158333613955
EVS: 0.8355738873550724
