Model: GRU
MSE: 7.261576290398143
MAE: 2.1277292514669486
EVS: 0.8152483658773264
