Model: GRU
MSE: 4.28623746214623
MAE: 1.4891093681598537
EVS: 0.8350988085970692
