Model: GRU
MSE: 3.9377793519279196
MAE: 1.5903833048684257
EVS: 0.832764546369423
