Model: GRU
MSE: 4.391603027748652
MAE: 1.695496361831139
EVS: 0.8551999328339072
