Model: GRU
MSE: 4.239987561268635
MAE: 1.4701562174435325
EVS: 0.8167031555553599
