Model: GRU
MSE: 4793.705963093166
MAE: 69.08366979401687
EVS: -0.03950321965650372
