Model: GRU
MSE: 3.8166008389148893
MAE: 1.3985589208274056
EVS: 0.8470009486423622
