Model: GRU
MSE: 240.87377273445588
MAE: 14.619599017603644
EVS: -0.3338005830807824
