Model: GRU
MSE: 3.4837010611763617
MAE: 1.2999977243357692
EVS: 0.8342722208599185
