Model: GRU
MSE: 3.514809610460711
MAE: 1.3593115559939686
EVS: 0.8596361931076228
