Model: GRU
MSE: 2.866127316980562
MAE: 1.1116770259265247
EVS: 0.8661165544970949
