Model: GRU
MSE: 1091.5711055250788
MAE: 32.72595964629075
EVS: -0.011498464901422034
