Model: GRU
MSE: 4.098415328871378
MAE: 1.510266180696159
EVS: 0.8392695599264322
