Model: GRU
MSE: 3.9320002667733798
MAE: 1.5034632189520478
EVS: 0.8349528541457967
