Model: GRU
MSE: 5.140111250341574
MAE: 1.6916679185012296
EVS: 0.8157642117212474
