Model: GRU
MSE: 3.79317859750966
MAE: 1.4493659282552787
EVS: 0.8177898425861987
