Model: GRU
MSE: 2.9627105604177335
MAE: 1.1473214955165472
EVS: 0.85633186291086
