Model: GRU
MSE: 3.516458336964943
MAE: 1.2628868201683312
EVS: 0.8395652000148746
