Model: GRU
MSE: 4.85097008848108
MAE: 1.6075715032117126
EVS: 0.8176739435032737
