Model: GRU
MSE: 6.211414763510994
MAE: 1.9653119958680254
EVS: 0.8278736719771498
