Model: GRU
MSE: 219.2784356802542
MAE: 14.114665993328753
EVS: 0.014450680947429517
