Model: GRU
MSE: 5.707891316219609
MAE: 1.8246989990102838
EVS: 0.789541645141764
