Model: GRU
MSE: 3.4889209132330814
MAE: 1.390891247782214
EVS: 0.8309114054047403
