Model: GRU
MSE: 7.0518930334643075
MAE: 2.1052317208257216
EVS: 0.8053539429224914
