Model: GRU
MSE: 4.704360107432688
MAE: 1.75511935661579
EVS: 0.8559469924732209
