Model: GRU
MSE: 3.4405595878925963
MAE: 1.3646442972380537
EVS: 0.8530342974498727
