Model: GRU
MSE: 776.2990569813275
MAE: 27.726870947870715
EVS: 0.6304585862743904
