Model: GRU
MSE: 606.628306594741
MAE: 24.25569014713682
EVS: 0.10118045666494113
