Model: GRU
MSE: 5.4209120973781255
MAE: 1.7357427416176636
EVS: 0.8110433134407784
