Model: GRU
MSE: 374.37015926129055
MAE: 18.849812491186732
EVS: 0.063589528151755
