Model: GRU
MSE: 8.10740538539257
MAE: 2.2869404554367065
EVS: 0.8117296462146967
