Model: GRU
MSE: 6.255872520906985
MAE: 1.9692614900654761
EVS: 0.8344200741384254
