Model: GRU
MSE: 5342.752308429873
MAE: 72.9479751586914
EVS: -0.048973007301426286
