Model: GRU
MSE: 5.9022195096487735
MAE: 1.918717589871637
EVS: 0.8354871104804277
