Model: GRU
MSE: 228.84304395565772
MAE: 14.40327001440114
EVS: -0.05111703557727987
