Model: GRU
MSE: 3.5661451605060597
MAE: 1.3646612413998314
EVS: 0.8519291582406593
