Model: GRU
MSE: 263.8630055496336
MAE: 15.577570791902213
EVS: -0.04194872762427826
