Model: GRU
MSE: 3.421236382059043
MAE: 1.3562905623995025
EVS: 0.8347957581654452
