Model: GRU
MSE: 411.68670667732096
MAE: 19.90150920275984
EVS: 0.23254830805660842
