Model: GRU
MSE: 666.1922181804038
MAE: 25.42050522771375
EVS: 0.017620782924294254
