Model: GRU
MSE: 3.426424089332868
MAE: 1.421540202765629
EVS: 0.8647229532688921
