Model: GRU
MSE: 598.1107357145195
MAE: 23.803476382946148
EVS: -0.5482689378509933
