Model: GRU
MSE: 193.4863279858086
MAE: 13.117760308857623
EVS: -0.052190107852480905
