Model: GRU
MSE: 3.91154862305274
MAE: 1.5548787281430998
EVS: 0.8423533380281608
