Model: GRU
MSE: 511.5109362277161
MAE: 22.16228539368202
EVS: 0.00022850002257468471
