Model: GRU
MSE: 3.7096810443636725
MAE: 1.3991937390689198
EVS: 0.8211118344583032
