Model: GRU
MSE: 380.77777833516126
MAE: 18.984970010560133
EVS: -2.220446049250313e-16
