Model: GRU
MSE: 4.145988323345669
MAE: 1.5439165542865618
EVS: 0.8126179003677286
