Model: GRU
MSE: 2100.6905963836707
MAE: 45.58775783407277
EVS: -0.10311424483111042
