Model: GRU
MSE: 4.462038649796299
MAE: 1.5572129857951202
EVS: 0.8259329766025847
