Model: GRU
MSE: 8.487188887091518
MAE: 2.4259676275582147
EVS: 0.8322984084718269
