Model: GRU
MSE: 1324.1164322449506
MAE: 36.10943248354155
EVS: 0.0060629976406924024
