Model: GRU
MSE: 2099.648091130177
MAE: 45.607834388469826
EVS: 0.03809377565592342
