Model: GRU
MSE: 5.379576103114856
MAE: 1.705279161190165
EVS: 0.8026037435440841
