Model: GRU
MSE: 9.674504312627803
MAE: 2.5675421254388215
EVS: 0.8006328721241811
