Model: GRU
MSE: 3.275017151746585
MAE: 1.2456127364059977
EVS: 0.8431944772991875
