Model: GRU
MSE: 763.9229837943989
MAE: 27.2899447638413
EVS: 0.05733997303094496
