Model: GRU
MSE: 4.208575025789025
MAE: 1.5410669343224892
EVS: 0.8051971892154638
