Model: GRU
MSE: 3.1543235518810833
MAE: 1.2541469458875982
EVS: 0.8499341774102385
