Model: GRU
MSE: 395.0302492276276
MAE: 19.455518829411474
EVS: 0.18849642625554353
