Model: GRU
MSE: 5.71957391628116
MAE: 1.8008548309063095
EVS: 0.7957471733307894
