Model: GRU
MSE: 2672.2087128307903
MAE: 51.54867415592588
EVS: 0.2656576858836368
