Model: GRU
MSE: 5.372828116846011
MAE: 1.7557875041303967
EVS: 0.8334125340326528
