Model: GRU
MSE: 16.438096745944502
MAE: 3.1960723317902664
EVS: 0.49358552979359593
