Model: GRU
MSE: 15.405915077436923
MAE: 3.088212095457932
EVS: 0.4176993455527547
