Model: GRU
MSE: 39.20611494310633
MAE: 5.582842271903465
EVS: 0.3916736923204619
