Model: GRU
MSE: 17.20602042305205
MAE: 3.349998556334397
EVS: 0.4606999249462185
