Model: GRU
MSE: 2323.1757312972572
MAE: 47.951532429662244
EVS: 0.015772278492907188
