Model: GRU
MSE: 16.030955451817814
MAE: 3.276241660118103
EVS: 0.44488791819263385
