Model: GRU
MSE: 27.575442677935683
MAE: 4.49587238245997
EVS: 0.4507867049881361
