Model: GRU
MSE: 21.58439626645179
MAE: 3.838544278309263
EVS: 0.4472541388707152
