Model: GRU
MSE: 21.273700544000558
MAE: 3.8455477033342635
EVS: 0.3268290013189088
