Model: GRU
MSE: 32.56829493969845
MAE: 4.93346146879525
EVS: 0.4139270947962671
