Model: GRU
MSE: 18.348396137150136
MAE: 3.5473297300009894
EVS: 0.46992452512788796
