Model: GRU
MSE: 410.33384371278754
MAE: 19.603614893452875
EVS: -0.07534842857141277
