Model: GRU
MSE: 1200.6396626528156
MAE: 34.044213689606764
EVS: -0.7197219795001277
