Model: GRU
MSE: 24.19109043636613
MAE: 4.251132652677339
EVS: 0.4817864197086922
