Model: GRU
MSE: 16.913357791975592
MAE: 3.3407279129686027
EVS: 0.45388769114313265
