Model: GRU
MSE: 29.898232519192536
MAE: 4.5881343381158235
EVS: 0.4026367387355473
