Model: GRU
MSE: 4176.391925430771
MAE: 64.43388649512981
EVS: -0.018923881816512944
