Model: GRU
MSE: 645.8110877646698
MAE: 24.92081933185972
EVS: -0.02295786581432191
