Model: GRU
MSE: 17.262833374466343
MAE: 3.4141813064443656
EVS: 0.4284200226140873
