Model: GRU
MSE: 15.389233577850574
MAE: 3.152932150610562
EVS: 0.4597182825231283
