Model: GRU
MSE: 19.618509160993156
MAE: 3.643210139767877
EVS: 0.4526779303574605
