Model: GRU
MSE: 13.462128094213975
MAE: 2.8623039722442627
EVS: 0.4632791151047043
