Model: GRU
MSE: 453.7018010163197
MAE: 20.720766848531262
EVS: -0.005929283920242501
