Model: GRU
MSE: 15.752392666201143
MAE: 3.141699462101377
EVS: 0.48687367307582374
