Model: GRU
MSE: 27.690571300024345
MAE: 4.585078222998257
EVS: 0.4967078080036943
