Model: GRU
MSE: 16.285525671950108
MAE: 3.2391615736073462
EVS: 0.45490714139772404
