Model: GRU
MSE: 16.191614400443516
MAE: 3.1937970457405878
EVS: 0.4746775028867344
