Model: GRU
MSE: 2204.7185922988206
MAE: 46.65151806535392
EVS: -0.17128032967188433
