Model: GRU
MSE: 13.485448541277915
MAE: 2.756867967802903
EVS: 0.4429417669092123
