Model: GRU
MSE: 20.61825771787534
MAE: 3.7971039352745843
EVS: 0.4497774932062687
