Model: GRU
MSE: 15.191671909318462
MAE: 3.0996468560449006
EVS: 0.45975603697850165
