Model: GRU
MSE: 392.90203361738446
MAE: 19.174904338244733
EVS: -0.042010410920806374
