Model: GRU
MSE: 18.946668270935607
MAE: 3.5713317147616683
EVS: 0.43582569689477146
