Model: GRU
MSE: 14.215014526412142
MAE: 2.9903000387652168
EVS: 0.4980071615817093
