Model: GRU
MSE: 13.640533067737845
MAE: 2.943688228212554
EVS: 0.4698054161637595
