Model: GRU
MSE: 23.128041500268406
MAE: 4.038086615759751
EVS: 0.44676676926867664
