Model: GRU
MSE: 12.37933719576574
MAE: 2.725988141421614
EVS: 0.489787282092624
