Model: GRU
MSE: 38.08366094098886
MAE: 5.462369392658102
EVS: 0.4620184457919768
