Model: GRU
MSE: 23.75467491774701
MAE: 4.0408892138250945
EVS: 0.4228805487246945
