Model: GRU
MSE: 6117.251647308071
MAE: 78.07871075334221
EVS: 0.1339020053165011
