Model: GRU
MSE: 46.313504729666676
MAE: 6.155059584255876
EVS: 0.4781831505169162
