Model: GRU
MSE: 16.644503892070464
MAE: 3.1994340337555984
EVS: 0.4632518368984756
