Model: GRU
MSE: 17.474954792625986
MAE: 3.3413998258524926
EVS: 0.441739415940148
