Model: GRU
MSE: 20.13226744871379
MAE: 3.7521294067645896
EVS: 0.4721247927517286
