Model: GRU
MSE: 19.808120022305648
MAE: 3.6553478816459917
EVS: 0.46119548691633283
