Model: GRU
MSE: 37.739662082105056
MAE: 5.389461476227333
EVS: 0.38421742085410493
