Model: GRU
MSE: 16.340826931825415
MAE: 3.2556271141973037
EVS: 0.4025129487899428
