Model: GRU
MSE: 22.355001859293324
MAE: 4.003639525380628
EVS: 0.4534651560962969
