Model: GRU
MSE: 20.020645381067904
MAE: 3.6953614004727067
EVS: 0.47238810631727035
