Model: GRU
MSE: 35.21621953825969
MAE: 5.205419573290595
EVS: 0.46431782900276897
