Model: GRU
MSE: 14.303644561070604
MAE: 2.9646983639947297
EVS: 0.484500013943472
