Model: GRU
MSE: 4051.491271517035
MAE: 63.45595603153623
EVS: -0.025810798855141037
