Model: GRU
MSE: 38.08076858334082
MAE: 5.45823153956183
EVS: 0.44688057191674047
