Model: GRU
MSE: 24.344672434803552
MAE: 4.159909634754576
EVS: 0.44886227861514083
