Model: GRU
MSE: 21.663142967580498
MAE: 3.89768831483249
EVS: 0.44284741571601716
