Model: GRU
MSE: 19.190224201393892
MAE: 3.61082490559282
EVS: 0.46685996771588245
