Model: GRU
MSE: 27.205598826664364
MAE: 4.490001994988014
EVS: 0.4561827050624738
