Model: GRU
MSE: 13.241842331015086
MAE: 2.8588776341800033
EVS: 0.47125238778945233
