Model: GRU
MSE: 13.612526695027837
MAE: 2.7408306516450027
EVS: 0.45112080700245527
