Model: GRU
MSE: 48.00565094400135
MAE: 5.927381367518984
EVS: 0.20003305679798
