Model: GRU
MSE: 25.65101752183118
MAE: 4.406420896793234
EVS: 0.4769270646574486
