Model: GRU
MSE: 14.7985970984527
MAE: 2.959079783538292
EVS: 0.4310513712576832
