Model: GRU
MSE: 23.49467441015308
MAE: 4.086368700553631
EVS: 0.47334802319778846
