Model: GRU
MSE: 27.822317676140294
MAE: 4.542153161147545
EVS: 0.4481781120163887
