Model: GRU
MSE: 43.01515942863776
MAE: 5.289849182655072
EVS: -0.028039681886608214
