Model: GRU
MSE: 28.93873230902867
MAE: 4.409307085234543
EVS: 0.27399463673923774
