Model: GRU
MSE: 2503.003849245332
MAE: 49.611520832982556
EVS: -0.7226000664244165
