Model: GRU
MSE: 14.289090006749532
MAE: 2.960441285166247
EVS: 0.5146851300242324
