Model: GRU
MSE: 17.47473887560735
MAE: 3.4061802502336174
EVS: 0.4467391242249913
