Model: GRU
MSE: 13.367085446100113
MAE: 2.6659524522978684
EVS: 0.46799166695337113
