Model: GRU
MSE: 14.86054796704105
MAE: 2.9164902506203485
EVS: 0.42380281243915874
