Model: GRU
MSE: 427.8887497484835
MAE: 20.05066088561354
EVS: -0.06822770758051222
