Model: GRU
MSE: 17.00507160185578
MAE: 3.1850073541913715
EVS: 0.3117493500147408
