Model: GRU
MSE: 13.988489339641053
MAE: 2.6555260789805444
EVS: 0.4462045973220974
