Model: GRU
MSE: 14.369179713845181
MAE: 2.9410162958605537
EVS: 0.46598379721583616
