Model: GRU
MSE: 24.63597338582832
MAE: 4.284077709091121
EVS: 0.4644914184976442
