Model: GRU
MSE: 19.42524198350528
MAE: 3.5852439444640587
EVS: 0.4663654797646305
