Model: GRU
MSE: 22.260087264316372
MAE: 3.954694336858289
EVS: 0.42912085497402874
