Model: GRU
MSE: 20.241526825087714
MAE: 3.74838348092704
EVS: 0.44751887467998486
