Model: GRU
MSE: 19.22668785320121
MAE: 3.6111089443338327
EVS: 0.44988433259755034
