Model: GRU
MSE: 24.802666868597136
MAE: 4.2312573071183825
EVS: 0.4416369198293201
