Model: GRU
MSE: 14.318619209775804
MAE: 2.973958204532492
EVS: 0.4610053431440846
