Model: GRU
MSE: 20.255151183602162
MAE: 3.7711906063145606
EVS: 0.47476902399664
