Model: GRU
MSE: 16.012030875881873
MAE: 3.198576368134597
EVS: 0.47441858392236325
