Model: GRU
MSE: 13.664965063097455
MAE: 2.81928040241373
EVS: 0.4406008224310145
