Model: GRU
MSE: 27.04070686199593
MAE: 4.387107166750678
EVS: 0.4404266210854604
