Model: GRU
MSE: 371.1435027694407
MAE: 18.554870778116687
EVS: -0.10955792237909034
