Model: GRU
MSE: 18.688658718528977
MAE: 3.52691637647563
EVS: 0.4720963735740008
