Model: GRU
MSE: 13.553856477553632
MAE: 2.8188499582224877
EVS: 0.505919953718242
