Model: GRU
MSE: 23.334770076921018
MAE: 4.131966105822859
EVS: 0.457703406127971
