Model: GRU
MSE: 18.40647419116524
MAE: 3.5719290766222724
EVS: 0.49942186805079014
