Model: GRU
MSE: 21.80702239897228
MAE: 3.858790962860502
EVS: 0.41412697328871895
