Model: GRU
MSE: 17.733412995960517
MAE: 3.4519454692972116
EVS: 0.4710364800730764
