Model: GRU
MSE: 16.433661620370707
MAE: 3.209561800134593
EVS: 0.4627445243850311
