Model: GRU
MSE: 1701.7187928624778
MAE: 40.95294616962301
EVS: -0.015156393774643284
