Model: GRU
MSE: 12.789805584838275
MAE: 2.796077506295566
EVS: 0.4848008928651132
