Model: GRU
MSE: 633.8661662653487
MAE: 24.69371590121039
EVS: 0.00501999037240064
