Model: GRU
MSE: 14.153646223591036
MAE: 2.7937882850910056
EVS: 0.4218601568643494
