Model: GRU
MSE: 14.25376265078238
MAE: 3.0407240061924377
EVS: 0.4687064744037608
