Model: GRU
MSE: 609.436745334569
MAE: 24.164533911080195
EVS: -0.05386467163648012
