Model: GRU
MSE: 52.895733658428554
MAE: 6.1094449964062925
EVS: 0.04647793901082364
