Model: GRU
MSE: 22.512072329407115
MAE: 3.973954809123072
EVS: 0.45149713852163065
