Model: GRU
MSE: 1156.5530066394297
MAE: 33.62493251932079
EVS: -0.0705893942028244
