Model: GRU
MSE: 16.306454347767758
MAE: 3.16735368761523
EVS: 0.43474642025209387
