Model: GRU
MSE: 14.933795078155581
MAE: 3.009166421561406
EVS: 0.47014238063778335
