Model: GRU
MSE: 440.18310628376787
MAE: 20.382638203686682
EVS: -0.021607678417438603
