Model: GRU
MSE: 824.053943600468
MAE: 28.254366924022808
EVS: -0.06347497837676452
