Model: GRU
MSE: 21.862584046843104
MAE: 3.845345530016669
EVS: 0.43899394135719005
