Model: GRU
MSE: 14.495964798829222
MAE: 3.071203979952582
EVS: 0.4432003331345846
