Model: GRU
MSE: 18.117579831377732
MAE: 3.4698819456429315
EVS: 0.4707269978640696
