Model: GRU
MSE: 1328.9898062439552
MAE: 35.896287194613755
EVS: -0.6707794467276151
