Model: GRU
MSE: 1918.8133021460612
MAE: 43.428881316349425
EVS: -0.35267076797553654
