Model: GRU
MSE: 17.395256382843858
MAE: 3.440016639643702
EVS: 0.46599076789541616
