Model: GRU
MSE: 19.464203415702052
MAE: 3.670203948843068
EVS: 0.5004504674976499
