Model: GRU
MSE: 416.0288076460667
MAE: 19.746058131086414
EVS: -0.0790607877096603
