Model: GRU
MSE: 19.51079082670403
MAE: 3.639080557329901
EVS: 0.4462683606385617
