Model: GRU
MSE: 21.690208693989966
MAE: 3.857090612937664
EVS: 0.4636553705303009
