Model: GRU
MSE: 13.80776210779758
MAE: 2.9089558124542236
EVS: 0.5022682175354805
