Model: GRU
MSE: 14.794167269073458
MAE: 3.0370154874078157
EVS: 0.4579140456012324
