Model: GRU
MSE: 17.741879634192163
MAE: 3.4061233339638544
EVS: 0.4473397394223112
