Model: GRU
MSE: 377.8847415586784
MAE: 18.76123817624717
EVS: -0.06991870681312329
