Model: GRU
MSE: 13.314765756693728
MAE: 2.7107113640883873
EVS: 0.4805501858836767
