Model: GRU
MSE: 26.729435733338565
MAE: 4.423807366140958
EVS: 0.41711770183833874
