Model: GRU
MSE: 404.7885865993968
MAE: 19.510716230704865
EVS: 0.0036164300416635653
