Model: GRU
MSE: 13.669456416088721
MAE: 2.8590712793942155
EVS: 0.47695892118991845
