Model: GRU
MSE: 19.523672135955557
MAE: 3.674963276961754
EVS: 0.4538947242672773
