Model: GRU
MSE: 16.259721486918753
MAE: 3.2617752140965957
EVS: 0.4692292676218738
