Model: GRU
MSE: 18.631157839683517
MAE: 3.544108851202603
EVS: 0.46351764407682905
