Model: GRU
MSE: 19.64115746266277
MAE: 3.658445358276367
EVS: 0.44862812201634217
