Model: GRU
MSE: 27.377249136186627
MAE: 4.318377637151462
EVS: 0.45609556365891135
