Model: GRU
MSE: 15.675298508818917
MAE: 3.1779516236535432
EVS: 0.42164367182425855
