Model: GRU
MSE: 15.92864405854151
MAE: 3.225807444802646
EVS: 0.46002191325431085
