Model: GRU
MSE: 29.603829863304096
MAE: 4.70796904892757
EVS: 0.4595481568688803
