Model: GRU
MSE: 14.462123604321794
MAE: 3.0315648605083596
EVS: 0.4573877991770591
