Model: GRU
MSE: 26.58800634744822
MAE: 4.467304986098717
EVS: 0.4544020631756579
