Model: GRU
MSE: 27.675874344105715
MAE: 4.473711054900597
EVS: 0.43442661249014913
