Model: GRU
MSE: 29.615720335517775
MAE: 4.69601531686454
EVS: 0.4243997014993477
