Model: GRU
MSE: 28.710239126555212
MAE: 4.642610693800038
EVS: 0.46208578850493875
