Model: GRU
MSE: 15.807809834292938
MAE: 3.115872958610798
EVS: 0.44759189565824997
