Model: GRU
MSE: 24.6351166518478
MAE: 4.212939237726146
EVS: 0.4956413418474489
