Model: GRU
MSE: 420.2603467274901
MAE: 19.889080647764533
EVS: -0.019693093847895637
