Model: GRU
MSE: 12.42202638587218
MAE: 2.7197102020526756
EVS: 0.4935134086310413
