Model: GRU
MSE: 19.164779866691212
MAE: 3.5537867957148057
EVS: 0.3722177156973895
