Model: GRU
MSE: 16.939040118062653
MAE: 3.306515595008587
EVS: 0.47786761472642825
