Model: GRU
MSE: 20.61307714018307
MAE: 3.7790310012883155
EVS: 0.4598661159074935
