Model: GRU
MSE: 369.7750152111276
MAE: 18.570862794744556
EVS: -0.028502239647622662
