Model: GRU
MSE: 17.3250820278062
MAE: 3.389634107721263
EVS: 0.4825784896850257
