Model: GRU
MSE: 16.881072766897326
MAE: 3.224598300868067
EVS: 0.4115775037683578
