Model: GRU
MSE: 14.562889142714445
MAE: 3.0582355466382256
EVS: 0.4485084741205091
