Model: GRU
MSE: 15.047270850710596
MAE: 3.0452482289281386
EVS: 0.4899153983627351
