Model: GRU
MSE: 27.806154338118183
MAE: 4.483827426515776
EVS: 0.4287333312463313
