Model: GRU
MSE: 22.676788380826675
MAE: 3.9541987345136445
EVS: 0.3930026688612587
