Model: GRU
MSE: 27.554032762204738
MAE: 4.394411152806775
EVS: 0.0721944097412186
