Model: GRU
MSE: 18.79314103719049
MAE: 3.5469254707467965
EVS: 0.47613205371098344
