Model: GRU
MSE: 13.648254923911782
MAE: 2.9044545765580803
EVS: 0.44825997595314016
