Model: GRU
MSE: 895.6656719498695
MAE: 29.414947953717462
EVS: -0.25687381138555243
