Model: GRU
MSE: 12.62270142979563
MAE: 2.6913318962886414
EVS: 0.4800258072274042
