Model: GRU
MSE: 15.701772819990012
MAE: 3.1580158759807717
EVS: 0.45484547337070047
