Model: GRU
MSE: 3509.017850750009
MAE: 59.00565167131095
EVS: -0.1298258785055073
