Model: GRU
MSE: 17.776525408709944
MAE: 3.369200640711291
EVS: 0.47693673368930434
