Model: GRU
MSE: 14.820922557709697
MAE: 2.8566426717001816
EVS: 0.40500650450753084
