Model: GRU
MSE: 22.48519988197924
MAE: 4.036771186466875
EVS: 0.4684048131253138
