Model: GRU
MSE: 23.723736053799296
MAE: 4.130943660078378
EVS: 0.458293382323011
