Model: GRU
MSE: 20.04318072716445
MAE: 3.6853316405723833
EVS: 0.47091564497827354
