Model: GRU
MSE: 19.281161709175382
MAE: 3.579603540486303
EVS: 0.4502510873395418
