Model: GRU
MSE: 16.178638437059064
MAE: 3.1976670561165643
EVS: 0.45918876742383175
