Model: GRU
MSE: 17.154459613995847
MAE: 3.377428358998792
EVS: 0.44476297924609276
