Model: GRU
MSE: 3038.344130915095
MAE: 54.87522500136803
EVS: -0.117552721744687
