Model: GRU
MSE: 20.53228882244441
MAE: 3.7590426124375442
EVS: 0.46571742154057405
