Model: GRU
MSE: 17.995852659704575
MAE: 3.4813231928595183
EVS: 0.4806964832443037
