Model: GRU
MSE: 7842.161996884268
MAE: 88.40996551513672
EVS: -0.06741172806344564
