Model: GRU
MSE: 12.380283004973963
MAE: 2.6946707018490494
EVS: 0.4930304556734515
