Model: GRU
MSE: 412.838794316302
MAE: 19.715933364013146
EVS: 0.0036070473175427997
