Model: GRU
MSE: 15.503138647267269
MAE: 3.2217847149947594
EVS: 0.48291291518472
