Model: GRU
MSE: 28.068484603138582
MAE: 4.561608963999255
EVS: 0.48288651192350573
