Model: GRU
MSE: 16.998933898425104
MAE: 3.269730095205636
EVS: 0.4559680741626255
