Model: GRU
MSE: 19.20116066854807
MAE: 3.6552361537670266
EVS: 0.45460871444833006
