Model: GRU
MSE: 18.433691820944276
MAE: 3.5299742139618973
EVS: 0.4703497641934278
