Model: GRU
MSE: 20.87423800558876
MAE: 3.8522305981866243
EVS: 0.44265613709195084
