Model: GRU
MSE: 12.838178199281508
MAE: 2.6981338550304543
EVS: 0.48080674399364975
