Model: GRU
MSE: 15.047092761214074
MAE: 3.0607586318048936
EVS: 0.4512075787173264
