Model: GRU
MSE: 17.814258014042668
MAE: 3.4209243018051674
EVS: 0.45692867671190207
