Model: GRU
MSE: 18.927516888063032
MAE: 3.5374644583669204
EVS: 0.4330832027747238
