Model: GRU
MSE: 12.768334313884052
MAE: 2.7204368689964555
EVS: 0.47261082764436746
