Model: GRU
MSE: 16.43176092014652
MAE: 3.2136891956987053
EVS: 0.4880230839601528
