Model: GRU
MSE: 17.249030511243305
MAE: 3.39695405960083
EVS: 0.5018172552901053
