Model: GRU
MSE: 21.508004478364462
MAE: 3.8756370297793685
EVS: 0.4452623898267426
