Model: GRU
MSE: 1279.5254632204153
MAE: 35.14573019948499
EVS: -0.8300956413832505
