Model: GRU
MSE: 16.9932162959952
MAE: 3.387836053453643
EVS: 0.5077722111939316
