Model: GRU
MSE: 20.044881168558103
MAE: 3.736749994343725
EVS: 0.4725976247018264
