Model: GRU
MSE: 17.183142530267894
MAE: 3.368313698933042
EVS: 0.4571004560147651
