Model: GRU
MSE: 12.686357104488225
MAE: 2.6386200559550317
EVS: 0.4813205429243964
