Model: GRU
MSE: 389.5899327302935
MAE: 19.1274182590945
EVS: 0.019674506610762532
