Model: GRU
MSE: 15.833722031681367
MAE: 3.1788855667771965
EVS: 0.4356860436418518
