Model: GRU
MSE: 15.259908304251145
MAE: 3.1447062410157303
EVS: 0.4609591285330823
