Model: GRU
MSE: 12.201843158540045
MAE: 2.7333508442188132
EVS: 0.49811087348908334
