Model: GRU
MSE: 22.231014014853788
MAE: 3.9442784704011062
EVS: 0.45562910788323296
