Model: GRU
MSE: 15.289369615489662
MAE: 3.0972900801691514
EVS: 0.47105344813432615
