Model: GRU
MSE: 17.591426158407785
MAE: 3.4784271470431625
EVS: 0.471722865212838
