Model: GRU
MSE: 14.72413566942323
MAE: 3.0788138159390153
EVS: 0.4753493248531453
