Model: GRU
MSE: 18.884184742421574
MAE: 3.457470712990596
EVS: 0.4032270407071784
