Model: GRU
MSE: 40.58881254953421
MAE: 5.532917236459666
EVS: 0.32286611019406086
