Model: GRU
MSE: 13.195543038574623
MAE: 2.6966289322951744
EVS: 0.46981264803058087
