Model: GRU
MSE: 41.720043091871815
MAE: 5.774489811782179
EVS: 0.4441646031053307
