Model: GRU
MSE: 30.79927114864111
MAE: 4.835704597933539
EVS: 0.4101339282035136
