Model: GRU
MSE: 19.56737503170852
MAE: 3.60698885753237
EVS: 0.4569375095649726
