Model: GRU
MSE: 15.875641942367471
MAE: 3.1806236628828377
EVS: 0.4850306007019858
