Model: GRU
MSE: 15.638223853953452
MAE: 3.134221052301341
EVS: 0.4685778702821699
