Model: GRU
MSE: 1775.4643195882213
MAE: 41.76308816054772
EVS: -0.29331940508946475
