Model: GRU
MSE: 16.156151956441683
MAE: 3.272669085140886
EVS: 0.47992970852407546
