Model: GRU
MSE: 1922.2041722112713
MAE: 43.579154080358045
EVS: 0.047363669273228215
