Model: GRU
MSE: 13.158372025841
MAE: 2.692503337202401
EVS: 0.4626355262374324
