Model: GRU
MSE: 15.609188933947303
MAE: 3.2220409820819724
EVS: 0.48979726079369357
