Model: GRU
MSE: 13.821960749522876
MAE: 2.954873035693991
EVS: 0.4685494799145957
