Model: GRU
MSE: 15.81481842801678
MAE: 3.1537765798897577
EVS: 0.4638316403650147
