Model: GRU
MSE: 889.759247349444
MAE: 29.47422608013811
EVS: 0.13131320406401137
