Model: GRU
MSE: 18.41770198204241
MAE: 3.4634393576917977
EVS: 0.43738542491840204
