Model: GRU
MSE: 12.817269906481219
MAE: 2.708168991680803
EVS: 0.4731952152792075
