Model: GRU
MSE: 29.15721418502276
MAE: 4.671969841266501
EVS: 0.4549005985517005
