Model: GRU
MSE: 15.305023429746468
MAE: 3.098954406277887
EVS: 0.4627228087885148
