Model: GRU
MSE: 15.268592240096375
MAE: 3.1418557742546342
EVS: 0.48118694348107205
