Model: GRU
MSE: 17.55187028816772
MAE: 3.4014784220991463
EVS: 0.4448224409391973
