Model: GRU
MSE: 14.977982919418567
MAE: 3.0674394615765275
EVS: 0.4647212796836613
