Model: GRU
MSE: 16.768020434493828
MAE: 3.3363488337089278
EVS: 0.47520537002731666
