Model: GRU
MSE: 13.766047489510791
MAE: 2.874474550115651
EVS: 0.46191231936821464
