Model: GRU
MSE: 20.64895644134069
MAE: 3.798286191348372
EVS: 0.4755548764418609
