Model: GRU
MSE: 17.344596173703497
MAE: 3.421218148593245
EVS: 0.4589805282349563
