Model: GRU
MSE: 16.894245072212822
MAE: 3.30772811379926
EVS: 0.5029756836123898
