Model: GRU
MSE: 27.054703997554466
MAE: 4.485986117658944
EVS: 0.0
