Model: GRU
MSE: 14.987319352315184
MAE: 3.079680927868547
EVS: 0.45140774588836596
