Model: GRU
MSE: 25.04385793273696
MAE: 4.272872554844823
EVS: 0.44425267970439597
