Model: GRU
MSE: 22.2423803647454
MAE: 3.968687731644203
EVS: 0.46068822194644665
