Model: GRU
MSE: 842.5387487802014
MAE: 28.422002414177204
EVS: -0.4345838041388199
