Model: GRU
MSE: 15.205637505127083
MAE: 3.1051378332335373
EVS: 0.4647139586839447
