Model: GRU
MSE: 14.199143733353253
MAE: 2.8891540313589164
EVS: 0.45882239244604406
