Model: GRU
MSE: 14.013582371477595
MAE: 2.9246645795887916
EVS: 0.48564558709301553
