Model: GRU
MSE: 29.126235809145474
MAE: 4.584743684735791
EVS: 0.3986621983542792
