Model: GRU
MSE: 2559.853845732383
MAE: 50.342489111012426
EVS: -0.05285631619539899
