Model: GRU
MSE: 22.306215064439105
MAE: 3.999800238116034
EVS: 0.4819302602920985
