Model: GRU
MSE: 431.8375877651131
MAE: 20.150020064978765
EVS: -0.06634946519189167
