Model: GRU
MSE: 19.16816712059903
MAE: 3.697911628361406
EVS: 0.44999794278370087
