Model: GRU
MSE: 24.707367876536345
MAE: 4.226888853928139
EVS: 0.4617480638764878
