Model: GRU
MSE: 33.19492202419658
MAE: 5.017702386297029
EVS: 0.40734295953979993
