Model: GRU
MSE: 30.92869439519931
MAE: 4.794957814545467
EVS: 0.38341582945732744
