Model: GRU
MSE: 366.06520142022845
MAE: 18.5087043848531
EVS: 0.029536503194322772
