Model: GRU
MSE: 3147.225337796244
MAE: 55.83646063969053
EVS: -0.2192207802444679
