Model: GRU
MSE: 36.62383411869131
MAE: 5.212443364077601
EVS: 0.38605706412284735
