Model: GRU
MSE: 20.231651800144114
MAE: 3.688128249398593
EVS: 0.47191511696662714
