Model: GRU
MSE: 625.3409835916709
MAE: 24.503265364416713
EVS: -0.029861281550976004
