Model: GRU
MSE: 17.176551304309513
MAE: 3.372572191830339
EVS: 0.4739865651933577
