Model: GRU
MSE: 14.411713641076748
MAE: 2.926763682529844
EVS: 0.4546563401723761
