Model: GRU
MSE: 14.008565462062256
MAE: 2.9120334756785424
EVS: 0.42760186421916857
