Model: GRU
MSE: 18.425164201760936
MAE: 3.499645397580903
EVS: 0.4986238850226633
