Model: GRU
MSE: 13.8740084002874
MAE: 2.940865450891955
EVS: 0.45717553373725894
