Model: GRU
MSE: 375.47488878107345
MAE: 18.729274446594303
EVS: -0.019872776416947513
