Model: GRU
MSE: 23.068518899845397
MAE: 4.05082839932935
EVS: 0.48099878547822406
