Model: GRU
MSE: 19.190531633269487
MAE: 3.6116989316611456
EVS: 0.4671115741305021
