Model: GRU
MSE: 14.332973227562277
MAE: 2.974318767416066
EVS: 0.46512993598452057
