Model: GRU
MSE: 23.637775066214
MAE: 4.119289833923866
EVS: 0.46840271233219943
