Model: GRU
MSE: 12.954343396391375
MAE: 2.7741121177015633
EVS: 0.46578483610066557
