Model: GRU
MSE: 13.251725418133482
MAE: 2.601575991203045
EVS: 0.45267584099968816
