Model: GRU
MSE: 30.637893401845357
MAE: 4.725729999871089
EVS: 0.42110526729912656
