Model: GRU
MSE: 26.66437098037954
MAE: 4.422663565339713
EVS: 0.47800964541635205
