Model: GRU
MSE: 37.39998097938316
MAE: 5.4394358355423496
EVS: 0.4410579864487959
