Model: GRU
MSE: 17.543595126302268
MAE: 3.4859586748583564
EVS: 0.4538616124219961
