Model: GRU
MSE: 5822.312007864265
MAE: 76.14616749204438
EVS: 0.005572579209187967
