Model: GRU
MSE: 14.770425462157544
MAE: 2.945184041713846
EVS: 0.4507882134817638
