Model: GRU
MSE: 31.421564659424664
MAE: 4.911765012247809
EVS: 0.4549244004691593
