Model: GRU
MSE: 14.076062804352361
MAE: 2.9842721182724525
EVS: 0.4627129108085525
