Model: GRU
MSE: 63.25233104836953
MAE: 6.7654884930314685
EVS: 0.0
