Model: GRU
MSE: 676.9850794036327
MAE: 25.56375071661813
EVS: 0.009515904120571461
