Model: GRU
MSE: 33.2178231638326
MAE: 4.996173200936153
EVS: 0.45315982135450883
