Model: GRU
MSE: 9717.867470061174
MAE: 98.44699307145744
EVS: -0.0763769455720471
