Model: GRU
MSE: 398.845739691778
MAE: 19.350185653259015
EVS: -0.008590900872998741
