Model: GRU
MSE: 18.65047858758381
MAE: 3.592176519591233
EVS: 0.45382473325803596
