Model: GRU
MSE: 29.693983099786024
MAE: 4.510780975736421
EVS: 0.3582750340163291
