Model: GRU
MSE: 446.7901516188469
MAE: 20.529012540291095
EVS: -0.04716234671891395
