Model: GRU
MSE: 469.3525419418112
MAE: 21.038542870817512
EVS: -0.10426971560812515
