Model: GRU
MSE: 6207.000630642482
MAE: 78.45083927286082
EVS: -1.1673109086923774
