Model: GRU
MSE: 31.20503709679833
MAE: 4.877642738408055
EVS: 0.48307061798091633
