Model: GRU
MSE: 15.638376788572918
MAE: 3.114442775989401
EVS: 0.4633331929340554
