Model: GRU
MSE: 30.104007716350917
MAE: 4.789921407041879
EVS: 0.45409771441587843
