Model: GRU
MSE: 28.926270588533953
MAE: 4.63055077914534
EVS: 0.46021615649427217
