Model: GRU
MSE: 49.93417267726341
MAE: 5.938329203375455
EVS: 0.06787716212100625
