Model: GRU
MSE: 15.473342484271445
MAE: 3.038528532817446
EVS: 0.4053536455896547
