Model: GRU
MSE: 75.43679695235956
MAE: 7.537612421759244
EVS: 0.0
