Model: GRU
MSE: 16.51797806577781
MAE: 3.2795990499956855
EVS: 0.47672818357171154
