Model: GRU
MSE: 14.466551761719153
MAE: 3.059326533613534
EVS: 0.4700844358218339
