Model: GRU
MSE: 231.8705664716147
MAE: 14.491094963303928
EVS: 0.09622208106592822
