Model: GRU
MSE: 16.462303803278214
MAE: 3.2398437138261467
EVS: 0.45815585683659166
