Model: GRU
MSE: 22.533132306819834
MAE: 4.0472679467036805
EVS: 0.4600842031227169
