Model: GRU
MSE: 361.08230737177144
MAE: 18.332494433583886
EVS: -0.03279357214498435
