Model: GRU
MSE: 14.461855210252192
MAE: 2.8715829849243164
EVS: 0.44043956380614757
