Model: GRU
MSE: 24.447847362690442
MAE: 4.125366720659979
EVS: 0.43981721347884317
