Model: GRU
MSE: 4104.266205745364
MAE: 63.889910336198476
EVS: 0.07693803898031493
