Model: GRU
MSE: 15.85240121204379
MAE: 3.14976415551942
EVS: 0.4557191790130144
