Model: GRU
MSE: 55.14349955935189
MAE: 6.651150243035678
EVS: 0.2994331997389871
