Model: GRU
MSE: 18.843521330846528
MAE: 3.5013193426461053
EVS: 0.4514231867553372
