Model: GRU
MSE: 458.2986990048825
MAE: 20.78239320064413
EVS: -0.09016599995919905
