Model: GRU
MSE: 18.616227256595018
MAE: 3.5579511132733574
EVS: 0.4163689186448476
