Model: GRU
MSE: 23.74080654816365
MAE: 4.15912428806568
EVS: 0.4475980429342752
