Model: GRU
MSE: 21.52708198482142
MAE: 3.894200427778836
EVS: 0.42708397003979715
