Model: GRU
MSE: 21.25440924934064
MAE: 3.8738364926699935
EVS: 0.4626854574375362
