Model: GRU
MSE: 19.94638346328936
MAE: 3.6878488721518683
EVS: 0.4655351880777171
