Model: GRU
MSE: 13.433523295602225
MAE: 2.732871047381697
EVS: 0.4452151638058124
