Model: GRU
MSE: 18.065747610606977
MAE: 3.498417648775824
EVS: 0.46572718826656456
