Model: GRU
MSE: 19.205358488030562
MAE: 3.575502560056489
EVS: 0.45586639468564627
