Model: GRU
MSE: 27.150713762915633
MAE: 4.542048039107487
EVS: 0.4758782875397505
