Model: GRU
MSE: 4406.364535743043
MAE: 66.1978583500303
EVS: -2.220446049250313e-16
