Model: GRU
MSE: 17.073768751401595
MAE: 3.277910253097271
EVS: 0.4379376034241482
