Model: GRU
MSE: 23.50725804857738
MAE: 4.170482339530156
EVS: 0.45303329030064743
