Model: GRU
MSE: 23.851192667795573
MAE: 4.154729337527834
EVS: 0.4346903443725656
