Model: GRU
MSE: 17.591120515716092
MAE: 3.3570315837860107
EVS: 0.48423632853110843
