Model: GRU
MSE: 14.619695651492375
MAE: 2.986659288406372
EVS: 0.4653760430388073
