Model: GRU
MSE: 358.49121574272624
MAE: 18.26904670123396
EVS: -0.021689561368053223
