Model: GRU
MSE: 21.521447778047023
MAE: 3.8725547872740647
EVS: 0.4658703002738269
