Model: GRU
MSE: 27.059386505141365
MAE: 4.462121133146615
EVS: 0.4620387768340549
