Model: GRU
MSE: 40.16143439301994
MAE: 5.582477725785354
EVS: 0.34009543283944477
