Model: GRU
MSE: 21.111214142745137
MAE: 3.7824442386627197
EVS: 0.4427129224883616
