Model: GRU
MSE: 18206.384628852386
MAE: 134.8412174356395
EVS: -0.0009345519912753453
