Model: GRU
MSE: 25.994901603831035
MAE: 4.443031759097658
EVS: 0.4457334341903266
