Model: GRU
MSE: 14.887572519874633
MAE: 2.966261123788768
EVS: 0.4497040954471577
