Model: GRU
MSE: 17.152671028894677
MAE: 3.3274675073294806
EVS: 0.4609213984647291
