Model: GRU
MSE: 31.63104330252315
MAE: 4.814889513213059
EVS: 0.41238873811839016
