Model: GRU
MSE: 38.023559022020486
MAE: 5.336336398946828
EVS: 0.38883841859179413
