Model: GRU
MSE: 12.993139008238924
MAE: 2.610716227827401
EVS: 0.49912127653698224
