Model: GRU
MSE: 14.934034516653368
MAE: 3.066004596907517
EVS: 0.4798561633194979
