Model: GRU
MSE: 20.44890023819286
MAE: 3.7792194752857604
EVS: 0.47400311880500834
