Model: GRU
MSE: 1708.4509307230487
MAE: 41.02254440044535
EVS: -0.05757150922585175
