Model: GRU
MSE: 13.049105218350432
MAE: 2.7340882317773225
EVS: 0.4642510708872296
