Model: GRU
MSE: 27.817723041074778
MAE: 4.5320790677235046
EVS: 0.463465006179543
