Model: GRU
MSE: 1921.7503496209233
MAE: 43.47399047325398
EVS: -0.31206169958855257
