Model: GRU
MSE: 13.225390798102756
MAE: 2.781003401197236
EVS: 0.46491197424782194
