Model: GRU
MSE: 26.38592095249671
MAE: 4.408520558784748
EVS: 0.43629529462174854
