Model: GRU
MSE: 15.263987707489143
MAE: 3.143736082932045
EVS: 0.4527350904905211
