Model: GRU
MSE: 21.897210142430694
MAE: 3.939429833971221
EVS: 0.4682514076035409
