Model: GRU
MSE: 14.758919351335548
MAE: 2.9993874780062972
EVS: 0.4808381293352251
