Model: GRU
MSE: 16.012704806963345
MAE: 3.2480838956504035
EVS: 0.4694988355287504
