Model: GRU
MSE: 15.148170552886219
MAE: 3.0457306730336158
EVS: 0.4613511146276824
