Model: GRU
MSE: 14.464023420587715
MAE: 2.8230273148109175
EVS: 0.4431961445003575
