Model: GRU
MSE: 35.40742325635598
MAE: 5.26592649262527
EVS: 0.4423824636034218
