Model: GRU
MSE: 19.16327538075445
MAE: 3.5154091078659584
EVS: 0.4268032811350978
