Model: GRU
MSE: 1012.5213764638031
MAE: 31.364300990926807
EVS: -0.1897677608855628
