Model: GRU
MSE: 1115.4083365200213
MAE: 33.0089536864182
EVS: -0.06647479116362187
