Model: GRU
MSE: 15.179133788375276
MAE: 3.0146885740345923
EVS: 0.45425480372205485
