Model: GRU
MSE: 16.407955331225907
MAE: 3.3151328317050277
EVS: 0.4891846962959093
