Model: GRU
MSE: 27.352441995734907
MAE: 4.481280232297963
EVS: 0.48651237303618833
