Model: GRU
MSE: 19.91650341143399
MAE: 3.7355533303885626
EVS: 0.4721672749061835
