Model: GRU
MSE: 19.499666967532768
MAE: 3.690287602358851
EVS: 0.4377153840655097
