Model: GRU
MSE: 13.473024259650977
MAE: 2.932099071042291
EVS: 0.46746347351317263
