Model: GRU
MSE: 25.534255179073686
MAE: 4.327935689482196
EVS: 0.43873070705185746
