Model: GRU
MSE: 14.233228795049827
MAE: 2.9775322141318488
EVS: 0.48352073883351643
