Model: GRU
MSE: 24.573598031420705
MAE: 4.18456351345983
EVS: 0.44953926080827733
