Model: GRU
MSE: 46.29714178037709
MAE: 6.124835071892574
EVS: 0.39295959756329346
