Model: GRU
MSE: 15.907007721486625
MAE: 3.2001610377739214
EVS: 0.46691804727599573
