Model: GRU
MSE: 14.141515030873322
MAE: 2.890688887957869
EVS: 0.488074495927838
