Model: GRU
MSE: 28.97910664547287
MAE: 4.643889270979782
EVS: 0.4308067762327278
