Model: GRU
MSE: 16.68684226449731
MAE: 3.4422963569904197
EVS: 0.3114771549357368
