Model: GRU
MSE: 18.92265598938967
MAE: 3.589008594381398
EVS: 0.4853652376855023
