Model: GRU
MSE: 399.877903357432
MAE: 19.301814566398487
EVS: -0.12846006244476782
