Model: GRU
MSE: 18.374473796346045
MAE: 3.4581703975282867
EVS: 0.43624035183405163
