Model: GRU
MSE: 13.635998340891625
MAE: 2.7950814674640525
EVS: 0.45011027556401584
