Model: GRU
MSE: 15.379959345815646
MAE: 3.0256930877422463
EVS: 0.4578055428026674
