Model: GRU
MSE: 18.969501012068612
MAE: 3.599787407907946
EVS: 0.46209845268902106
