Model: GRU
MSE: 33.22695687907637
MAE: 5.063266034783988
EVS: 0.49206642432621484
