Model: GRU
MSE: 21.919935140428063
MAE: 3.876425603340412
EVS: 0.4484039938466806
