Model: GRU
MSE: 28.376909577241303
MAE: 4.6103941325483655
EVS: 0.4353653622885306
