Model: GRU
MSE: 19.582141962946245
MAE: 3.6804830411384843
EVS: 0.48044125532021276
