Model: GRU
MSE: 464.6040283613644
MAE: 20.973138603670844
EVS: -0.021620869514050733
