Model: GRU
MSE: 17.780948249595355
MAE: 3.413625799376389
EVS: 0.44777697837344876
