Model: GRU
MSE: 36.13361115816037
MAE: 5.2224452783321516
EVS: 0.4208664624687223
