Model: GRU
MSE: 22.570311197314524
MAE: 3.9668753393765153
EVS: 0.48036176857539203
