Model: GRU
MSE: 18.065954355668133
MAE: 3.4499085853839744
EVS: 0.4566670816695588
