Model: GRU
MSE: 16.5203239780952
MAE: 3.318053179773791
EVS: 0.49751274870852
