Model: GRU
MSE: 20.830694696077828
MAE: 3.7858615250423036
EVS: 0.4504249400789837
