Model: GRU
MSE: 140.3822445850822
MAE: 10.882262558772647
EVS: 0.014008336118533249
