Model: GRU
MSE: 580.7691282172458
MAE: 23.51358699798584
EVS: -0.15169597265282508
