Model: GRU
MSE: 13.019965969457225
MAE: 2.7709757788427947
EVS: 0.4636142897367247
