Model: GRU
MSE: 14.604917030606366
MAE: 2.9218207268879333
EVS: 0.42902642710153527
