Model: GRU
MSE: 21.38327711694583
MAE: 3.8926023162644485
EVS: 0.48539188517671505
