Model: GRU
MSE: 17.3279261558837
MAE: 3.390062718555845
EVS: 0.4645116413067101
