Model: GRU
MSE: 22.004827782563773
MAE: 3.996129134605671
EVS: 0.16111915649970765
