Model: GRU
MSE: 387.29959420792187
MAE: 19.051359524045672
EVS: -0.026997684304153502
