Model: GRU
MSE: 388.3203491938979
MAE: 19.079266387840796
EVS: -0.0038771212578736503
