Model: GRU
MSE: 21.517826594133272
MAE: 3.903346924946226
EVS: 0.43148745065795147
