Model: GRU
MSE: 16.95277106793201
MAE: 3.3118706736071357
EVS: 0.4516853486690967
