Model: GRU
MSE: 17.361721643023078
MAE: 3.3021600328642746
EVS: 0.4703721982309328
