Model: GRU
MSE: 16.59053995545044
MAE: 3.2854697950955094
EVS: 0.4544198608483847
