Model: GRU
MSE: 33.020296141001204
MAE: 5.04913409002896
EVS: 0.42581068544112644
