Model: GRU
MSE: 12.83682480973343
MAE: 2.6925845310605805
EVS: 0.47207548693416757
