Model: GRU
MSE: 15.89991379475932
MAE: 3.1959801049068055
EVS: 0.4871558609441986
