Model: GRU
MSE: 381.1674194127874
MAE: 18.904714214390722
EVS: 0.017716631303809738
