Model: GRU
MSE: 4738.23132313859
MAE: 68.62755972763588
EVS: -0.17685344576802242
