Model: GRU
MSE: 22.727410321717645
MAE: 4.0171317643132705
EVS: 0.4775032465055884
