Model: GRU
MSE: 23.414597406796442
MAE: 4.044929294750609
EVS: 0.4524990822250119
