Model: GRU
MSE: 12.689823253134227
MAE: 2.6831524207674224
EVS: 0.47764993234777997
