Model: GRU
MSE: 36.19388928468558
MAE: 4.883202782992659
EVS: 0.12408053408703212
