Model: GRU
MSE: 16.36040003998897
MAE: 3.2501676658104204
EVS: 0.4851246725927917
