Model: GRU
MSE: 17.61613552182721
MAE: 3.40295278614965
EVS: 0.4783029761288292
