Model: GRU
MSE: 13.287048182603098
MAE: 2.791394800975405
EVS: 0.49320214432334253
