Model: GRU
MSE: 18.91830457625801
MAE: 3.4994667850691696
EVS: 0.4737850433759623
