Model: GRU
MSE: 17.97205728076329
MAE: 3.4680652125128386
EVS: 0.4617412603212111
