Model: GRU
MSE: 13.422490391043931
MAE: 2.7375270744849898
EVS: 0.4742190612309801
