Model: GRU
MSE: 24.0255419711655
MAE: 4.194684978189139
EVS: 0.48083817604915413
