Model: GRU
MSE: 1265.7446518443946
MAE: 35.28690837991649
EVS: 0.14992250270042284
