Model: GRU
MSE: 22.82243744338504
MAE: 4.016355424091734
EVS: 0.46495002198956337
