Model: GRU
MSE: 15.606501014581031
MAE: 3.127468668181321
EVS: 0.4226999156236495
