Model: GRU
MSE: 14.329249789722027
MAE: 3.0520077080562196
EVS: 0.4572534899000511
