Model: GRU
MSE: 13.294336610432644
MAE: 2.8807946320237785
EVS: 0.4741278865467973
