Model: GRU
MSE: 16.203747376118905
MAE: 3.240403964601714
EVS: 0.4939351857179568
