Model: GRU
MSE: 17.04331754158334
MAE: 3.436014142529718
EVS: 0.32975545322022415
