Model: GRU
MSE: 14.717479762802997
MAE: 3.0881640664462386
EVS: 0.47369385579363965
