Model: GRU
MSE: 21.624578576524655
MAE: 3.8822412408631424
EVS: 0.43746220929729285
