Model: GRU
MSE: 17.029060366264325
MAE: 3.287423109186107
EVS: 0.442030241069828
