Model: GRU
MSE: 15.539399218392097
MAE: 3.042824695850241
EVS: 0.45517360475462176
