Model: GRU
MSE: 15.689330364781085
MAE: 3.1221199446711045
EVS: 0.4637729545094095
