Model: GRU
MSE: 52.55680774522863
MAE: 6.038680438337655
EVS: 0.0
