Model: GRU
MSE: 13.20871040529241
MAE: 2.9092103530620705
EVS: 0.4678739846614216
