Model: GRU
MSE: 24.666600630764968
MAE: 4.169066100284971
EVS: 0.4216846715777621
