Model: GRU
MSE: 24.28937543130908
MAE: 4.196512090748754
EVS: 0.4184989199028496
