Model: GRU
MSE: 19.82495493296369
MAE: 3.710160970687866
EVS: 0.46889052082553295
