Model: GRU
MSE: 14.244431837020391
MAE: 2.9058703882940886
EVS: 0.43713849409508887
