Model: GRU
MSE: 15.826485695965266
MAE: 3.139354368736004
EVS: 0.45814405684305304
