Model: GRU
MSE: 16.82362064108661
MAE: 3.216831355259336
EVS: 0.42612454795977706
