Model: GRU
MSE: 15.968207351781617
MAE: 3.2552157928203713
EVS: 0.4841008392005892
