Model: GRU
MSE: 22.294917223770543
MAE: 3.9488293877963363
EVS: 0.4690414977228248
