Model: GRU
MSE: 15.091811994211682
MAE: 3.036286526712878
EVS: 0.4592767632354803
