Model: GRU
MSE: 31.563761829872334
MAE: 4.903309481484549
EVS: 0.32697319242766265
