Model: GRU
MSE: 20.09452386191467
MAE: 3.7061429352595887
EVS: 0.4556575907534737
