Model: GRU
MSE: 13.305753528597366
MAE: 2.684339293118181
EVS: 0.4911758651943179
