Model: GRU
MSE: 20.212681910001468
MAE: 3.7861294417545714
EVS: 0.4664252623001539
