Model: GRU
MSE: 12.921500298874749
MAE: 2.698086689258444
EVS: 0.46736474216575286
