Model: GRU
MSE: 12.242098584117183
MAE: 2.5418631948273758
EVS: 0.5015121697121914
