Model: GRU
MSE: 27.300368086759168
MAE: 4.510165210427909
EVS: 0.46898110132483817
