Model: GRU
MSE: 17.66554188478281
MAE: 3.416428270011113
EVS: 0.4877641971750497
