Model: GRU
MSE: 15.297925858475804
MAE: 3.1215545884494125
EVS: 0.4419168788371256
