Model: GRU
MSE: 15.748800676616513
MAE: 3.1601465734942207
EVS: 0.49068960186104105
