Model: GRU
MSE: 23.546723401498586
MAE: 4.131222983886456
EVS: 0.46571125358631926
