Model: GRU
MSE: 48.91533837099206
MAE: 5.79939105592925
EVS: -0.021694216488769236
