Model: GRU
MSE: 27.71017627595576
MAE: 4.501844837747771
EVS: 0.4772005690364314
