Model: GRU
MSE: 15.964699165610318
MAE: 3.256184964344419
EVS: 0.4555630290760181
