Model: GRU
MSE: 21.862348760587086
MAE: 3.865640114093649
EVS: 0.45379608956669115
