Model: GRU
MSE: 30.545368298017312
MAE: 4.744423718288027
EVS: 0.4315877956065871
