Model: GRU
MSE: 14.00619894024965
MAE: 2.8974728091009734
EVS: 0.4911302195793569
