Model: GRU
MSE: 13.964342414448542
MAE: 2.881276221110903
EVS: 0.4644002788359679
