Model: GRU
MSE: 13.254218631831055
MAE: 2.6976080927355537
EVS: 0.46059891411052634
