Model: GRU
MSE: 13.49186237262929
MAE: 2.7691344063857506
EVS: 0.4584287725960017
