Model: GRU
MSE: 29.926583632920075
MAE: 4.6611231442155505
EVS: 0.4322197665260087
