Model: GRU
MSE: 2962.1973394786583
MAE: 54.18342393020104
EVS: -0.08864084094752167
