Model: GRU
MSE: 369.69728012938197
MAE: 18.555715719173694
EVS: -0.04852133642595491
