Model: GRU
MSE: 21.189742208710072
MAE: 3.8607548269732246
EVS: 0.4644855705204586
