Model: GRU
MSE: 35.15816343875087
MAE: 5.199572760483314
EVS: 0.45153788821779883
