Model: GRU
MSE: 20.453216805712916
MAE: 3.8115600470838875
EVS: 0.49633856966339773
