Model: GRU
MSE: 23.83759468261374
MAE: 4.197343875621927
EVS: 0.4631799311428384
