Model: GRU
MSE: 12.616683492833685
MAE: 2.7152468089399666
EVS: 0.4790088190081092
