Model: GRU
MSE: 15.174003587463352
MAE: 3.0364394927846976
EVS: 0.44773359986294736
