Model: GRU
MSE: 16.56052539788638
MAE: 3.228844165802002
EVS: 0.4691176584567698
