Model: GRU
MSE: 21.504418993901986
MAE: 3.922975889567671
EVS: 0.495775679294823
