Model: GRU
MSE: 17.26396502033021
MAE: 3.3374185479920486
EVS: 0.448349555353481
