Model: GRU
MSE: 33.03848534684188
MAE: 5.013901661182272
EVS: 0.41016274482278114
