Model: GRU
MSE: 402.77063618486716
MAE: 19.42767994568266
EVS: -0.04658784336274602
