Model: GRU
MSE: 19.86998643990158
MAE: 3.70145478741876
EVS: 0.4664194791165267
