Model: GRU
MSE: 32.24737274943939
MAE: 4.795115259186975
EVS: 0.3475124465886642
