Model: GRU
MSE: 25.113370551325666
MAE: 4.242326830995494
EVS: 0.431316931409896
