Model: GRU
MSE: 16.19529162435693
MAE: 3.2144807124960013
EVS: 0.4776079722529807
