Model: GRU
MSE: 52.446292944355264
MAE: 6.031157822444521
EVS: 0.0
