Model: GRU
MSE: 17.554533027745425
MAE: 3.316181043098713
EVS: 0.4241825946666795
