Model: GRU
MSE: 14.365408947895409
MAE: 2.935952696306952
EVS: 0.4635486100502244
