Model: GRU
MSE: 12.98606482092491
MAE: 2.665621880827279
EVS: 0.4689298274886511
