Model: GRU
MSE: 14.40053891703284
MAE: 2.9771838352597992
EVS: 0.4592317655362823
