Model: GRU
MSE: 31.02781038541827
MAE: 4.877694836978255
EVS: 0.4590023099163
