Model: GRU
MSE: 8315.364310312745
MAE: 91.03823142216123
EVS: -0.1320486170026185
