Model: GRU
MSE: 26.37466955424679
MAE: 4.463923478948659
EVS: 0.47888590025684385
