Model: GRU
MSE: 17.82560736678275
MAE: 3.435455630565512
EVS: 0.4759580350525121
