Model: GRU
MSE: 15.863887215286221
MAE: 3.179371874907921
EVS: 0.44404068361709137
