Model: GRU
MSE: 20.345197014930474
MAE: 3.743881977837661
EVS: 0.4503732663771528
