Model: GRU
MSE: 23.819309431218716
MAE: 4.155841486794608
EVS: 0.34017482696611645
