Model: GRU
MSE: 41.14173881090984
MAE: 5.61277293747869
EVS: 0.43894383159519756
