Model: GRU
MSE: 25.690356318496782
MAE: 4.336256175205626
EVS: 0.47100991700464023
