Model: GRU
MSE: 23.2636019739618
MAE: 4.023887761707964
EVS: 0.4542874109233195
