Model: GRU
MSE: 354.02923018606816
MAE: 18.17399308599275
EVS: 0.01953397404413515
