Model: GRU
MSE: 995.5456776065759
MAE: 31.03362668793777
EVS: -0.3408615914556752
