Model: GRU
MSE: 20.511962391846733
MAE: 3.7200473300341903
EVS: 0.4445816123351993
