Model: GRU
MSE: 30.224874465143884
MAE: 4.924768817835841
EVS: 0.5086383577682285
