Model: GRU
MSE: 20.885272844171787
MAE: 3.784613305124743
EVS: 0.43381813667672997
