Model: GRU
MSE: 24.516552864978614
MAE: 4.19210488220741
EVS: 0.43333650948371427
