Model: GRU
MSE: 19.436189978410376
MAE: 3.607857983687828
EVS: 0.4561727060268892
