Model: GRU
MSE: 40.91745324468357
MAE: 5.701734148222824
EVS: 0.44629323402330545
