Model: GRU
MSE: 17.92181133158667
MAE: 3.4667707476122627
EVS: 0.44464696301704265
