Model: GRU
MSE: 24.102572284899818
MAE: 4.170808570138339
EVS: 0.45431602662167847
