Model: GRU
MSE: 19.667221236226055
MAE: 3.4897406101226807
EVS: 0.37212868469425986
