Model: GRU
MSE: 21.512661148007254
MAE: 3.7963530195170434
EVS: 0.40495969480023297
