Model: GRU
MSE: 367.34421363073665
MAE: 18.508038835278875
EVS: -0.0243152845542971
