Model: GRU
MSE: 43.135433733874784
MAE: 5.644813011432516
EVS: 0.31986531902172255
