Model: GRU
MSE: 52.32758120042383
MAE: 6.472905405636491
EVS: 0.4035568911144687
