Model: GRU
MSE: 359.5897903623895
MAE: 18.316982201461133
EVS: 0.005375568341272174
