Model: GRU
MSE: 3805.678880536487
MAE: 61.49574003548458
EVS: 0.010543898095324189
