Model: GRU
MSE: 22.88631591756484
MAE: 4.054250375977878
EVS: 0.4420031110546513
