Model: GRU
MSE: 15.876073010810313
MAE: 3.230645747020327
EVS: 0.47434084945329436
