Model: GRU
MSE: 16.42650203696562
MAE: 3.187904793640663
EVS: 0.46835058826669573
