Model: GRU
MSE: 16.08315309026501
MAE: 3.2125769812485268
EVS: 0.45167034492738367
