Model: GRU
MSE: 21.408923822192904
MAE: 3.837381354693709
EVS: 0.4620042913318504
