Model: GRU
MSE: 23.28217996802238
MAE: 4.086562378653165
EVS: 0.4650557449911281
