Model: GRU
MSE: 24.440193621953735
MAE: 4.170717042067955
EVS: 0.4731564075750827
