Model: GRU
MSE: 27.407665408550365
MAE: 4.446862323530789
EVS: 0.41954984829064756
