Model: GRU
MSE: 13.0048448380742
MAE: 2.8074394752239358
EVS: 0.48766568654427134
