Model: GRU
MSE: 21.966870219475233
MAE: 3.954964226689832
EVS: 0.4847749824438571
