Model: GRU
MSE: 26.68502860154362
MAE: 4.418133538344811
EVS: 0.42775414226461994
