Model: GRU
MSE: 20.09915835897813
MAE: 3.7794051252562424
EVS: 0.4742278869635699
