Model: GRU
MSE: 19.97641493552713
MAE: 3.6815214485957704
EVS: 0.4367690630897979
