Model: GRU
MSE: 390.5343631085835
MAE: 19.110580551213232
EVS: -0.0459345901866699
