Model: GRU
MSE: 16.350959870524587
MAE: 3.2653190349710397
EVS: 0.49565231003761734
