Model: GRU
MSE: 12.882152890589483
MAE: 2.8580781344709725
EVS: 0.5008364597360182
