Model: GRU
MSE: 15.639199816119767
MAE: 3.0691358632054824
EVS: 0.4323193998424646
