Model: GRU
MSE: 22.685694412734897
MAE: 4.053807558684514
EVS: 0.45714425551792304
