Model: GRU
MSE: 25.895828107654655
MAE: 4.284701347351074
EVS: 0.43965834995697983
