Model: GRU
MSE: 18.865866805901348
MAE: 3.5641040884215256
EVS: 0.46859886964286557
