Model: GRU
MSE: 19.2165972516803
MAE: 3.569983046630333
EVS: 0.44460036515466883
