Model: GRU
MSE: 13.198943512335141
MAE: 2.7122942990270156
EVS: 0.45786796324924806
