Model: GRU
MSE: 28.91864080363858
MAE: 4.702948344164882
EVS: 0.48557977116416373
