Model: GRU
MSE: 22.753538708233183
MAE: 3.999164778610756
EVS: 0.4715195012497003
