Model: GRU
MSE: 22.037670933754335
MAE: 3.8811957589511215
EVS: 0.44632039400191603
