Model: GRU
MSE: 24.950803365828534
MAE: 4.277491363985785
EVS: 0.46639177992442227
