Model: GRU
MSE: 16.030237814174104
MAE: 3.1172749913972
EVS: 0.4736916088994645
