Model: GRU
MSE: 1401.0831635715897
MAE: 36.883069104161756
EVS: -0.6821808085648882
