Model: GRU
MSE: 13.155884827893296
MAE: 2.8786601609197158
EVS: 0.4718666956304157
