Model: GRU
MSE: 37.31064110462314
MAE: 5.4360617769175565
EVS: 0.4850295884937129
