Model: GRU
MSE: 408.4909560558191
MAE: 19.556612791686224
EVS: -0.07525446615973497
