Model: GRU
MSE: 14.192247938064302
MAE: 2.987395196125425
EVS: 0.4558184250864381
