Model: GRU
MSE: 19.708173146511545
MAE: 3.6350441184537163
EVS: 0.4327804499086715
