Model: GRU
MSE: 17.224479907319665
MAE: 3.3573218214100806
EVS: 0.46441499311102497
