Model: GRU
MSE: 19.18639038170751
MAE: 3.6478981437354254
EVS: 0.46806118449660594
