Model: GRU
MSE: 36.27672512389999
MAE: 4.860800907529634
EVS: 0.0
