Model: GRU
MSE: 19.074470552622923
MAE: 3.515241343399574
EVS: 0.4455814243362092
