Model: GRU
MSE: 17.796139775490857
MAE: 3.497291893794619
EVS: 0.48333764027582815
