Model: GRU
MSE: 389.37923378136816
MAE: 19.079142093658447
EVS: -0.04781398899221445
