Model: GRU
MSE: 12.447239407585792
MAE: 2.809485805445704
EVS: 0.4951426156538137
