Model: GRU
MSE: 14.437227031084168
MAE: 2.9609128606730493
EVS: 0.4794064253297956
