Model: GRU
MSE: 3802.1321664064467
MAE: 61.49091707426926
EVS: 0.13255082999784118
