Model: GRU
MSE: 364.7171125756062
MAE: 18.443935287409815
EVS: -0.013643295978362113
