Model: GRU
MSE: 20.136753156294244
MAE: 3.691506788648408
EVS: 0.45193244259399856
