Model: GRU
MSE: 20.023990610666214
MAE: 3.685664883975325
EVS: 0.45482026173658474
