Model: GRU
MSE: 23.220470124443487
MAE: 4.096518052035365
EVS: 0.42878945547686076
