Model: GRU
MSE: 471.21425814010985
MAE: 21.100739067998425
EVS: -0.07290883468649723
