Model: GRU
MSE: 13.550509469472185
MAE: 2.603777868994351
EVS: 0.4408048923783735
