Model: GRU
MSE: 15.150293020010363
MAE: 3.055872654092723
EVS: 0.4629827602557761
