Model: GRU
MSE: 25.507100170126506
MAE: 4.340901267939601
EVS: 0.4710589377072272
