Model: GRU
MSE: 16.012055719364437
MAE: 3.080070026989641
EVS: 0.44919135650605346
