Model: GRU
MSE: 22.915897562265
MAE: 4.022643533246271
EVS: 0.40721841943491877
