Model: GRU
MSE: 13.973014038753929
MAE: 2.8473242069112845
EVS: 0.47704402897961384
