Model: GRU
MSE: 1084.8308653846705
MAE: 32.59859224845623
EVS: 0.08449395138299576
