Model: GRU
MSE: 386.9843723536516
MAE: 19.031502699029858
EVS: -0.023884241297022824
