Model: GRU
MSE: 36.26702643480468
MAE: 4.860030601764548
EVS: 0.0
