Model: GRU
MSE: 517.1376660172738
MAE: 22.152642587135578
EVS: -0.09046592310529245
