Model: GRU
MSE: 500.9543200419317
MAE: 21.83398513136239
EVS: -0.0009636331176767765
