Model: GRU
MSE: 381.73937896004117
MAE: 18.889052876110735
EVS: -0.030360715131984906
