Model: GRU
MSE: 23.86060409779936
MAE: 4.143860689524947
EVS: 0.49101121885047716
