Model: GRU
MSE: 39.8417632350376
MAE: 5.635058879852295
EVS: 0.4617498823558238
