Model: GRU
MSE: 13.492242156622622
MAE: 2.715633301899351
EVS: 0.4427147636121136
