Model: GRU
MSE: 2489.220079782931
MAE: 49.63078814539416
EVS: -0.07422570567287234
