Model: GRU
MSE: 19.247312496187995
MAE: 3.6089076050396622
EVS: 0.4355428605256215
