Model: GRU
MSE: 19.38017362279163
MAE: 3.695218127349327
EVS: 0.4483431880385521
