Model: GRU
MSE: 28.69937857673389
MAE: 4.624770254924379
EVS: 0.42751303119979056
