Model: GRU
MSE: 472.4105003445762
MAE: 21.116356623583826
EVS: -0.09508796832168964
