Model: GRU
MSE: 19.656283443110876
MAE: 3.664992299573175
EVS: 0.48039876814824867
