Model: GRU
MSE: 16.68966747428017
MAE: 3.281168748592508
EVS: 0.43657409843373596
