Model: GRU
MSE: 552.2449460575539
MAE: 22.891955375671387
EVS: -0.16503740062025662
