Model: GRU
MSE: 41.8588207080068
MAE: 5.665825292981904
EVS: 0.4188374031966464
