Model: GRU
MSE: 32.31155546116292
MAE: 4.810292424826787
EVS: 0.24640097852645015
