Model: GRU
MSE: 18.39923874704579
MAE: 3.416563025836287
EVS: 0.42048924536432086
