Model: GRU
MSE: 40.9794941926199
MAE: 5.501580584665825
EVS: 0.3475317614063228
