Model: GRU
MSE: 1386.6136440914327
MAE: 36.8160432947093
EVS: -0.2885199066541999
