Model: GRU
MSE: 18.769051300435034
MAE: 3.5313120628225394
EVS: 0.4435589318359192
