Model: GRU
MSE: 16.290226720189374
MAE: 3.307730641858331
EVS: 0.5024986234991685
