Model: GRU
MSE: 34.248998493384576
MAE: 5.148627568935526
EVS: 0.44763495394100294
