Model: GRU
MSE: 16.73526805258765
MAE: 3.2692358247165023
EVS: 0.45030457922390565
