Model: GRU
MSE: 52.83288078479723
MAE: 6.057408595907277
EVS: 0.0
