Model: GRU
MSE: 14.013258484778241
MAE: 2.889532755161154
EVS: 0.46802998263816153
