Model: GRU
MSE: 3223.513413000869
MAE: 56.5527725877433
EVS: -0.044994884970877225
