Model: GRU
MSE: 33.2270913890036
MAE: 5.111659543267612
EVS: 0.4862462563328015
