Model: GRU
MSE: 12.919196943257127
MAE: 2.782112688853823
EVS: 0.46705981645468375
