Model: GRU
MSE: 55.48738724311659
MAE: 6.34855711049047
EVS: 0.09707070502319659
