Model: GRU
MSE: 16.065591072124633
MAE: 3.2836047041005103
EVS: 0.3726843019869097
