Model: GRU
MSE: 21.82947601662222
MAE: 3.9143103237809806
EVS: 0.47779891818267783
