Model: GRU
MSE: 16.173649046407725
MAE: 3.217213005855166
EVS: 0.4540106106044338
