Model: GRU
MSE: 12.811079446561417
MAE: 2.8606675328879523
EVS: 0.5039414761227856
