Model: GRU
MSE: 691.969747853446
MAE: 25.80869046572981
EVS: -0.06911569597110945
