Model: GRU
MSE: 14.62246089915664
MAE: 3.0051828746137947
EVS: 0.4354537073868141
