Model: GRU
MSE: 383.42995099609686
MAE: 18.872676236876124
EVS: -0.12574133661469
