Model: GRU
MSE: 357.6074564176087
MAE: 18.253216639674942
EVS: -0.009065281486946963
