Model: GRU
MSE: 20.32619852449389
MAE: 3.7582515190387595
EVS: 0.48784517136846206
