Model: GRU
MSE: 17.181218564716158
MAE: 3.371502695412471
EVS: 0.48262832323471383
