Model: GRU
MSE: 26.928310158444635
MAE: 4.4310915881189805
EVS: 0.4101833433833967
