Model: GRU
MSE: 3699.7226586406236
MAE: 60.45263461408944
EVS: -0.8672119547085844
