Model: GRU
MSE: 13.991367034673134
MAE: 2.8876956619065384
EVS: 0.44983684847430694
