Model: GRU
MSE: 17.72836258171502
MAE: 3.4236250745839087
EVS: 0.4842376165747476
