Model: GRU
MSE: 16.320374871486653
MAE: 3.2829084971855425
EVS: 0.4440443933195968
