Model: GRU
MSE: 13.95240193928198
MAE: 2.8332407227877914
EVS: 0.43115820052646114
