Model: GRU
MSE: 13.450857374722016
MAE: 2.6500681597611
EVS: 0.4445155551060883
