Model: GRU
MSE: 595.6809904515756
MAE: 23.84475300229829
EVS: -0.11982191177952117
