Model: GRU
MSE: 7293.4210057347245
MAE: 85.25967933391702
EVS: -2.220446049250313e-16
