Model: GRU
MSE: 13.240838783141655
MAE: 2.8391136465401483
EVS: 0.48008232834293174
