Model: GRU
MSE: 17.980827739539478
MAE: 3.509789795711123
EVS: 0.4988623263876585
