Model: GRU
MSE: 610.2101516383984
MAE: 24.150169397222584
EVS: -0.11448175439656993
