Model: GRU
MSE: 47.70920215901069
MAE: 6.206890632366312
EVS: 0.4714817017674854
