Model: GRU
MSE: 13.756445905547315
MAE: 2.7985351167876145
EVS: 0.4406205910159764
