Model: GRU
MSE: 26.884105552173548
MAE: 4.474690667514143
EVS: 0.45304606361844424
