Model: GRU
MSE: 17.168993245723705
MAE: 3.319611911115975
EVS: 0.4625477327882799
