Model: GRU
MSE: 20.503585063268805
MAE: 3.7496611003218026
EVS: 0.43157930232706965
