Model: GRU
MSE: 24.524590136127998
MAE: 4.115811331518765
EVS: 0.41330537645077126
