Model: GRU
MSE: 32.649987254582584
MAE: 5.076061183008655
EVS: 0.48452060402903296
