Model: GRU
MSE: 397.70030061596776
MAE: 19.269682444375135
EVS: -0.08970364411768972
