Model: GRU
MSE: 14.351616761708101
MAE: 3.0411426609960097
EVS: 0.455688795821268
