Model: GRU
MSE: 18.894705395296803
MAE: 3.5676134043726426
EVS: 0.47442984967072277
