Model: GRU
MSE: 13.464204258163214
MAE: 2.8263219307208884
EVS: 0.4544631228049467
