Model: GRU
MSE: 16.99332228620677
MAE: 3.380025263490348
EVS: 0.4875816712825838
