Model: GRU
MSE: 13.677348284068259
MAE: 2.8914734084030678
EVS: 0.4795874746600979
