Model: GRU
MSE: 13.865273266668188
MAE: 2.8676370587842217
EVS: 0.4538250378194667
