Model: GRU
MSE: 19.050865249312967
MAE: 3.570498458270369
EVS: 0.4490179866209484
