Model: GRU
MSE: 13.519560724278453
MAE: 2.6776787494790963
EVS: 0.4520351964550161
