Model: GRU
MSE: 14.861876804861982
MAE: 2.8939975623426766
EVS: 0.4423066408820767
