Model: GRU
MSE: 27.789447227089898
MAE: 4.543357043430723
EVS: 0.4482313752307816
