Model: GRU
MSE: 13.518606246491773
MAE: 2.98906789154842
EVS: 0.4503994805332666
