Model: GRU
MSE: 5054.555500662925
MAE: 70.92855045713227
EVS: 0.021143964359510603
