Model: GRU
MSE: 19.50936855997401
MAE: 3.6361118678388924
EVS: 0.4603874631760593
