Model: GRU
MSE: 9176.44354197843
MAE: 95.65699399750808
EVS: -0.08158248274524338
