Model: GRU
MSE: 1028.6341962116026
MAE: 31.674783328483844
EVS: -0.04685259755769211
