Model: GRU
MSE: 14505.592553401426
MAE: 120.35099831942854
EVS: 0.1230303272105745
