Model: GRU
MSE: 14.81193632054592
MAE: 3.0325655690554916
EVS: 0.4824728664367748
