Model: GRU
MSE: 20.949338646435514
MAE: 3.7365589224059006
EVS: 0.4246646974517033
