Model: GRU
MSE: 864.6600086733441
MAE: 28.80873944841582
EVS: -0.43408861908930985
