Model: GRU
MSE: 374.886138713045
MAE: 18.72957758245797
EVS: 0.004916676127937891
