Model: GRU
MSE: 15.81718441258206
MAE: 3.2048795305449387
EVS: 0.48968521652611474
