Model: GRU
MSE: 13.352049039894077
MAE: 2.666494944999958
EVS: 0.45420293468302486
