Model: GRU
MSE: 3174.662854713806
MAE: 56.14817428588867
EVS: 0.08933818938516314
