Model: GRU
MSE: 19.114052260352626
MAE: 3.576419575461026
EVS: 0.4627021221751464
