Model: GRU
MSE: 13.454830188434608
MAE: 2.8400448355181465
EVS: 0.45873536914302737
