Model: GRU
MSE: 14.386859702681406
MAE: 3.0805730490848937
EVS: 0.48351673620916746
