Model: GRU
MSE: 14.763811653096361
MAE: 3.061174803766711
EVS: 0.47965996741747385
