Model: GRU
MSE: 28.92195045062639
MAE: 4.657876138029428
EVS: 0.4609050399618789
