Model: GRU
MSE: 19.970925015115814
MAE: 3.6738865046665587
EVS: 0.44121397560506626
