Model: GRU
MSE: 28.848403476051097
MAE: 4.3737847558383285
EVS: 0.20886762149092808
