Model: GRU
MSE: 25.968916672131947
MAE: 4.438333675779146
EVS: 0.4518911734514194
