Model: GRU
MSE: 13.566997804215765
MAE: 2.80920253128841
EVS: 0.4657702659652122
