Model: GRU
MSE: 944.9051591337336
MAE: 30.360783659178637
EVS: 0.044617773390940196
