Model: GRU
MSE: 13.565122286637347
MAE: 2.9249473522449363
EVS: 0.48717482382761046
