Model: GRU
MSE: 14.867164664655869
MAE: 3.051858227828453
EVS: 0.44441792023590077
