Model: GRU
MSE: 30.64386348904367
MAE: 4.860481722601529
EVS: 0.4356912215974481
