Model: GRU
MSE: 20.395785447422867
MAE: 3.7521355645409944
EVS: 0.44608416899524794
