Model: GRU
MSE: 23.645090583675344
MAE: 4.10119210440537
EVS: 0.4597235710139628
