Model: GRU
MSE: 31.102369286346775
MAE: 4.829229050669177
EVS: 0.4279980449369791
