Model: GRU
MSE: 2836.698908784973
MAE: 52.8621018508385
EVS: -0.7472301351637487
