Model: GRU
MSE: 13.864973864667894
MAE: 2.960291920037105
EVS: 0.4713586361712846
