Model: GRU
MSE: 6775.207519492641
MAE: 81.76083781801421
EVS: -2.7331708188793447
