Model: GRU
MSE: 3163.3376001333436
MAE: 56.02934587412867
EVS: 0.006530238049102466
