Model: GRU
MSE: 1324.805751918725
MAE: 36.033527571579505
EVS: -0.09015818472913195
