Model: GRU
MSE: 362.0103187987244
MAE: 18.38161975656237
EVS: -0.017762597085077214
