Model: GRU
MSE: 963.6395499180888
MAE: 30.628108435663684
EVS: -0.05578458291059718
