Model: GRU
MSE: 13.71942998883451
MAE: 2.816048474147402
EVS: 0.4577825896661848
