Model: GRU
MSE: 2491.313189642503
MAE: 49.68011484474972
EVS: 0.04166818366125402
