Model: GRU
MSE: 21.43428659019234
MAE: 3.8420526529180594
EVS: 0.41887069173265146
