Model: GRU
MSE: 925.1050080980128
MAE: 29.980455858954066
EVS: -0.08547511802817831
