Model: GRU
MSE: 15.42859897144435
MAE: 3.191892886983937
EVS: 0.46023721108244686
