Model: GRU
MSE: 14.88371034338155
MAE: 3.0009910567053435
EVS: 0.47338009526207914
