Model: GRU
MSE: 1259.315142718184
MAE: 35.10342361187113
EVS: -0.11800635031987494
