Model: GRU
MSE: 21.435816488788788
MAE: 3.864136506771219
EVS: 0.4687965466401174
