Model: GRU
MSE: 22.895965509480813
MAE: 4.107432702492023
EVS: 0.487100200559485
