Model: GRU
MSE: 2207.632594380942
MAE: 46.739613138396166
EVS: 0.048204041287886135
