Model: GRU
MSE: 20.35613007022222
MAE: 3.7658697818887643
EVS: 0.469835456719621
