Model: GRU
MSE: 27.09466660295987
MAE: 4.429109195183063
EVS: 0.4326963000508064
