Model: GRU
MSE: 5721.085640360448
MAE: 75.49670041840652
EVS: 0.11872972380234004
