Model: GRU
MSE: 825.4638280837233
MAE: 28.25915839754302
EVS: -0.11052956341844489
