Model: GRU
MSE: 13.6087510152891
MAE: 2.8140339851379395
EVS: 0.44942570622339284
