Model: GRU
MSE: 14.154899960114234
MAE: 2.978121543752736
EVS: 0.4645508402557904
