Model: GRU
MSE: 387.90995463592316
MAE: 19.06300847283725
EVS: -0.012540313718038876
