Model: GRU
MSE: 13.34079028016318
MAE: 2.7661541577043205
EVS: 0.4877738095635309
