Model: GRU
MSE: 20.836620407728194
MAE: 3.7595139125297807
EVS: 0.45247912010258495
