Model: GRU
MSE: 15.979033524906754
MAE: 3.2190115534026047
EVS: 0.45977626310500763
