Model: GRU
MSE: 24.9299041014901
MAE: 4.31011989198882
EVS: 0.47672859795922373
