Model: GRU
MSE: 13.262358801258047
MAE: 2.7800771943454086
EVS: 0.49091802842785703
