Model: GRU
MSE: 16.871775064362822
MAE: 3.2998102780046135
EVS: 0.46078849229822494
