Model: GRU
MSE: 15.89782568998195
MAE: 3.1411174576857994
EVS: 0.48115894445042473
