Model: GRU
MSE: 780.8426734101853
MAE: 27.167775532294964
EVS: -0.7661308176793631
