Model: GRU
MSE: 12.743617212140384
MAE: 2.749222689661486
EVS: 0.4738781570356567
