Model: GRU
MSE: 426.2674796921702
MAE: 20.016987060678417
EVS: -0.05699017735347134
