Model: GRU
MSE: 27.963107924862
MAE: 4.565620932085761
EVS: 0.4786826931812358
