Model: GRU
MSE: 431.1461398176065
MAE: 20.096507327309972
EVS: -0.12675299888437142
