Model: GRU
MSE: 22.058111920157845
MAE: 3.9373592795996832
EVS: 0.43696851791774205
