Model: GRU
MSE: 27.980526180907063
MAE: 4.556647210285582
EVS: 0.47589889204926594
