Model: GRU
MSE: 82.11134189701912
MAE: 8.318937951120837
EVS: 0.3497503049313967
