Model: GRU
MSE: 14.144606299449794
MAE: 2.9110652824928023
EVS: 0.4764598629901422
