Model: GRU
MSE: 2919.8441804753124
MAE: 53.843876148092335
EVS: 0.1456911481822647
