Model: GRU
MSE: 953.0510361588235
MAE: 30.302519600966882
EVS: -0.43788082003727125
