Model: GRU
MSE: 17.35268859525717
MAE: 3.4154585147726126
EVS: 0.46664167371743037
