Model: GRU
MSE: 17.69186501397985
MAE: 3.423044648663751
EVS: 0.4791178610613075
