Model: GRU
MSE: 15.735594950359522
MAE: 3.16253949855936
EVS: 0.46164038928793616
