Model: GRU
MSE: 17.223364493513387
MAE: 3.442558633870092
EVS: 0.44512153698301127
