Model: GRU
MSE: 3566.445879969453
MAE: 59.519927386579845
EVS: 0.015860888498103964
