Model: GRU
MSE: 13.660802525065488
MAE: 2.8771575154929327
EVS: 0.4585506209720678
