Model: GRU
MSE: 18.174791779929166
MAE: 3.4470245673738678
EVS: 0.4215977069810758
