Model: GRU
MSE: 13.006536335843082
MAE: 2.793277510281267
EVS: 0.47434744564462294
