Model: GRU
MSE: 17.2988175136898
MAE: 3.3712321478745033
EVS: 0.485825335466498
