Model: GRU
MSE: 478.7120414341801
MAE: 21.276165871784606
EVS: -0.07554176928338996
