Model: GRU
MSE: 386.7721405020965
MAE: 19.017033955146527
EVS: -0.03785819553059433
