Model: GRU
MSE: 16.12378889688838
MAE: 3.1991052874203385
EVS: 0.47634113223342434
