Model: GRU
MSE: 29.691642459812304
MAE: 4.730430553699362
EVS: 0.4304729606815745
