Model: GRU
MSE: 24.680670597006444
MAE: 4.274146318435669
EVS: 0.476203399988677
