Model: GRU
MSE: 13.74667229115665
MAE: 2.814656216522743
EVS: 0.4430058585883586
