Model: GRU
MSE: 20.119732672153233
MAE: 3.7558116912841797
EVS: 0.5047449461261371
