Model: GRU
MSE: 39.15959266518193
MAE: 5.53535008430481
EVS: 0.3111704683673572
