Model: GRU
MSE: 73.2781306547109
MAE: 7.373314627285661
EVS: -0.004409646616329477
