Model: GRU
MSE: 25.93961264069695
MAE: 4.39554843409308
EVS: 0.4616377011745968
