Model: GRU
MSE: 21.76275154583344
MAE: 3.9733904312396873
EVS: 0.514706801638868
