Model: GRU
MSE: 13.805462115655418
MAE: 2.756058643604147
EVS: 0.47652541902973067
