Model: GRU
MSE: 29.44011258396583
MAE: 4.793386740931149
EVS: 0.4640615499049302
