Model: GRU
MSE: 22.422519074930605
MAE: 4.0037507125309535
EVS: 0.3239435320333717
