Model: GRU
MSE: 378.0507250848146
MAE: 18.77717622806286
EVS: -0.052060802861489286
