Model: GRU
MSE: 13.728318500097057
MAE: 2.911305682412509
EVS: 0.47295233851700014
