Model: GRU
MSE: 15.562488307636174
MAE: 3.1412996259228936
EVS: 0.3722389754904435
