Model: GRU
MSE: 20.28258058846203
MAE: 3.6518780980791363
EVS: 0.31397036027160086
