Model: GRU
MSE: 364.9476057483298
MAE: 18.411666500157324
EVS: -0.07229224363177855
