Model: GRU
MSE: 387.46015820292877
MAE: 19.031726036606162
EVS: -0.043187085293333594
