Model: GRU
MSE: 12.86753114605029
MAE: 2.5330065118855445
EVS: 0.46847105892961505
