Model: GRU
MSE: 1445.6702070059332
MAE: 37.74439607817551
EVS: 0.1312501105416093
