Model: GRU
MSE: 20.00778982016684
MAE: 3.719016305331526
EVS: 0.4408747461927729
