Model: GRU
MSE: 6055.791820625324
MAE: 77.61725787458748
EVS: -0.29514994110460147
