Model: GRU
MSE: 16.038935207391006
MAE: 3.231301726966069
EVS: 0.4563339610356877
