Model: GRU
MSE: 5818.693999737301
MAE: 76.12175711270037
EVS: 0.0014867677101577659
