Model: GRU
MSE: 414.1289701262016
MAE: 19.731211316996607
EVS: -0.024792727829487715
