Model: GRU
MSE: 33.43780690768329
MAE: 5.153382708286417
EVS: 0.4594875780018267
