Model: GRU
MSE: 19.856348184074474
MAE: 3.7430350986020318
EVS: 0.4826477793852617
