Model: GRU
MSE: 32.45278859460117
MAE: 4.950981468989931
EVS: 0.4367173423982439
