Model: GRU
MSE: 22.187514339956376
MAE: 3.9361300180698264
EVS: 0.4468985124176207
