Model: GRU
MSE: 2003.7902827696212
MAE: 44.5099877982304
EVS: 0.06430977923214998
