Model: GRU
MSE: 15.748559002344685
MAE: 3.144979616691326
EVS: 0.46304756690915916
