Model: GRU
MSE: 19.474116462136596
MAE: 3.6112856700502594
EVS: 0.4315595857118424
