Model: GRU
MSE: 32.54643217142444
MAE: 4.959635504360857
EVS: 0.44839606552270395
