Model: GRU
MSE: 21.339539269254338
MAE: 3.8199144149648734
EVS: 0.43508740217662356
