Model: GRU
MSE: 26.507648950295405
MAE: 4.430417406147924
EVS: 0.4556281177660422
