Model: GRU
MSE: 15.322156695838853
MAE: 3.1482344989118904
EVS: 0.46828861748269723
