Model: GRU
MSE: 13.683226896563049
MAE: 2.839052734703853
EVS: 0.4756515459685342
