Model: GRU
MSE: 380.9804830327333
MAE: 18.80908950854992
EVS: -0.12353514142385147
