Model: GRU
MSE: 25.66506660550033
MAE: 4.29033559766309
EVS: 0.42420023680668706
