Model: GRU
MSE: 20.157619020401555
MAE: 3.694906136085247
EVS: 0.4635140084046002
