Model: GRU
MSE: 21.69949866570063
MAE: 3.925313513854454
EVS: 0.4692342698995775
