Model: GRU
MSE: 19.23678054451361
MAE: 3.5587014675140383
EVS: 0.2922086171490995
