Model: GRU
MSE: 13.344512292520887
MAE: 2.6611655005093278
EVS: 0.4524113880514786
