Model: GRU
MSE: 3979.931003194803
MAE: 62.90153174564756
EVS: 0.03634233538158127
