Model: GRU
MSE: 20.295009173549257
MAE: 3.7051864081415635
EVS: 0.4619674513730144
