Model: GRU
MSE: 24.375774361621225
MAE: 4.161931818929212
EVS: 0.43098498520318884
