Model: GRU
MSE: 23.504853649663165
MAE: 4.148216313329236
EVS: 0.46845519376188105
