Model: GRU
MSE: 16.206017862670407
MAE: 3.1471180258126092
EVS: 0.4220769199281398
