Model: GRU
MSE: 26.496653668364047
MAE: 4.426991360528128
EVS: 0.3320571898793163
