Model: GRU
MSE: 22.576527923608626
MAE: 4.115327403463167
EVS: 0.4726800593900736
