Model: GRU
MSE: 18.30995502076946
MAE: 3.5162451102815826
EVS: 0.4924655077391278
