Model: GRU
MSE: 13.264184061671228
MAE: 2.7566638897205222
EVS: 0.45462820684082406
