Model: GRU
MSE: 13.832862828506709
MAE: 2.6645413924907815
EVS: 0.4388146410283065
