Model: GRU
MSE: 13.365045594158898
MAE: 2.83523415697032
EVS: 0.4681354802761297
