Model: GRU
MSE: 13.387915837789718
MAE: 2.828181899827102
EVS: 0.48295725175973403
