Model: GRU
MSE: 18.614032410304013
MAE: 3.505884598041403
EVS: 0.45186451585711584
