Model: GRU
MSE: 38.42576363057326
MAE: 5.373876822405848
EVS: 0.39221051049790756
