Model: GRU
MSE: 18.4999323302131
MAE: 3.50413283808478
EVS: 0.4737372053722382
