Model: GRU
MSE: 21.581683189894623
MAE: 3.8719719689467857
EVS: 0.42635681257075664
