Model: GRU
MSE: 18.156862824401678
MAE: 3.4989396292587807
EVS: 0.4838955456717535
