Model: GRU
MSE: 25.761111701389762
MAE: 4.318153356683665
EVS: 0.462482018965248
