Model: GRU
MSE: 16.32042332191612
MAE: 3.185528590761382
EVS: 0.47075344475517056
