Model: GRU
MSE: 346.98583250572943
MAE: 17.920194999925023
EVS: -0.06792598491081936
