Model: GRU
MSE: 4105.555080038515
MAE: 63.85920800833866
EVS: -0.13832349354274442
