Model: GRU
MSE: 18.216917225439367
MAE: 3.5066943661919954
EVS: 0.47444723747317097
