Model: GRU
MSE: 13.408006165206364
MAE: 2.8308453970942002
EVS: 0.46215081536779756
