Model: GRU
MSE: 16.874386632611124
MAE: 3.288103259842971
EVS: 0.4824449209519961
