Model: GRU
MSE: 7761.699338806572
MAE: 87.8629532518058
EVS: -0.72672822406941
