Model: GRU
MSE: 3664.030251695665
MAE: 60.31534642186658
EVS: -0.07770759421654194
