Model: GRU
MSE: 20.138266479372668
MAE: 3.6503671448806236
EVS: 0.47088493173295054
