Model: GRU
MSE: 5297.334639165414
MAE: 72.61683608745706
EVS: 0.003235687481155769
