Model: GRU
MSE: 16.959898928137406
MAE: 3.3399317593410096
EVS: 0.45921058115095026
