Model: GRU
MSE: 15.165565542465488
MAE: 3.0048416236351274
EVS: 0.4374377122779901
