Model: GRU
MSE: 22.51725451174999
MAE: 4.004095283047906
EVS: 0.4830792193350941
