Model: GRU
MSE: 19.540927673920773
MAE: 3.665045688892233
EVS: 0.46141326701025887
