Model: GRU
MSE: 25.892972723924526
MAE: 4.315554610614119
EVS: 0.4578085356142988
