Model: GRU
MSE: 12.596360341954524
MAE: 2.736539898247554
EVS: 0.5103767797707721
