Model: GRU
MSE: 411.81335568318684
MAE: 19.68337077107923
EVS: -0.007030095719652962
