Model: GRU
MSE: 410.45417638400664
MAE: 19.634895337039026
EVS: -0.029617206690528697
