Model: GRU
MSE: 14.708352556250343
MAE: 3.104453650014154
EVS: 0.44040697904366766
