Model: GRU
MSE: 13.312354923141779
MAE: 2.8847644904564165
EVS: 0.45644917651557226
