Model: GRU
MSE: 15.41770757689177
MAE: 2.8837165668092926
EVS: 0.39052206839932013
