Model: GRU
MSE: 15.254724954258066
MAE: 3.072820342820266
EVS: 0.4844724482086211
