Model: GRU
MSE: 24.679029227433162
MAE: 4.214818876365135
EVS: 0.4510090367802174
