Model: GRU
MSE: 23.488086594568998
MAE: 4.1000149522508895
EVS: 0.30693585565051784
