Model: GRU
MSE: 1112.4457782590464
MAE: 32.847776725374416
EVS: -0.3825687414910597
