Model: GRU
MSE: 22.56209669170408
MAE: 4.0469429081883925
EVS: 0.49267642849491045
