Model: GRU
MSE: 27.364498824268072
MAE: 4.481320685353772
EVS: 0.46579093249241443
