Model: GRU
MSE: 37.021520699374
MAE: 5.349349901593965
EVS: 0.4855794562217287
