Model: GRU
MSE: 14.294663157398821
MAE: 2.9748302739242027
EVS: 0.45027721079934424
