Model: GRU
MSE: 707.7218233419267
MAE: 26.146188283788746
EVS: 0.00452014436513537
