Model: GRU
MSE: 24.14914879474984
MAE: 4.2096860573209565
EVS: 0.44457772027872655
