Model: GRU
MSE: 469.38561815134767
MAE: 21.06800941763253
EVS: -0.05438314035274083
