Model: GRU
MSE: 2839.709759518416
MAE: 53.049493592360925
EVS: -0.051755579527004825
