Model: GRU
MSE: 15.207759820960495
MAE: 3.12229192667994
EVS: 0.47458790627361336
