Model: GRU
MSE: 19.225273854937658
MAE: 3.6210889980710785
EVS: 0.4759390149415722
