Model: GRU
MSE: 14.496849785905741
MAE: 2.940548304853768
EVS: 0.4529409040077139
