Model: GRU
MSE: 13.535089533617738
MAE: 2.9015131325557313
EVS: 0.46021052806867024
