Model: GRU
MSE: 12.962538227199593
MAE: 2.7028131567198654
EVS: 0.4766566008390457
