Model: GRU
MSE: 52.36228088056029
MAE: 6.025429363908438
EVS: 0.0
