Model: GRU
MSE: 12.925217370035515
MAE: 2.783781643571525
EVS: 0.4791048549252602
