Model: GRU
MSE: 15.900202409610461
MAE: 3.2372964415056953
EVS: 0.4554722024123654
