Model: GRU
MSE: 12.802877653727466
MAE: 2.743822656828782
EVS: 0.4719551187741575
