Model: GRU
MSE: 12.907258658562903
MAE: 2.819425048499272
EVS: 0.4946688078934107
