Model: GRU
MSE: 18.55430358455591
MAE: 3.6108490927466033
EVS: 0.48051691573562816
