Model: GRU
MSE: 420.06056140169073
MAE: 19.859600819390394
EVS: -0.059844925657928316
