Model: GRU
MSE: 14.894859616328725
MAE: 2.94050747772743
EVS: 0.4305053152213879
