Model: GRU
MSE: 13.925966951442382
MAE: 2.8983434726452004
EVS: 0.4484092623984802
