Model: GRU
MSE: 14.057847379644253
MAE: 2.9567653310709985
EVS: 0.45348452913107695
