Model: GRU
MSE: 16.631247016527205
MAE: 2.8820218767438615
EVS: 0.31778155252192053
