Model: GRU
MSE: 27.116162960424248
MAE: 4.484136252567686
EVS: 0.47728840542198725
