Model: GRU
MSE: 21.379427420665788
MAE: 3.833445639445864
EVS: 0.4736630109142945
