Model: GRU
MSE: 2171.269003359859
MAE: 46.34341963406267
EVS: 0.026917685345573705
