Model: GRU
MSE: 53.423396180800154
MAE: 6.545429718905482
EVS: 0.42811186350689623
