Model: GRU
MSE: 18.201767461626137
MAE: 3.4150803006928543
EVS: 0.4623381692436317
