Model: GRU
MSE: 17.925863327309177
MAE: 3.44958653121159
EVS: 0.42675421665686675
