Model: GRU
MSE: 14.783551706372707
MAE: 3.047284718217521
EVS: 0.44085869295937263
