Model: GRU
MSE: 26.10388360434771
MAE: 4.384178001305153
EVS: 0.42316726988408104
