Model: GRU
MSE: 43.52587939994972
MAE: 5.369052755421605
EVS: 0.0
