Model: GRU
MSE: 387.6470936203625
MAE: 19.047157435581603
EVS: -0.026635796092669972
