Model: GRU
MSE: 14.194512194593578
MAE: 3.0326369466452765
EVS: 0.4562302438353256
