Model: GRU
MSE: 15.594343965644768
MAE: 3.178830492085424
EVS: 0.4874294658811986
