Model: GRU
MSE: 17.18517050004906
MAE: 3.4117680664720207
EVS: 0.47901315590876725
