Model: GRU
MSE: 5911.184138548007
MAE: 76.40226620641248
EVS: -2.0517843606249158
