Model: GRU
MSE: 4160.422258401186
MAE: 64.28523326742238
EVS: -0.14965894453301654
