Model: GRU
MSE: 383.2607019084184
MAE: 18.935986042022705
EVS: -0.019871414868418702
