Model: GRU
MSE: 413.60818908754226
MAE: 19.71439322932013
EVS: -0.030684089886612975
