Model: GRU
MSE: 16.215829605919367
MAE: 3.2050535596650223
EVS: 0.4689861532537306
