Model: GRU
MSE: 15.923593964546336
MAE: 3.250605796945506
EVS: 0.4494963075728142
