Model: GRU
MSE: 27.123433036879245
MAE: 4.339408274354605
EVS: 0.44198034861973823
