Model: GRU
MSE: 3916.5229784476464
MAE: 62.427148227033946
EVS: 0.1996829903112025
