Model: GRU
MSE: 17.05994907930204
MAE: 3.385951436799148
EVS: 0.44954311458165386
