Model: GRU
MSE: 23.94371007177024
MAE: 4.137425755632335
EVS: 0.45236041700587093
