Model: GRU
MSE: 40.475505248607064
MAE: 5.604157616352213
EVS: 0.4632401539143438
