Model: GRU
MSE: 17.756085718419236
MAE: 3.3807506273532737
EVS: 0.4154511232168284
