Model: GRU
MSE: 17.357206531100335
MAE: 3.3662558054101877
EVS: 0.4285250380192205
