Model: GRU
MSE: 377.82990904336737
MAE: 18.761462984413935
EVS: -0.06730520296220943
