Model: GRU
MSE: 18.895213897241316
MAE: 3.566509041292914
EVS: 0.4574452319364559
