Model: GRU
MSE: 31.368279487116805
MAE: 4.568560600280762
EVS: 0.2108729112009361
