Model: GRU
MSE: 445.7225670051519
MAE: 20.52902214691557
EVS: -0.0030457213931107674
