Model: GRU
MSE: 4404.077999807645
MAE: 66.17914410295158
EVS: -0.007881663965666474
