Model: GRU
MSE: 426.55759421839645
MAE: 20.018187070715015
EVS: -0.06698980802761345
