Model: GRU
MSE: 15.294027531093779
MAE: 3.2202561970414787
EVS: 0.5046046704245544
