Model: GRU
MSE: 381.6631651658974
MAE: 18.856988725991084
EVS: -0.07720791190615839
