Model: GRU
MSE: 22.37849321317398
MAE: 3.9408751438403953
EVS: 0.4538460797618481
