Model: GRU
MSE: 22.224874924591578
MAE: 3.9999786574265053
EVS: 0.4936545250722273
