Model: GRU
MSE: 12.306556111566696
MAE: 2.7896330274384598
EVS: 0.4921357241146823
