Model: GRU
MSE: 43.945022458057856
MAE: 5.8743731317849
EVS: 0.46914317081652757
