Model: GRU
MSE: 15.438859340167154
MAE: 3.0813313517077217
EVS: 0.44555311837511513
