Model: GRU
MSE: 359.4737612160286
MAE: 18.300951933038647
EVS: -0.014079343312359605
