Model: GRU
MSE: 15.850269304923605
MAE: 3.122856986933741
EVS: 0.45595187274550075
