Model: GRU
MSE: 18.38175920341677
MAE: 3.5225830078125
EVS: 0.4637662745529778
