Model: GRU
MSE: 24.34161488196311
MAE: 4.184944596783868
EVS: 0.43077244023542094
