Model: GRU
MSE: 21.781764835351783
MAE: 3.9041011333465576
EVS: 0.4525408053067955
