Model: GRU
MSE: 774.5636616127201
MAE: 27.41472291946411
EVS: 0.05004347597061165
