Model: GRU
MSE: 23.902914704974183
MAE: 4.09754909318069
EVS: 0.4249353458066326
