Model: GRU
MSE: 14.813360211556619
MAE: 2.985053136430938
EVS: 0.4398125715903408
