Model: GRU
MSE: 22.24285536987009
MAE: 3.8961487720752586
EVS: 0.41266266555291353
