Model: GRU
MSE: 23.438541170177384
MAE: 4.077249979150706
EVS: 0.45676909137851085
