Model: GRU
MSE: 52.397078946616084
MAE: 6.536748688796471
EVS: 0.4481201741871391
