Model: GRU
MSE: 14.247252167325207
MAE: 3.0561240705950508
EVS: 0.4383166363013693
