Model: GRU
MSE: 29.230352918081888
MAE: 4.712961632629921
EVS: 0.4715679563064866
