Model: GRU
MSE: 1528.1656529181548
MAE: 38.69016505931986
EVS: -0.29034493271880546
