Model: GRU
MSE: 29.479400639329228
MAE: 4.710227600459395
EVS: 0.40536916830483605
