Model: GRU
MSE: 17.357981918113904
MAE: 3.3435982671277276
EVS: 0.44833195218946664
