Model: GRU
MSE: 59.498001520743856
MAE: 7.095829338862978
EVS: 0.4498786577211168
