Model: GRU
MSE: 18.24318294389641
MAE: 3.4428253749321245
EVS: 0.4296183097433448
