Model: GRU
MSE: 2208.639389746526
MAE: 46.65672039163524
EVS: -0.31319066498408565
