Model: GRU
MSE: 14.305179184090042
MAE: 2.9612169183533767
EVS: 0.4725208063987445
