Model: GRU
MSE: 22.029197496327985
MAE: 3.955974817276001
EVS: 0.48256038945443724
