Model: GRU
MSE: 33.56513312180316
MAE: 5.051798906819574
EVS: 0.4278489373052884
