Model: GRU
MSE: 15.086437401879015
MAE: 3.1159608117465316
EVS: 0.4685604505719223
