Model: GRU
MSE: 18.768236900655157
MAE: 3.4828902653285434
EVS: 0.33672509349318347
