Model: GRU
MSE: 23.399848057408832
MAE: 4.00759848232927
EVS: 0.38591665771012984
