Model: GRU
MSE: 13.117243283093906
MAE: 2.7027746480086754
EVS: 0.4717320686028593
