Model: GRU
MSE: 1790.3713721466797
MAE: 41.96150612008983
EVS: -0.22287143041255075
