Model: GRU
MSE: 31.316368452586023
MAE: 4.7881096395952945
EVS: 0.42500783472408343
