Model: GRU
MSE: 15.822031464411012
MAE: 3.1699876415318458
EVS: 0.4616450513919029
