Model: GRU
MSE: 13.295947836027436
MAE: 2.8537119503678947
EVS: 0.48202687975772274
