Model: GRU
MSE: 27.845426286560794
MAE: 4.574918993588152
EVS: 0.47649251068042386
