Model: GRU
MSE: 13.605279428744549
MAE: 2.839986940910076
EVS: 0.44984817025364965
