Model: GRU
MSE: 21.6498653434456
MAE: 3.9185700005498427
EVS: 0.4802176001687951
