Model: GRU
MSE: 27.118744317286364
MAE: 4.3880191013730805
EVS: 0.4279276601261681
