Model: GRU
MSE: 19.038906849971603
MAE: 3.59275484085083
EVS: 0.4439641607125614
