Model: GRU
MSE: 19.468265428996734
MAE: 3.6335336504311395
EVS: 0.42453926931535213
