Model: GRU
MSE: 16.00819420266821
MAE: 3.1498858846467117
EVS: 0.4731221824687679
