Model: GRU
MSE: 32.51608065262956
MAE: 4.944029446305899
EVS: 0.4203632046810163
