Model: GRU
MSE: 432.6373981002333
MAE: 20.194055890214855
EVS: -0.026000370323556066
