Model: GRU
MSE: 19.943709831089176
MAE: 3.6731041793165535
EVS: 0.4693287805649432
