Model: GRU
MSE: 24.042969250722543
MAE: 4.106612090406747
EVS: 0.373866633486716
