Model: GRU
MSE: 13.784794390684958
MAE: 2.76823484486547
EVS: 0.4453590542820367
