Model: GRU
MSE: 13.714317270513662
MAE: 2.836765741479808
EVS: 0.43745311695706157
