Model: GRU
MSE: 25.3282102768667
MAE: 4.225649130755458
EVS: 0.3832474613155865
