Model: GRU
MSE: 43.186930021771516
MAE: 5.3476846629175645
EVS: 0.0
