Model: GRU
MSE: 19.365774020074632
MAE: 3.605680284828975
EVS: 0.46347492048516536
