Model: GRU
MSE: 16.345099624942677
MAE: 3.3183280599528344
EVS: 0.4623987740987012
