Model: GRU
MSE: 438.5029530788617
MAE: 20.319766192600646
EVS: -0.057913267781207534
