Model: GRU
MSE: 18.32222548235078
MAE: 3.552360140044114
EVS: 0.43451617382203067
