Model: GRU
MSE: 16.655803989258388
MAE: 3.2544901288788894
EVS: 0.4350112547431976
