Model: GRU
MSE: 567.5442096249328
MAE: 23.27268382598614
EVS: -0.0709808935644205
