Model: GRU
MSE: 28.005296913974494
MAE: 4.5362669352827405
EVS: 0.4382257951866182
