Model: GRU
MSE: 24.981129345073533
MAE: 4.185172187870946
EVS: 0.41345319988688534
