Model: GRU
MSE: 21.18490127289828
MAE: 3.856334587623333
EVS: 0.4692487781905771
