Model: GRU
MSE: 33.07278615835879
MAE: 5.040650540384753
EVS: 0.4654920953517534
