Model: GRU
MSE: 18.046739923485035
MAE: 3.2090984377367744
EVS: 0.40949832809201203
