Model: GRU
MSE: 13.706082825320369
MAE: 2.886465935871519
EVS: 0.447438050899192
