Model: GRU
MSE: 30.055584151352754
MAE: 4.74108860410493
EVS: 0.4502568627072261
