Model: GRU
MSE: 27.78454035754318
MAE: 4.411115481935698
EVS: 0.40719952717333585
