Model: GRU
MSE: 18.42927466609243
MAE: 3.547046118769152
EVS: 0.47930743701714595
