Model: GRU
MSE: 17.745403595971446
MAE: 3.3176641628660004
EVS: 0.4355107255670767
