Model: GRU
MSE: 22.307938976604092
MAE: 3.921095215041062
EVS: 0.46352213943306686
