Model: GRU
MSE: 20.046243104892785
MAE: 3.76279825177686
EVS: 0.4653381830278429
