Model: GRU
MSE: 22.601892302844735
MAE: 4.073610281122142
EVS: 0.4985442645147503
