Model: GRU
MSE: 14.263437225289863
MAE: 3.040505392798062
EVS: 0.45405224410363454
