Model: GRU
MSE: 17.43020838007779
MAE: 3.3855076493888068
EVS: 0.471251909286846
