Model: GRU
MSE: 16.346754958335076
MAE: 3.461534319252803
EVS: 0.48766418443901516
