Model: GRU
MSE: 15.398989334866373
MAE: 3.018240418927423
EVS: 0.4488814717345153
