Model: GRU
MSE: 55.81226695924717
MAE: 6.3749668187108535
EVS: 0.09566706805938952
