Model: GRU
MSE: 18.86608539891592
MAE: 3.5260560265902816
EVS: 0.44971141858373176
