Model: GRU
MSE: 18410.756604396818
MAE: 135.07072356651568
EVS: -5.884321308314802
