Model: GRU
MSE: 62.87296105007672
MAE: 6.741353725564891
EVS: 0.0
