Model: GRU
MSE: 14.813202640261508
MAE: 3.0831254926221123
EVS: 0.4993021039323725
