Model: GRU
MSE: 22.81459196414425
MAE: 4.045546301479997
EVS: 0.4773395075254159
