Model: GRU
MSE: 13.87536679810626
MAE: 2.8607318319123367
EVS: 0.4468962823828241
