Model: GRU
MSE: 4902.005369207363
MAE: 69.82702485446272
EVS: -0.0819512786351222
