Model: GRU
MSE: 15.898990518033283
MAE: 3.2322043057145744
EVS: 0.43091036178130504
