Model: GRU
MSE: 2880.9035880202227
MAE: 53.465191808240164
EVS: 0.07564549768111606
