Model: GRU
MSE: 26.88594528201022
MAE: 4.48115297021537
EVS: 0.47629112479506264
