Model: GRU
MSE: 23.48401309315569
MAE: 4.082575765149347
EVS: 0.4301841029179947
