Model: GRU
MSE: 33.04487894365577
MAE: 5.0368712400567945
EVS: 0.4323421210656868
