Model: GRU
MSE: 36.244839019946035
MAE: 4.843544746267384
EVS: 0.005213937730308982
