Model: GRU
MSE: 24.00115574537161
MAE: 4.185212719029393
EVS: 0.4535598823218676
