Model: GRU
MSE: 24.749078576436478
MAE: 4.158496050999083
EVS: 0.44847136641998886
