Model: GRU
MSE: 28.662015948801088
MAE: 4.678029652299552
EVS: 0.47714811167657334
