Model: GRU
MSE: 39.541148840876374
MAE: 5.57179541423403
EVS: 0.44733307416012236
