Model: GRU
MSE: 13.941921631167263
MAE: 2.955808894387607
EVS: 0.5024748664917811
