Model: GRU
MSE: 1335.399307751689
MAE: 36.163478917089
EVS: -0.14020169983405983
