Model: GRU
MSE: 1031.7671587316145
MAE: 31.69821020652508
EVS: -0.11494270413420504
