Model: GRU
MSE: 27.00244841305025
MAE: 4.522486711370534
EVS: 0.47479204177546397
