Model: GRU
MSE: 13.103523488621704
MAE: 2.8545292656997154
EVS: 0.4615415947790318
