Model: GRU
MSE: 4707.1893545928115
MAE: 68.42416322642359
EVS: -0.04606542467022012
