Model: GRU
MSE: 12.727503683162766
MAE: 2.675607993684966
EVS: 0.48223498224604755
