Model: GRU
MSE: 13.523547240080857
MAE: 2.7165716187707307
EVS: 0.4439109839133183
