Model: GRU
MSE: 17.52921156503794
MAE: 3.460318137859476
EVS: 0.4712801562486485
