Model: GRU
MSE: 17.86269189904921
MAE: 3.435239251317649
EVS: 0.4507019737752248
