Model: GRU
MSE: 13.765413387162003
MAE: 2.7481503979913118
EVS: 0.47491941645346714
