Model: GRU
MSE: 372.9557892464326
MAE: 18.66649420816323
EVS: -0.012793147530706372
