Model: GRU
MSE: 13.720627474493508
MAE: 2.935499043300234
EVS: 0.4744260671557078
