Model: GRU
MSE: 49.64146200237158
MAE: 6.396743782635393
EVS: 0.47039966019680957
