Model: GRU
MSE: 494.480165894556
MAE: 21.607978977006056
EVS: -0.139099178075196
