Model: GRU
MSE: 17.595325746597048
MAE: 3.4145843982696533
EVS: 0.4495843094838048
