Model: GRU
MSE: 16.006948868106946
MAE: 3.1344253359169794
EVS: 0.45206513472690324
