Model: GRU
MSE: 16.279935117578358
MAE: 3.226846357871746
EVS: 0.4567769778572488
