Model: GRU
MSE: 18.294967323740185
MAE: 3.448513984680176
EVS: 0.4327007725604066
