Model: GRU
MSE: 35.71200561514059
MAE: 5.220537440530185
EVS: 0.4496641039329282
