Model: GRU
MSE: 22.793267973136167
MAE: 4.053722085623906
EVS: 0.4681237939675589
