Model: GRU
MSE: 22.81990888110867
MAE: 4.017487887678476
EVS: 0.45886996579115225
