Model: GRU
MSE: 1204.459583893023
MAE: 33.93789894901105
EVS: -0.37627445904368173
