Model: GRU
MSE: 49.35836756212402
MAE: 5.858462037711308
EVS: 0.0394612117364439
