Model: GRU
MSE: 15.414914854142937
MAE: 3.1358371356437944
EVS: 0.47902185013630105
