Model: GRU
MSE: 28.106339598255655
MAE: 4.588511980813125
EVS: 0.4509502258725253
