Model: GRU
MSE: 7226.9433685909435
MAE: 84.86951170296504
EVS: 0.004078543124987233
