Model: GRU
MSE: 421.72713632466514
MAE: 19.890434213753405
EVS: -0.07805976610069787
