Model: GRU
MSE: 46.81433281898921
MAE: 6.071216998429134
EVS: 0.4432850242934161
