Model: GRU
MSE: 13.441128399877643
MAE: 2.8459085596018823
EVS: 0.4615839445710316
