Model: GRU
MSE: 33.4625122941574
MAE: 5.067651732214566
EVS: 0.4616085817552683
