Model: GRU
MSE: 20.40942067011717
MAE: 3.7592179693024734
EVS: 0.45645185938094635
