Model: GRU
MSE: 20.130423785189077
MAE: 3.7144082661332756
EVS: 0.49091806678767635
