Model: GRU
MSE: 14.085325632784091
MAE: 2.876441322523972
EVS: 0.4734664442179686
