Model: GRU
MSE: 14.449076734691097
MAE: 2.9576757447472932
EVS: 0.4459270918377235
