Model: GRU
MSE: 29.704963484733568
MAE: 4.704956621959291
EVS: 0.44219627222119395
