Model: GRU
MSE: 18.922888947238963
MAE: 3.6366254050156166
EVS: 0.4847658984999257
