Model: GRU
MSE: 13.517627490001031
MAE: 2.839004631700187
EVS: 0.4500452147250069
