Model: GRU
MSE: 12.29953963707056
MAE: 2.5865583173159896
EVS: 0.5022224288423203
