Model: GRU
MSE: 24.3920831370126
MAE: 4.118088006973267
EVS: 0.41936604822322576
