Model: GRU
MSE: 923.1089520581044
MAE: 29.873159096158783
EVS: -0.2683083728853817
