Model: GRU
MSE: 20.70680494344641
MAE: 3.8313744191465706
EVS: 0.39072810900576216
