Model: GRU
MSE: 28.2972515593085
MAE: 4.57581875242036
EVS: 0.46938040230629297
