Model: GRU
MSE: 393.6273535241324
MAE: 19.206390682993263
EVS: -0.02205151008401396
