Model: GRU
MSE: 14.112110628686008
MAE: 2.989594245779103
EVS: 0.46844325161525513
