Model: GRU
MSE: 1245.727110910729
MAE: 34.93047421554039
EVS: -0.05704690564730508
