Model: GRU
MSE: 435.47999033878284
MAE: 20.25804485123733
EVS: -0.03649704259233255
