Model: GRU
MSE: 18.6139965624897
MAE: 3.5491081681744805
EVS: 0.4750047564988127
