Model: GRU
MSE: 19.35233002126405
MAE: 3.60825698129062
EVS: 0.4664290881278883
