Model: GRU
MSE: 18.43065663963022
MAE: 3.4661137564428923
EVS: 0.42188639820803453
