Model: GRU
MSE: 15.234798931716403
MAE: 3.101163650381154
EVS: 0.48233995006095975
