Model: GRU
MSE: 22.87847545574654
MAE: 4.0050161378136995
EVS: 0.46849419051592933
