Model: GRU
MSE: 371.34816618696516
MAE: 18.634776103085485
EVS: 0.004742210489717569
