Model: GRU
MSE: 31.430259335773144
MAE: 4.944071194221234
EVS: 0.49787300695513026
