Model: GRU
MSE: 20.2999934514718
MAE: 3.737596939349997
EVS: 0.42069812741529244
