Model: GRU
MSE: 16.841891458245694
MAE: 3.383653796952346
EVS: 0.4857817569799253
