Model: GRU
MSE: 25.563085830180626
MAE: 4.27777545205478
EVS: 0.4320950287188742
