Model: GRU
MSE: 18.573784708772738
MAE: 3.5692857873850854
EVS: 0.4626849796610687
