Model: GRU
MSE: 367.0698454804864
MAE: 18.491745400017706
EVS: -0.03788452931509956
