Model: GRU
MSE: 15.792370274934479
MAE: 3.0810005582612137
EVS: 0.44652924085521895
