Model: GRU
MSE: 13.540247582885192
MAE: 2.878617993716536
EVS: 0.4421913553213872
