Model: GRU
MSE: 15.071321523208287
MAE: 3.0992222489981818
EVS: 0.48536023400518424
