Model: GRU
MSE: 13.439794436715605
MAE: 2.8104420777024894
EVS: 0.4753715658905623
