Model: GRU
MSE: 18.80874490419944
MAE: 3.534391797822097
EVS: 0.46822437630661107
