Model: GRU
MSE: 12.93901637677008
MAE: 2.8271761927111396
EVS: 0.5063631763927532
