Model: GRU
MSE: 15.827331122931218
MAE: 3.1437097006830674
EVS: 0.4551117978918858
