Model: GRU
MSE: 24.366341973119336
MAE: 4.179419764156999
EVS: 0.4452286390159602
