Model: GRU
MSE: 13.196913567661168
MAE: 2.724588558591645
EVS: 0.4604498186106408
