Model: GRU
MSE: 18.519926197016336
MAE: 3.496153498518056
EVS: 0.45252432589690317
