Model: GRU
MSE: 18.434646554358128
MAE: 3.525952026761811
EVS: 0.46559261625954396
