Model: GRU
MSE: 4176.526868781241
MAE: 64.33684316174737
EVS: -0.5407034393049865
