Model: GRU
MSE: 4758.893346277997
MAE: 68.7952771022402
EVS: -0.07828413704252069
