Model: GRU
MSE: 23.929441304605188
MAE: 4.116894231523786
EVS: 0.3152472923279751
