Model: GRU
MSE: 29.590722655889333
MAE: 4.739196728015768
EVS: 0.4897127675763533
