Model: GRU
MSE: 18.404179376088294
MAE: 3.531453556027906
EVS: 0.45263791860041847
