Model: GRU
MSE: 15.695169870176564
MAE: 3.231919157093969
EVS: 0.4912230440450004
