Model: GRU
MSE: 13.145984427796614
MAE: 2.8606814516001733
EVS: 0.4798009207548658
