Model: GRU
MSE: 21.1404550121885
MAE: 3.9477302205973657
EVS: 0.4923653476710108
