Model: GRU
MSE: 675.3508954915183
MAE: 25.530518474250005
EVS: 0.027452137087999873
