Model: GRU
MSE: 20.47659987548868
MAE: 3.746890327026104
EVS: 0.4371196698836083
