Model: GRU
MSE: 654.5956749695316
MAE: 25.05076316307331
EVS: -0.11759931579722349
