Model: GRU
MSE: 27.690728892193583
MAE: 4.515272124060269
EVS: 0.45318686069003644
