Model: GRU
MSE: 12.870736221892097
MAE: 2.71116565835887
EVS: 0.49843064633597434
