Model: GRU
MSE: 13.717713925543444
MAE: 2.7560055995809623
EVS: 0.4638959765104491
