Model: GRU
MSE: 23.701406282497498
MAE: 4.109835815429688
EVS: 0.30293418630777524
