Model: GRU
MSE: 14.611122768091942
MAE: 3.0209072787186195
EVS: 0.46610161095324454
