Model: GRU
MSE: 19.663278261840453
MAE: 3.7334749698638916
EVS: 0.4749752600845053
