Model: GRU
MSE: 463.64982100320424
MAE: 20.929785876438537
EVS: -0.057245276617996055
