Model: GRU
MSE: 19.83156064568345
MAE: 3.689797878265381
EVS: 0.45338791099020037
