Model: GRU
MSE: 22.53408908670883
MAE: 3.995685840475148
EVS: 0.4459214732768466
