Model: GRU
MSE: 20.48671439916118
MAE: 3.7933183620715965
EVS: 0.49800945606345015
