Model: GRU
MSE: 22.6386463248374
MAE: 4.051492000448293
EVS: 0.46542762257269843
