Model: GRU
MSE: 35.75881670267485
MAE: 5.243750321454015
EVS: 0.43381940799006313
