Model: GRU
MSE: 14.315845100628728
MAE: 2.7092227689151107
EVS: 0.4305201948620203
