Model: GRU
MSE: 10007.874644050447
MAE: 99.80927986934267
EVS: -0.8994602361364461
