Model: GRU
MSE: 13.21801739607168
MAE: 2.8180505982760726
EVS: 0.4724877453942117
