Model: GRU
MSE: 23.633106609499688
MAE: 4.153021146511209
EVS: 0.44306140482830203
