Model: GRU
MSE: 17.973100145348717
MAE: 3.4671169971597604
EVS: 0.46756601658295227
