Model: GRU
MSE: 21.13079144338096
MAE: 3.841449594703214
EVS: 0.46765510576633806
