Model: GRU
MSE: 1851.6975563773647
MAE: 42.721928497840615
EVS: -0.0960958345753613
