Model: GRU
MSE: 12.672572290263867
MAE: 2.600589628877311
EVS: 0.48218785750161264
