Model: GRU
MSE: 14.267142268620914
MAE: 2.997744182060505
EVS: 0.47350670712847576
