Model: GRU
MSE: 19.95687598622108
MAE: 3.7026802671366723
EVS: 0.45626099313754
