Model: GRU
MSE: 19.194381693685912
MAE: 3.6084804945978624
EVS: 0.5001044103431782
