Model: GRU
MSE: 18.373869956769482
MAE: 3.4217112475428086
EVS: 0.4207279013605594
