Model: GRU
MSE: 38.629288765598034
MAE: 5.475061638601895
EVS: 0.4440667843516596
