Model: GRU
MSE: 18.279345392300193
MAE: 3.370483636856079
EVS: 0.43965564688089054
