Model: GRU
MSE: 13820.004069361587
MAE: 117.44218734215046
EVS: -0.1292384738948198
