Model: GRU
MSE: 17.945460143583567
MAE: 3.498865818155223
EVS: 0.44424961553844156
