Model: GRU
MSE: 23.60705789595751
MAE: 4.052507532053981
EVS: 0.3779430488277472
