Model: GRU
MSE: 418.35734663918714
MAE: 19.826339096858582
EVS: -0.04401583257180164
