Model: GRU
MSE: 13.903311780680069
MAE: 2.8486830694922087
EVS: 0.43646376147244226
