Model: GRU
MSE: 16.555372886893366
MAE: 3.2723893872622787
EVS: 0.45991628279791086
