Model: GRU
MSE: 407.0229026155089
MAE: 19.588482823865167
EVS: 0.03692329711777875
