Model: GRU
MSE: 25.231211672891455
MAE: 4.227813860465741
EVS: 0.44278643335068124
