Model: GRU
MSE: 21350.819645964613
MAE: 146.03633643840922
EVS: 0.0
