Model: GRU
MSE: 360.60019246191155
MAE: 18.348853208895388
EVS: 0.011909542813991703
