Model: GRU
MSE: 26.90292269917166
MAE: 4.400813772760588
EVS: 0.43069808942664356
