Model: GRU
MSE: 367.3654715528696
MAE: 18.4911712736919
EVS: -0.05097350064164119
