Model: GRU
MSE: 21.45988268453057
MAE: 3.8452705042702813
EVS: 0.3301216849817553
