Model: GRU
MSE: 14.79169764118984
MAE: 3.0494575007208464
EVS: 0.48321115279678717
