Model: GRU
MSE: 17.087757950254257
MAE: 3.3785685506360283
EVS: 0.3695081207478025
