Model: GRU
MSE: 4111.400481164978
MAE: 62.061145256305565
EVS: -9.732559971945834
