Model: GRU
MSE: 2831.4950432497326
MAE: 52.890396414131956
EVS: -0.40866200457794744
