Model: GRU
MSE: 21.67546951641762
MAE: 3.9376808815989
EVS: 0.48424301740817566
