Model: GRU
MSE: 20.55912451275737
MAE: 3.8060359297127557
EVS: 0.48259660691780515
