Model: GRU
MSE: 14.772823566728166
MAE: 2.9425132027987777
EVS: 0.4471995010991495
