Model: GRU
MSE: 14.30012336546141
MAE: 2.991879578294425
EVS: 0.4471120180133751
