Model: GRU
MSE: 14.379333001112595
MAE: 3.0226165015121986
EVS: 0.4609063125226672
