Model: GRU
MSE: 22.227734209490098
MAE: 4.02080237865448
EVS: 0.4746783071989856
