Model: GRU
MSE: 402.4957915238724
MAE: 19.41352016761385
EVS: -0.05795338944273376
