Model: GRU
MSE: 14.60158161223615
MAE: 2.7837839948719947
EVS: 0.46491030820251555
