Model: GRU
MSE: 30.34767910676459
MAE: 4.752013792310442
EVS: 0.26576824011885847
