Model: GRU
MSE: 1306.0577965468185
MAE: 35.67717871172675
EVS: -0.3713069364465702
