Model: GRU
MSE: 24.61500211054942
MAE: 4.147649329284142
EVS: 0.4260629960069149
