Model: GRU
MSE: 1510.5163411984202
MAE: 38.561668987931874
EVS: 0.028670567342112485
