Model: GRU
MSE: 18.431149789705895
MAE: 3.5473572139082283
EVS: 0.4855027077659714
