Model: GRU
MSE: 387.87299335428486
MAE: 19.079184659596148
EVS: 0.01447365721770466
