Model: GRU
MSE: 1213.7714654811418
MAE: 34.49560428487843
EVS: 0.015835003076485665
