Model: GRU
MSE: 25.52355688579108
MAE: 4.196858866461392
EVS: 0.41981056916664583
