Model: GRU
MSE: 23.322441052269912
MAE: 4.063572776728663
EVS: 0.45656285031017263
