Model: GRU
MSE: 20.39294415628226
MAE: 3.730291045945266
EVS: 0.4650969622828617
