Model: GRU
MSE: 13.118243511573272
MAE: 2.8008714051082215
EVS: 0.48061914776730885
