Model: GRU
MSE: 407.0755076392856
MAE: 19.556010492916766
EVS: -0.017757522620011956
