Model: GRU
MSE: 2140.6283200152498
MAE: 45.86387640854408
EVS: -0.5339156260284572
