Model: GRU
MSE: 370.6098542800769
MAE: 18.57029240295805
EVS: -0.06386332075591872
