Model: GRU
MSE: 13.488791837352359
MAE: 3.0094157416245033
EVS: 0.44990620063307274
