Model: GRU
MSE: 14.970637096421695
MAE: 2.991149195309343
EVS: 0.4676395667510964
