Model: GRU
MSE: 58.80978389351862
MAE: 6.551335367663153
EVS: 0.03613164011606307
