Model: GRU
MSE: 17.238633855653664
MAE: 3.3424387800282447
EVS: 0.46255877656851463
