Model: GRU
MSE: 11926.24294565058
MAE: 109.09855546622441
EVS: 0.018999634502051554
