Model: GRU
MSE: 15.127150360908347
MAE: 3.1001578610518883
EVS: 0.47634712142376834
