Model: GRU
MSE: 398.8159221601059
MAE: 19.3670724198736
EVS: 0.019648706490276502
