Model: GRU
MSE: 25.834012514183875
MAE: 4.291105147065787
EVS: 0.4035111517209634
