Model: GRU
MSE: 19.265500183194273
MAE: 3.605139395286297
EVS: 0.47348620060573
