Model: GRU
MSE: 29.951115939697893
MAE: 4.777191458077266
EVS: 0.4792369946084548
