Model: GRU
MSE: 446.5053716351257
MAE: 20.526314003714198
EVS: -0.03997505045138672
