Model: GRU
MSE: 22.905790271143374
MAE: 4.066491817605907
EVS: 0.4748544062450494
