Model: GRU
MSE: 21.758239691456524
MAE: 3.908171094697097
EVS: 0.43511315239764037
