Model: GRU
MSE: 716.822339413716
MAE: 26.256032121592554
EVS: -0.1336343188408622
