Model: GRU
MSE: 16.641957195900282
MAE: 3.2125452469135154
EVS: 0.4551579366441396
