Model: GRU
MSE: 21.413640215800424
MAE: 3.92093184487573
EVS: 0.5068970941361979
