Model: GRU
MSE: 29.988905686726007
MAE: 4.776624691897426
EVS: 0.4674611141547672
