Model: GRU
MSE: 12.629131255136697
MAE: 2.7235846601683518
EVS: 0.47915300148990525
