Model: GRU
MSE: 20.468109003953135
MAE: 3.7670651304310767
EVS: 0.4406610096930532
