Model: GRU
MSE: 20.71944113544162
MAE: 3.795216811114344
EVS: 0.46651020402209087
