Model: GRU
MSE: 18.020333586348567
MAE: 3.468982256692031
EVS: 0.459776785376536
