Model: GRU
MSE: 3406.408291424104
MAE: 57.9449845018058
EVS: -1.0153209671675878
