Model: GRU
MSE: 18.894862415729364
MAE: 3.583770418989247
EVS: 0.45536850555665787
