Model: GRU
MSE: 19.316051496938854
MAE: 3.545622126809482
EVS: 0.41039566932102045
