Model: GRU
MSE: 22.81632723658764
MAE: 4.052350891047511
EVS: 0.4631310775127485
