Model: GRU
MSE: 465.2890897410638
MAE: 20.993055203865314
EVS: -0.015393093949179315
