Model: GRU
MSE: 969.0561734422434
MAE: 30.695444994959338
EVS: -0.10896129638419749
