Model: GRU
MSE: 13.870068556119996
MAE: 2.9062243905560723
EVS: 0.4784388229171379
