Model: GRU
MSE: 16.231752796368635
MAE: 3.3048528062886207
EVS: 0.485256449683102
