Model: GRU
MSE: 26.247810997199394
MAE: 4.424469405207141
EVS: 0.43893322859364126
