Model: GRU
MSE: 35.886526113594115
MAE: 5.296109996992966
EVS: 0.47185162587740825
