Model: GRU
MSE: 28.124076033857786
MAE: 4.500957193045781
EVS: 0.441055891372244
