Model: GRU
MSE: 37.616344909044955
MAE: 5.424802381416847
EVS: 0.45524798775245934
