Model: GRU
MSE: 14.147102686878576
MAE: 2.7644022086571
EVS: 0.42020822734575825
