Model: GRU
MSE: 24.999097108961266
MAE: 4.29622849924811
EVS: 0.4754431556353125
