Model: GRU
MSE: 32.4404944580861
MAE: 5.05366299070161
EVS: 0.46350375413507094
