Model: GRU
MSE: 17.84525175745929
MAE: 3.4488238877263564
EVS: 0.4656295833480276
