Model: GRU
MSE: 14.93039946550851
MAE: 3.04249487252071
EVS: 0.4600932071808018
