Model: GRU
MSE: 15.062190582267949
MAE: 3.055669977747161
EVS: 0.4306979834121547
