Model: GRU
MSE: 13.994181538045048
MAE: 2.8793192567496466
EVS: 0.47051267558360377
