Model: GRU
MSE: 19.806313568989033
MAE: 3.710406237635119
EVS: 0.47704449803781424
