Model: GRU
MSE: 26.125529356741342
MAE: 4.487800951661734
EVS: 0.5007312135700748
