Model: GRU
MSE: 18.936975645201013
MAE: 3.5454611038339547
EVS: 0.4703195831270178
