Model: GRU
MSE: 15.56827813250313
MAE: 3.0146683248980293
EVS: 0.45880521342190217
