Model: GRU
MSE: 17.382346184990062
MAE: 3.328538278053547
EVS: 0.4427947823245264
