Model: GRU
MSE: 15.110459182988741
MAE: 3.1006835740188072
EVS: 0.44395319519400955
