Model: GRU
MSE: 25.11541881331072
MAE: 4.332713160021552
EVS: 0.47632156711609364
