Model: GRU
MSE: 12.967856576898125
MAE: 2.628973467596646
EVS: 0.4662573699081446
