Model: GRU
MSE: 380.4329746673872
MAE: 18.87336462941663
EVS: -0.0008673391379399042
