Model: GRU
MSE: 16.258169652794617
MAE: 3.2535717158481994
EVS: 0.4651999284395163
