Model: GRU
MSE: 401.59264686576233
MAE: 19.381770769069934
EVS: -0.07152664346733051
