Model: GRU
MSE: 22.130267892970696
MAE: 4.02108410309101
EVS: 0.4626838328838414
