Model: GRU
MSE: 15.447924994167273
MAE: 3.0444293844288794
EVS: 0.4005784665893136
