Model: GRU
MSE: 13.449503973131728
MAE: 2.860975742340088
EVS: 0.4662635588086579
