Model: GRU
MSE: 18.53901882736626
MAE: 3.5876917181343866
EVS: 0.4774570201851329
