Model: GRU
MSE: 17.872061208719376
MAE: 3.4177758858121674
EVS: 0.4678545897095786
