Model: GRU
MSE: 14.71194958305661
MAE: 2.8446610384973985
EVS: 0.4627236403634204
