Model: GRU
MSE: 15.184894360434528
MAE: 3.0819791678724617
EVS: 0.46163635090359334
