Model: GRU
MSE: 25.334315247262822
MAE: 4.342377325584149
EVS: 0.46548790437122445
