Model: GRU
MSE: 15.817408894010029
MAE: 3.12317340949486
EVS: 0.4296885401397408
