Model: GRU
MSE: 35.41106473906578
MAE: 5.272474404039054
EVS: 0.4330194578996397
