Model: GRU
MSE: 430.80651731511546
MAE: 20.112011909484863
EVS: -0.0869712991436542
