Model: GRU
MSE: 12.914102734494604
MAE: 2.8001119679418105
EVS: 0.4919211493612008
