Model: GRU
MSE: 17.791579540910718
MAE: 3.468819766209043
EVS: 0.4833947109805512
