Model: GRU
MSE: 14.084340415120524
MAE: 3.063776731491089
EVS: 0.47246061126589767
