Model: GRU
MSE: 14.844877179313182
MAE: 2.8840139816547263
EVS: 0.4810444212200975
