Model: GRU
MSE: 17.750994419593034
MAE: 3.4270643859074035
EVS: 0.43946218665288383
