Model: GRU
MSE: 481.79268953406
MAE: 21.37131328418337
EVS: -0.03517719015940024
