Model: GRU
MSE: 6082.45503471359
MAE: 77.79947583428745
EVS: -0.22672214148746117
