Model: GRU
MSE: 15.153221631426966
MAE: 3.115841733998266
EVS: 0.4772715971622561
