Model: GRU
MSE: 24.862836190146496
MAE: 4.181880539861218
EVS: 0.4453703336920454
