Model: GRU
MSE: 15.253040766308851
MAE: 3.12155111904802
EVS: 0.45810580119172584
