Model: GRU
MSE: 429.2573348474588
MAE: 20.064844131469727
EVS: -0.101258697369498
