Model: GRU
MSE: 36.50505786429469
MAE: 5.316778635156566
EVS: 0.41622160788412566
