Model: GRU
MSE: 21.586680318750357
MAE: 3.847438639607923
EVS: 0.4261307882333848
