Model: GRU
MSE: 23.521910614313164
MAE: 4.1447219930846115
EVS: 0.4529920382025098
