Model: GRU
MSE: 16.300318561478925
MAE: 3.259844492221701
EVS: 0.4887176399327844
