Model: GRU
MSE: 23.832259153174633
MAE: 4.063863556960533
EVS: 0.4612694914828771
