Model: GRU
MSE: 15999.87475114025
MAE: 126.39136281506768
EVS: -0.036767520243677465
