Model: GRU
MSE: 29.048013331630553
MAE: 4.667487000596934
EVS: 0.4688365216245425
