Model: GRU
MSE: 29.42373604186105
MAE: 4.775636286571108
EVS: 0.5003323903497141
