Model: GRU
MSE: 610.1243220696131
MAE: 24.202449889018617
EVS: -0.0065125276452662195
