Model: GRU
MSE: 39.881131927504185
MAE: 5.089395835481841
EVS: -0.05739995317093549
