Model: GRU
MSE: 12.893288545756022
MAE: 2.7678835515318245
EVS: 0.47500535781066844
