Model: GRU
MSE: 41.521636332415206
MAE: 5.746846807414088
EVS: 0.3814645287302759
