Model: GRU
MSE: 14.345760965270909
MAE: 2.969306197659723
EVS: 0.4972163003861816
