Model: GRU
MSE: 14.009352387182753
MAE: 2.964449693416727
EVS: 0.4662216833423968
