Model: GRU
MSE: 25.21411195089168
MAE: 4.242666639130691
EVS: 0.4543661305705221
