Model: GRU
MSE: 76.98264423378052
MAE: 7.730061037787076
EVS: 0.09648365417304217
