Model: GRU
MSE: 13.608530232010382
MAE: 2.9313531168575944
EVS: 0.479479644432398
