Model: GRU
MSE: 15.984055956813423
MAE: 3.150929385218127
EVS: 0.42940456498605983
