Model: GRU
MSE: 13.246315334791602
MAE: 2.8292944020238417
EVS: 0.49693307040727364
