Model: GRU
MSE: 17.556223816527137
MAE: 3.3299355847494945
EVS: 0.3391109912264626
