Model: GRU
MSE: 1938.4010131866883
MAE: 43.56912708282471
EVS: -0.6578005824160782
