Model: GRU
MSE: 16.553240951121744
MAE: 3.303867693605094
EVS: 0.4690638938482379
