Model: GRU
MSE: 13.49184089922456
MAE: 2.7400165426320044
EVS: 0.4590085841126149
