Model: GRU
MSE: 13.276096185732126
MAE: 2.8166526350481758
EVS: 0.4519495554596159
