Model: GRU
MSE: 412.49698466352373
MAE: 19.653511822223663
EVS: -0.08378903385223313
