Model: GRU
MSE: 13.687365526558379
MAE: 2.8943308468522697
EVS: 0.48881842197377334
