Model: GRU
MSE: 25.337232788864277
MAE: 4.2388557730049925
EVS: 0.4569369744880595
