Model: GRU
MSE: 23.974117322374745
MAE: 4.127734373355734
EVS: 0.46409535550920855
