Model: GRU
MSE: 4902.5810045209255
MAE: 69.87069432488803
EVS: 0.14627371160534497
