Model: GRU
MSE: 20.476207323372318
MAE: 3.7163676722296355
EVS: 0.4393473700075411
