Model: GRU
MSE: 26.75236762588188
MAE: 4.3736037714727996
EVS: 0.44085377045625984
