Model: GRU
MSE: 13.964333211657618
MAE: 2.93216244105635
EVS: 0.4613837731918916
