Model: GRU
MSE: 13.8557865542772
MAE: 2.9386670342807113
EVS: 0.4633321141922706
