Model: GRU
MSE: 13.556672890279334
MAE: 2.6880960135624328
EVS: 0.4450526484546907
