Model: GRU
MSE: 21.26489555927257
MAE: 3.767580583177764
EVS: 0.45734416916922593
