Model: GRU
MSE: 15.293171097378242
MAE: 2.9980458103377243
EVS: 0.44146716305651357
