Model: GRU
MSE: 20.916909885216604
MAE: 3.831947392430799
EVS: 0.46187280426434174
