Model: GRU
MSE: 27.019297291417068
MAE: 4.43974728419863
EVS: 0.4678663408064686
