Model: GRU
MSE: 839.4800470643642
MAE: 28.538611033867145
EVS: -0.03385817956689974
