Model: GRU
MSE: 20.21025980423168
MAE: 3.7547042287629226
EVS: 0.45750078863352317
