Model: GRU
MSE: 13.465627005571845
MAE: 2.636626991732367
EVS: 0.448471168985078
