Model: GRU
MSE: 13.008774687641017
MAE: 2.7327937011061043
EVS: 0.46272881282539124
