Model: GRU
MSE: 415.8988874310465
MAE: 19.762407286413783
EVS: -0.04701156806873952
