Model: GRU
MSE: 17.32173442317741
MAE: 3.3639452950707796
EVS: 0.4486513897062697
