Model: GRU
MSE: 14.101805633569029
MAE: 2.8373698201672783
EVS: 0.6188226832331473
