Model: GRU
MSE: 14.582534021078505
MAE: 2.9581158654443147
EVS: 0.6320318845098478
