Model: GRU
MSE: 18.089791501245028
MAE: 3.4853185456374596
EVS: 0.5820837915464407
