Model: GRU
MSE: 13.515486562628004
MAE: 2.85398936682734
EVS: 0.6576938615064207
