Model: GRU
MSE: 17.052788511414004
MAE: 2.9634178229740686
EVS: 0.5626068989387871
