Model: GRU
MSE: 14.725642228493747
MAE: 2.684192476601436
EVS: 0.5963199404560247
