Model: GRU
MSE: 18.851312551889546
MAE: 3.638938509184739
EVS: 0.5995701118086096
