Model: GRU
MSE: 329.98986914954804
MAE: 17.0132347838632
EVS: -0.11207179972088133
