Model: GRU
MSE: 13.938169059741131
MAE: 2.7821257525476915
EVS: 0.6187522496421194
