Model: GRU
MSE: 1468.618176216435
MAE: 37.402218456926015
EVS: -0.91177395892895
