Model: GRU
MSE: 19.666138482647373
MAE: 3.64405973204251
EVS: 0.5715198587827658
