Model: GRU
MSE: 15.944103222170913
MAE: 3.184138643330541
EVS: 0.6114083171781679
