Model: GRU
MSE: 17.03764892578469
MAE: 2.9990831736860604
EVS: 0.5926526690245992
