Model: GRU
MSE: 14.956183578925643
MAE: 3.030676743079876
EVS: 0.6138775337664721
