Model: GRU
MSE: 14.292160954997069
MAE: 2.876473336384214
EVS: 0.6136793503522787
