Model: GRU
MSE: 15.486430573424325
MAE: 2.6765057465125777
EVS: 0.5753106942116087
