Model: GRU
MSE: 14.571658114933022
MAE: 2.8173708011364114
EVS: 0.6108236540134624
