Model: GRU
MSE: 15.74272851735927
MAE: 2.996293857179839
EVS: 0.5950485871009497
