Model: GRU
MSE: 14.128261559663938
MAE: 2.770261493222467
EVS: 0.6148082852043617
