Model: GRU
MSE: 14.331840588423331
MAE: 2.9028840887135474
EVS: 0.6164302066077407
