Model: GRU
MSE: 21.44130499614877
MAE: 3.9463254829932906
EVS: 0.6182626843702365
