Model: GRU
MSE: 14.196470581651845
MAE: 2.9165887586001693
EVS: 0.6427177362529601
