Model: GRU
MSE: 22.276420605138235
MAE: 3.985378569570081
EVS: 0.6213672708475235
