Model: GRU
MSE: 448.3414557314664
MAE: 20.280522963096356
EVS: -0.01611947507653899
