Model: GRU
MSE: 15.851308908748251
MAE: 2.8990758369708884
EVS: 0.6073133074644532
