Model: GRU
MSE: 295.41394234630644
MAE: 16.016894825573626
EVS: -0.06635174885710238
