Model: GRU
MSE: 18.25834260603539
MAE: 3.5283739237949767
EVS: 0.6273218740992323
