Model: GRU
MSE: 18.437473729276167
MAE: 3.458569354024427
EVS: 0.5713119304549819
