Model: GRU
MSE: 23.16705453889927
MAE: 4.030914133992688
EVS: 0.5536518679306253
