Model: GRU
MSE: 341.320026142863
MAE: 17.406235727770575
EVS: -0.051811908374157944
