Model: GRU
MSE: 17.752201104984202
MAE: 3.4445226932394095
EVS: 0.6280556185693938
