Model: GRU
MSE: 15.826347829635775
MAE: 3.2047530289353996
EVS: 0.5927445122191892
