Model: GRU
MSE: 15.117021588574604
MAE: 3.1517400412723937
EVS: 0.5864594711060489
