Model: GRU
MSE: 14.045957546530063
MAE: 2.923362271539096
EVS: 0.6407827105838162
