Model: GRU
MSE: 5068.0721147998875
MAE: 70.93072338761955
EVS: -0.012354490898807358
