Model: GRU
MSE: 16.587135572754125
MAE: 3.2976373557386727
EVS: 0.6212078464691102
