Model: GRU
MSE: 21.858680593206422
MAE: 3.9468703845451616
EVS: 0.6282003145352528
