Model: GRU
MSE: 18.46105424503815
MAE: 3.5814321287747086
EVS: 0.633836382454511
