Model: GRU
MSE: 15.450927143986181
MAE: 3.0482501120402894
EVS: 0.6204276044763918
