Model: GRU
MSE: 21.597829992376084
MAE: 3.9130033295730065
EVS: 0.6008885015795015
