Model: GRU
MSE: 16.802733194872125
MAE: 3.284076509804561
EVS: 0.5686687021516736
