Model: GRU
MSE: 47.68050228673546
MAE: 5.9175570257778825
EVS: 0.0
