Model: GRU
MSE: 36.78925474306834
MAE: 5.545318504859662
EVS: -0.008204791916986975
