Model: GRU
MSE: 20.73179540493102
MAE: 3.756879613317292
EVS: 0.604098041283698
