Model: GRU
MSE: 14.98081210969504
MAE: 2.9764781491509797
EVS: 0.6117789255888525
