Model: GRU
MSE: 13.713996942846016
MAE: 2.626222487153678
EVS: 0.6303599292828435
