Model: GRU
MSE: 15.80605541843604
MAE: 3.1002494877782363
EVS: 0.5751933927491293
