Model: GRU
MSE: 16.851774260488288
MAE: 3.0171920431071313
EVS: 0.5760038684777458
