Model: GRU
MSE: 334.3022147747827
MAE: 17.26022927514438
EVS: 0.0018522140616202831
