Model: GRU
MSE: 15.207693925560488
MAE: 2.845960551294787
EVS: 0.5936729426162168
