Model: GRU
MSE: 21.95418984590344
MAE: 3.835457440080314
EVS: 0.5980758833525233
