Model: GRU
MSE: 21.704849521081314
MAE: 3.882093150040199
EVS: 0.5632959547760255
