Model: GRU
MSE: 13.446201603173076
MAE: 2.598798464084494
EVS: 0.6334601173525215
