Model: GRU
MSE: 31.607202254810325
MAE: 4.768039074437372
EVS: 0.56685064012246
