Model: GRU
MSE: 20.024736377548837
MAE: 3.8939925637738457
EVS: 0.6460118193591067
