Model: GRU
MSE: 15.777173180750886
MAE: 2.982066976613012
EVS: 0.6004255174304767
