Model: GRU
MSE: 13.433906769205091
MAE: 2.65291192613799
EVS: 0.6353314895529139
