Model: GRU
MSE: 317.6472103194833
MAE: 16.66669566055824
EVS: -0.09365842427556337
