Model: GRU
MSE: 319.04500875527714
MAE: 16.79838496241076
EVS: -0.011111202810046628
