Model: GRU
MSE: 13.898068659577289
MAE: 2.740517262754769
EVS: 0.6249438570550817
