Model: GRU
MSE: 14.089956797408156
MAE: 2.8684758811161437
EVS: 0.6142744708907439
