Model: GRU
MSE: 14.18857584321501
MAE: 2.852560487286798
EVS: 0.6202586188374106
