Model: GRU
MSE: 17.345894921598457
MAE: 3.3887982532895844
EVS: 0.5907526958591569
