Model: GRU
MSE: 24.83476943695845
MAE: 4.118998601518828
EVS: 0.5016436904525133
