Model: GRU
MSE: 17.407986868058494
MAE: 3.364159477168116
EVS: 0.6102114587451499
