Model: GRU
MSE: 16.34490230565876
MAE: 3.1694485894564925
EVS: 0.6119255116723957
