Model: GRU
MSE: 24.32417400336727
MAE: 4.045842125498015
EVS: 0.5987785604636471
