Model: GRU
MSE: 40.16748409849219
MAE: 5.632570118739687
EVS: 0.03744052121725372
