Model: GRU
MSE: 515.8127567109951
MAE: 21.652221235735663
EVS: -0.2891256696086497
