Model: GRU
MSE: 698.7068062917192
MAE: 25.524810478605072
EVS: -0.29452378392762113
