Model: GRU
MSE: 17.45783138788698
MAE: 3.255833921761348
EVS: 0.5867774137026365
