Model: GRU
MSE: 13.938023146907245
MAE: 2.8934909886327285
EVS: 0.6331522393021816
