Model: GRU
MSE: 18.06173228557787
MAE: 3.600771295613256
EVS: 0.6399693615397513
