Model: GRU
MSE: 13.870407987775668
MAE: 2.7732777102240203
EVS: 0.6196046128334243
