Model: GRU
MSE: 16.24840927079359
MAE: 3.0824058384730897
EVS: 0.60271530415714
