Model: GRU
MSE: 20.616562649884635
MAE: 3.6652407892819108
EVS: 0.5783617031740771
