Model: GRU
MSE: 13.943642245970679
MAE: 2.7114970108558394
EVS: 0.6189616546802932
