Model: GRU
MSE: 17.19748188939479
MAE: 3.3048795749401223
EVS: 0.5896422994705544
