Model: GRU
MSE: 20.638433157498103
MAE: 3.8373202044388344
EVS: 0.6337786761027623
