Model: GRU
MSE: 15.689109886616205
MAE: 2.8429992527797303
EVS: 0.5721537278749891
