Model: GRU
MSE: 15.258903768411477
MAE: 2.767808511339385
EVS: 0.5926662343042879
