Model: GRU
MSE: 14.69738506107207
MAE: 2.930575157033986
EVS: 0.6100809591118735
