Model: GRU
MSE: 15.527512953870035
MAE: 3.1803393528379242
EVS: 0.6154980778644364
