Model: GRU
MSE: 14.03071924199835
MAE: 2.921900987625122
EVS: 0.6521540011446519
