Model: GRU
MSE: 18.632939375225316
MAE: 3.598210096359253
EVS: 0.5853232605005787
