Model: GRU
MSE: 24.696038483600457
MAE: 4.218718643846183
EVS: 0.5938221725585682
