Model: GRU
MSE: 17.68925780901747
MAE: 3.52634203845057
EVS: 0.5833853242642848
