Model: GRU
MSE: 30.065364282218727
MAE: 4.7314338275364465
EVS: 0.5265442590685154
