Model: GRU
MSE: 20.38156027842361
MAE: 3.8037722192961594
EVS: 0.5809771315205604
