Model: GRU
MSE: 14.428702166422788
MAE: 3.0605757565333924
EVS: 0.6215355738607327
