Model: GRU
MSE: 14.122497604998726
MAE: 2.55967220766791
EVS: 0.6160036142878256
