Model: GRU
MSE: 292.3175682489417
MAE: 16.003043754347438
EVS: 0.006420719258686591
