Model: GRU
MSE: 335.32469345072485
MAE: 17.303766916538105
EVS: 0.015084047851143922
