Model: GRU
MSE: 271.96071876909934
MAE: 15.323639897436932
EVS: -0.018998016563268383
