Model: GRU
MSE: 55.539275687269544
MAE: 6.223134501227017
EVS: 0.029785441586334227
