Model: GRU
MSE: 24.127553922795517
MAE: 4.208567569995749
EVS: 0.6323223393090371
