Model: GRU
MSE: 260.703330729186
MAE: 14.932508234320016
EVS: -0.034819215863002295
