Model: GRU
MSE: 14.602101076657979
MAE: 2.9494050124595903
EVS: 0.6200680656410626
