Model: GRU
MSE: 17.304510018964578
MAE: 3.4599434055131058
EVS: 0.6353503723721518
