Model: GRU
MSE: 14.695976131110221
MAE: 2.9382336715172075
EVS: 0.5974699409366058
