Model: GRU
MSE: 14.6896513754197
MAE: 2.8370391418193948
EVS: 0.612473366628481
