Model: GRU
MSE: 17.47189901008469
MAE: 3.5146517753601074
EVS: 0.6106741778095013
