Model: GRU
MSE: 14.262687456018163
MAE: 2.7521426842130463
EVS: 0.6087507874329062
