Model: GRU
MSE: 21.36001376545611
MAE: 3.917819647953428
EVS: 0.643065433946701
