Model: GRU
MSE: 19.835716205508923
MAE: 3.7672703677210313
EVS: 0.6053800310388362
