Model: GRU
MSE: 14.416157074565552
MAE: 2.8215014687899886
EVS: 0.6154917707922958
