Model: GRU
MSE: 15.815759156539476
MAE: 2.8462933507458916
EVS: 0.5673787119721498
