Model: GRU
MSE: 5400.664870618756
MAE: 72.89002260668525
EVS: -1.406016977238548
