Model: GRU
MSE: 15.647619513594698
MAE: 2.8405182937095903
EVS: 0.604696040085466
