Model: GRU
MSE: 23.259996482109244
MAE: 4.053381134723795
EVS: 0.5931613121184793
