Model: GRU
MSE: 15.042253293672148
MAE: 2.8634204700075347
EVS: 0.6027231526058698
