Model: GRU
MSE: 40.15010876938373
MAE: 5.629571191195784
EVS: 0.04631423910734822
