Model: GRU
MSE: 1362.626085746047
MAE: 36.11266714951088
EVS: -0.6047896574019869
