Model: GRU
MSE: 16.744080749603874
MAE: 3.3286808770278404
EVS: 0.5895855434674622
