Model: GRU
MSE: 15.300610586407869
MAE: 2.7800987424521613
EVS: 0.6007160522725968
