Model: GRU
MSE: 477.8710176611896
MAE: 21.013384227094978
EVS: 0.003991860886398579
