Model: GRU
MSE: 295.69397055524337
MAE: 16.11676621848139
EVS: 0.014001230444751989
