Model: GRU
MSE: 15.604713241110321
MAE: 3.029402017593384
EVS: 0.5728168225121881
