Model: GRU
MSE: 16.033053549278936
MAE: 3.1031517324776483
EVS: 0.6088869431482384
