Model: GRU
MSE: 23.995988938785146
MAE: 4.158032869470531
EVS: 0.5472317578111061
