Model: GRU
MSE: 313.81600630940716
MAE: 16.579284108918287
EVS: -0.06828080535891257
