Model: GRU
MSE: 13.903173415154736
MAE: 2.7057201780121902
EVS: 0.624739899927039
