Model: GRU
MSE: 18.882854762137708
MAE: 3.5492739595215896
EVS: 0.591769980705424
