Model: GRU
MSE: 16.369825207232505
MAE: 3.1136150236787468
EVS: 0.6153768314848531
