Model: GRU
MSE: 1507.499882714901
MAE: 38.309976446217505
EVS: -0.09303082418098696
