Model: GRU
MSE: 16.753123117662433
MAE: 3.3040694861576476
EVS: 0.6195315551632283
