Model: GRU
MSE: 23.062786533462667
MAE: 3.9240811611043998
EVS: 0.5515919672897625
