Model: GRU
MSE: 14.231852264106308
MAE: 2.6069508914289803
EVS: 0.6101097180595817
