Model: GRU
MSE: 15.658007751925805
MAE: 3.0726813036819984
EVS: 0.6081969539367366
