Model: GRU
MSE: 17.244110427233306
MAE: 2.997483089052398
EVS: 0.5530489814298262
