Model: GRU
MSE: 14.824248401196321
MAE: 2.9634170285586654
EVS: 0.5981174989027365
