Model: GRU
MSE: 25.2182658027576
MAE: 4.223185868098818
EVS: 0.5722279727717745
