Model: GRU
MSE: 16.86327543911553
MAE: 3.2805840229165963
EVS: 0.6348121982707575
