Model: GRU
MSE: 23.314505543820868
MAE: 4.002755789921202
EVS: 0.5220046992648482
