Model: GRU
MSE: 15.385257038125015
MAE: 3.0575946199482886
EVS: 0.6265237739301402
