Model: GRU
MSE: 16.73065156950201
MAE: 3.322966748270495
EVS: 0.5952459285560878
