Model: GRU
MSE: 16.495174807684492
MAE: 3.2867816892163506
EVS: 0.6127954647523104
