Model: GRU
MSE: 20.009689588315208
MAE: 3.8130519718959413
EVS: 0.5992150005881036
