Model: GRU
MSE: 13.725000757414955
MAE: 2.6195605787737617
EVS: 0.625657974156352
