Model: GRU
MSE: 13.861582564085763
MAE: 2.8151034897771376
EVS: 0.6251557038256969
