Model: GRU
MSE: 27.71072975150565
MAE: 4.493778935794173
EVS: 0.5828962937126011
