Model: GRU
MSE: 15.693836976458384
MAE: 3.151678734812243
EVS: 0.6202979963234774
