Model: GRU
MSE: 16.1970422204554
MAE: 3.2137872268413674
EVS: 0.6165580022604297
