Model: GRU
MSE: 13.875014382065716
MAE: 2.9382987104613205
EVS: 0.6326775823287204
