Model: GRU
MSE: 24.628670873580365
MAE: 4.15431421484266
EVS: 0.508639929617583
