Model: GRU
MSE: 16.11171779148528
MAE: 3.165920356224323
EVS: 0.6304890356637232
