Model: GRU
MSE: 40.68252623564652
MAE: 5.729400486781679
EVS: -0.00892906279409278
