Model: GRU
MSE: 1537.5890335021327
MAE: 38.71696228816592
EVS: -0.05847453176758477
