Model: GRU
MSE: 16.62721626974478
MAE: 3.2551296826066642
EVS: 0.5853798468761335
