Model: GRU
MSE: 14.811973067973138
MAE: 2.9243369677971147
EVS: 0.6102355579857811
