Model: GRU
MSE: 15.532396327596835
MAE: 3.0740492837182405
EVS: 0.5795429323107606
