Model: GRU
MSE: 15.330517816938439
MAE: 2.9357266343873123
EVS: 0.60873136234553
