Model: GRU
MSE: 22.581230852735718
MAE: 4.007597027153804
EVS: 0.6281248729605476
