Model: GRU
MSE: 16.10938962713469
MAE: 3.1402258215279413
EVS: 0.5845119461381905
