Model: GRU
MSE: 13.696899125072072
MAE: 2.7469704233366867
EVS: 0.6243668265125504
