Model: GRU
MSE: 14.667738006741494
MAE: 2.7090835406862457
EVS: 0.5984224898104142
