Model: GRU
MSE: 16.739556584798272
MAE: 3.3286754509498335
EVS: 0.6089641424768052
