Model: GRU
MSE: 16.188386227660317
MAE: 3.3384992911897857
EVS: 0.5832903944116321
