Model: GRU
MSE: 14.25659132226841
MAE: 2.7492755857007256
EVS: 0.6236158644841381
