Model: GRU
MSE: 14.872515716199532
MAE: 2.8230677966413826
EVS: 0.594975897538794
