Model: GRU
MSE: 15.598694098575288
MAE: 3.1782805919647217
EVS: 0.6251587170604646
