Model: GRU
MSE: 14.328685038498572
MAE: 2.8296698537366143
EVS: 0.6319888942148263
