Model: GRU
MSE: 16.405197107457138
MAE: 3.127454469943869
EVS: 0.5976921250469198
