Model: GRU
MSE: 15.637910429060707
MAE: 3.0165072720626305
EVS: 0.5934542528852678
