Model: GRU
MSE: 14.218663527137233
MAE: 2.843204851808219
EVS: 0.6161055933533923
