Model: GRU
MSE: 12.778981214721911
MAE: 2.5596474203570136
EVS: 0.650588562730532
