Model: GRU
MSE: 34.70851952902006
MAE: 5.456329444359088
EVS: 0.06411520330481979
