Model: GRU
MSE: 14.017009514427734
MAE: 2.8178603649139404
EVS: 0.6154944664191406
