Model: GRU
MSE: 13.90236592313209
MAE: 2.8187567694433806
EVS: 0.6286927170573301
