Model: GRU
MSE: 17.234242896000055
MAE: 3.4762632271339156
EVS: 0.6145448828152746
