Model: GRU
MSE: 33.25105756438497
MAE: 4.863747637847374
EVS: 0.49831212631280586
