Model: GRU
MSE: 281.4428497229866
MAE: 15.596895735839318
EVS: -0.04733256966981636
