Model: GRU
MSE: 13.490932247112346
MAE: 2.7319605103854476
EVS: 0.6326267458625165
