Model: GRU
MSE: 14.943656115547183
MAE: 2.8941100219200395
EVS: 0.6210143585664349
