Model: GRU
MSE: 14.53470059311199
MAE: 2.9076757513243576
EVS: 0.6309231939428444
