Model: GRU
MSE: 4090.4608123449416
MAE: 63.63150668966359
EVS: -0.13819929275455212
