Model: GRU
MSE: 15.196399058767065
MAE: 2.7506228562059074
EVS: 0.5844375475823175
