Model: GRU
MSE: 17.352074745479516
MAE: 3.3116587523756356
EVS: 0.5988203250081385
