Model: GRU
MSE: 16.50572289137997
MAE: 3.277612406631996
EVS: 0.6023473031089615
