Model: GRU
MSE: 18.153367868230678
MAE: 3.5350523734914847
EVS: 0.5892186089931082
