Model: GRU
MSE: 22.028242341719295
MAE: 3.935170132538368
EVS: 0.39822101619491324
