Model: GRU
MSE: 23.804686235356876
MAE: 4.088185043170534
EVS: 0.5041829004103433
