Model: GRU
MSE: 15.006065032104594
MAE: 2.9455555554093986
EVS: 0.602195946490097
