Model: GRU
MSE: 36.45499715158844
MAE: 5.484404662559772
EVS: 0.0
