Model: GRU
MSE: 14.552168530602184
MAE: 2.79022663215111
EVS: 0.6025256307627196
