Model: GRU
MSE: 14.995451789162546
MAE: 2.992414581364599
EVS: 0.6074900319028671
