Model: GRU
MSE: 14.796578720433825
MAE: 2.8877510613408583
EVS: 0.6091457486628109
