Model: GRU
MSE: 16.217941765812142
MAE: 3.0389653238756904
EVS: 0.6023208616803041
