Model: GRU
MSE: 997.3600288817262
MAE: 31.014822992785223
EVS: 0.02780028004870616
