Model: GRU
MSE: 32.495894902142034
MAE: 4.85974015038589
EVS: 0.49953979458453346
