Model: GRU
MSE: 15.575424352082713
MAE: 2.929296033135776
EVS: 0.5945684831552764
