Model: GRU
MSE: 5367.319410162454
MAE: 73.02292580440127
EVS: 0.04066755482708606
