Model: GRU
MSE: 2605.8647399070906
MAE: 50.60000163111194
EVS: -0.24826627435674475
