Model: GRU
MSE: 2978.6440531690005
MAE: 54.24991140694454
EVS: 0.02367505408213222
