Model: GRU
MSE: 343.68879265815
MAE: 17.390867175727056
EVS: -0.13146105487652893
