Model: GRU
MSE: 15.013938494545105
MAE: 3.089320051259008
EVS: 0.642127889318194
