Model: GRU
MSE: 23.60716659247666
MAE: 4.078259870923799
EVS: 0.5622296458512651
