Model: GRU
MSE: 14.520545342849612
MAE: 2.982998223140322
EVS: 0.6347286949673374
