Model: GRU
MSE: 5600.535957007512
MAE: 74.59481357706004
EVS: 0.008352304462314497
