Model: GRU
MSE: 21.751926563194782
MAE: 3.8515039312428443
EVS: 0.6275183284460926
