Model: GRU
MSE: 18.26145198384859
MAE: 3.523628933676358
EVS: 0.6090891957565501
