Model: GRU
MSE: 15.143644467105497
MAE: 3.094189565757225
EVS: 0.6280958292257333
