Model: GRU
MSE: 15.20889018006253
MAE: 2.8182497846669166
EVS: 0.6107704792426232
