Model: GRU
MSE: 8742.85551164105
MAE: 93.32917654103247
EVS: 0.1079135207305092
