Model: GRU
MSE: 14.447043498592514
MAE: 2.9491366435741555
EVS: 0.6148384621068501
