Model: GRU
MSE: 18.510962914844093
MAE: 3.551108820685025
EVS: 0.6157566977712339
