Model: GRU
MSE: 15.02984634298008
MAE: 2.753757854987835
EVS: 0.599707062543489
