Model: GRU
MSE: 21.28506800530043
MAE: 3.793375110626221
EVS: 0.5383836658048495
