Model: GRU
MSE: 14.336912670872685
MAE: 2.8403331164656014
EVS: 0.6089658110275367
