Model: GRU
MSE: 16.96703765580893
MAE: 3.348022280068233
EVS: 0.6097126973073806
