Model: GRU
MSE: 15.914429973954595
MAE: 3.1281660836318443
EVS: 0.6259207115491368
