Model: GRU
MSE: 19.73027568710875
MAE: 3.6565701714877425
EVS: 0.5730283825678674
