Model: GRU
MSE: 17.10304780450372
MAE: 3.0941566763253046
EVS: 0.5596733603982675
