Model: GRU
MSE: 14.813597923234362
MAE: 3.123106200119545
EVS: 0.6118983214277912
