Model: GRU
MSE: 18.793169106305918
MAE: 3.5058106471752297
EVS: 0.5945693787386417
