Model: GRU
MSE: 28.700314012348947
MAE: 4.59913862984756
EVS: 0.5825359306339659
