Model: GRU
MSE: 513.3738677842814
MAE: 21.930598472726757
EVS: 0.11059083486339505
