Model: GRU
MSE: 14.22038970006185
MAE: 2.9205395928744613
EVS: 0.6102449066817044
