Model: GRU
MSE: 18.140925952128786
MAE: 3.5427152288371118
EVS: 0.6102915298275544
