Model: GRU
MSE: 13.918801658638534
MAE: 2.9252523307142586
EVS: 0.6542533351314066
