Model: GRU
MSE: 318.2885402781571
MAE: 16.839137471955397
EVS: 0.04724368348801822
