Model: GRU
MSE: 14.96454009567285
MAE: 3.149394693045781
EVS: 0.628194544092718
