Model: GRU
MSE: 13.929602040097883
MAE: 2.741511476450953
EVS: 0.6196544429789356
