Model: GRU
MSE: 21.380028110234107
MAE: 3.8252251805930304
EVS: 0.5398075366783954
