Model: GRU
MSE: 18.16449242861163
MAE: 3.533432023278598
EVS: 0.6065140771470221
