Model: GRU
MSE: 21.097568011059312
MAE: 3.7983652641033303
EVS: 0.5787393308968034
