Model: GRU
MSE: 264.8352183700858
MAE: 15.106359309163587
EVS: -0.00490767931762548
