Model: GRU
MSE: 14.57506802928216
MAE: 2.9782814979553223
EVS: 0.6053561147127132
