Model: GRU
MSE: 20.240162406631587
MAE: 3.767789421410396
EVS: 0.59069492141847
