Model: GRU
MSE: 16.200249020815026
MAE: 2.9210733380810967
EVS: 0.6077998764326453
