Model: GRU
MSE: 16.02456571813927
MAE: 3.137446066428875
EVS: 0.6134348909207348
