Model: GRU
MSE: 13.902466393050602
MAE: 3.015446243614986
EVS: 0.6197144317880284
