Model: GRU
MSE: 16.554233387019757
MAE: 3.053595986859552
EVS: 0.5839706057555023
