Model: GRU
MSE: 2901.4608528902213
MAE: 53.444292068481445
EVS: -0.23904713213550077
