Model: GRU
MSE: 16.478017093100178
MAE: 3.227064556088941
EVS: 0.5585055532944396
