Model: GRU
MSE: 42.83568894657596
MAE: 5.803845635775862
EVS: 0.0
