Model: GRU
MSE: 15.640535400884875
MAE: 3.1811570710149306
EVS: 0.5855194231220715
