Model: GRU
MSE: 14.856626802607856
MAE: 2.7804121477850554
EVS: 0.5924874338329293
