Model: GRU
MSE: 18.09633434891432
MAE: 3.139258935533721
EVS: 0.5427166975834777
