Model: GRU
MSE: 882.7187696302867
MAE: 29.086887162307214
EVS: -0.005967585241470896
