Model: GRU
MSE: 15.80685422080155
MAE: 3.203932926572602
EVS: 0.612941266801452
