Model: GRU
MSE: 25.87399130544207
MAE: 4.245725426180609
EVS: 0.4346724242802369
