Model: GRU
MSE: 19.401529972318556
MAE: 3.658573430159996
EVS: 0.6095713990295673
