Model: GRU
MSE: 262.3200873293703
MAE: 14.990226618174848
EVS: -0.03179253493301948
