Model: GRU
MSE: 14.996335052147785
MAE: 3.1210346632990342
EVS: 0.6060128506502798
