Model: GRU
MSE: 13.468209341255358
MAE: 2.657447066800348
EVS: 0.6310720526475357
