Model: GRU
MSE: 56.11105402873205
MAE: 6.267341169817694
EVS: 0.039782360709888276
