Model: GRU
MSE: 13.878352661507789
MAE: 2.842317482520794
EVS: 0.6352940238888585
