Model: GRU
MSE: 21.195638110081312
MAE: 3.7801763148143372
EVS: 0.6274090823965277
