Model: GRU
MSE: 22.851072681554523
MAE: 4.133027224705137
EVS: 0.5756079890565123
