Model: GRU
MSE: 1898.4160574790483
MAE: 43.13360720667346
EVS: -0.03987921309812492
