Model: GRU
MSE: 19.819655458221153
MAE: 3.713793738134976
EVS: 0.6036639764103654
