Model: GRU
MSE: 1756.4283981662904
MAE: 41.04984927999562
EVS: -0.9569276197808068
