Model: GRU
MSE: 13.669839756535284
MAE: 2.7831398536419045
EVS: 0.6350813374522379
