Model: GRU
MSE: 15.00062784651072
MAE: 3.0464031038613153
EVS: 0.5924427433384362
