Model: GRU
MSE: 288.55995065454886
MAE: 15.900810414347156
EVS: 0.020026277352947597
