Model: GRU
MSE: 773.1598206964603
MAE: 26.863922924830995
EVS: -0.41244180068344827
