Model: GRU
MSE: 2878.0786249946586
MAE: 53.21366500854492
EVS: -0.272403575506901
