Model: GRU
MSE: 13.093215556477773
MAE: 2.7217073604978363
EVS: 0.6413724154136091
