Model: GRU
MSE: 1724.3084328795908
MAE: 41.08425834261138
EVS: 0.0017027341728058643
