Model: GRU
MSE: 17.460230460040844
MAE: 3.5012901487021613
EVS: 0.6357066727150108
