Model: GRU
MSE: 366.0196263679081
MAE: 18.070059907847437
EVS: -0.0833467300167463
