Model: GRU
MSE: 14.336704981880201
MAE: 3.0277271106325347
EVS: 0.6469969984462918
