Model: GRU
MSE: 16.91441639206654
MAE: 3.332986733009075
EVS: 0.6180739475775907
