Model: GRU
MSE: 14.954431487641
MAE: 2.9579872180675637
EVS: 0.613714238597349
