Model: GRU
MSE: 14.272108619490641
MAE: 2.716231707868905
EVS: 0.6151013841935999
