Model: GRU
MSE: 15.616319336998263
MAE: 3.1113177990091256
EVS: 0.617534718236074
