Model: GRU
MSE: 16.805190239755525
MAE: 3.4040489278990647
EVS: 0.6088790360578206
