Model: GRU
MSE: 16.07746219324524
MAE: 3.1462346931983687
EVS: 0.5830338241893457
