Model: GRU
MSE: 13.58085854226874
MAE: 2.7713379120004586
EVS: 0.6335569813529065
