Model: GRU
MSE: 581.143158815198
MAE: 23.307128248543574
EVS: -0.04023431056751403
