Model: GRU
MSE: 340.81047042976496
MAE: 17.448765360075853
EVS: 0.002829941861320462
