Model: GRU
MSE: 17.91076300680296
MAE: 3.3590993059092553
EVS: 0.6028911351976932
