Model: GRU
MSE: 17.45414544458959
MAE: 3.2541902887410132
EVS: 0.5909471270823763
