Model: GRU
MSE: 381.47667914480985
MAE: 18.579058293638557
EVS: 0.004360238507595815
