Model: GRU
MSE: 29.91215349055076
MAE: 4.754457210672313
EVS: 0.3192280568097301
