Model: GRU
MSE: 14.689990124230004
MAE: 2.8791022876213335
EVS: 0.6145724532704562
