Model: GRU
MSE: 16.820489359756788
MAE: 3.293843984603882
EVS: 0.5958425444806597
