Model: GRU
MSE: 16.322560818987615
MAE: 3.23636702422438
EVS: 0.6169611317457253
