Model: GRU
MSE: 836.7792727168967
MAE: 28.116520930980816
EVS: -0.2684545705959571
