Model: GRU
MSE: 2660.0380130497647
MAE: 51.22461647822939
EVS: 0.010356590955355682
