Model: GRU
MSE: 16.169404014318797
MAE: 3.0686227658699297
EVS: 0.589151094617784
