Model: GRU
MSE: 34.11621571596401
MAE: 5.080047196355359
EVS: 0.07261728745007845
