Model: GRU
MSE: 15.095482145998211
MAE: 3.090735887659007
EVS: 0.6033625552228989
