Model: GRU
MSE: 16.55097982850581
MAE: 3.184660286738955
EVS: 0.5843773032174501
