Model: GRU
MSE: 14.194272342962567
MAE: 2.915071355885473
EVS: 0.6175935426029545
