Model: GRU
MSE: 19.036277513066207
MAE: 3.6721768954704546
EVS: 0.6483931276448842
