Model: GRU
MSE: 344.45916751349927
MAE: 17.492518840164973
EVS: -0.05532228944213902
