Model: GRU
MSE: 19.40857441890041
MAE: 3.704406368321386
EVS: 0.597434495166604
