Model: GRU
MSE: 15.77679561254242
MAE: 3.233173703325206
EVS: 0.6369825978977601
