Model: GRU
MSE: 36.65270581980852
MAE: 5.483801233357396
EVS: 0.056545077922336984
