Model: GRU
MSE: 19.794096757422555
MAE: 3.739453077316284
EVS: 0.560523438066399
