Model: GRU
MSE: 23.745940755156575
MAE: 4.084381695451407
EVS: 0.5607988790279832
