Model: GRU
MSE: 15.333199093989638
MAE: 2.8766407473333953
EVS: 0.6276962588343543
