Model: GRU
MSE: 18.037412067185596
MAE: 3.576158671543516
EVS: 0.6092202445915467
