Model: GRU
MSE: 14.039554595324756
MAE: 2.8438828566978716
EVS: 0.6439751281740362
