Model: GRU
MSE: 296.6882603246978
MAE: 16.059207365430634
EVS: -0.06407757123451052
