Model: GRU
MSE: 15.848139490676505
MAE: 2.969374516914631
EVS: 0.5730293221399976
