Model: GRU
MSE: 16.460646667905795
MAE: 3.0944799554759057
EVS: 0.5982807896524862
