Model: GRU
MSE: 16.190084738051304
MAE: 3.0795667253691574
EVS: 0.5606442719201967
