Model: GRU
MSE: 14.85976896203881
MAE: 2.674255576627008
EVS: 0.5924901705124705
