Model: GRU
MSE: 18.782816406231174
MAE: 3.460501120008271
EVS: 0.5674394202680992
