Model: GRU
MSE: 37.062485643768895
MAE: 5.571313134555159
EVS: 0.004042967398962816
