Model: GRU
MSE: 14.035998391111583
MAE: 2.74035409401203
EVS: 0.6181115678329598
