Model: GRU
MSE: 303.5870670650682
MAE: 16.27605616224223
EVS: -0.060976249999893595
