Model: GRU
MSE: 16.425381237771933
MAE: 3.280630251456951
EVS: 0.6074110837394029
