Model: GRU
MSE: 18.796608303880557
MAE: 3.5405927403219817
EVS: 0.5997091617936566
