Model: GRU
MSE: 14.837948869515337
MAE: 2.7635012084040147
EVS: 0.5936246101088102
