Model: GRU
MSE: 13.637128098365123
MAE: 2.6437340029354752
EVS: 0.6329257882053789
