Model: GRU
MSE: 3716.0578215166743
MAE: 60.67009182634025
EVS: 0.03446629292850434
