Model: GRU
MSE: 341.41691964965315
MAE: 17.43614722120351
EVS: -0.025880914054187798
