Model: GRU
MSE: 14.467571947765805
MAE: 2.8644961735297896
EVS: 0.6243033796321253
