Model: GRU
MSE: 5284.174817449295
MAE: 72.43520144758553
EVS: -0.023651239943077496
