Model: GRU
MSE: 16.656119727254076
MAE: 2.868187978349883
EVS: 0.5458304420522048
