Model: GRU
MSE: 15.841429674480706
MAE: 2.7833892559183053
EVS: 0.5874628057068438
