Model: GRU
MSE: 16.94904267474053
MAE: 3.130453742783645
EVS: 0.5716488934193518
