Model: GRU
MSE: 19.2291238186078
MAE: 3.5984451359715957
EVS: 0.5974739990716611
