Model: GRU
MSE: 19.801714620058963
MAE: 3.7542086223076128
EVS: 0.604763344170899
