Model: GRU
MSE: 14.64375198216791
MAE: 2.961110263035215
EVS: 0.6119462999769789
