Model: GRU
MSE: 305.84200488011555
MAE: 16.391797902255224
EVS: -0.01911288251910359
