Model: GRU
MSE: 15.935050877766669
MAE: 3.0264606064763564
EVS: 0.5789721604978276
