Model: GRU
MSE: 22.3901983291618
MAE: 3.926003020385216
EVS: 0.536941350278646
