Model: GRU
MSE: 15.905439191040312
MAE: 3.260955210389762
EVS: 0.6513148682203107
