Model: GRU
MSE: 14.695510888566599
MAE: 2.873296277276401
EVS: 0.5995577472981162
