Model: GRU
MSE: 2278.2878637681542
MAE: 47.29497626732136
EVS: -0.137675756495526
