Model: GRU
MSE: 18.371884374605543
MAE: 3.4716826923962296
EVS: 0.6300356801525435
