Model: GRU
MSE: 244.89178998627327
MAE: 14.4860405099803
EVS: 0.03861832157690759
