Model: GRU
MSE: 11229.40772538203
MAE: 105.79187511575633
EVS: -0.02832768540809738
