Model: GRU
MSE: 19.34468036414242
MAE: 3.5182025843653184
EVS: 0.5579004707390349
