Model: GRU
MSE: 42.28387198391725
MAE: 5.772295129710231
EVS: 0.0008333180196309353
