Model: GRU
MSE: 17.49458326539685
MAE: 3.1543149537053603
EVS: 0.5994438090613379
