Model: GRU
MSE: 15.499006357077656
MAE: 3.051937514338
EVS: 0.5966474719130737
