Model: GRU
MSE: 14.610193232327537
MAE: 2.8964183823815706
EVS: 0.6066568172469471
