Model: GRU
MSE: 15.375176634524626
MAE: 3.065063238143921
EVS: 0.6141138247680716
