Model: GRU
MSE: 14.744483012481663
MAE: 2.8503125453817435
EVS: 0.6023395891997203
