Model: GRU
MSE: 15.822018150894314
MAE: 3.1411040240320665
EVS: 0.6034959051518601
