Model: GRU
MSE: 13.726341967169947
MAE: 2.7380230837854844
EVS: 0.6299456658792326
