Model: GRU
MSE: 15.959090207833466
MAE: 3.214237665307933
EVS: 0.6390374106553793
