Model: GRU
MSE: 259.1591174770505
MAE: 14.860775754369538
EVS: -0.05108435266440936
