Model: GRU
MSE: 19.47912045502357
MAE: 3.687660891434242
EVS: 0.5657086806207354
