Model: GRU
MSE: 14.96585207526898
MAE: 2.791810520764055
EVS: 0.6051758857992782
