Model: GRU
MSE: 16.965333747551966
MAE: 3.2908318042755127
EVS: 0.5860451004906571
