Model: GRU
MSE: 21.686307866804594
MAE: 3.929386829507762
EVS: 0.5926012013260182
