Model: GRU
MSE: 266.063542353314
MAE: 15.106137374351764
EVS: -0.03878658684920833
