Model: GRU
MSE: 296.863736761149
MAE: 16.03000660189267
EVS: -0.0945954632664443
