Model: GRU
MSE: 14.786971025078696
MAE: 3.027000172384854
EVS: 0.6313764605288874
