Model: GRU
MSE: 16.696196252647166
MAE: 3.255290689139531
EVS: 0.5855882010394666
