Model: GRU
MSE: 16.776038189461346
MAE: 3.1082623374873193
EVS: 0.5985108766756264
