Model: GRU
MSE: 16.85160454819889
MAE: 3.4318246183724237
EVS: 0.6291275639034217
