Model: GRU
MSE: 15.005936621544414
MAE: 3.078813511749794
EVS: 0.6204812680559371
