Model: GRU
MSE: 14.307267698757752
MAE: 2.697505868714431
EVS: 0.6076306288619422
