Model: GRU
MSE: 22.41573872121574
MAE: 3.768530818394252
EVS: 0.5151091841773405
