Model: GRU
MSE: 13.676688121106505
MAE: 2.5785818346615494
EVS: 0.6250650025852735
