Model: GRU
MSE: 16.543558162142713
MAE: 3.2583063388692923
EVS: 0.5948030831326879
