Model: GRU
MSE: 14.379764619023655
MAE: 2.8918122094253014
EVS: 0.6067349207318979
