Model: GRU
MSE: 19.651659336267247
MAE: 3.707626063248207
EVS: 0.6273591483707948
