Model: GRU
MSE: 17.353532142542058
MAE: 3.400477984855915
EVS: 0.6356439249659038
