Model: GRU
MSE: 14.271800779047801
MAE: 2.810308102903695
EVS: 0.6262437731527939
