Model: GRU
MSE: 16.09279349708062
MAE: 2.890826759667232
EVS: 0.5664132162293074
