Model: GRU
MSE: 742.3799985693497
MAE: 26.591337269750134
EVS: 0.03218942421543047
