Model: GRU
MSE: 14.540459969800278
MAE: 3.0269610470738906
EVS: 0.6011620888318157
