Model: GRU
MSE: 17.001033512275566
MAE: 3.3311930607105125
EVS: 0.6294847978468763
