Model: GRU
MSE: 15.74869757751802
MAE: 2.9801213823515793
EVS: 0.5788961989933155
