Model: GRU
MSE: 14.206817252277645
MAE: 2.7945021349808266
EVS: 0.6240538504778022
