Model: GRU
MSE: 12.640893580088102
MAE: 2.589980824240323
EVS: 0.653735075017988
