Model: GRU
MSE: 20.26188504709861
MAE: 3.8420869235334725
EVS: 0.5941350394717468
