Model: GRU
MSE: 1508.8126513072036
MAE: 38.37367606985158
EVS: 0.004953746540269033
