Model: GRU
MSE: 15.077866885935052
MAE: 3.018744970190114
EVS: 0.6250313473157536
