Model: GRU
MSE: 13.46407401343465
MAE: 2.679727891395832
EVS: 0.6319680002450213
