Model: GRU
MSE: 14.420421046325608
MAE: 2.944755932380413
EVS: 0.6244340451953685
