Model: GRU
MSE: 14.699111636631018
MAE: 2.807126316530951
EVS: 0.5975012810036391
