Model: GRU
MSE: 33.11235910224483
MAE: 4.9171852325571
EVS: 0.45042499826822313
