Model: GRU
MSE: 34.01445449788624
MAE: 5.325895638301454
EVS: 0.07216600665822781
