Model: GRU
MSE: 15.122012417996276
MAE: 2.954734777582103
EVS: 0.6084865518679722
