Model: GRU
MSE: 16.18221977012254
MAE: 3.260101343023366
EVS: 0.626180565565542
