Model: GRU
MSE: 1512.4971412603088
MAE: 38.40605275384311
EVS: -0.02792631227625808
