Model: GRU
MSE: 13.87824375938225
MAE: 2.7887207392988533
EVS: 0.6193095294146214
