Model: GRU
MSE: 18.365826699999378
MAE: 3.44923577637508
EVS: 0.5879428826157753
