Model: GRU
MSE: 2068.0924894305786
MAE: 45.014866006785425
EVS: -0.14539075275872482
