Model: GRU
MSE: 18.355909016026093
MAE: 3.4947552927609147
EVS: 0.6081127872927528
