Model: GRU
MSE: 14.870863904018224
MAE: 3.1111199115884713
EVS: 0.6334802346456064
