Model: GRU
MSE: 19.751715697222178
MAE: 3.6624202070565057
EVS: 0.5593139745820452
