Model: GRU
MSE: 13.095217652907262
MAE: 2.716254078108689
EVS: 0.6455828258466083
