Model: GRU
MSE: 15.407683332670045
MAE: 2.9986900872197646
EVS: 0.5992626208348757
