Model: GRU
MSE: 14.474260178751004
MAE: 2.7695914630232186
EVS: 0.6234741742799348
