Model: GRU
MSE: 14.615646921500456
MAE: 2.7315457607137748
EVS: 0.6045277018503994
