Model: GRU
MSE: 19.264537456531492
MAE: 3.637605913754167
EVS: 0.5997859650076545
