Model: GRU
MSE: 18.160548800764037
MAE: 3.501434359057196
EVS: 0.507106615878322
