Model: GRU
MSE: 24.45079690824162
MAE: 4.0877929967025235
EVS: 0.613196312686862
