Model: GRU
MSE: 17.29380750596253
MAE: 3.099815919481475
EVS: 0.5907859905766225
