Model: GRU
MSE: 13.756481454872734
MAE: 2.604989873951879
EVS: 0.6232962701165592
