Model: GRU
MSE: 15.456028217871511
MAE: 3.141610285331463
EVS: 0.5991557573856956
