Model: GRU
MSE: 13.904289594553187
MAE: 3.0069616169765077
EVS: 0.625612441383848
