Model: GRU
MSE: 15.970431324756936
MAE: 3.180800043303391
EVS: 0.6137868297260067
