Model: GRU
MSE: 13.927324485222725
MAE: 2.8112789433577965
EVS: 0.6216422671237138
