Model: GRU
MSE: 15.440195056635185
MAE: 3.0367632652151175
EVS: 0.6323446094034991
