Model: GRU
MSE: 13.823333351467188
MAE: 2.6096867692881616
EVS: 0.6232633571688033
