Model: GRU
MSE: 14.533512110400752
MAE: 3.172931967110469
EVS: 0.6390438220664634
