Model: GRU
MSE: 14.998538377577708
MAE: 2.784363935733664
EVS: 0.6079735451978177
