Model: GRU
MSE: 17.99121093925713
MAE: 3.468622454281511
EVS: 0.5712089554090256
