Model: GRU
MSE: 37.21561002074041
MAE: 5.5860266849912446
EVS: -0.0007669032716133284
