Model: GRU
MSE: 266.54064176771294
MAE: 15.149952140347711
EVS: -0.015509061215271291
