Model: GRU
MSE: 322.03018345067323
MAE: 16.8111852695202
EVS: -0.08119806224471238
