Model: GRU
MSE: 15.386676592691147
MAE: 2.992413989428816
EVS: 0.5780436490789691
