Model: GRU
MSE: 307.0385210330994
MAE: 16.376444874138667
EVS: -0.06573595801848509
