Model: GRU
MSE: 15.522262302764437
MAE: 3.051161420756373
EVS: 0.5742076556406224
