Model: GRU
MSE: 15.489410659548513
MAE: 2.9491995120870658
EVS: 0.5933979512587639
