Model: GRU
MSE: 13.635794133056905
MAE: 2.876514747225005
EVS: 0.6401166143303338
