Model: GRU
MSE: 14.535347289536546
MAE: 2.9825894832611084
EVS: 0.6204067167331322
