Model: GRU
MSE: 19.518397461773695
MAE: 3.4076733316693986
EVS: 0.5264209199556458
