Model: GRU
MSE: 21.793728912855716
MAE: 3.8401768618616563
EVS: 0.5461943236254866
