Model: GRU
MSE: 840.0420164939682
MAE: 28.31209034755312
EVS: -0.05522914538620971
