Model: GRU
MSE: 7199.617163558973
MAE: 84.60277057516164
EVS: -0.15181104473925688
