Model: GRU
MSE: 23.4418232821388
MAE: 4.156090867930446
EVS: 0.6039651031862634
