Model: GRU
MSE: 14.840046662805152
MAE: 3.00844721958555
EVS: 0.5973419225631378
