Model: GRU
MSE: 14.397936245953916
MAE: 2.862256543389682
EVS: 0.6053471716111549
