Model: GRU
MSE: 20.967624899753755
MAE: 3.8779576318017366
EVS: 0.5467327100572453
