Model: GRU
MSE: 23.728783505409844
MAE: 4.071676903757556
EVS: 0.5986503271369605
