Model: GRU
MSE: 15.907519544159836
MAE: 3.0644761118395576
EVS: 0.5680757407828263
