Model: GRU
MSE: 16.4737571265011
MAE: 3.000472274319879
EVS: 0.5933481921974635
