Model: GRU
MSE: 17.213922535285654
MAE: 3.3584732187205346
EVS: 0.5934189697811746
