Model: GRU
MSE: 14.849199849348585
MAE: 3.0666054199481834
EVS: 0.5942805470384929
