Model: GRU
MSE: 3463.5707286443103
MAE: 58.514701448637865
EVS: -0.08630610544507333
