Model: GRU
MSE: 16.699429762416937
MAE: 3.353602179165544
EVS: 0.6181373538873567
