Model: GRU
MSE: 38.49146465972396
MAE: 5.527486916246085
EVS: 0.06164263633910616
