Model: GRU
MSE: 12.561200341578251
MAE: 2.6936859673467177
EVS: 0.6729283373421275
