Model: GRU
MSE: 408.401853770932
MAE: 19.268402083166713
EVS: -0.018552413011456492
