Model: GRU
MSE: 11285.34218627481
MAE: 106.05429603313577
EVS: -0.037698186426775804
