Model: GRU
MSE: 296.8505809920344
MAE: 16.04438041818553
EVS: -0.08158772093401456
