Model: GRU
MSE: 28.513744850175463
MAE: 4.565854245218738
EVS: 0.5454404069091783
