Model: GRU
MSE: 14.319550704413112
MAE: 2.889685606134349
EVS: 0.6316510068666319
