Model: GRU
MSE: 14.828647626300842
MAE: 2.8643345997251313
EVS: 0.6006996186343142
