Model: GRU
MSE: 17.314680881865595
MAE: 3.075584263637148
EVS: 0.5751641612281093
