Model: GRU
MSE: 14.093523170277825
MAE: 2.74053012091538
EVS: 0.6220049537007573
