Model: GRU
MSE: 326.95532028486656
MAE: 16.867066952160428
EVS: -0.09191318019514316
