Model: GRU
MSE: 26.23683969478335
MAE: 4.405879144010873
EVS: 0.598927440598769
