Model: GRU
MSE: 14.939449694003205
MAE: 3.0675370117713667
EVS: 0.6232535228673302
