Model: GRU
MSE: 13.508294808964225
MAE: 2.729660461688864
EVS: 0.6352336223609192
