Model: GRU
MSE: 14.87392832232606
MAE: 2.859299265105149
EVS: 0.5972098481949817
