Model: GRU
MSE: 36.45424361877266
MAE: 5.4859990087048764
EVS: 0.0
