Model: GRU
MSE: 1648.411197843507
MAE: 40.108509129491345
EVS: -0.0895499062491587
