Model: GRU
MSE: 19.375682514710537
MAE: 3.595612443726638
EVS: 0.6235040847355513
