Model: GRU
MSE: 15.905269637436101
MAE: 3.0051919098558098
EVS: 0.5637727247515211
