Model: GRU
MSE: 13.904713054592062
MAE: 3.0023188755430024
EVS: 0.6358940031708793
