Model: GRU
MSE: 16.073445671012852
MAE: 3.1920861827916114
EVS: 0.639593050431227
