Model: GRU
MSE: 19.79268099744301
MAE: 3.672792340147084
EVS: 0.5752183254754952
