Model: GRU
MSE: 13.464170697044311
MAE: 2.8225212919301
EVS: 0.6432465799255732
