Model: GRU
MSE: 14.301879154018613
MAE: 2.748743271005565
EVS: 0.6169649039248134
