Model: GRU
MSE: 21.339771560738306
MAE: 3.8825971422524286
EVS: 0.5911024725632672
