Model: GRU
MSE: 17.626469856388134
MAE: 3.4758028984069824
EVS: 0.6063510496260542
