Model: GRU
MSE: 16.176570167565394
MAE: 3.190701435352194
EVS: 0.6127407903890657
