Model: GRU
MSE: 365.87538668796884
MAE: 18.15851119468952
EVS: 0.008513781807821141
