Model: GRU
MSE: 13.964692411674228
MAE: 2.8845294590654045
EVS: 0.6369401831515757
