Model: GRU
MSE: 16.19132281742313
MAE: 3.265587831365651
EVS: 0.5562736369756712
