Model: GRU
MSE: 15.808796614325145
MAE: 3.2083330853232024
EVS: 0.6217987807861234
