Model: GRU
MSE: 16.733472526534673
MAE: 3.1393167397071577
EVS: 0.585728008602209
