Model: GRU
MSE: 13.992642166686213
MAE: 2.7224028932637183
EVS: 0.6305827934644306
