Model: GRU
MSE: 14.446533311357085
MAE: 2.9683463121282645
EVS: 0.6225760883204121
