Model: GRU
MSE: 27.17757711006425
MAE: 4.421866548472438
EVS: 0.5981939671181135
