Model: GRU
MSE: 16.261923269146617
MAE: 3.2873419728772393
EVS: 0.63403071605724
