Model: GRU
MSE: 3926.861921310118
MAE: 62.35909994717302
EVS: -0.04801512327992774
