Model: GRU
MSE: 265.6166215500954
MAE: 15.149620680973447
EVS: 0.009562853941712857
