Model: GRU
MSE: 407.59340851447365
MAE: 19.162410407230773
EVS: -0.10811408413250834
