Model: GRU
MSE: 14.773726855037651
MAE: 2.723254573756251
EVS: 0.5972149653679321
