Model: GRU
MSE: 15.772746962969967
MAE: 2.9195835179296035
EVS: 0.6135440734382605
