Model: GRU
MSE: 15.131766431470169
MAE: 3.1108036041259766
EVS: 0.5891060521209887
