Model: GRU
MSE: 16.885455994213064
MAE: 3.2370558936020424
EVS: 0.5906457728833578
