Model: GRU
MSE: 16.989586501179737
MAE: 3.386940701254483
EVS: 0.6038134819591436
