Model: GRU
MSE: 20.88603064804849
MAE: 3.760990989619288
EVS: 0.5582821988787263
