Model: GRU
MSE: 297.8127306418472
MAE: 16.117728009306152
EVS: -0.04326942790642274
