Model: GRU
MSE: 262.31591590441064
MAE: 15.004726049201242
EVS: -0.0197478071000059
