Model: GRU
MSE: 19.03424401247736
MAE: 3.0903241498129708
EVS: 0.541872195085306
