Model: GRU
MSE: 14.438691408579306
MAE: 2.720169494891989
EVS: 0.6157770366692191
