Model: GRU
MSE: 17.99185709030575
MAE: 3.4582347047740014
EVS: 0.586847209607276
