Model: GRU
MSE: 13.703675007426035
MAE: 2.697790186980675
EVS: 0.624265370470124
