Model: GRU
MSE: 14.878865650080115
MAE: 2.853203263776056
EVS: 0.5982003237936226
