Model: GRU
MSE: 19.736535505029728
MAE: 3.6556011315049797
EVS: 0.5454129298929666
