Model: GRU
MSE: 13.651692335974735
MAE: 2.770011227706383
EVS: 0.6481176350607499
