Model: GRU
MSE: 18.31194020682743
MAE: 3.470016602812142
EVS: 0.6009004779125796
