Model: GRU
MSE: 15.61817794748167
MAE: 3.202274281403114
EVS: 0.5953053179496852
