Model: GRU
MSE: 23.149191054509018
MAE: 4.03405694714908
EVS: 0.5724328398817979
