Model: GRU
MSE: 15.588174577538169
MAE: 3.076945296649275
EVS: 0.6250871782605549
