Model: GRU
MSE: 579.1828237373787
MAE: 23.29667016555523
EVS: 0.00017112505417482549
