Model: GRU
MSE: 13.562998825281433
MAE: 2.7411362878207504
EVS: 0.6350230267993281
