Model: GRU
MSE: 365.80706886235544
MAE: 18.158199014334844
EVS: 0.010076850783600988
