Model: GRU
MSE: 13.905323012437027
MAE: 2.7344459829659296
EVS: 0.6190863528044017
