Model: GRU
MSE: 15.158733899637802
MAE: 3.1184362543040307
EVS: 0.6264734904028777
