Model: GRU
MSE: 16.45147252250702
MAE: 3.3377557869615226
EVS: 0.6285111609342023
