Model: GRU
MSE: 15.100578757596304
MAE: 2.8571896635252854
EVS: 0.6005038736952192
