Model: GRU
MSE: 39.23372740856742
MAE: 5.685366794980806
EVS: 0.0
