Model: GRU
MSE: 16.014459268171308
MAE: 2.9964360861942687
EVS: 0.5984267094452955
