Model: GRU
MSE: 14.92524343613896
MAE: 3.0304522021063445
EVS: 0.6031191664876348
