Model: GRU
MSE: 16.017010754265986
MAE: 3.1691545289138268
EVS: 0.6024834860084081
