Model: GRU
MSE: 14.687158036781144
MAE: 2.981826136852133
EVS: 0.617894308180607
