Model: GRU
MSE: 15.493957452635257
MAE: 3.066698436079354
EVS: 0.620729037057013
