Model: GRU
MSE: 13.780551755702753
MAE: 2.825765428871944
EVS: 0.6397911366725808
