Model: GRU
MSE: 15.891047677173761
MAE: 2.964127622801682
EVS: 0.5949847046037132
