Model: GRU
MSE: 1729.4505996624462
MAE: 40.68506406915599
EVS: -1.0347756440828064
