Model: GRU
MSE: 26.46865055670858
MAE: 4.431738828790599
EVS: 0.5980774901976567
