Model: GRU
MSE: 14.658740249316484
MAE: 3.011663190249739
EVS: 0.6311968474723582
