Model: GRU
MSE: 19.027306280734635
MAE: 3.5779555008329194
EVS: 0.614725096471122
