Model: GRU
MSE: 16.14373230441797
MAE: 2.9396389681717445
EVS: 0.5923451674687492
