Model: GRU
MSE: 14.093755788294574
MAE: 2.6077311943317283
EVS: 0.6137728108230797
