Model: GRU
MSE: 18.332750830240112
MAE: 3.4751461785415123
EVS: 0.5972079759252584
