Model: GRU
MSE: 2486.770839153306
MAE: 49.44220121975603
EVS: -0.1587019650468453
