Model: GRU
MSE: 532.6714325083457
MAE: 22.06738148064449
EVS: -0.2536849131639951
