Model: GRU
MSE: 17.319284102304035
MAE: 2.97590240750994
EVS: 0.5562433079775178
