Model: GRU
MSE: 15.259402884272179
MAE: 3.0418032202227363
EVS: 0.5817217912305261
