Model: GRU
MSE: 14.184998397284543
MAE: 2.9881284730187776
EVS: 0.6329621099965933
