Model: GRU
MSE: 14.994411028970882
MAE: 3.022256148272547
EVS: 0.6006424405616564
