Model: GRU
MSE: 34.76211685037228
MAE: 5.339587408920814
EVS: 0.08519833633822216
