Model: GRU
MSE: 267.4352101287082
MAE: 15.17879195665491
EVS: -0.016054758030996652
