Model: GRU
MSE: 22.00330066729139
MAE: 3.9634210898958404
EVS: 0.5631932009419631
