Model: GRU
MSE: 13.925880251857087
MAE: 2.8545187835035652
EVS: 0.6215588131872902
