Model: GRU
MSE: 13.911061608675674
MAE: 2.6013706552571265
EVS: 0.6234738709555037
