Model: GRU
MSE: 15.99819783848682
MAE: 2.9775128200136383
EVS: 0.6056689562283839
