Model: GRU
MSE: 12.712360188111003
MAE: 2.6572395933085473
EVS: 0.6514159486223434
