Model: GRU
MSE: 16.066832385217225
MAE: 2.9875925656022697
EVS: 0.61160460524324
