Model: GRU
MSE: 1352.988202257859
MAE: 36.269641777564736
EVS: -0.028722775751077734
