Model: GRU
MSE: 17.040341447460687
MAE: 3.377348283241535
EVS: 0.6345442580172944
