Model: GRU
MSE: 15.581955805501561
MAE: 3.0620145633302887
EVS: 0.6286485352270785
