Model: GRU
MSE: 18.215614728563832
MAE: 3.5915692469169356
EVS: 0.6259062087009635
