Model: GRU
MSE: 307.43154732404884
MAE: 16.421309553343676
EVS: -0.03615270522603864
