Model: GRU
MSE: 2193.955715559246
MAE: 46.42910194396973
EVS: -0.05047390978649413
