Model: GRU
MSE: 18.39802926161387
MAE: 3.482661140376124
EVS: 0.5819106612168342
