Model: GRU
MSE: 44.43614741067578
MAE: 5.735426113523286
EVS: 0.052591397847838284
