Model: GRU
MSE: 15.808476361711199
MAE: 2.8886022937708886
EVS: 0.574006468554259
