Model: GRU
MSE: 21.297572151125646
MAE: 3.783755401085163
EVS: 0.5969946332187692
