Model: GRU
MSE: 19.091681794473722
MAE: 3.579814919110002
EVS: 0.6041558186265306
