Model: GRU
MSE: 14.427054661401312
MAE: 2.8236231886107346
EVS: 0.6220339679190765
