Model: GRU
MSE: 16.220821259884087
MAE: 2.972925909634294
EVS: 0.6143066543153057
