Model: GRU
MSE: 329.01705658486657
MAE: 17.08656801026443
EVS: -0.016788976163297553
