Model: GRU
MSE: 16.931012616816187
MAE: 3.3435394805053185
EVS: 0.6398638766392032
