Model: GRU
MSE: 16.092353666917916
MAE: 3.083984375
EVS: 0.6106036950293066
