Model: GRU
MSE: 365.32444836747123
MAE: 18.06077437154178
EVS: -0.07348000359977025
