Model: GRU
MSE: 4922.507747357315
MAE: 69.70368280081914
EVS: -0.7530027886309956
