Model: GRU
MSE: 16.79766114160251
MAE: 3.196504568231517
EVS: 0.6040793793449475
