Model: GRU
MSE: 15.211409523992428
MAE: 3.118390371059549
EVS: 0.5963981363722176
