Model: GRU
MSE: 16.525299941111456
MAE: 3.314991864664801
EVS: 0.6217062310562939
