Model: GRU
MSE: 20.013851249223258
MAE: 3.75454148752936
EVS: 0.6334236490914997
