Model: GRU
MSE: 289.50945285603126
MAE: 15.914459427882885
EVS: 0.005891970370312527
