Model: GRU
MSE: 18.61664911444728
MAE: 3.4945682821602655
EVS: 0.49272302535721346
