Model: GRU
MSE: 15.533502180110645
MAE: 3.045556463044265
EVS: 0.6186920578760122
