Model: GRU
MSE: 19.59360322577322
MAE: 3.641705110155303
EVS: 0.49307262693515874
