Model: GRU
MSE: 337.0311026935851
MAE: 17.303703743835975
EVS: -0.03178557206335664
