Model: GRU
MSE: 335.9736610747458
MAE: 17.22961386729931
EVS: -0.07296400274673909
