Model: GRU
MSE: 22.59623881273612
MAE: 3.9353680569550087
EVS: 0.5998831750874843
