Model: GRU
MSE: 14.580405218088046
MAE: 2.9825984527324807
EVS: 0.6073382281443848
