Model: GRU
MSE: 18.033581987361952
MAE: 3.007540375845773
EVS: 0.5393980248260342
