Model: GRU
MSE: 16.986447800289223
MAE: 3.4123776698934623
EVS: 0.5973237196846664
