Model: GRU
MSE: 14.135832811846415
MAE: 2.9268152713775635
EVS: 0.6371096892010693
