Model: GRU
MSE: 23.137239500077893
MAE: 4.073444021159205
EVS: 0.48548304795864106
