Model: GRU
MSE: 18.703215406180377
MAE: 3.620453744099058
EVS: 0.5919234931217872
