Model: GRU
MSE: 18.049773889600218
MAE: 3.4596628320628198
EVS: 0.6110298673129351
