Model: GRU
MSE: 615.9929542606934
MAE: 23.919254450962462
EVS: -0.20321376698570348
