Model: GRU
MSE: 14.32128593289095
MAE: 2.7607484644856948
EVS: 0.6306961121370344
