Model: GRU
MSE: 24.477095075970592
MAE: 4.264863269082431
EVS: 0.5979935152598796
