Model: GRU
MSE: 316.9377975845426
MAE: 16.695366181176283
EVS: -0.04795945270018653
