Model: GRU
MSE: 273.6064374945519
MAE: 15.42405299071608
EVS: 0.02055164826450051
