Model: GRU
MSE: 16.052515106897463
MAE: 3.290675664770192
EVS: 0.6335872398507683
