Model: GRU
MSE: 14.365003374165209
MAE: 2.936854066519902
EVS: 0.6319264960567296
