Model: GRU
MSE: 5884.222114033152
MAE: 76.39837863527495
EVS: -0.30327447455020273
