Model: GRU
MSE: 22.054329690835544
MAE: 3.8835649819209657
EVS: 0.5617861663813557
