Model: GRU
MSE: 16.174270217591165
MAE: 3.2413122818387787
EVS: 0.5639772531458909
