Model: GRU
MSE: 19.436697023318818
MAE: 3.6711790479462723
EVS: 0.6075772774328196
