Model: GRU
MSE: 19.893647759330392
MAE: 3.32684903309263
EVS: 0.48016609424560663
