Model: GRU
MSE: 16.711010070516096
MAE: 3.1035030217006288
EVS: 0.591066929920502
