Model: GRU
MSE: 15.730591080746422
MAE: 2.8423315039996444
EVS: 0.5876988175822848
