Model: GRU
MSE: 868.6790457426098
MAE: 28.796895257357892
EVS: -0.08129780363848771
