Model: GRU
MSE: 16.261068024943636
MAE: 3.180114877635035
EVS: 0.6092156388565005
