Model: GRU
MSE: 761.5592511855131
MAE: 26.912172925883326
EVS: -0.02304200722812766
