Model: GRU
MSE: 20.11879776209226
MAE: 3.797546781342605
EVS: 0.5960389933617765
