Model: GRU
MSE: 14.955601636843234
MAE: 3.0923889587665427
EVS: 0.6041318597959059
