Model: GRU
MSE: 17.656822419783335
MAE: 3.4774937876339616
EVS: 0.6057948231781816
