Model: GRU
MSE: 15.030052684244025
MAE: 2.827120279443675
EVS: 0.5929611185184507
