Model: GRU
MSE: 15.749338998932672
MAE: 2.9761609208994897
EVS: 0.6044903223033682
