Model: GRU
MSE: 14.939883843728063
MAE: 2.925688620271354
EVS: 0.6036954684342395
