Model: GRU
MSE: 13.903349093126085
MAE: 2.7999933505880423
EVS: 0.6235674541024572
