Model: GRU
MSE: 18.724491120915232
MAE: 3.5816049575805664
EVS: 0.5962645787436299
