Model: GRU
MSE: 23.710750509332538
MAE: 4.091326261388844
EVS: 0.5639419953402004
