Model: GRU
MSE: 44.7971761794175
MAE: 5.764074654414736
EVS: 0.027648661833251875
