Model: GRU
MSE: 14.379595379100355
MAE: 2.7383259247089256
EVS: 0.6075702567300207
