Model: GRU
MSE: 23.748821017179743
MAE: 4.158425873723523
EVS: 0.59136548454644
