Model: GRU
MSE: 15.482146429051896
MAE: 3.149516426283738
EVS: 0.6389138634151675
