Model: GRU
MSE: 35.73206976426458
MAE: 5.459408924497407
EVS: 0.02017777934479137
