Model: GRU
MSE: 19.101104245674733
MAE: 3.671920422849984
EVS: 0.6018561719713751
