Model: GRU
MSE: 12.705609415358413
MAE: 2.6667427687809386
EVS: 0.6521626633733939
