Model: GRU
MSE: 12.977020185012611
MAE: 2.6274375422247527
EVS: 0.6444472335407114
