Model: GRU
MSE: 16.285047325851387
MAE: 3.032236091021834
EVS: 0.567687787869783
