Model: GRU
MSE: 15.732641883568869
MAE: 2.9435115353814485
EVS: 0.6175582684729055
