Model: GRU
MSE: 19.311197170678764
MAE: 3.7231449094311944
EVS: 0.5981289674433309
