Model: GRU
MSE: 15.474335157454075
MAE: 2.9927651018931947
EVS: 0.5871879545426979
