Model: GRU
MSE: 15.072341296949679
MAE: 2.9976454438834357
EVS: 0.6198953756563409
