Model: GRU
MSE: 980.0489188993905
MAE: 30.56384514118063
EVS: -0.2591213751958381
