Model: GRU
MSE: 14.152397228449935
MAE: 2.6921748375070504
EVS: 0.6168346707233039
