Model: GRU
MSE: 18.231653767728417
MAE: 3.551276141199572
EVS: 0.6036996877241634
