Model: GRU
MSE: 35.214356058823675
MAE: 5.137019313614944
EVS: 0.49235936373322986
