Model: GRU
MSE: 24.007592046221536
MAE: 4.098368480287749
EVS: 0.6069720138469541
