Model: GRU
MSE: 15.096890755855569
MAE: 2.793014699015124
EVS: 0.5989703258483308
