Model: GRU
MSE: 19.358006714554744
MAE: 3.451702389223822
EVS: 0.5820521616858133
