Model: GRU
MSE: 20.130175003318563
MAE: 3.78252492279842
EVS: 0.6030919456690624
