Model: GRU
MSE: 14.969038046704947
MAE: 2.9597498466228616
EVS: 0.5894154812324475
