Model: GRU
MSE: 1400.204780778689
MAE: 36.74098725154482
EVS: -0.3799399617518633
