Model: GRU
MSE: 14.418424606105104
MAE: 2.940528787415603
EVS: 0.6241423163753208
