Model: GRU
MSE: 16.81760336315383
MAE: 3.455652421918409
EVS: 0.6495076016421841
