Model: GRU
MSE: 17.95555777842574
MAE: 3.508495129387954
EVS: 0.6003421450379891
