Model: GRU
MSE: 15.738124999453852
MAE: 3.102436558953647
EVS: 0.6144457986577977
