Model: GRU
MSE: 267.0278586099363
MAE: 15.178366977592994
EVS: -0.005234327660059712
