Model: GRU
MSE: 15.476147662603612
MAE: 2.973440647125244
EVS: 0.6084241255020171
