Model: GRU
MSE: 16.58701339052133
MAE: 2.9756372961504707
EVS: 0.5949931926059815
