Model: GRU
MSE: 14.74860883220279
MAE: 2.724982845372167
EVS: 0.5955092285836072
