Model: GRU
MSE: 19.11723080247219
MAE: 3.695040020449408
EVS: 0.6054018254503162
