Model: GRU
MSE: 15.812565351798149
MAE: 3.112884595476348
EVS: 0.5916668849216471
