Model: GRU
MSE: 13.981024721134444
MAE: 2.9421493472724127
EVS: 0.6462442107379276
