Model: GRU
MSE: 14.949544966303918
MAE: 2.9326349949014596
EVS: 0.612808356661001
