Model: GRU
MSE: 18.301880081832056
MAE: 3.2571937709019103
EVS: 0.5384612016526706
