Model: GRU
MSE: 1348.3817462583022
MAE: 36.157972796209926
EVS: -0.12422507508894065
