Model: GRU
MSE: 14.918005236296862
MAE: 2.9713270582001785
EVS: 0.6339386298647702
