Model: GRU
MSE: 23.462490626917344
MAE: 4.061324226445165
EVS: 0.5408039978324786
