Model: GRU
MSE: 13.543732669642619
MAE: 2.654890512597972
EVS: 0.6305479190344065
