Model: GRU
MSE: 13.828936210332927
MAE: 2.645845552970623
EVS: 0.6225561364401475
