Model: GRU
MSE: 25.162612267610587
MAE: 4.191401843366952
EVS: 0.5340762441990627
