Model: GRU
MSE: 15.171536510404461
MAE: 3.064346666993766
EVS: 0.615637956336424
