Model: GRU
MSE: 1947.2277290569925
MAE: 43.65263475220779
EVS: -0.143220371061626
