Model: GRU
MSE: 14.715856837640064
MAE: 2.9919163934115707
EVS: 0.6228947731968496
