Model: GRU
MSE: 1151.4771353190781
MAE: 33.43489061552903
EVS: 0.07870134724822508
