Model: GRU
MSE: 17.53198222418681
MAE: 3.210769702648294
EVS: 0.5863376966157285
