Model: GRU
MSE: 13.763163301619697
MAE: 2.7913342262136527
EVS: 0.6282462585967233
