Model: GRU
MSE: 14.453277199816524
MAE: 2.6868600269843794
EVS: 0.607209801663291
