Model: GRU
MSE: 14.05380211096415
MAE: 3.0553048314719367
EVS: 0.6389850614947641
