Model: GRU
MSE: 22.600824831667957
MAE: 3.908261044272061
EVS: 0.6116704536132496
