Model: GRU
MSE: 15.563652276625884
MAE: 3.070268421337522
EVS: 0.6152423553124191
