Model: GRU
MSE: 17.790242534215505
MAE: 3.426461252672919
EVS: 0.5778409737844105
