Model: GRU
MSE: 13.435154106173734
MAE: 2.659417612799283
EVS: 0.6317395373260012
