Model: GRU
MSE: 23.149022428277732
MAE: 4.159400076701723
EVS: 0.6099155195862023
