Model: GRU
MSE: 22.756664340892836
MAE: 4.009263663456358
EVS: 0.599831227776251
