Model: GRU
MSE: 18.190302650481538
MAE: 3.211766144324993
EVS: 0.5472410104540477
