Model: GRU
MSE: 15.226022237270756
MAE: 2.953382664713366
EVS: 0.6188339227109934
