Model: GRU
MSE: 14.693108908692642
MAE: 2.700328769354985
EVS: 0.6088507660669502
