Model: GRU
MSE: 17.36876688957934
MAE: 3.3753771699708084
EVS: 0.5966504001855397
