Model: GRU
MSE: 16.183530489038155
MAE: 2.9453255143658867
EVS: 0.5825158832133268
