Model: GRU
MSE: 13.68508674342534
MAE: 2.638896267989586
EVS: 0.6246394003391402
