Model: GRU
MSE: 13.404942291591686
MAE: 2.864850899268841
EVS: 0.6324678931432208
