Model: GRU
MSE: 25.095041313150244
MAE: 4.2838834729687925
EVS: 0.5554044874922675
