Model: GRU
MSE: 382.86978890510466
MAE: 18.567635240225957
EVS: -0.04549512437050862
