Model: GRU
MSE: 18.996645614821144
MAE: 3.59671191511483
EVS: 0.597813350406651
