Model: GRU
MSE: 17.582395822958
MAE: 3.4276770229997306
EVS: 0.6033676569198447
