Model: GRU
MSE: 17.797707336252476
MAE: 3.212038336481367
EVS: 0.5610905490538454
