Model: GRU
MSE: 21.83483751201893
MAE: 3.971223765406115
EVS: 0.5840103755136463
