Model: GRU
MSE: 478.93641717352284
MAE: 20.972368010159197
EVS: -0.07247380331392117
