Model: GRU
MSE: 13.873353550852004
MAE: 2.673106366190417
EVS: 0.6205559254208364
