Model: GRU
MSE: 14.693878923122709
MAE: 2.73344506066421
EVS: 0.6028425244312295
