Model: GRU
MSE: 13.116549097505464
MAE: 2.6319143278845427
EVS: 0.6408799452176972
