Model: GRU
MSE: 14.918490822837702
MAE: 3.0368913699840676
EVS: 0.5926638650826224
