Model: GRU
MSE: 13.434510486062342
MAE: 2.7112383678041656
EVS: 0.6386458433579625
