Model: GRU
MSE: 13.093102015740104
MAE: 2.863184188974315
EVS: 0.6453077159651309
