Model: GRU
MSE: 14.783375525708253
MAE: 2.84103248859274
EVS: 0.5971626037619011
