Model: GRU
MSE: 35.86551369589228
MAE: 5.384787016901477
EVS: 0.0217178149370586
