Model: GRU
MSE: 14.76003413463504
MAE: 2.9563864346208244
EVS: 0.6351773853468621
