Model: GRU
MSE: 13.94593954505611
MAE: 2.7417544743110396
EVS: 0.6232887761849053
