Model: GRU
MSE: 14.214981948310921
MAE: 2.65187956546915
EVS: 0.6166821991370874
