Model: GRU
MSE: 13.888637538671368
MAE: 2.8434687811752846
EVS: 0.6273615937320843
