Model: GRU
MSE: 21.569391189398246
MAE: 3.8381061718381684
EVS: 0.6057422714628657
