Model: GRU
MSE: 1452.920529973038
MAE: 37.64798877979147
EVS: 0.024818809087812088
