Model: GRU
MSE: 18.172208472815125
MAE: 3.474122195408262
EVS: 0.6156456349503368
