Model: GRU
MSE: 271.1002943963878
MAE: 15.26475348965875
EVS: -0.04480617275167775
