Model: GRU
MSE: 15.244851195311275
MAE: 2.946118313690712
EVS: 0.6083985158300319
