Model: GRU
MSE: 18.31411250633527
MAE: 3.4805887649799216
EVS: 0.6229300575403787
