Model: GRU
MSE: 13.650648618547244
MAE: 2.757153067095526
EVS: 0.6302393078065516
