Model: GRU
MSE: 16.991840650691973
MAE: 3.210291804938481
EVS: 0.581532278708748
