Model: GRU
MSE: 14.086459565501592
MAE: 2.676179187051181
EVS: 0.6173859520521069
