Model: GRU
MSE: 7903.846527658862
MAE: 88.68994798331425
EVS: -0.040747906912089515
