Model: GRU
MSE: 27.818919085801465
MAE: 4.463204901793907
EVS: 0.5190243723533583
