Model: GRU
MSE: 14.583795176626527
MAE: 2.7546808061928583
EVS: 0.62634860792632
