Model: GRU
MSE: 23.46303326446772
MAE: 4.030677737860844
EVS: 0.6057666382899645
