Model: GRU
MSE: 14.019535080801672
MAE: 3.0620375830551674
EVS: 0.6213228626633761
