Model: GRU
MSE: 14.069746191517353
MAE: 2.872211456298828
EVS: 0.6160397898398313
