Model: GRU
MSE: 18.097971291075126
MAE: 3.560818211785678
EVS: 0.6208652811594615
