Model: GRU
MSE: 1847.4636943256103
MAE: 41.9891728697152
EVS: -1.3144934481042845
