Model: GRU
MSE: 47.78681916873246
MAE: 5.919740216485385
EVS: 0.0
