Model: GRU
MSE: 21.731155897630853
MAE: 3.9378738238893707
EVS: 0.5659327975971493
