Model: GRU
MSE: 13.016502929653516
MAE: 2.6972977292948754
EVS: 0.6456320349225003
