Model: GRU
MSE: 14.612318885560457
MAE: 2.8968330210652846
EVS: 0.6061279338214751
