Model: GRU
MSE: 16.74333803867119
MAE: 3.3073985823269547
EVS: 0.6073138407923646
