Model: GRU
MSE: 19.22221889569775
MAE: 3.574981747002437
EVS: 0.580325022718867
