Model: GRU
MSE: 1130.3729309710955
MAE: 32.963811479765795
EVS: -0.20041142832686387
