Model: GRU
MSE: 16.72367035156753
MAE: 3.0394047786449563
EVS: 0.6079559733069377
