Model: GRU
MSE: 15.076445003780766
MAE: 3.042671326933236
EVS: 0.6144851139336458
