Model: GRU
MSE: 13.553335491055282
MAE: 2.6077239677823822
EVS: 0.6304792602197917
