Model: GRU
MSE: 15.041200983954832
MAE: 2.790629559549792
EVS: 0.5912277566657275
