Model: GRU
MSE: 22.96764411211248
MAE: 3.9488193577733535
EVS: 0.5787533834000009
