Model: GRU
MSE: 633.5232586932729
MAE: 24.16891546907096
EVS: -0.35476173028799973
