Model: GRU
MSE: 14.36039674756148
MAE: 2.954248576328672
EVS: 0.641676518111202
