Model: GRU
MSE: 15.627147643676576
MAE: 3.023632312643117
EVS: 0.5716557136837439
