Model: GRU
MSE: 13.959138425218043
MAE: 2.6457641206938645
EVS: 0.6239117186945028
