Model: GRU
MSE: 15.304948547364535
MAE: 3.2414602246777764
EVS: 0.6326351299448332
