Model: GRU
MSE: 307.7187777744493
MAE: 16.43616349943753
EVS: -0.030643530247501216
