Model: GRU
MSE: 2140.6353770543365
MAE: 45.86654051418962
EVS: -0.012114293904598394
