Model: GRU
MSE: 13.8226589896387
MAE: 2.7007365720025422
EVS: 0.6218400535437163
