Model: GRU
MSE: 15.910392483658802
MAE: 3.087489966688485
EVS: 0.5653880092979964
