Model: GRU
MSE: 16.343714436708748
MAE: 3.1722801718218574
EVS: 0.6006070482635819
