Model: GRU
MSE: 15.1805194512959
MAE: 2.9337055600922683
EVS: 0.6092201331309471
