Model: GRU
MSE: 16.457944361093958
MAE: 3.1896188505764664
EVS: 0.5603316888871189
