Model: GRU
MSE: 17.34798808812068
MAE: 3.276451480799708
EVS: 0.5913820768873386
