Model: GRU
MSE: 21.541697960531728
MAE: 3.875790530237658
EVS: 0.6129994653370601
