Model: GRU
MSE: 15.227381981226978
MAE: 3.1101290686377165
EVS: 0.6188047895559126
