Model: GRU
MSE: 13.742098688321159
MAE: 2.720199996027453
EVS: 0.6336318519757373
