Model: GRU
MSE: 17.61148963601917
MAE: 3.0048083724646735
EVS: 0.5273013320739821
