Model: GRU
MSE: 14.49166791778788
MAE: 3.0242953629329286
EVS: 0.6183321142288534
