Model: GRU
MSE: 20.066470332605693
MAE: 3.780838859492335
EVS: 0.595192903669177
