Model: GRU
MSE: 15.60419778868935
MAE: 2.948610001596911
EVS: 0.573923340483365
