Model: GRU
MSE: 15.659401908388425
MAE: 3.253015978582974
EVS: 0.6041689820332947
