Model: GRU
MSE: 21.479145646715523
MAE: 3.883340909563262
EVS: 0.6074473852754789
