Model: GRU
MSE: 15.507498736074782
MAE: 3.091789459360057
EVS: 0.6078932484816773
