Model: GRU
MSE: 17.56402963085703
MAE: 3.1698844021764296
EVS: 0.5606443022094997
