Model: GRU
MSE: 15.051563882704052
MAE: 2.8150202405863793
EVS: 0.5987145281649913
