Model: GRU
MSE: 13.438955551078987
MAE: 2.7261300004761795
EVS: 0.6317422207971655
