Model: GRU
MSE: 34.94521695358361
MAE: 5.376902925557103
EVS: 0.050714791437898366
