Model: GRU
MSE: 36.98244618782814
MAE: 5.540976031073209
EVS: 0.010093730329865935
