Model: GRU
MSE: 15.483395995792476
MAE: 3.0136020512416444
EVS: 0.5896157245385805
