Model: GRU
MSE: 14.114099891347932
MAE: 2.641140107450814
EVS: 0.6233558995473316
