Model: GRU
MSE: 15.065609755964708
MAE: 2.702044339015566
EVS: 0.5900654632041551
