Model: GRU
MSE: 15.987284234123873
MAE: 3.14126233396859
EVS: 0.6018541134721582
