Model: GRU
MSE: 265.0591833552704
MAE: 15.179077884246563
EVS: 0.049361724609988555
