Model: GRU
MSE: 14.944158716494838
MAE: 2.8813569956812364
EVS: 0.6068085268818839
