Model: GRU
MSE: 14.902371651368373
MAE: 2.8043467094158303
EVS: 0.6007929729632694
