Model: GRU
MSE: 16.29498368530094
MAE: 3.1383331726337302
EVS: 0.5713127257362374
