Model: GRU
MSE: 26.84446566003673
MAE: 4.415987948008946
EVS: 0.5573225045736583
