Model: GRU
MSE: 14.257383297099425
MAE: 3.0244915649808686
EVS: 0.6446744963626533
