Model: GRU
MSE: 18.6119944778103
MAE: 3.470438159745315
EVS: 0.5615157793620933
