Model: GRU
MSE: 312.1912403526575
MAE: 16.62325749726131
EVS: 0.01634023753176883
