Model: GRU
MSE: 315.8992496059748
MAE: 16.71015395789311
EVS: -0.005919291026032614
