Model: GRU
MSE: 19.35815538226916
MAE: 3.4939759188684922
EVS: 0.5041463436436715
