Model: GRU
MSE: 20.21702132371247
MAE: 3.810447939511003
EVS: 0.5948713645223962
