Model: GRU
MSE: 282.1480801889279
MAE: 15.640763118349273
EVS: -0.029088211610006853
