Model: GRU
MSE: 16.534120606853698
MAE: 3.145266154716755
EVS: 0.5752169483289085
