Model: GRU
MSE: 47.851023178316794
MAE: 5.947659722689925
EVS: -0.008516724453281999
