Model: GRU
MSE: 17.710081389201807
MAE: 3.3706237858739394
EVS: 0.5904822932773357
