Model: GRU
MSE: 21.625894090087176
MAE: 3.8957799775259834
EVS: 0.5613356342988551
