Model: GRU
MSE: 17.038067995954155
MAE: 3.2872581153080382
EVS: 0.6197110773551011
