Model: GRU
MSE: 13.821815469740057
MAE: 2.9436904479717385
EVS: 0.6215750257136875
