Model: GRU
MSE: 19.151092537908667
MAE: 3.6917135962124528
EVS: 0.6246480335335043
