Model: GRU
MSE: 15.098765716400756
MAE: 2.777624722184806
EVS: 0.5944933361796021
