Model: GRU
MSE: 14.654606808838288
MAE: 2.6784924227615883
EVS: 0.6006973799858588
