Model: GRU
MSE: 13.641619884556134
MAE: 2.838200544488841
EVS: 0.6259095019606251
