Model: GRU
MSE: 21.0134485317786
MAE: 3.9432019365244897
EVS: 0.6129805764700014
