Model: GRU
MSE: 612.7848706892082
MAE: 23.88558450238458
EVS: -0.1593643292236211
