Model: GRU
MSE: 18.986963521978108
MAE: 3.4952037005588927
EVS: 0.5550619375747858
