Model: GRU
MSE: 21.749234230435494
MAE: 3.8675812523940514
EVS: 0.583874734073492
