Model: GRU
MSE: 16.89590791548032
MAE: 3.193096267765966
EVS: 0.5824444479893327
