Model: GRU
MSE: 17.515254108052584
MAE: 3.3615774532844283
EVS: 0.60685842285758
