Model: GRU
MSE: 15.10123106482516
MAE: 2.98625373018199
EVS: 0.6176888364005069
