Model: GRU
MSE: 15.478749089750698
MAE: 3.0680999755859375
EVS: 0.5760940322472181
