Model: GRU
MSE: 1054.489061161962
MAE: 31.949803007060083
EVS: 0.0755762187531559
