Model: GRU
MSE: 14.845629634801048
MAE: 2.849402065934806
EVS: 0.6008859426400522
