Model: GRU
MSE: 19.202496095374233
MAE: 3.6389231846250336
EVS: 0.6047885347807236
