Model: GRU
MSE: 15.779564594623428
MAE: 3.159185138241998
EVS: 0.6166010210258634
