Model: GRU
MSE: 2102.6728432250916
MAE: 45.582393383157665
EVS: 0.31645071841805883
