Model: GRU
MSE: 15.638073469279613
MAE: 3.138887594486105
EVS: 0.6195151384739586
