Model: GRU
MSE: 16.747969234409325
MAE: 3.3604063987731934
EVS: 0.6364526694399435
