Model: GRU
MSE: 22.663403154685856
MAE: 3.9586895909802666
EVS: 0.5872698506389008
