Model: GRU
MSE: 18.938168688781648
MAE: 3.5193690595955682
EVS: 0.555194621353176
