Model: GRU
MSE: 317.2743883072197
MAE: 16.681257626106
EVS: -0.07011015656686093
