Model: GRU
MSE: 14.783610859480694
MAE: 3.010862038053315
EVS: 0.6145690585966779
