Model: GRU
MSE: 16.357283929525906
MAE: 3.2731823427923796
EVS: 0.6044902416619113
