Model: GRU
MSE: 13.840763622013872
MAE: 2.6752261786625304
EVS: 0.6210522543830175
