Model: GRU
MSE: 15.199919372627404
MAE: 2.911583694918402
EVS: 0.6392191466459398
