Model: GRU
MSE: 14.340160879685667
MAE: 2.7762681040270576
EVS: 0.6175430712764327
