Model: GRU
MSE: 39.28768579639328
MAE: 5.687588132660965
EVS: 0.0
