Model: GRU
MSE: 15.788403678485283
MAE: 3.0119246614390405
EVS: 0.5861955968925496
