Model: GRU
MSE: 50.321194691174995
MAE: 6.011446295113399
EVS: 0.030100874922965426
