Model: GRU
MSE: 15.269623827243107
MAE: 2.9813623962731195
EVS: 0.6215948324144549
