Model: GRU
MSE: 17.790666873252846
MAE: 3.431237956573223
EVS: 0.6358603960801668
