Model: GRU
MSE: 16.188553243766016
MAE: 3.230812294729825
EVS: 0.6152568169427148
