Model: GRU
MSE: 14.842790861095208
MAE: 2.9842918248012147
EVS: 0.6037109297256017
