Model: GRU
MSE: 37.06074306763373
MAE: 5.571311424518454
EVS: -0.008326394954625727
