Model: GRU
MSE: 13.393894633894014
MAE: 2.6645094032945305
EVS: 0.6407484793556444
