Model: GRU
MSE: 75.57751938194382
MAE: 7.609699167054275
EVS: 0.5031784712492247
