Model: GRU
MSE: 19.377030833176637
MAE: 3.6446108324774382
EVS: 0.6207511551220908
