Model: GRU
MSE: 14.251793668975477
MAE: 3.05194354057312
EVS: 0.6299560120496119
