Model: GRU
MSE: 1052.2163851020312
MAE: 31.67269802093506
EVS: -0.3457038337006413
