Model: GRU
MSE: 25.181808691805166
MAE: 4.263493496796181
EVS: 0.5610547077013481
