Model: GRU
MSE: 15.537677990616697
MAE: 2.9720181761116815
EVS: 0.591841940739424
