Model: GRU
MSE: 18.728074728506726
MAE: 3.567901430458858
EVS: 0.5390633596042929
