Model: GRU
MSE: 34.57457725840738
MAE: 5.354504470167489
EVS: 0.1038038963323229
