Model: GRU
MSE: 14.755787538229145
MAE: 2.783265861971625
EVS: 0.6135436484326132
