Model: GRU
MSE: 21.0895372037491
MAE: 3.811402509952414
EVS: 0.6085560598295602
