Model: GRU
MSE: 296.24500651842493
MAE: 16.13090576796696
EVS: 0.011393345643051944
