Model: GRU
MSE: 14.521138788915163
MAE: 2.755552941355212
EVS: 0.612097431665717
