Model: GRU
MSE: 18.222388650196528
MAE: 3.432627825901426
EVS: 0.6098130311556373
