Model: GRU
MSE: 14.871403187704466
MAE: 2.87388499440818
EVS: 0.6102458988652919
