Model: GRU
MSE: 16.541592548910845
MAE: 3.049835098200831
EVS: 0.5999195786912543
