Model: GRU
MSE: 16.96642968022273
MAE: 3.4086797155182937
EVS: 0.6068335279226976
