Model: GRU
MSE: 1503.0949188460752
MAE: 37.990585031180544
EVS: -0.6406980021200319
