Model: GRU
MSE: 1011.2943274761515
MAE: 31.169525672649517
EVS: -0.09054577350451298
