Model: GRU
MSE: 14.176227190416888
MAE: 2.793118657736943
EVS: 0.6111424362242319
