Model: GRU
MSE: 15.393635125053716
MAE: 2.709081370255043
EVS: 0.5833293294713471
