Model: GRU
MSE: 13.896481364353875
MAE: 2.9297984715165764
EVS: 0.6279306501654345
