Model: GRU
MSE: 18.753907231422403
MAE: 3.5920158583542396
EVS: 0.6099651258205683
