Model: GRU
MSE: 15.994330555549118
MAE: 3.1671378530305008
EVS: 0.6132654463869024
