Model: GRU
MSE: 3927.8327415335084
MAE: 62.3817854914172
EVS: 0.0029801961333206783
