Model: GRU
MSE: 300.0209449590112
MAE: 16.161668580153894
EVS: -0.06493603273721482
