Model: GRU
MSE: 13.154187068043061
MAE: 2.6743429447042533
EVS: 0.6441367403522306
