Model: GRU
MSE: 14.955242276796957
MAE: 2.7796102885542244
EVS: 0.5915299130488119
