Model: GRU
MSE: 14.038756103025133
MAE: 2.643652052714907
EVS: 0.614895453627241
