Model: GRU
MSE: 14.483849267709031
MAE: 2.7654446075702537
EVS: 0.6185773914845283
