Model: GRU
MSE: 18.329285202856028
MAE: 3.4336311323889372
EVS: 0.615202690368621
