Model: GRU
MSE: 18.66026719167897
MAE: 3.522199174336025
EVS: 0.5599083738399616
