Model: GRU
MSE: 54.151783263663674
MAE: 6.18227850157639
EVS: 0.012235156224358223
