Model: GRU
MSE: 850.8403452475534
MAE: 28.421734941416773
EVS: -0.18080504236367023
