Model: GRU
MSE: 33.27399620379588
MAE: 4.767702382186363
EVS: 0.1988021114656302
