Model: GRU
MSE: 22.000293771784442
MAE: 3.972864611395474
EVS: 0.5894387847514377
