Model: GRU
MSE: 14.57865500966086
MAE: 2.690647026588177
EVS: 0.6014533436959546
