Model: GRU
MSE: 15.151388720512822
MAE: 2.914963861991619
EVS: 0.6119285848712575
