Model: GRU
MSE: 2734.5173631952975
MAE: 51.94603183351714
EVS: 0.008972382574690685
