Model: GRU
MSE: 13.959051913562435
MAE: 2.8450375178764604
EVS: 0.6170824051111296
