Model: GRU
MSE: 15.4408579424218
MAE: 2.916040535630851
EVS: 0.6008399629476072
