Model: GRU
MSE: 1066.4661316666634
MAE: 32.09155927855393
EVS: -0.003942851276171
