Model: GRU
MSE: 5407.207907480929
MAE: 73.16583442687988
EVS: -0.4804480352121785
