Model: GRU
MSE: 14.104961081965614
MAE: 2.6974899439976134
EVS: 0.6369160208046931
