Model: GRU
MSE: 15.418169853546072
MAE: 3.0265855624757965
EVS: 0.6197604209651197
