Model: GRU
MSE: 17.83298041050473
MAE: 3.467244921059444
EVS: 0.5774890134338445
