Model: GRU
MSE: 47.743301749025356
MAE: 5.918847840407799
EVS: 0.0
