Model: GRU
MSE: 18.434686079473803
MAE: 3.5648015285360404
EVS: 0.6090820932807659
