Model: GRU
MSE: 13.998256942620966
MAE: 2.851101677993248
EVS: 0.6355026170101203
