Model: GRU
MSE: 16.97219446104017
MAE: 3.3891799778773866
EVS: 0.618707162628292
