Model: GRU
MSE: 14.754495686418844
MAE: 2.845221289272966
EVS: 0.6301268108655932
