Model: GRU
MSE: 15.57211775318146
MAE: 2.9831003320628198
EVS: 0.5739028506009176
