Model: GRU
MSE: 17.87968911198065
MAE: 3.484014157591195
EVS: 0.586671351706187
