Model: GRU
MSE: 14.220782868858945
MAE: 2.7778885775598985
EVS: 0.6135802260414358
