Model: GRU
MSE: 14.482077763349304
MAE: 2.920746055142633
EVS: 0.6118814722506696
