Model: GRU
MSE: 13.969896352386053
MAE: 2.9307537900990455
EVS: 0.6401715732361808
