Model: GRU
MSE: 21.10152055849828
MAE: 3.869424819946289
EVS: 0.5783228924407515
