Model: GRU
MSE: 1614.6031584645805
MAE: 39.22199666911158
EVS: -1.0913390360783
