Model: GRU
MSE: 19.916834875789117
MAE: 3.6148404417366815
EVS: 0.6271360936631312
