Model: GRU
MSE: 14.570778957440886
MAE: 2.852407430780345
EVS: 0.6042471917351003
