Model: GRU
MSE: 53.763611965030954
MAE: 6.163929281563594
EVS: 0.017549638973679782
