Model: GRU
MSE: 437.0073227462139
MAE: 19.947444430712995
EVS: -0.07276420068132028
