Model: GRU
MSE: 14.896432832436263
MAE: 2.771509022548281
EVS: 0.6026352922599765
