Model: GRU
MSE: 17.583333603735262
MAE: 2.909606637273516
EVS: 0.5518869445688033
