Model: GRU
MSE: 1453.966828726299
MAE: 37.65480261835559
EVS: 0.010192308446664189
