Model: GRU
MSE: 314.7518082180546
MAE: 16.69603735825111
EVS: 0.012620662316599862
