Model: GRU
MSE: 15.685654366805062
MAE: 2.8620612456880767
EVS: 0.5761125447126973
