Model: GRU
MSE: 19.89072941038593
MAE: 3.62177195220158
EVS: 0.5893119753657055
