Model: GRU
MSE: 16.52166186204216
MAE: 3.1075390865062844
EVS: 0.560681511143102
