Model: GRU
MSE: 15.066535003243033
MAE: 2.733247888499293
EVS: 0.5877560652508258
