Model: GRU
MSE: 15.897421909046583
MAE: 3.2562297952586206
EVS: 0.6424144612106328
