Model: GRU
MSE: 42.80187593222359
MAE: 5.802921295166016
EVS: 0.0
