Model: GRU
MSE: 18.94785461104669
MAE: 3.542181816594354
EVS: 0.6170275145098244
