Model: GRU
MSE: 23.292143643198827
MAE: 4.0043611444275955
EVS: 0.5839497207934463
