Model: GRU
MSE: 13.982126355704944
MAE: 2.9119164861481766
EVS: 0.6383653493482626
