Model: GRU
MSE: 19.58290338512492
MAE: 3.4086405902073302
EVS: 0.5056087759731089
