Model: GRU
MSE: 18.08923184019886
MAE: 3.4673947548044137
EVS: 0.6170631032566609
