Model: GRU
MSE: 13.655450554156173
MAE: 2.602880436798622
EVS: 0.6274036880401112
