Model: GRU
MSE: 16.53303004778722
MAE: 3.2921702039652856
EVS: 0.6328898669351324
