Model: GRU
MSE: 16.24793607566937
MAE: 3.1066083579227843
EVS: 0.6061521901838245
