Model: GRU
MSE: 14.296700446509288
MAE: 2.976878680031875
EVS: 0.6454291306308697
