Model: GRU
MSE: 13.072934556786013
MAE: 2.673959970474243
EVS: 0.6413925564224143
