Model: GRU
MSE: 292.04285701164486
MAE: 15.943878773985238
EVS: -0.037893155927416045
