Model: GRU
MSE: 15.587656887177058
MAE: 3.114445711004323
EVS: 0.6357012181697582
