Model: GRU
MSE: 16.15645796684793
MAE: 3.15524213478483
EVS: 0.6022099749006313
