Model: GRU
MSE: 17.659021169831366
MAE: 3.463583901010711
EVS: 0.6113523827391913
