Model: GRU
MSE: 55.51265713809932
MAE: 6.2533771087383405
EVS: -0.008879441838867796
