Model: GRU
MSE: 16.798886705892045
MAE: 3.175538252139914
EVS: 0.5978698109320537
