Model: GRU
MSE: 16.246815997608667
MAE: 3.2544290279519967
EVS: 0.613663056380003
