Model: GRU
MSE: 1596.6416695893517
MAE: 39.599912084382154
EVS: 0.21850936358257878
