Model: GRU
MSE: 13.608779050222662
MAE: 2.724532826193448
EVS: 0.6268112171786161
