Model: GRU
MSE: 13.021875643556815
MAE: 2.7804082508744865
EVS: 0.6472649657622948
