Model: GRU
MSE: 15.819760743151814
MAE: 3.0776646383877457
EVS: 0.6233468132217252
