Model: GRU
MSE: 13.856355800728517
MAE: 2.765903555113694
EVS: 0.6331683352037747
