Model: GRU
MSE: 14.808857249397338
MAE: 2.886659737291007
EVS: 0.6222173222163355
