Model: GRU
MSE: 279.9724949236173
MAE: 15.582425339468594
EVS: -0.019374828912753106
