Model: GRU
MSE: 18.078969988616645
MAE: 3.5989686949499724
EVS: 0.6478129667560132
