Model: GRU
MSE: 13.991070124950859
MAE: 2.8600107143665183
EVS: 0.6170693930346416
