Model: GRU
MSE: 16.207794117269472
MAE: 3.286169907142376
EVS: 0.6105302166099893
