Model: GRU
MSE: 13.725183003742732
MAE: 2.636922996619652
EVS: 0.6279626285450715
