Model: GRU
MSE: 20.986881505611237
MAE: 3.654521785933396
EVS: 0.5485132749741681
