Model: GRU
MSE: 13.983471359086295
MAE: 2.929134804626991
EVS: 0.6204946000668272
