Model: GRU
MSE: 17.317965468882996
MAE: 3.4358163866503486
EVS: 0.6269942503626502
