Model: GRU
MSE: 14.468171956384754
MAE: 3.0170151694067595
EVS: 0.607245788959909
