Model: GRU
MSE: 14.065501358670492
MAE: 2.679045504537122
EVS: 0.6193483865593776
