Model: GRU
MSE: 25.387503934778834
MAE: 4.322827544705621
EVS: 0.586136591966681
