Model: GRU
MSE: 16.762702938984724
MAE: 3.163015423149898
EVS: 0.598849399360396
