Model: GRU
MSE: 15.502309371823747
MAE: 2.7474954210478684
EVS: 0.586767359159736
