Model: GRU
MSE: 17.442368609714585
MAE: 3.3541142282814813
EVS: 0.6184877032050906
