Model: GRU
MSE: 20.326983238483948
MAE: 3.3616092886243547
EVS: 0.4905701967666978
