Model: GRU
MSE: 18.528369252286524
MAE: 3.2233334574206123
EVS: 0.6063138651072537
