Model: GRU
MSE: 14.649252215468879
MAE: 2.952023588377854
EVS: 0.6132390853900902
