Model: GRU
MSE: 16.405182731076525
MAE: 3.009575868475026
EVS: 0.5501610361901021
