Model: GRU
MSE: 13.449324788249731
MAE: 2.6848416616176736
EVS: 0.6406199814775961
