Model: GRU
MSE: 19.67807259306368
MAE: 3.681255924290624
EVS: 0.5901848699858065
