Model: GRU
MSE: 14.279883962108936
MAE: 2.842953998467018
EVS: 0.6160975120023211
