Model: GRU
MSE: 1473.334865026067
MAE: 37.8859512066019
EVS: -0.04211707129351794
