Model: GRU
MSE: 70.46587628794566
MAE: 7.110863299205385
EVS: 0.06112597227632077
