Model: GRU
MSE: 15.626859395698729
MAE: 2.9338551718613197
EVS: 0.609900759863528
