Model: GRU
MSE: 14.52571455560897
MAE: 3.008821701181346
EVS: 0.6174722056684684
