Model: GRU
MSE: 13.246962239622667
MAE: 2.656807340424636
EVS: 0.6369655389581794
