Model: GRU
MSE: 1555.4933519743581
MAE: 38.88009488993678
EVS: -0.20237305647383907
