Model: GRU
MSE: 16.136128091266706
MAE: 3.2225182056427
EVS: 0.6240598790011465
