Model: GRU
MSE: 47.76558242206512
MAE: 5.9193049463732486
EVS: 0.0
