Model: GRU
MSE: 13.873361371390963
MAE: 2.7557093850497543
EVS: 0.6200089948461209
