Model: GRU
MSE: 15.21570685050951
MAE: 3.061676600883747
EVS: 0.6193603876365715
