Model: GRU
MSE: 288.4462496212782
MAE: 15.85735441487411
EVS: -0.014712683467837717
