Model: GRU
MSE: 18.859945783765315
MAE: 3.581515139546888
EVS: 0.6112399462567033
