Model: GRU
MSE: 14.4061226543358
MAE: 2.613469436250884
EVS: 0.6227552520864189
