Model: GRU
MSE: 18.630720091227296
MAE: 3.3383050622611212
EVS: 0.5463246991420623
