Model: GRU
MSE: 15.209594434941923
MAE: 2.9650025367736816
EVS: 0.6000063689087989
