Model: GRU
MSE: 287.60407303589193
MAE: 15.82853328359538
EVS: -0.016661608486213675
