Model: GRU
MSE: 13.691960353119667
MAE: 2.544128487850058
EVS: 0.6251712043946329
