Model: GRU
MSE: 14.91861708653978
MAE: 3.078143054041369
EVS: 0.618101420315501
