Model: GRU
MSE: 14.497714219730229
MAE: 2.709154720964103
EVS: 0.6050504987927343
