Model: GRU
MSE: 14.91188977894957
MAE: 2.7410129185380607
EVS: 0.5949287648790931
