Model: GRU
MSE: 12.98794360444905
MAE: 2.7309609774885506
EVS: 0.655208339010489
