Model: GRU
MSE: 14.88398907931983
MAE: 2.996378783521981
EVS: 0.6140842638384569
