Model: GRU
MSE: 18.94995938568791
MAE: 3.6079904539831755
EVS: 0.5965111856171752
