Model: GRU
MSE: 15.547985832179974
MAE: 3.1072827700910897
EVS: 0.6043206506858692
