Model: GRU
MSE: 15.359452041602237
MAE: 2.998779165333715
EVS: 0.6320579855924502
