Model: GRU
MSE: 15.66586830318003
MAE: 2.8885801825030097
EVS: 0.5984421250279628
