Model: GRU
MSE: 17.563665396785673
MAE: 3.4002190787216713
EVS: 0.6222742601630465
