Model: GRU
MSE: 16.415317876938513
MAE: 3.1318531036376953
EVS: 0.613421198588223
