Model: GRU
MSE: 14.738572993818392
MAE: 3.010514423764985
EVS: 0.6372597362837612
