Model: GRU
MSE: 265.60590120406584
MAE: 15.135090940985187
EVS: -0.002213797039544163
