Model: GRU
MSE: 18.657524080995984
MAE: 3.3406590836388723
EVS: 0.545358198633092
