Model: GRU
MSE: 16.2619993554593
MAE: 3.0434000656522553
EVS: 0.6014700717681454
