Model: GRU
MSE: 16.701151521715214
MAE: 3.300593343274347
EVS: 0.6164704393778145
