Model: GRU
MSE: 16.313066038114997
MAE: 3.203173958022019
EVS: 0.608956812355967
