Model: GRU
MSE: 14.406063585769944
MAE: 2.684169925492385
EVS: 0.6131058853320144
