Model: GRU
MSE: 16.750727242620123
MAE: 3.0837316924128038
EVS: 0.6289206364384929
