Model: GRU
MSE: 26.122636462934267
MAE: 4.317954433375392
EVS: 0.5524450486898784
