Model: GRU
MSE: 738.3996599087054
MAE: 26.289004276538716
EVS: -0.297186239213185
