Model: GRU
MSE: 306.9533929645272
MAE: 16.40660899672015
EVS: -0.036274345897935545
