Model: GRU
MSE: 25.88177506122641
MAE: 4.298945574924864
EVS: 0.5949167753294107
