Model: GRU
MSE: 15.743894530661946
MAE: 3.1681818057750832
EVS: 0.6282308753291831
