Model: GRU
MSE: 785.5566739117255
MAE: 27.29110734216098
EVS: -0.11789890574281925
