Model: GRU
MSE: 16.992757159047816
MAE: 3.363652722588901
EVS: 0.6299621358944181
