Model: GRU
MSE: 14.191760598200705
MAE: 2.857170269407075
EVS: 0.6272237074793853
