Model: GRU
MSE: 15.577410594665428
MAE: 2.934456471739144
EVS: 0.5778946908483445
