Model: GRU
MSE: 4346.79690798099
MAE: 65.61488263360386
EVS: -0.13797754096286563
