Model: GRU
MSE: 16.67003088539592
MAE: 3.064967188341864
EVS: 0.5813063110794332
