Model: GRU
MSE: 19.39028000390313
MAE: 3.610467322941484
EVS: 0.6022775695292613
