Model: GRU
MSE: 14.138397557090613
MAE: 2.7137637302793305
EVS: 0.6126105332289631
