Model: GRU
MSE: 13.386132541272685
MAE: 2.8809010160380395
EVS: 0.6331115867509127
