Model: GRU
MSE: 19.05548416602938
MAE: 3.5769053492052802
EVS: 0.6137453821039958
