Model: GRU
MSE: 24.123642549453507
MAE: 4.1677868941734575
EVS: 0.5757784822505755
