Model: GRU
MSE: 14.506250629934646
MAE: 2.8238152799935174
EVS: 0.6046726389809247
