Model: GRU
MSE: 16.516447874995233
MAE: 3.1469650432981293
EVS: 0.6064631857991367
