Model: GRU
MSE: 14.77934082073134
MAE: 2.905942366040986
EVS: 0.6218672781601733
