Model: GRU
MSE: 288.2078319198164
MAE: 15.81336208869671
EVS: -0.04639216398668666
