Model: GRU
MSE: 36.93414045682886
MAE: 5.557714264968346
EVS: 0.007180213757937981
