Model: GRU
MSE: 12.927515147649732
MAE: 2.7521884441375732
EVS: 0.6565835564408427
