Model: GRU
MSE: 15.26090364862394
MAE: 3.013155020516494
EVS: 0.6212625483931669
