Model: GRU
MSE: 26.47139843723493
MAE: 4.465205817387022
EVS: 0.35680370337329004
