Model: GRU
MSE: 14.627999388232285
MAE: 2.7761351815585433
EVS: 0.6028561099969008
