Model: GRU
MSE: 16.683917401291787
MAE: 3.2565254342967065
EVS: 0.6118351495481403
