Model: GRU
MSE: 17.147828097673862
MAE: 3.4024845073963035
EVS: 0.601603714156782
