Model: GRU
MSE: 15.638583367998567
MAE: 3.1614072569485367
EVS: 0.6127719072672284
