Model: GRU
MSE: 15.886762195445954
MAE: 2.7912624786640037
EVS: 0.5646887685787486
