Model: GRU
MSE: 14.877298338459001
MAE: 3.013382985674102
EVS: 0.6159713331784231
