Model: GRU
MSE: 17.26373578216385
MAE: 3.4530649514033875
EVS: 0.5954553870695978
