Model: GRU
MSE: 17.274900087886195
MAE: 3.2403925533952385
EVS: 0.5728723075539561
