Model: GRU
MSE: 15.108979552927313
MAE: 2.9271394672064948
EVS: 0.6237753962526554
