Model: GRU
MSE: 13.333714825608435
MAE: 2.65829193181005
EVS: 0.6356442268118139
