Model: GRU
MSE: 14.891604544446562
MAE: 2.749049244255855
EVS: 0.5923943528426656
