Model: GRU
MSE: 13.008210735993622
MAE: 2.9179969327203157
EVS: 0.6440706585229642
