Model: GRU
MSE: 421.2582931616992
MAE: 19.536824801872516
EVS: -0.08549212019174979
