Model: GRU
MSE: 21.668757522334765
MAE: 3.897845827299973
EVS: 0.5946251081053353
