Model: GRU
MSE: 15.843033610734876
MAE: 2.998296359489704
EVS: 0.615279741263212
