Model: GRU
MSE: 15.577061097928754
MAE: 3.1312881749251793
EVS: 0.6348395604097153
