Model: GRU
MSE: 384.45323950680324
MAE: 18.597008294072644
EVS: -0.05898633362561512
