Model: GRU
MSE: 269.64223580711825
MAE: 15.27918208262016
EVS: 0.007280102647615472
