Model: GRU
MSE: 4851.59010255124
MAE: 69.39034994717302
EVS: -0.0031605556542821933
