Model: GRU
MSE: 13.915402505352537
MAE: 2.69311156766168
EVS: 0.619381394726108
