Model: GRU
MSE: 13.55101543043239
MAE: 2.7323957722762535
EVS: 0.6282786512553182
