Model: GRU
MSE: 16.633619276787535
MAE: 3.075626093765785
EVS: 0.5948878629949208
