Model: GRU
MSE: 15.088182603024178
MAE: 2.968818417910872
EVS: 0.6230941493965195
