Model: GRU
MSE: 16.183519236952492
MAE: 3.2266315632853013
EVS: 0.6315078829338547
