Model: GRU
MSE: 35.75530689637777
MAE: 5.454764004411368
EVS: 0.055770158489322874
