Model: GRU
MSE: 14.839717910902355
MAE: 3.0255938151787065
EVS: 0.6132522041754318
