Model: GRU
MSE: 1051.83594625768
MAE: 31.77962826038229
EVS: -0.14914466831320494
