Model: GRU
MSE: 422.4256974723003
MAE: 19.64054795791363
EVS: -0.00604462838244757
