Model: GRU
MSE: 16.719649928935425
MAE: 3.2819711915377914
EVS: 0.5418270906334897
