Model: GRU
MSE: 25.74472294801501
MAE: 4.33671156291304
EVS: 0.550670843646156
