Model: GRU
MSE: 16.91337270726727
MAE: 3.38310012324103
EVS: 0.6067676166215439
