Model: GRU
MSE: 15.69131574592649
MAE: 3.103464069037602
EVS: 0.6003780570265321
