Model: GRU
MSE: 13.333285615975973
MAE: 2.627769207132274
EVS: 0.6350594074760129
