Model: GRU
MSE: 19.402737686341247
MAE: 3.577447981669985
EVS: 0.5783375020955465
