Model: GRU
MSE: 15.902936070913423
MAE: 3.0407252065066634
EVS: 0.6298348902812874
