Model: GRU
MSE: 15.768942860735326
MAE: 3.1256062984466553
EVS: 0.6006363426518142
