Model: GRU
MSE: 14.233707381116021
MAE: 2.956509861452826
EVS: 0.6150765033056336
