Model: GRU
MSE: 14.161284102986539
MAE: 2.651634068324648
EVS: 0.6115641604571693
