Model: GRU
MSE: 15.384627988957556
MAE: 3.0387490371177934
EVS: 0.6092984677108799
