Model: GRU
MSE: 15.37209908413257
MAE: 3.1558342144407074
EVS: 0.5975384913525291
