Model: GRU
MSE: 15.300350022411044
MAE: 2.912266205097067
EVS: 0.5923534448514609
