Model: GRU
MSE: 18.517546597349067
MAE: 3.586690335438169
EVS: 0.5894779407358953
