Model: GRU
MSE: 18.542388142262226
MAE: 3.5991586981148553
EVS: 0.6107226971477735
