Model: GRU
MSE: 17.61242354024924
MAE: 3.3377406432710846
EVS: 0.5818080929767417
