Model: GRU
MSE: 14.398898750220708
MAE: 2.9036385273111276
EVS: 0.6282239347837408
