Model: GRU
MSE: 14.820834883076412
MAE: 2.9175599607928047
EVS: 0.6245925277886346
