Model: GRU
MSE: 16.05952984888317
MAE: 2.9796428022713495
EVS: 0.6078279310432784
