Model: GRU
MSE: 13.412418434855827
MAE: 2.89545359282658
EVS: 0.6369422703284542
