Model: GRU
MSE: 1617.7626536877951
MAE: 39.756379028846474
EVS: -0.02026539077223677
