Model: GRU
MSE: 17.244156341205727
MAE: 3.1962826663050157
EVS: 0.5942190873024249
