Model: GRU
MSE: 15.162043994176688
MAE: 2.95202008609114
EVS: 0.59551668863874
