Model: GRU
MSE: 4512.999684727908
MAE: 66.73162203821643
EVS: -0.6428908083099545
