Model: GRU
MSE: 18.218539125427725
MAE: 3.533996557367259
EVS: 0.6179714912873875
