Model: GRU
MSE: 17.247963839686996
MAE: 3.1748561776917557
EVS: 0.5761871912967316
