Model: GRU
MSE: 13.509512925903683
MAE: 2.7558279284115494
EVS: 0.6370909063799254
