Model: GRU
MSE: 13.673168482887526
MAE: 2.905983826209759
EVS: 0.6351197403481518
