Model: GRU
MSE: 13.677042241201207
MAE: 2.6671102622459673
EVS: 0.6253475534019999
