Model: GRU
MSE: 1213.6904833737615
MAE: 34.08217561656031
EVS: -0.4290742457370471
