Model: GRU
MSE: 712.4612309837275
MAE: 26.04521943782938
EVS: 0.06436691475586998
