Model: GRU
MSE: 14.525935219407113
MAE: 2.6926021082647917
EVS: 0.6062591599222353
