Model: GRU
MSE: 15.495204135403927
MAE: 3.225771114743989
EVS: 0.6108396274982901
