Model: GRU
MSE: 17.216679278461896
MAE: 3.2040718917188973
EVS: 0.5910879085619516
