Model: GRU
MSE: 18.194969853564874
MAE: 3.5708532168947418
EVS: 0.589025811999121
