Model: GRU
MSE: 19.46218553399433
MAE: 3.6792113616548736
EVS: 0.6102750035219623
