Model: GRU
MSE: 299.574888655564
MAE: 16.26273339164668
EVS: 0.03719267163460238
