Model: GRU
MSE: 16.554799016341118
MAE: 3.02965339298906
EVS: 0.5902884186676738
