Model: GRU
MSE: 14.583143006944098
MAE: 3.075917959213257
EVS: 0.6047612951458929
