Model: GRU
MSE: 15.092325900171467
MAE: 2.906200384271556
EVS: 0.6008364043198375
