Model: GRU
MSE: 42.317941270158464
MAE: 5.789411873653017
EVS: 0.0
