Model: GRU
MSE: 19.040619268285308
MAE: 3.5472874805845063
EVS: 0.5985595588996668
