Model: GRU
MSE: 22.164974421819775
MAE: 3.9927312587869577
EVS: 0.5675555636497807
