Model: GRU
MSE: 16.68328668284102
MAE: 2.9369218924949907
EVS: 0.5773236903692924
