Model: GRU
MSE: 14.551590086139218
MAE: 2.831110954284668
EVS: 0.6010588072873528
