Model: GRU
MSE: 15.630164495043891
MAE: 3.1980241824840676
EVS: 0.6248490865650247
