Model: GRU
MSE: 14.800192502796712
MAE: 2.8382622949008285
EVS: 0.5945562458312523
