Model: GRU
MSE: 15.628680457115212
MAE: 3.1923570797361176
EVS: 0.5934634396907098
