Model: GRU
MSE: 14.049818325400024
MAE: 2.9361755436864394
EVS: 0.6350192439597253
