Model: GRU
MSE: 13.943473229042239
MAE: 2.7752257379992256
EVS: 0.617615206896236
