Model: GRU
MSE: 13.878027126822648
MAE: 2.735237688853823
EVS: 0.6203690445240513
