Model: GRU
MSE: 13.117753032802401
MAE: 2.6453601902928847
EVS: 0.6417416697357289
