Model: GRU
MSE: 14.842718756131932
MAE: 2.7188859561394
EVS: 0.6131706408613518
