Model: GRU
MSE: 19.055832528857817
MAE: 3.693669056070262
EVS: 0.6103050705286724
