Model: GRU
MSE: 14.744943978421581
MAE: 2.8919548659489074
EVS: 0.6021151789089358
