Model: GRU
MSE: 2265.261733974867
MAE: 47.20875483545764
EVS: -0.00386730783805711
