Model: GRU
MSE: 15.789171955734968
MAE: 3.1616074052350274
EVS: 0.5994119672028446
