Model: GRU
MSE: 20.9620166220619
MAE: 3.6777505261557444
EVS: 0.5142578356044187
