Model: GRU
MSE: 13.574386550550336
MAE: 2.6773598934042044
EVS: 0.6309396858108122
