Model: GRU
MSE: 37.06963790725102
MAE: 5.5417008564389985
EVS: -0.000285365307951313
