Model: GRU
MSE: 14.009875770531808
MAE: 2.8937844325756203
EVS: 0.6262200289400366
