Model: GRU
MSE: 15.645612020429436
MAE: 3.1142283472521552
EVS: 0.6059749126530537
