Model: GRU
MSE: 15.817579372021727
MAE: 3.210346189038507
EVS: 0.593419862599787
