Model: GRU
MSE: 20.871159839462955
MAE: 3.8247505549726815
EVS: 0.6117441188248359
