Model: GRU
MSE: 16.36251536691626
MAE: 3.4359041986794305
EVS: 0.5955909687424707
