Model: GRU
MSE: 15.241893846489818
MAE: 2.965864691241034
EVS: 0.5925787886874828
