Model: GRU
MSE: 15.863629250384493
MAE: 2.950520836073777
EVS: 0.6453205995548503
