Model: GRU
MSE: 15.359229356630028
MAE: 3.0365515577382056
EVS: 0.6038289941156352
