Model: GRU
MSE: 2350.3435294617043
MAE: 48.01963871922986
EVS: -0.21955223058470175
