Model: GRU
MSE: 4783.299480235708
MAE: 68.87420851608803
EVS: -0.0874702640991607
