Model: GRU
MSE: 17.382822510196746
MAE: 3.045348257854067
EVS: 0.5657342505314549
