Model: GRU
MSE: 19.20535935851668
MAE: 3.693790312471061
EVS: 0.616969634850876
