Model: GRU
MSE: 16.213185028052177
MAE: 3.244308981402167
EVS: 0.6189095808667981
