Model: GRU
MSE: 13.622235019285771
MAE: 2.62772798538208
EVS: 0.628248309402883
