Model: GRU
MSE: 13.567498730507145
MAE: 2.862524920496447
EVS: 0.6319102827396389
