Model: GRU
MSE: 13.661572696555485
MAE: 2.7381273302538642
EVS: 0.6273554477505374
