Model: GRU
MSE: 13.676965793958415
MAE: 2.665321510413597
EVS: 0.6280192883314587
