Model: GRU
MSE: 14.73915579013755
MAE: 2.9271977235530984
EVS: 0.6297317484752049
