Model: GRU
MSE: 4627.207548249647
MAE: 67.73113395427835
EVS: -0.08906568973859286
