Model: GRU
MSE: 13.503281054135241
MAE: 2.8010463550173004
EVS: 0.6401781078159059
