Model: GRU
MSE: 13.140317910379684
MAE: 2.620690649953382
EVS: 0.6411615369717851
