Model: GRU
MSE: 16.4865687968379
MAE: 3.2747695692654313
EVS: 0.6291047413182982
