Model: GRU
MSE: 2438.0308018936244
MAE: 48.94834945941793
EVS: -0.15459570241517828
