Model: GRU
MSE: 68.15654325397846
MAE: 6.902185522276779
EVS: 0.09609049023965532
