Model: GRU
MSE: 17.180131660976848
MAE: 3.3594892600487016
EVS: 0.5969804183533844
