Model: GRU
MSE: 14.073252250737912
MAE: 2.6892005657327585
EVS: 0.6184064643831214
