Model: GRU
MSE: 14.207243232697328
MAE: 2.7225306362941346
EVS: 0.6111836074429856
