Model: GRU
MSE: 14.680949212281435
MAE: 2.964179811806514
EVS: 0.6037039784006839
