Model: GRU
MSE: 14.639561782357259
MAE: 3.0152475258399702
EVS: 0.599986696230099
