Model: GRU
MSE: 19.644279265708445
MAE: 3.6990358665071685
EVS: 0.6078373428285333
