Model: GRU
MSE: 16.953006009715402
MAE: 3.1857745729643723
EVS: 0.5808479399586755
