Model: GRU
MSE: 23.36417008961209
MAE: 4.072103631907496
EVS: 0.5673568247293621
