Model: GRU
MSE: 17.04703780337911
MAE: 3.2158373799817315
EVS: 0.5884627270894339
