Model: GRU
MSE: 15.600784861117466
MAE: 3.212075718517961
EVS: 0.5721544779265828
