Model: GRU
MSE: 14.76876365854839
MAE: 2.9398803628724197
EVS: 0.6015112602089334
