Model: GRU
MSE: 16.159785730776633
MAE: 3.062523907628553
EVS: 0.5973230101578257
