Model: GRU
MSE: 13.782148611202352
MAE: 2.7260715879242996
EVS: 0.6400092750960512
