Model: GRU
MSE: 271.35247671353846
MAE: 15.337113331104147
EVS: 0.00901925133396242
