Model: GRU
MSE: 17.743598612501895
MAE: 3.4921522058289627
EVS: 0.5805050786492445
