Model: GRU
MSE: 16.719728720880614
MAE: 3.284971097420002
EVS: 0.6033523487722761
