Model: GRU
MSE: 23.945263994816933
MAE: 4.1194743041334485
EVS: 0.6119356519260171
