Model: GRU
MSE: 13.784342646306001
MAE: 2.688426239737149
EVS: 0.6241850658683801
