Model: GRU
MSE: 18.97433622286072
MAE: 3.672820362551459
EVS: 0.5737502845187534
