Model: GRU
MSE: 22.334168887834537
MAE: 3.694193091885797
EVS: 0.4301686853562837
