Model: GRU
MSE: 15.540736475280886
MAE: 2.887863150958357
EVS: 0.633079678174629
