Model: GRU
MSE: 14.489407005822166
MAE: 2.7778683037593446
EVS: 0.6086637177283836
