Model: GRU
MSE: 13.83138415606198
MAE: 2.7072892600092393
EVS: 0.6308997394565969
