Model: GRU
MSE: 16.38025976301317
MAE: 3.0761925105390877
EVS: 0.5563062908090227
