Model: GRU
MSE: 20.96171603237034
MAE: 3.759200457868905
EVS: 0.5467629371031545
