Model: GRU
MSE: 16.816583724014595
MAE: 3.2960540261761895
EVS: 0.6187242007213123
