Model: GRU
MSE: 15.970187742812644
MAE: 2.8045183461287926
EVS: 0.5630809108434206
