Model: GRU
MSE: 14.93890772543494
MAE: 2.8602809412726042
EVS: 0.5967299702563224
