Model: GRU
MSE: 15.299264954058442
MAE: 2.696200757191099
EVS: 0.583579951808062
