Model: GRU
MSE: 15.218180136559294
MAE: 3.000271797180176
EVS: 0.6113270953943117
