Model: GRU
MSE: 15.189457830821077
MAE: 2.969840177174272
EVS: 0.5976210019200678
