Model: GRU
MSE: 25.26536869057807
MAE: 4.223316673574777
EVS: 0.6015935953016817
