Model: GRU
MSE: 1707.5432554130234
MAE: 40.7105649421955
EVS: -0.37688190546538336
