Model: GRU
MSE: 314.85243331608433
MAE: 16.59370151059381
EVS: -0.08359202941973565
