Model: GRU
MSE: 307.57990712185546
MAE: 16.43592411896278
EVS: -0.027049934980171164
