Model: GRU
MSE: 16.834484298273267
MAE: 2.7512759586860396
EVS: 0.5416187463298571
