Model: GRU
MSE: 22.11530933672259
MAE: 4.046810174810475
EVS: 0.39349978995733237
