Model: GRU
MSE: 15.035024626466017
MAE: 2.910951926790435
EVS: 0.5876249017683686
