Model: GRU
MSE: 1054.0466282447103
MAE: 31.67779404776437
EVS: -0.3003981719814903
