Model: GRU
MSE: 14.544916804539097
MAE: 2.793363875356214
EVS: 0.607100135407297
