Model: GRU
MSE: 15.908787600739323
MAE: 3.2342399482069344
EVS: 0.6336376365685128
