Model: GRU
MSE: 16.099770930904153
MAE: 3.1376733368840712
EVS: 0.6209311965790351
