Model: GRU
MSE: 22.561175469407893
MAE: 3.983025707047561
EVS: 0.5933269308245686
