Model: GRU
MSE: 1516.0064103401246
MAE: 38.41884405859585
EVS: -0.09723456606214276
