Model: GRU
MSE: 16.428454415366176
MAE: 2.9836231264574775
EVS: 0.5671238350256873
