Model: GRU
MSE: 13.757744803842645
MAE: 2.850684408483834
EVS: 0.6375760153299246
