Model: GRU
MSE: 14.009850738677896
MAE: 2.8017496980469803
EVS: 0.6162490027019745
