Model: GRU
MSE: 14.130005897175458
MAE: 2.709380338931906
EVS: 0.6185944866635005
