Model: GRU
MSE: 15.138309745542964
MAE: 3.0312292082556365
EVS: 0.6066527917733499
