Model: GRU
MSE: 18.683457092808077
MAE: 3.5666710179427574
EVS: 0.5750965897599206
