Model: GRU
MSE: 25.641887263430412
MAE: 4.328529004392953
EVS: 0.5827353702328988
