Model: GRU
MSE: 286.9760799719216
MAE: 15.79900965197333
EVS: -0.025049302777736537
