Model: GRU
MSE: 15.26435800020805
MAE: 2.9230911813933274
EVS: 0.5858954793884591
