Model: GRU
MSE: 14.470094922304263
MAE: 2.993403566294703
EVS: 0.611734251744888
