Model: GRU
MSE: 17.244167035474753
MAE: 3.148155426156932
EVS: 0.5858924625433073
