Model: GRU
MSE: 21.160405344383594
MAE: 3.85229780756194
EVS: 0.5551881392842255
