Model: GRU
MSE: 14.505286076697264
MAE: 2.688123949642839
EVS: 0.605757247104568
