Model: GRU
MSE: 268.54500144555533
MAE: 15.22226483143609
EVS: -0.010243907837358401
