Model: GRU
MSE: 14.104672182366949
MAE: 2.741329004024637
EVS: 0.6148665942863094
