Model: GRU
MSE: 16.731353351148936
MAE: 3.2278913465039483
EVS: 0.5570043141063807
