Model: GRU
MSE: 3109.3067957392327
MAE: 55.42529053523623
EVS: -0.02440715039756025
