Model: GRU
MSE: 15.349005441811824
MAE: 2.7958864014724205
EVS: 0.5919789946816619
