Model: GRU
MSE: 16.969619044968898
MAE: 3.3717538077255775
EVS: 0.6191626979452252
