Model: GRU
MSE: 20.99710601575103
MAE: 3.4316145469402444
EVS: 0.5785538959472678
