Model: GRU
MSE: 13.853330644194035
MAE: 2.759918138898652
EVS: 0.6202986195854553
