Model: GRU
MSE: 17.76526752194837
MAE: 3.4564121509420462
EVS: 0.6011349550513091
