Model: GRU
MSE: 14.98993307332548
MAE: 2.833661905650435
EVS: 0.6030527220128195
