Model: GRU
MSE: 15.525463578405791
MAE: 3.0198468915347396
EVS: 0.6173647561821706
