Model: GRU
MSE: 19.853813059985832
MAE: 3.76091062611547
EVS: 0.6363557327002938
