Model: GRU
MSE: 16.29787488451835
MAE: 3.1332467095605256
EVS: 0.5969219690147509
