Model: GRU
MSE: 17.734791622821096
MAE: 3.4057441579884498
EVS: 0.613622649529562
