Model: GRU
MSE: 18.21371263974326
MAE: 3.560062527656555
EVS: 0.6184664502943311
