Model: GRU
MSE: 14.417946415350892
MAE: 3.0186300442136567
EVS: 0.6576318547416214
