Model: GRU
MSE: 13.48110040615392
MAE: 2.6031562870946425
EVS: 0.6302246400161721
