Model: GRU
MSE: 18.069513349541733
MAE: 3.570045467080741
EVS: 0.6061278654707967
