Model: GRU
MSE: 15.1204213939983
MAE: 2.865974319392237
EVS: 0.5873817292275524
