Model: GRU
MSE: 15.07894860540839
MAE: 2.951213294062121
EVS: 0.6176434826572166
