Model: GRU
MSE: 18.388943271578327
MAE: 3.37627414999337
EVS: 0.5381949533341258
