Model: GRU
MSE: 14.66130801311779
MAE: 2.9862184935602647
EVS: 0.6140927559836173
