Model: GRU
MSE: 4656.405932468869
MAE: 67.97280140580803
EVS: 0.00960162194222125
