Model: GRU
MSE: 15.193269324241864
MAE: 2.7973514507556785
EVS: 0.6007261357801812
