Model: GRU
MSE: 15.61151049953886
MAE: 3.0124269189505744
EVS: 0.5717528070372433
