Model: GRU
MSE: 17.25274005357387
MAE: 3.3323271356779953
EVS: 0.6093312570502355
