Model: GRU
MSE: 15.020515965584623
MAE: 2.9101490481146453
EVS: 0.5946835018754317
