Model: GRU
MSE: 15.193851855640661
MAE: 2.8548063903019347
EVS: 0.6059603169410404
