Model: GRU
MSE: 23.086074487546473
MAE: 4.092902413729964
EVS: 0.5996662198744409
