Model: GRU
MSE: 15.850981950084279
MAE: 3.0142584093685807
EVS: 0.5830746759808931
