Model: GRU
MSE: 15.786538704505126
MAE: 3.0500367920974205
EVS: 0.6061757623273056
