Model: GRU
MSE: 16.703705864605187
MAE: 3.242046331537181
EVS: 0.5831962549900528
