Model: GRU
MSE: 15.288001100620578
MAE: 3.017575428403657
EVS: 0.5945953990586639
