Model: GRU
MSE: 16.34927937066287
MAE: 3.293655913451622
EVS: 0.6214745528988642
