Model: GRU
MSE: 910.5825394600914
MAE: 29.60532365996262
EVS: 0.06437857239330846
