Model: GRU
MSE: 17.54469089162223
MAE: 3.0611517141605247
EVS: 0.5369612978221052
