Model: GRU
MSE: 15.022796133002116
MAE: 2.757537134762468
EVS: 0.5900968508658031
