Model: GRU
MSE: 23.548604220311287
MAE: 4.088596631740701
EVS: 0.5739247309892093
