Model: GRU
MSE: 14.800951023554324
MAE: 2.968097785423542
EVS: 0.637102536623903
