Model: GRU
MSE: 15.04226300148857
MAE: 3.042345852687441
EVS: 0.5969379828443258
