Model: GRU
MSE: 17.65154580065595
MAE: 3.4848220348358154
EVS: 0.6190258457963411
