Model: GRU
MSE: 19.779917521485892
MAE: 3.7835473603215712
EVS: 0.6121808555177809
