Model: GRU
MSE: 42.42278962768291
MAE: 5.793336539432921
EVS: -0.0029717290256656703
