Model: GRU
MSE: 2447.9778343038433
MAE: 49.0634765625
EVS: -0.11792545834641155
