Model: GRU
MSE: 279.65691398914635
MAE: 15.510166856749304
EVS: -0.07234873809824505
