Model: GRU
MSE: 15.498240341570773
MAE: 2.946676180280488
EVS: 0.6013352202389678
