Model: GRU
MSE: 16.608359346949285
MAE: 3.2102662037158836
EVS: 0.607888511191342
