Model: GRU
MSE: 14.779929039118821
MAE: 2.6948050383863777
EVS: 0.5947373245187215
