Model: GRU
MSE: 1150.12010474115
MAE: 33.22852184032572
EVS: -0.261457235354285
