Model: GRU
MSE: 15.73787591341408
MAE: 2.697708927351853
EVS: 0.5759130443478455
