Model: GRU
MSE: 16.568225976913034
MAE: 3.3435830741093078
EVS: 0.636770900879251
