Model: GRU
MSE: 13.826296915005612
MAE: 2.857368855640806
EVS: 0.6537069777135
