Model: GRU
MSE: 15.568618422326852
MAE: 3.114952695780787
EVS: 0.6035595441781192
