Model: GRU
MSE: 16.402935810518787
MAE: 3.1576781355101486
EVS: 0.5945303633162125
