Model: GRU
MSE: 21.79657551893355
MAE: 3.901473513964949
EVS: 0.5735379494965933
