Model: GRU
MSE: 15.149163330116679
MAE: 2.83879671425655
EVS: 0.6069001263037834
