Model: GRU
MSE: 37.23675179077405
MAE: 5.5774250688224
EVS: 0.0
