Model: GRU
MSE: 23.11860795560465
MAE: 3.9409262394082956
EVS: 0.3809623197839216
