Model: GRU
MSE: 12.896762284022206
MAE: 2.596496450489965
EVS: 0.653548488546821
