Model: GRU
MSE: 14.958188496621492
MAE: 3.1187019183717926
EVS: 0.6021155457925802
