Model: GRU
MSE: 17.317388414629605
MAE: 3.2133925454369905
EVS: 0.5812683231154967
