Model: GRU
MSE: 1584.639024406991
MAE: 39.014012764240135
EVS: -0.7157363520433735
