Model: GRU
MSE: 15.972932188526729
MAE: 2.887325977456981
EVS: 0.5859742186566297
