Model: GRU
MSE: 14.026114114803736
MAE: 2.798946709468447
EVS: 0.6281427258231732
