Model: GRU
MSE: 30.14622150505503
MAE: 4.732070281587798
EVS: 0.5800961118051277
