Model: GRU
MSE: 261.78050080982433
MAE: 14.977562263094146
EVS: -0.027401718312788814
