Model: GRU
MSE: 14.56428067976427
MAE: 2.734969081549809
EVS: 0.6115353170393845
