Model: GRU
MSE: 271.42385901391737
MAE: 15.308582310018869
EVS: -0.016923842734648753
