Model: GRU
MSE: 14.20254699877205
MAE: 2.8851283665361076
EVS: 0.6158547630759892
