Model: GRU
MSE: 15.047834635895645
MAE: 2.971157115081261
EVS: 0.6174557046350757
