Model: GRU
MSE: 13.592707565248254
MAE: 2.6660585239015777
EVS: 0.6273930314810015
