Model: GRU
MSE: 14.696496037369723
MAE: 2.946338119177983
EVS: 0.6455075355773316
