Model: GRU
MSE: 14.724261989582205
MAE: 3.023975265437159
EVS: 0.6336805450676332
