Model: GRU
MSE: 16.88528279594816
MAE: 3.3013154884864546
EVS: 0.6370779468140996
