Model: GRU
MSE: 38.86811477546749
MAE: 5.554158375181001
EVS: 0.046359509202897
