Model: GRU
MSE: 260.713564762392
MAE: 14.962135841106546
EVS: -0.010803540901392239
