Model: GRU
MSE: 26.81390418611034
MAE: 4.4041946838641985
EVS: 0.593364398134216
