Model: GRU
MSE: 24.32562274306675
MAE: 4.085413965685614
EVS: 0.5679104392146248
