Model: GRU
MSE: 27.807683735781815
MAE: 4.00392937256118
EVS: 0.44090736515954143
