Model: GRU
MSE: 92.43560066986629
MAE: 9.61434268951416
EVS: 0.0
