Model: GRU
MSE: 7.708984897275933
MAE: 2.288436382157462
EVS: 0.7804337899921443
