Model: GRU
MSE: 12.69540099988914
MAE: 2.6277507742245994
EVS: 0.7039633102872411
