Model: GRU
MSE: 18.2857381023524
MAE: 2.816286641724256
EVS: 0.4924498953599499
