Model: GRU
MSE: 7.263986943176439
MAE: 2.1817841938563753
EVS: 0.7883848370765153
