Model: GRU
MSE: 7.978206665193521
MAE: 2.2701179598058974
EVS: 0.7916703122839059
