Model: GRU
MSE: 7.308878024377845
MAE: 2.1487046888896395
EVS: 0.78908198028139
