Model: GRU
MSE: 69.11806633088052
MAE: 6.823731247584025
EVS: 0.11374262889332165
