Model: GRU
MSE: 205.49894809471533
MAE: 12.688838982582093
EVS: -0.09210391185126166
