Model: GRU
MSE: 12.09437033608983
MAE: 2.839203242597909
EVS: 0.027434194707577464
