Model: GRU
MSE: 15.508134978145545
MAE: 2.907104504351713
EVS: 0.5423280970171729
