Model: GRU
MSE: 16.794255786068618
MAE: 2.990833343291769
EVS: 0.5043778908718022
