Model: GRU
MSE: 8.003135951313942
MAE: 2.176242273194449
EVS: 0.7697618297667387
