Model: GRU
MSE: 11742.735866178758
MAE: 108.03505955910197
EVS: -1.102212401549759
