Model: GRU
MSE: 7.004276311528176
MAE: 1.968975911821638
EVS: 0.7875120076945189
