Model: GRU
MSE: 7.3171068723743975
MAE: 2.09425938470023
EVS: 0.7875478544543704
