Model: GRU
MSE: 6.94349327495378
MAE: 1.9834221737725395
EVS: 0.7953885928613836
