Model: GRU
MSE: 7.957504348576765
MAE: 2.205251976421901
EVS: 0.789551182783894
