Model: GRU
MSE: 10.52898218075205
MAE: 2.764534790175302
EVS: 0.7920589870421357
