Model: GRU
MSE: 16.414379008538585
MAE: 3.2219643592834473
EVS: -1.2360054209968183
