Model: GRU
MSE: 7.415854439526905
MAE: 2.14660656111581
EVS: 0.7780741777048414
