Model: GRU
MSE: 16.223298835782167
MAE: 3.028974787133639
EVS: 0.6803215567142333
