Model: GRU
MSE: 8.110548681571267
MAE: 2.2524237189974103
EVS: 0.7884258341667497
