Model: GRU
MSE: 14.024072477374547
MAE: 3.1190225009260506
EVS: -0.1292413054552055
