Model: GRU
MSE: 7.346861318272606
MAE: 2.1261517150061473
EVS: 0.8063847822782838
