Model: GRU
MSE: 39829.90049773501
MAE: 199.54422760009766
EVS: 0.001589250708873724
