Model: GRU
MSE: 17.64751882795295
MAE: 2.7464102307955423
EVS: 0.5391225098653174
