Model: GRU
MSE: 15.174645704243751
MAE: 2.7556274375137018
EVS: 0.5629980299159087
