Model: GRU
MSE: 22.107200668974976
MAE: 4.091210174560547
EVS: 0.4641326225935455
