Model: GRU
MSE: 6.422599872407404
MAE: 1.9114311831338064
EVS: 0.806177885466276
