Model: GRU
MSE: 17.21800908144562
MAE: 3.0148518368349237
EVS: 0.6490323754433569
