Model: GRU
MSE: 8.003136532986925
MAE: 2.176242358343942
EVS: 0.7697618154898225
