Model: GRU
MSE: 16.091847422430696
MAE: 3.0228734413782754
EVS: 0.655714515396514
