Model: GRU
MSE: 7.07039608245757
MAE: 2.0914441994258337
EVS: 0.7858895845861925
