Model: GRU
MSE: 11.07588202519489
MAE: 2.5756103226116727
EVS: 0.7077608074120743
