Model: GRU
MSE: 22.544704409967835
MAE: 3.7935029795912447
EVS: 0.595485524843524
