Model: GRU
MSE: 11479.428475196974
MAE: 106.80456240423794
EVS: -1.2880920025640759
