Model: GRU
MSE: 3.147367733383093
MAE: 1.4965764692141896
EVS: 0.9436347918436119
