Model: GRU
MSE: 8.18448125575757
MAE: 2.087457155187925
EVS: 0.7348353471243653
