Model: GRU
MSE: 41180.8243131449
MAE: 202.77444316960182
EVS: -0.6843389825430761
