Model: GRU
MSE: 6.592569077436588
MAE: 2.0244260744801883
EVS: 0.8536997757873872
