Model: GRU
MSE: 6.719916586852872
MAE: 1.9403740817102892
EVS: 0.7882699549982609
