Model: GRU
MSE: 8.431091916038353
MAE: 2.0622513844708728
EVS: 0.7304155422542975
