Model: GRU
MSE: 256.5674852174828
MAE: 15.031697500247164
EVS: -0.0032093848636596256
