Model: GRU
MSE: 9.847226979744592
MAE: 2.384637645835983
EVS: 0.7106529118977083
