Model: GRU
MSE: 10.330310585469899
MAE: 2.400002223047717
EVS: 0.7253513491975943
