Model: GRU
MSE: 8.48299320811775
MAE: 2.1276844906884604
EVS: 0.7485211951139736
