Model: GRU
MSE: 12.889791621282118
MAE: 2.70779558435663
EVS: 0.6296967496556795
