Model: GRU
MSE: 32.17392902805312
MAE: 4.391667630262436
EVS: 0.17967745146384662
