Model: GRU
MSE: 8.789153006081529
MAE: 2.1501318954652358
EVS: 0.721502043500476
