Model: GRU
MSE: 7.115517756963996
MAE: 2.026774470559482
EVS: 0.7916917612591183
