Model: GRU
MSE: 1.0735847641500345
MAE: 0.785682167325701
EVS: 0.9775632006162912
