Model: GRU
MSE: 10.381197163783936
MAE: 2.3942171074095224
EVS: 0.6771852414917844
