Model: GRU
MSE: 13.434260530276463
MAE: 2.9358644680101045
EVS: 0.02227817402559651
