Model: GRU
MSE: 6.34450413003244
MAE: 1.9328803309592708
EVS: 0.8273063720377268
