Model: GRU
MSE: 8.976267276631482
MAE: 2.0324131414808075
EVS: 0.397188149610779
