Model: GRU
MSE: 329.7361354925378
MAE: 17.769634707220668
EVS: -0.05049595352798719
