Model: GRU
MSE: 8239.890290357998
MAE: 90.68340682983398
EVS: -0.23342778926262597
