Model: GRU
MSE: 11.474503752369868
MAE: 2.6650940714211298
EVS: 0.37511463896372144
