Model: GRU
MSE: 10.30666928292499
MAE: 2.335614294841372
EVS: 0.3658783946936498
