Model: GRU
MSE: 8.442786332526364
MAE: 1.7815056134914533
EVS: 0.40516336914339157
