Model: GRU
MSE: 155.50465204672338
MAE: 11.915693315966376
EVS: -0.016273212615510513
