Model: GRU
MSE: 8.568709692065978
MAE: 1.9014854862772186
EVS: 0.41317904443492204
