Model: GRU
MSE: 14.91855276680053
MAE: 3.3013011340437264
EVS: -0.01748802584100262
