Model: GRU
MSE: 7.811554880945822
MAE: 1.678228152209315
EVS: 0.41747084575055327
