Model: GRU
MSE: 7.814181800316219
MAE: 1.8489020569571135
EVS: 0.4828658109023014
