Model: GRU
MSE: 8.063933081793195
MAE: 1.6914656408901876
EVS: 0.4030204462870052
