Model: GRU
MSE: 1415.1307665133863
MAE: 37.37365854197535
EVS: -0.3785224705269119
