Model: GRU
MSE: 10.812613592187336
MAE: 2.362449859750682
EVS: 0.3357331660393489
