Model: GRU
MSE: 10.039145089661984
MAE: 2.1509479140413217
EVS: 0.3107793208899936
