Model: GRU
MSE: 11.54514326766774
MAE: 2.6865187883377075
EVS: 0.46303304138653
