Model: GRU
MSE: 7.796743859337445
MAE: 1.7004869066435717
EVS: 0.4285623391709582
