Model: GRU
MSE: 9.569892182394616
MAE: 2.3009473455363305
EVS: 0.4682340325104797
