Model: GRU
MSE: 8.283589997291138
MAE: 1.718860326142147
EVS: 0.39752804857860324
