Model: GRU
MSE: 9.696882231002872
MAE: 2.1245857251101525
EVS: 0.3217194498616246
