Model: GRU
MSE: 2480.1862978566555
MAE: 49.671248337318154
EVS: 0.026383231697815757
