Model: GRU
MSE: 8.5571873530496
MAE: 1.6660988546650988
EVS: 0.3585269569922721
