Model: GRU
MSE: 233.794987004502
MAE: 14.796783858332141
EVS: -0.11618524587266088
