Model: GRU
MSE: 7.611164340975977
MAE: 1.6244430130925673
EVS: 0.427921901966156
