Model: GRU
MSE: 8.196055060162905
MAE: 1.8050621419117372
EVS: 0.4444306655629473
