Model: GRU
MSE: 8.549862323720255
MAE: 1.6027022045234156
EVS: 0.35741384528201237
