Model: GRU
MSE: 8.75730684500619
MAE: 1.747209292033623
EVS: 0.349606579646758
