Model: GRU
MSE: 11.027787492232276
MAE: 2.3947911221405556
EVS: 0.39069272038627645
