Model: GRU
MSE: 9.909550901988982
MAE: 1.8735427992684501
EVS: 0.33766766904897205
