Model: GRU
MSE: 175.2764815581913
MAE: 12.723319000211255
EVS: -0.006707228876831062
