Model: GRU
MSE: 8.224581316589036
MAE: 1.9203724532291806
EVS: 0.43963007226462936
