Model: GRU
MSE: 2211.2804912932897
MAE: 46.88123472805681
EVS: -0.009464699366819485
