Model: GRU
MSE: 7.666582976910115
MAE: 1.6125924320056524
EVS: 0.42390594691595207
