Model: GRU
MSE: 3884.6845923631595
MAE: 62.21229027057516
EVS: -0.0759998319826789
