Model: GRU
MSE: 9.245649182487067
MAE: 2.0249842775279077
EVS: 0.3632171606356682
