Model: GRU
MSE: 2260.9246820291155
MAE: 47.388688449201915
EVS: -0.14525191953807082
