Model: GRU
MSE: 7.734247725598862
MAE: 1.6026213662377722
EVS: 0.4187549313569232
