Model: GRU
MSE: 8.05380019694186
MAE: 1.6279563287208823
EVS: 0.3946531748562794
