Model: GRU
MSE: 7.443970927005751
MAE: 1.5734421343638982
EVS: 0.44075720662329154
