Model: GRU
MSE: 14.045336593920482
MAE: 3.0754139176730453
EVS: 0.3763690225120686
