Model: GRU
MSE: 7.452038483215879
MAE: 1.7187428309999666
EVS: 0.4647728127930101
