Model: GRU
MSE: 7.9475787614447535
MAE: 1.8206014222112197
EVS: 0.42884878018815975
