Model: GRU
MSE: 2180.764981712977
MAE: 46.555798431922646
EVS: -0.001369062523721265
