Model: GRU
MSE: 189.18182381557446
MAE: 13.18740016016467
EVS: -0.14806390196554386
