Model: GRU
MSE: 7.22807480024986
MAE: 1.6315268237015297
EVS: 0.46769854223619345
