Model: GRU
MSE: 7.408154737037253
MAE: 1.5974651657301806
EVS: 0.446540876773722
