Model: GRU
MSE: 10.249298022068842
MAE: 1.912549294744219
EVS: 0.31760450746296354
