Model: GRU
MSE: 170.15733707682162
MAE: 12.46342030886946
EVS: -0.1139541663739454
