Model: GRU
MSE: 8.657029879968716
MAE: 1.7212121794963708
EVS: 0.3502242873336985
