Model: GRU
MSE: 7.829152244341531
MAE: 1.7470671226238381
EVS: 0.44432059871192586
