Model: GRU
MSE: 7.557265177124437
MAE: 1.6315208221304007
EVS: 0.4449454579495581
