Model: GRU
MSE: 10.399186239895306
MAE: 2.1128497740318037
EVS: 0.2736094155866071
