Model: GRU
MSE: 8.047141643138499
MAE: 1.6584751934840765
EVS: 0.39996019771075986
