Model: GRU
MSE: 7.933281301460708
MAE: 1.7604137453539621
EVS: 0.43115668105710103
