Model: GRU
MSE: 8.741817277919848
MAE: 1.7912923642273606
EVS: 0.38850247806808236
