Model: GRU
MSE: 334.34445896040404
MAE: 17.84686645968207
EVS: -0.19011884013774205
