Model: GRU
MSE: 14.618874658585215
MAE: 3.2684129517653893
EVS: 0.0
