Model: GRU
MSE: 273.66286076547595
MAE: 16.128759482811237
EVS: -0.01665454997204785
