Model: GRU
MSE: 7.3695561596503385
MAE: 1.548007521136054
EVS: 0.44687749422384104
