Model: GRU
MSE: 153.5967958990314
MAE: 11.798644185066223
EVS: -0.08150625414336443
