Model: GRU
MSE: 7.621699084176511
MAE: 1.6631962759741423
EVS: 0.45476468021627836
