Model: GRU
MSE: 17.588711086774687
MAE: 3.6341385676943023
EVS: 0.0
