Model: GRU
MSE: 9.359904556905882
MAE: 1.9115688718598467
EVS: 0.29749611633035156
