Model: GRU
MSE: 4307.991924800132
MAE: 65.49449216908422
EVS: -0.38776802967093116
