Model: GRU
MSE: 7.992105234636675
MAE: 1.782512113965791
EVS: 0.4483921579777639
