Model: GRU
MSE: 7.7161576862101935
MAE: 1.6890321682239404
EVS: 0.45285759934889946
