Model: GRU
MSE: 9.891425787418076
MAE: 2.4282528943028945
EVS: 0.41987686175210037
