Model: GRU
MSE: 8.069479231336153
MAE: 1.6842261059530852
EVS: 0.3951824206516448
