Model: GRU
MSE: 163.04861696466833
MAE: 12.232013365318036
EVS: -0.00917489517282677
