Model: GRU
MSE: 8.796607567447014
MAE: 1.8311475556472252
EVS: 0.35645933192744717
