Model: GRU
MSE: 8.331650497150893
MAE: 1.8713233470916748
EVS: 0.3956251060250606
