Model: GRU
MSE: 8223.19480018999
MAE: 90.61174892557078
EVS: 0.044995843966408655
