Model: GRU
MSE: 3610.4405671171303
MAE: 59.94676603119949
EVS: -0.26468011479434694
