Model: GRU
MSE: 7.639025199287518
MAE: 1.8186760647543547
EVS: 0.4714512136792369
