Model: GRU
MSE: 9.030012433815944
MAE: 2.077866313786342
EVS: 0.4247792786837311
