Model: GRU
MSE: 8.682480842267955
MAE: 1.9749189902996194
EVS: 0.40639439817009915
