Model: GRU
MSE: 1409.171874069789
MAE: 37.26364458018336
EVS: -0.5478088006776702
