Model: GRU
MSE: 9.271845411858843
MAE: 2.0013108006839095
EVS: 0.33857477152396176
