Model: GRU
MSE: 8.668522355845097
MAE: 2.0027651807357527
EVS: 0.4346242939583118
