Model: GRU
MSE: 9.125362857950272
MAE: 1.8468028214471095
EVS: 0.31410946321131994
