Model: GRU
MSE: 9.078434292273833
MAE: 2.086099073804658
EVS: 0.4215778109675341
