Model: GRU
MSE: 10.774835657264628
MAE: 1.9417612305709293
EVS: 0.31510701576567046
