Model: GRU
MSE: 214.06234258538123
MAE: 14.111931069143887
EVS: -0.12111366302438031
