Model: GRU
MSE: 8.754318750618351
MAE: 2.0046607214829018
EVS: 0.3980430199694204
