Model: GRU
MSE: 8.404083954690707
MAE: 1.8189883807609821
EVS: 0.3905322103232547
