Model: GRU
MSE: 9.050244239684272
MAE: 2.1036667494938293
EVS: 0.4137942550721203
