Model: GRU
MSE: 9.143477535811602
MAE: 1.7884472423586353
EVS: 0.3197334463571164
