Model: GRU
MSE: 8.204202983066823
MAE: 1.6642739526156725
EVS: 0.38403038733537387
