Model: GRU
MSE: 8.520159043783236
MAE: 1.8166848421096802
EVS: 0.37831882752203383
