Model: GRU
MSE: 2863.234869211892
MAE: 53.36846772555647
EVS: -0.13056750968509223
