Model: GRU
MSE: 7.8171765050420685
MAE: 1.8086735051253746
EVS: 0.428107167955762
