Model: GRU
MSE: 251.38468842568244
MAE: 15.401566439661487
EVS: -0.06554524346641788
