Model: GRU
MSE: 9.389699485397237
MAE: 2.036722538800075
EVS: 0.39392915462426037
