Model: GRU
MSE: 9.150598664742226
MAE: 2.0400927560082796
EVS: 0.37422274029368774
