Model: GRU
MSE: 8.869259030794202
MAE: 2.0478887146916884
EVS: 0.42995600486399865
