Model: GRU
MSE: 7.174220048904211
MAE: 1.5334962565323405
EVS: 0.46076800471898616
