Model: GRU
MSE: 7.693788796113981
MAE: 1.6433714504899652
EVS: 0.43203187540836807
