Model: GRU
MSE: 8.481249072437784
MAE: 2.0953193820756058
EVS: 0.4768659570038343
