Model: GRU
MSE: 8.217421092354606
MAE: 1.9096068349377862
EVS: 0.44711916566487697
