Model: GRU
MSE: 12.380118593927158
MAE: 2.529727140377308
EVS: 0.2560670142258813
