Model: GRU
MSE: 325.63560332422395
MAE: 17.546770326022443
EVS: -0.33387864800120237
