Model: GRU
MSE: 328.33365564321906
MAE: 17.710400556695873
EVS: -0.10304623201656216
