Model: GRU
MSE: 14.686641618576333
MAE: 3.3646082878112793
EVS: -0.020624754043749194
