Model: GRU
MSE: 10.369482247680182
MAE: 2.334546977076037
EVS: 0.3834851412970064
