Model: GRU
MSE: 540.6515985205181
MAE: 22.917219161987305
EVS: -0.16147026204740134
