Model: GRU
MSE: 8.242430898445933
MAE: 1.895095549780747
EVS: 0.46364620793828226
