Model: GRU
MSE: 12.512438946409128
MAE: 2.930586736777733
EVS: 0.4932138636437551
