Model: GRU
MSE: 8.704255572771926
MAE: 1.9370914245473927
EVS: 0.4325314717318527
