Model: GRU
MSE: 8.056796869718953
MAE: 1.7629916421298326
EVS: 0.4220669884177295
