Model: GRU
MSE: 557.4358562897328
MAE: 23.266756748331005
EVS: -0.20966652228384652
