Model: GRU
MSE: 9.811019281679549
MAE: 2.2913922688056685
EVS: 0.39659411375660425
