Model: GRU
MSE: 8.343728530064414
MAE: 1.6986352575236356
EVS: 0.37710152676106024
