Model: GRU
MSE: 9.569519760675963
MAE: 1.985687241472047
EVS: 0.322280701481949
