Model: GRU
MSE: 163.05828184238482
MAE: 12.190006819264642
EVS: -0.08701001966827726
