Model: GRU
MSE: 8.395056203915114
MAE: 1.727632113571825
EVS: 0.3907300383696811
