Model: GRU
MSE: 8.527733174994724
MAE: 1.835297469435067
EVS: 0.3693857141637247
