Model: GRU
MSE: 8.25012906641144
MAE: 1.9457544540536815
EVS: 0.4369733219310753
