Model: GRU
MSE: 7.712571258792564
MAE: 1.6041071990440634
EVS: 0.42036758253285933
