Model: GRU
MSE: 8.897524532440508
MAE: 1.7313929179619099
EVS: 0.33193412180733073
