Model: GRU
MSE: 9.62079747191016
MAE: 2.095723509788513
EVS: 0.3548459460283666
