Model: GRU
MSE: 7.9782181533247805
MAE: 1.688197312683895
EVS: 0.41727653722775726
