Model: GRU
MSE: 8.126173072352938
MAE: 1.6258407646212087
EVS: 0.3892129237815515
