Model: GRU
MSE: 9.17597676167732
MAE: 2.141491174697876
EVS: 0.4382089032676385
