Model: GRU
MSE: 159.5140923183718
MAE: 12.073345578950027
EVS: -0.03337387188579166
