Model: GRU
MSE: 7.151546226436478
MAE: 1.4768087781708819
EVS: 0.46263063843563557
