Model: GRU
MSE: 7.907391318871741
MAE: 1.6878046742801012
EVS: 0.4095128464665492
