Model: GRU
MSE: 7.213253122794536
MAE: 1.683285795409104
EVS: 0.46410452940775027
