Model: GRU
MSE: 8.359116807836356
MAE: 1.813124438811993
EVS: 0.41669361689381434
