Model: GRU
MSE: 7.260029767792393
MAE: 1.5487971963553595
EVS: 0.4543277705013521
