Model: GRU
MSE: 431.3698527252051
MAE: 20.38310567263899
EVS: -0.19500739842546766
