Model: GRU
MSE: 179.40166244832986
MAE: 12.882845800498437
EVS: -0.009737155314417878
