Model: GRU
MSE: 8.32651904214646
MAE: 1.826845802109817
EVS: 0.39063300704698845
