Model: GRU
MSE: 7.23637731454731
MAE: 1.7132279790680986
EVS: 0.46158409424093716
