Model: GRU
MSE: 8.313447912859292
MAE: 1.6698715347668223
EVS: 0.37812335839111844
