Model: GRU
MSE: 7.55596442642355
MAE: 1.6506269060332202
EVS: 0.45180581250449814
