Model: GRU
MSE: 4004.2624238694943
MAE: 63.16446113586426
EVS: -0.09086270739218882
