Model: GRU
MSE: 10.34383941200309
MAE: 2.4728804621203193
EVS: 0.43074290582116326
