Model: GRU
MSE: 8.815350067893274
MAE: 1.9784838803883256
EVS: 0.42170265643728677
