Model: GRU
MSE: 9.4885914154457
MAE: 2.279581505676796
EVS: 0.48133828158020875
