Model: GRU
MSE: 7.773571294663306
MAE: 1.7376027847158497
EVS: 0.419346409391247
