Model: GRU
MSE: 7.531932464573625
MAE: 1.5794800972116405
EVS: 0.4356487197163508
