Model: GRU
MSE: 9.28653490544707
MAE: 2.1174322716121017
EVS: 0.4214322306271676
