Model: GRU
MSE: 7.9461403063185605
MAE: 1.6790959547305933
EVS: 0.4207493186033353
