Model: GRU
MSE: 8.118130035837183
MAE: 1.876956446417447
EVS: 0.45152160192295787
