Model: GRU
MSE: 8.16768999967254
MAE: 1.673575360199501
EVS: 0.3870673853289832
