Model: GRU
MSE: 8.980610282265141
MAE: 2.14780252555321
EVS: 0.4664729236113523
