Model: GRU
MSE: 3627.68182011329
MAE: 60.117986876389075
EVS: -0.015414037954137205
