Model: GRU
MSE: 7.651650678497048
MAE: 1.6257261489999708
EVS: 0.4321610311282751
