Model: GRU
MSE: 7.956761440284639
MAE: 1.7410407559625036
EVS: 0.42332072796202913
