Model: GRU
MSE: 7.558760778684584
MAE: 1.6370174185983066
EVS: 0.4405105984704818
