Model: GRU
MSE: 9.030027831591257
MAE: 1.9763654429337074
EVS: 0.4124644838070063
