Model: GRU
MSE: 7.96104719378047
MAE: 1.9097071187249546
EVS: 0.457482337297194
