Model: GRU
MSE: 9.866893725412618
MAE: 2.3572337791837494
EVS: 0.4850041591067227
