Model: GRU
MSE: 8.16819706572049
MAE: 1.8646881004859661
EVS: 0.40559744054769353
