Model: GRU
MSE: 9.961875326192041
MAE: 2.2949502057042617
EVS: 0.4283141385913445
