Model: GRU
MSE: 8.80181871859735
MAE: 1.917989364985762
EVS: 0.3687820680396735
