Model: GRU
MSE: 10.371765741519727
MAE: 2.4103254326458634
EVS: 0.3646014622330179
