Model: GRU
MSE: 179.06864359017848
MAE: 12.868825797376962
EVS: -0.011843199858757592
