Model: GRU
MSE: 8.24235942338849
MAE: 1.7588168619007902
EVS: 0.41068850669885815
