Model: GRU
MSE: 8.536442415565027
MAE: 1.9354762989899208
EVS: 0.40676872737970826
