Model: GRU
MSE: 7.6579735774901785
MAE: 1.6085059190618582
EVS: 0.42465496041942696
