Model: GRU
MSE: 11.853443584988145
MAE: 2.235850354720806
EVS: 0.19642930400331082
