Model: GRU
MSE: 8.113142348429642
MAE: 1.8059542096894363
EVS: 0.405845456630868
