Model: GRU
MSE: 8.670670511605302
MAE: 1.6444822200413411
EVS: 0.3485960335870675
