Model: GRU
MSE: 8.574549190716516
MAE: 1.8545366566756676
EVS: 0.4098900674435241
