Model: GRU
MSE: 7.813549367312006
MAE: 1.6514841893623615
EVS: 0.4135590663021175
