Model: GRU
MSE: 9.284579234845433
MAE: 1.9905376845392688
EVS: 0.36406057172683637
