Model: GRU
MSE: 8.498804760486436
MAE: 1.8555532693862917
EVS: 0.41911582237869005
