Model: GRU
MSE: 153.36335952508225
MAE: 11.813460818652448
EVS: -0.03766449481254863
