Model: GRU
MSE: 10.191055029605627
MAE: 2.270843066018203
EVS: 0.3578687984100428
