Model: GRU
MSE: 8.54002701936632
MAE: 2.0725822613157074
EVS: 0.49698952100468585
