Model: GRU
MSE: 8.554589409757064
MAE: 1.7079144284642978
EVS: 0.35795545544199725
