Model: GRU
MSE: 996.2314297552557
MAE: 31.271441624082367
EVS: -0.3776171162993067
