Model: GRU
MSE: 1066.0502436175634
MAE: 31.29297476801379
EVS: -5.524155684515068
