Model: GRU
MSE: 152.70467812910954
MAE: 11.783828760015554
EVS: -0.04071272501789158
