Model: GRU
MSE: 1054.7541738574414
MAE: 32.23291505616287
EVS: -0.18707806471795996
