Model: GRU
MSE: 2339.3103863105416
MAE: 48.215445419837685
EVS: -0.09596898758787065
