Model: GRU
MSE: 7.606226655778371
MAE: 1.6061447899917078
EVS: 0.43639461365412024
