Model: GRU
MSE: 7.662165477490965
MAE: 1.7782656242107526
EVS: 0.4501667921920689
