Model: GRU
MSE: 7.770757825190592
MAE: 1.8696239241238297
EVS: 0.4723398634544842
