Model: GRU
MSE: 9.039170939038407
MAE: 1.9653506525631608
EVS: 0.3561091021395659
