Model: GRU
MSE: 8.767548725261491
MAE: 2.0866467048381936
EVS: 0.46529905382311354
