Model: GRU
MSE: 7.9095796351798136
MAE: 1.7362597893024316
EVS: 0.4170174299030778
