Model: GRU
MSE: 201.7525410272852
MAE: 13.721865538893075
EVS: -0.011916932827941373
