Model: GRU
MSE: 7.900627183646356
MAE: 1.7507304651983855
EVS: 0.4343180305328771
