Model: GRU
MSE: 7.39160958231464
MAE: 1.8609225667756182
EVS: 0.4747567100585578
