Model: GRU
MSE: 7.800357629563303
MAE: 1.6715132491341955
EVS: 0.41584395699230936
