Model: GRU
MSE: 8.562205168993
MAE: 2.0083493446481637
EVS: 0.4400497610494031
