Model: GRU
MSE: 9.356234241662031
MAE: 1.897130065950854
EVS: 0.35259468567409735
