Model: GRU
MSE: 9.756964690675188
MAE: 2.2516466338059
EVS: 0.4423789726342907
