Model: GRU
MSE: 10.773217033431477
MAE: 2.1320625918252127
EVS: 0.2990136049470573
