Model: GRU
MSE: 10.433447024589668
MAE: 2.452278022108407
EVS: 0.46814513221002907
