Model: GRU
MSE: 8.457398363080838
MAE: 1.6869162773263868
EVS: 0.3766956879277621
