Model: GRU
MSE: 7.565722725181251
MAE: 1.6333446831538763
EVS: 0.43596303624304045
