Model: GRU
MSE: 10.640571662618244
MAE: 2.337548543666971
EVS: 0.36251320239336104
