Model: GRU
MSE: 8.88792697662759
MAE: 1.914354501099422
EVS: 0.34631390125576544
