Model: GRU
MSE: 9.849684232744206
MAE: 2.1029096184105707
EVS: 0.34602204134494885
