Model: GRU
MSE: 7.210672748682346
MAE: 1.604516958368236
EVS: 0.4684624828387044
