Model: GRU
MSE: 8.829327586150486
MAE: 1.9988977950194786
EVS: 0.4072307970145832
