Model: GRU
MSE: 8.039157417273232
MAE: 1.7950263516656284
EVS: 0.4023423682154975
