Model: GRU
MSE: 8.900618732782972
MAE: 1.8816404054904807
EVS: 0.3670166301747725
