Model: GRU
MSE: 592.5974617771572
MAE: 24.06452256235583
EVS: -0.01441749387465463
