Model: GRU
MSE: 7.379551252911433
MAE: 1.5154173826349195
EVS: 0.44562512193524173
