Model: GRU
MSE: 7.250171114594973
MAE: 1.5920798614107332
EVS: 0.45597997489581354
