Model: GRU
MSE: 7.457143392425933
MAE: 1.5450614814100596
EVS: 0.44285130601449185
