Model: GRU
MSE: 1449.3598538177494
MAE: 37.7788116849702
EVS: -0.6627012326846584
