Model: GRU
MSE: 1411.635115131478
MAE: 37.33416050878064
EVS: -0.33757064371656975
