Model: GRU
MSE: 8.357453843793012
MAE: 1.9491165321448756
EVS: 0.4618485936858864
