Model: GRU
MSE: 8.154187999438458
MAE: 1.7712949226642478
EVS: 0.39781084330372773
