Model: GRU
MSE: 9.099311964240734
MAE: 2.263084255415818
EVS: 0.4621934551625617
