Model: GRU
MSE: 8.0512520467151
MAE: 1.847130919324941
EVS: 0.4568636272881591
