Model: GRU
MSE: 10.558001050218403
MAE: 2.511312780709102
EVS: 0.3726223255278387
