Model: GRU
MSE: 8.507884911711628
MAE: 1.8239383697509766
EVS: 0.39459116672223493
