Model: GRU
MSE: 7.070609561063537
MAE: 1.6899546754771269
EVS: 0.49350656451809605
