Model: GRU
MSE: 239.5040083001243
MAE: 14.972143983018809
EVS: -0.15292034216010153
