Model: GRU
MSE: 8.452591726805258
MAE: 1.7112784467894455
EVS: 0.3654223633325623
