Model: GRU
MSE: 8.97106860095001
MAE: 1.832161701958755
EVS: 0.3381844617259874
