Model: GRU
MSE: 8.180100883428617
MAE: 1.9343044757843018
EVS: 0.477014133373191
