Model: GRU
MSE: 5304.582947353772
MAE: 72.70311217472471
EVS: -0.41610505822896626
