Model: GRU
MSE: 7.3251736947097585
MAE: 1.6152167238038164
EVS: 0.4511940366444779
