Model: GRU
MSE: 10.12597810586645
MAE: 2.265903925073558
EVS: 0.34927804649727046
