Model: GRU
MSE: 8.589580397722317
MAE: 1.9241516261265195
EVS: 0.3923769488787824
