Model: GRU
MSE: 13.612339036130363
MAE: 3.0552087323418977
EVS: -0.009429027477810159
