Model: GRU
MSE: 7.445057563749364
MAE: 1.6479560465648257
EVS: 0.44059026641485877
