Model: GRU
MSE: 7.804464575938413
MAE: 1.8007859854862611
EVS: 0.44747999176729647
