Model: GRU
MSE: 346.748009511426
MAE: 18.26299346726516
EVS: 0.007014251048965914
