Model: GRU
MSE: 9.607596371945455
MAE: 2.03585985611225
EVS: 0.38127215402519543
