Model: GRU
MSE: 7.75152149783021
MAE: 1.682168064446285
EVS: 0.41984986389024836
