Model: GRU
MSE: 11.16622319461012
MAE: 2.5529997842065217
EVS: 0.3965083298468648
