Model: GRU
MSE: 2295.770043404471
MAE: 47.75783861094508
EVS: -0.12435699093278352
