Model: GRU
MSE: 8.831267469236304
MAE: 1.9605896102971043
EVS: 0.39370284479735373
