Model: GRU
MSE: 8.386970936595903
MAE: 1.884321664941722
EVS: 0.3842789077415675
