Model: GRU
MSE: 8.081974522230604
MAE: 1.8136909583519247
EVS: 0.45226295296001584
