Model: GRU
MSE: 8.424980488074697
MAE: 1.6952709391199312
EVS: 0.3676399094256898
