Model: GRU
MSE: 8.055926004059248
MAE: 1.8658099873312588
EVS: 0.4448676966268803
