Model: GRU
MSE: 423.8235159197833
MAE: 20.220057553258435
EVS: -0.12540129565917324
