Model: GRU
MSE: 1178.94645056698
MAE: 34.1209681280728
EVS: -0.10534748622636281
