Model: GRU
MSE: 325.7355520839657
MAE: 17.582267563918542
EVS: -0.24766392983996544
