Model: GRU
MSE: 7.838435386222704
MAE: 1.7034551192974225
EVS: 0.4109079634108672
