Model: GRU
MSE: 9.936949198191522
MAE: 2.0513136058018127
EVS: 0.34389110864417916
