Model: GRU
MSE: 8.547574912550116
MAE: 1.8742105631992734
EVS: 0.37815750278418336
