Model: GRU
MSE: 8.447234555822183
MAE: 1.9120591097864612
EVS: 0.394755574248584
