Model: GRU
MSE: 10.952893973607772
MAE: 2.172671548251448
EVS: 0.25008688488644304
