Model: GRU
MSE: 7.7830403922137545
MAE: 1.60081055657617
EVS: 0.41614064888896685
