Model: GRU
MSE: 149.65037732439757
MAE: 11.625322890692743
EVS: -0.09003378806856221
