Model: GRU
MSE: 7.5800891531077
MAE: 1.6189742951557557
EVS: 0.435519329651182
