Model: GRU
MSE: 175.41408142368732
MAE: 12.71061347270834
EVS: -0.041338735033410234
