Model: GRU
MSE: 149.65320641148202
MAE: 11.625441094924664
EVS: -0.09003985736810494
