Model: GRU
MSE: 1497.2579727834402
MAE: 38.43714579220476
EVS: -0.49152136448393113
