Model: GRU
MSE: 7.141209555351687
MAE: 1.6659357794399918
EVS: 0.4669062801657874
