Model: GRU
MSE: 9.162340316105354
MAE: 2.1642033396096063
EVS: 0.41390142037808964
