Model: GRU
MSE: 9.681553588208148
MAE: 2.2243943296629807
EVS: 0.3774984685475786
