Model: GRU
MSE: 8.302626514208796
MAE: 1.7009069056346502
EVS: 0.3843345133791919
