Model: GRU
MSE: 11.305091087586463
MAE: 2.7028507281993996
EVS: 0.4266864503703971
