Model: GRU
MSE: 591.140221076167
MAE: 23.883779805282067
EVS: -0.5562734154992945
