Model: GRU
MSE: 9.259269481574197
MAE: 1.8989793658256533
EVS: 0.374574480526762
