Model: GRU
MSE: 8.965974203766146
MAE: 1.8773675745931164
EVS: 0.3332183359517573
