Model: GRU
MSE: 8.210771539361563
MAE: 1.8452376990482724
EVS: 0.41287692214786553
