Model: GRU
MSE: 8.402659841266985
MAE: 1.727877037278537
EVS: 0.3837506610569672
