Model: GRU
MSE: 219.22746179659612
MAE: 14.289269669302579
EVS: -0.13077137280657292
