Model: GRU
MSE: 1953.9848376693722
MAE: 44.01076001134412
EVS: -0.28061705167748596
