Model: GRU
MSE: 7.529738582398661
MAE: 1.6802821241576098
EVS: 0.45127397113111545
