Model: GRU
MSE: 9.25271736069948
MAE: 1.9951316405986916
EVS: 0.36132050522261006
