Model: GRU
MSE: 8.672859850209907
MAE: 1.8595395992542139
EVS: 0.40482192952413854
