Model: GRU
MSE: 8.261088232274343
MAE: 1.7684114225979508
EVS: 0.3947728271491584
