Model: GRU
MSE: 8.142364397806523
MAE: 1.656822336131129
EVS: 0.40844091930303217
