Model: GRU
MSE: 7.945850954510155
MAE: 1.6446457669652743
EVS: 0.4116803764917273
