Model: GRU
MSE: 919.2559732144454
MAE: 30.06090397670351
EVS: -0.17239604006768872
