Model: GRU
MSE: 8.53725545492713
MAE: 1.773995383032437
EVS: 0.4007640479707051
