Model: GRU
MSE: 12.034171870684021
MAE: 2.688971416703586
EVS: 0.3292896185858525
