Model: GRU
MSE: 8.894054144718842
MAE: 1.9728852387132316
EVS: 0.4434741996912307
