Model: GRU
MSE: 8.289011114848654
MAE: 1.8579062716714267
EVS: 0.41515716483749643
