Model: GRU
MSE: 17.684798848644558
MAE: 3.6584289156157395
EVS: -0.028413932473710934
