Model: GRU
MSE: 962.8937053479365
MAE: 30.791023024197283
EVS: -0.11291054092003683
