Model: GRU
MSE: 8.476519509272316
MAE: 1.6801751564288965
EVS: 0.36385220051813727
