Model: GRU
MSE: 8.037325901925247
MAE: 1.6978704394965338
EVS: 0.4004495538173435
