Model: GRU
MSE: 7.562183302401947
MAE: 1.6526850749706399
EVS: 0.43720607744171325
