Model: GRU
MSE: 7.817840090103096
MAE: 1.6513909676979328
EVS: 0.41830063984852817
