Model: GRU
MSE: 142.97262489576957
MAE: 11.364635952587786
EVS: -0.03857934629838389
