Model: GRU
MSE: 157.62205739528366
MAE: 12.000491746540728
EVS: -0.02298906550088442
