Model: GRU
MSE: 1176.9193719148243
MAE: 34.08978426045385
EVS: -0.1128635278436001
