Model: GRU
MSE: 8.713251886983409
MAE: 1.8924659367265373
EVS: 0.38801869026019853
