Model: GRU
MSE: 10.071956205684955
MAE: 1.8480967930385044
EVS: 0.3260331220767415
