Model: GRU
MSE: 8.168504026493956
MAE: 1.8454229256202435
EVS: 0.41470888479573775
