Model: GRU
MSE: 8.142635214129648
MAE: 1.7100710951048754
EVS: 0.39285939824132177
