Model: GRU
MSE: 7.83840267713886
MAE: 1.729063206705554
EVS: 0.43943501400865403
