Model: GRU
MSE: 10.949782631025037
MAE: 2.482084973105069
EVS: 0.3628545861590362
