Model: GRU
MSE: 7.684240520817512
MAE: 1.6535920356882032
EVS: 0.42587297249850475
