Model: GRU
MSE: 7.581064606151162
MAE: 1.5802962697785479
EVS: 0.4301836359506709
