Model: GRU
MSE: 8.525703951907158
MAE: 1.8070854154126397
EVS: 0.3855499332307737
