Model: GRU
MSE: 7.6291815851911124
MAE: 1.5808766463707236
EVS: 0.426828934200975
