Model: GRU
MSE: 7.097747054561696
MAE: 1.5589180814808814
EVS: 0.4673548435024798
