Model: GRU
MSE: 8.116754599876293
MAE: 1.6677461163751013
EVS: 0.3980015981385526
