Model: GRU
MSE: 8.336268348604746
MAE: 1.6603992046981024
EVS: 0.3758490533099569
