Model: GRU
MSE: 568.0680159940273
MAE: 23.535850590672986
EVS: -0.06218645506350917
