Model: GRU
MSE: 8.18733915345423
MAE: 1.8716797170967892
EVS: 0.4489250994449583
