Model: GRU
MSE: 7.918053095127256
MAE: 1.6116169567765863
EVS: 0.4065602778999702
