Model: GRU
MSE: 9.079795759493262
MAE: 1.8597962671312795
EVS: 0.3652206621135343
