Model: GRU
MSE: 10.05518787758626
MAE: 2.2416695561902276
EVS: 0.3643272243746337
