Model: GRU
MSE: 17.1726472498107
MAE: 3.5900424102257036
EVS: 0.008655304537670827
