Model: GRU
MSE: 9.765741592665492
MAE: 2.1522732089305747
EVS: 0.3520547000239794
