Model: GRU
MSE: 8.590907700987247
MAE: 1.9666569479580582
EVS: 0.4342846875479329
