Model: GRU
MSE: 200.71730029630484
MAE: 13.650538822700238
EVS: -0.08085224890547371
