Model: GRU
MSE: 144.76881419684196
MAE: 11.452076165840543
EVS: -0.023628737522291665
