Model: GRU
MSE: 8.92933253008093
MAE: 1.904191070589526
EVS: 0.39562325468706516
