Model: GRU
MSE: 10.272966183783309
MAE: 2.6009927165919335
EVS: 0.5066626290930731
