Model: GRU
MSE: 7.649498430491837
MAE: 1.9114127775718426
EVS: 0.5036381241124744
