Model: GRU
MSE: 8.918137814478358
MAE: 2.0878622942957383
EVS: 0.45661067613039064
