Model: GRU
MSE: 7.34956105644506
MAE: 1.6733930110931399
EVS: 0.45800097660184835
