Model: GRU
MSE: 152.10965092791864
MAE: 11.740333158394385
EVS: -0.072895340497803
