Model: GRU
MSE: 7.78971069976694
MAE: 1.7441249880297434
EVS: 0.4346161469674614
