Model: GRU
MSE: 7.543109802545858
MAE: 1.6294290855013094
EVS: 0.44149951215344974
