Model: GRU
MSE: 7.485241860306771
MAE: 1.5857803657137117
EVS: 0.44823074903911186
