Model: GRU
MSE: 7.438269353083628
MAE: 1.6133972940773802
EVS: 0.4409172559207266
