Model: GRU
MSE: 8.42371359002901
MAE: 1.7734162601931343
EVS: 0.38029160964152464
