Model: GRU
MSE: 8.206247206126093
MAE: 1.760690532881638
EVS: 0.39598686174679465
