Model: GRU
MSE: 387.7634253465661
MAE: 19.232386687706256
EVS: -0.34382071196438857
