Model: GRU
MSE: 1135.1568816742526
MAE: 33.476060998850855
EVS: -0.09063333891051273
