Model: GRU
MSE: 8.0314286369166
MAE: 1.642060814232662
EVS: 0.40695720130937774
