Model: GRU
MSE: 9.128534497229104
MAE: 2.123036187270592
EVS: 0.4038013194092245
