Model: GRU
MSE: 8.72070121234571
MAE: 1.8133257565827205
EVS: 0.3844215103277697
