Model: GRU
MSE: 11.454879402786313
MAE: 2.5947486614358835
EVS: 0.4012364707924848
