Model: GRU
MSE: 8.041657239572832
MAE: 1.6332984463921911
EVS: 0.3958452500144757
