Model: GRU
MSE: 8.94119959159011
MAE: 2.060242778268354
EVS: 0.4235014614382141
