Model: GRU
MSE: 8.436897613947947
MAE: 1.8514377741978085
EVS: 0.38685369819672266
