Model: GRU
MSE: 8.469411805299867
MAE: 1.901166554155021
EVS: 0.43405040378546533
