Model: GRU
MSE: 8.048117727354887
MAE: 1.6976794744360038
EVS: 0.4297104436231215
