Model: GRU
MSE: 272.52443619116764
MAE: 16.07134325750943
EVS: -0.0700492017238794
