Model: GRU
MSE: 10.917379320777082
MAE: 2.5443157039839646
EVS: 0.45804794770734025
