Model: GRU
MSE: 7.89955147628011
MAE: 1.7092115611865606
EVS: 0.4314391136239415
