Model: GRU
MSE: 7.937565120430348
MAE: 1.6588258208899664
EVS: 0.4050825755924289
