Model: GRU
MSE: 8.070680605196724
MAE: 1.6586912253807333
EVS: 0.3970236212109707
