Model: GRU
MSE: 197.763489362817
MAE: 13.552201361491763
EVS: -0.05989959145183432
