Model: GRU
MSE: 526.5689823538634
MAE: 22.559878480845484
EVS: -0.3244389760743498
