Model: GRU
MSE: 7.969321383955381
MAE: 1.8460767433561127
EVS: 0.45189097576314896
