Model: GRU
MSE: 12.909173531153979
MAE: 2.6443894484947466
EVS: 0.0692726015468722
