Model: GRU
MSE: 8.569467056582635
MAE: 1.8565019245805412
EVS: 0.3986540956714606
