Model: GRU
MSE: 7.513052134603319
MAE: 1.6602362928719356
EVS: 0.4462449978338915
