Model: GRU
MSE: 7.4123610273962175
MAE: 1.715604428587289
EVS: 0.47599070386757536
