Model: GRU
MSE: 8.392017064712087
MAE: 1.9560338793129757
EVS: 0.46213691428325376
