Model: GRU
MSE: 10.732600480638986
MAE: 2.2884193227208893
EVS: 0.2856958622950164
