Model: GRU
MSE: 9.380403656310776
MAE: 2.2384530593608987
EVS: 0.48496049041609957
