Model: GRU
MSE: 8.93770149515378
MAE: 2.114824385478579
EVS: 0.4123269500905058
