Model: GRU
MSE: 348.8063910788677
MAE: 18.266141751716876
EVS: -0.1390560361095452
