Model: GRU
MSE: 10.75919963720617
MAE: 2.278507869819115
EVS: 0.30925745885274236
