Model: GRU
MSE: 8.508344770934045
MAE: 1.800425961099822
EVS: 0.39681876460648513
