Model: GRU
MSE: 8.423719727406441
MAE: 1.774842767879881
EVS: 0.39296538965226246
