Model: GRU
MSE: 9.72682455147084
MAE: 2.141185238443572
EVS: 0.3339643788534682
