Model: GRU
MSE: 8.01010021139629
MAE: 1.6615736525634242
EVS: 0.4010838717124715
