Model: GRU
MSE: 7.387706983443035
MAE: 1.7364962142089317
EVS: 0.47211823885850224
