Model: GRU
MSE: 8.232658148354146
MAE: 1.8178165739980237
EVS: 0.40988275890519144
