Model: GRU
MSE: 8.00676509137038
MAE: 1.7849423659258878
EVS: 0.408414174941207
