Model: GRU
MSE: 7.854878694713731
MAE: 1.6993635605121484
EVS: 0.4255977683945539
