Model: GRU
MSE: 8.031564171187291
MAE: 1.7610954703955815
EVS: 0.4107464134244555
