Model: GRU
MSE: 7.677269071918478
MAE: 1.734493872215008
EVS: 0.43841390364283916
