Model: GRU
MSE: 10.527580524251789
MAE: 2.3401847707814185
EVS: 0.36541780219518205
