Model: GRU
MSE: 7.888343915001841
MAE: 1.7710166141904635
EVS: 0.4460215763262456
