Model: GRU
MSE: 9.446615844321801
MAE: 2.180346731481881
EVS: 0.420912733875074
