Model: GRU
MSE: 8.02148386636298
MAE: 1.794761246648328
EVS: 0.4282544506436773
