Model: GRU
MSE: 2376.089825000025
MAE: 48.625702233150086
EVS: 0.1257848720088406
