Model: GRU
MSE: 8.276135904538075
MAE: 1.7882966090892922
EVS: 0.3898997938548163
