Model: GRU
MSE: 8.649535130018505
MAE: 1.718129383078937
EVS: 0.354493039116374
