Model: GRU
MSE: 8.096264519450969
MAE: 1.6712412875274134
EVS: 0.404205056358542
