Model: GRU
MSE: 7.975354684568893
MAE: 1.7517362257529951
EVS: 0.4242847305930668
