Model: GRU
MSE: 1224.496358510895
MAE: 34.714750947623415
EVS: -0.4568432885575011
