Model: GRU
MSE: 18.381431472481495
MAE: 3.734265483658889
EVS: -0.018717593981463665
