Model: GRU
MSE: 9.707287917654527
MAE: 1.8548766970634463
EVS: 0.28339112039552916
