Model: GRU
MSE: 745.8232235355764
MAE: 27.030467625322014
EVS: -0.14075373820428294
