Model: GRU
MSE: 7.557846920537286
MAE: 1.790919164131428
EVS: 0.4430777407103197
