Model: GRU
MSE: 10.018466695988572
MAE: 2.083928642601802
EVS: 0.34701624846974455
