Model: GRU
MSE: 371.64542528588083
MAE: 18.843526412700786
EVS: -0.24522249872123347
