Model: GRU
MSE: 7.569119030413176
MAE: 1.5954987016217463
EVS: 0.4311970931901209
