Model: GRU
MSE: 9.361761574186348
MAE: 2.197683498777192
EVS: 0.4473018191651902
