Model: GRU
MSE: 9.01357223462909
MAE: 2.097160927180586
EVS: 0.4581635264469628
