Model: GRU
MSE: 825.7219542529931
MAE: 28.511758672780005
EVS: 0.037794106025389795
