Model: GRU
MSE: 7.753958317632008
MAE: 1.689073965467256
EVS: 0.42485762825057616
