Model: GRU
MSE: 7.280132926202563
MAE: 1.5578904727409626
EVS: 0.45373527574515615
