Model: GRU
MSE: 340.81827782586976
MAE: 18.091571758533345
EVS: -0.015702295090419316
