Model: GRU
MSE: 7.867156987538465
MAE: 1.7225580873160526
EVS: 0.42148828371588154
