Model: GRU
MSE: 8.381194471659938
MAE: 1.6927694657753254
EVS: 0.37534134924554996
