Model: GRU
MSE: 8.117150018095732
MAE: 1.725997094450326
EVS: 0.39044334813162374
