Model: GRU
MSE: 165.83648795511334
MAE: 12.304120557061557
EVS: -0.08573898776437305
