Model: GRU
MSE: 8.880406221475498
MAE: 1.8850947721251126
EVS: 0.36116219083556156
