Model: GRU
MSE: 13.194250682342927
MAE: 2.800507734561789
EVS: 0.32295632619501147
