Model: GRU
MSE: 7.7841219370192825
MAE: 1.5766779862601183
EVS: 0.42004739768363586
