Model: GRU
MSE: 752.0953845826772
MAE: 27.079830592019217
EVS: -0.25733431467272494
