Model: GRU
MSE: 9.007114716251333
MAE: 1.9508097767829895
EVS: 0.40882673696800564
