Model: GRU
MSE: 9.120188729978242
MAE: 1.9296841415865669
EVS: 0.33137781427572766
