Model: GRU
MSE: 9.141646688993593
MAE: 2.0329174748782455
EVS: 0.4190690704371788
