Model: GRU
MSE: 7.55783542256315
MAE: 1.7841066080948402
EVS: 0.4675249804596352
