Model: GRU
MSE: 9.048433906154859
MAE: 1.9333176746450622
EVS: 0.38620021348297084
