Model: GRU
MSE: 8.893143580359817
MAE: 1.962391368274031
EVS: 0.3952945483051128
