Model: GRU
MSE: 8.117115610400031
MAE: 1.6262131312797812
EVS: 0.39038220938886736
