Model: GRU
MSE: 817.5172711463065
MAE: 28.36467427220838
EVS: 0.025696383059063965
