Model: GRU
MSE: 8.343456970478034
MAE: 1.7920991552287138
EVS: 0.4121075103936871
