Model: GRU
MSE: 8.786727633695245
MAE: 2.0497073387277536
EVS: 0.4352413361246754
