Model: GRU
MSE: 7.263052241812743
MAE: 1.6541168936367696
EVS: 0.4609610494560604
