Model: GRU
MSE: 145.6937566124865
MAE: 11.524953912044394
EVS: 0.03271140391110772
