Model: GRU
MSE: 744.8239274705501
MAE: 26.987239048398774
EVS: -0.24115755730849808
