Model: GRU
MSE: 11.15196088048073
MAE: 2.462318580726097
EVS: 0.33854129047553017
