Model: GRU
MSE: 7.742388804992025
MAE: 1.7263991051706777
EVS: 0.4376229714536759
