Model: GRU
MSE: 7.598387079342593
MAE: 1.7494826727900015
EVS: 0.45373064012683684
