Model: GRU
MSE: 14.12305600267368
MAE: 2.8605979393268455
EVS: -0.027783263429164817
