Model: GRU
MSE: 9.053541038817322
MAE: 1.864387767068271
EVS: 0.35365808708624114
