Model: GRU
MSE: 8.967242101086532
MAE: 1.7705938117257483
EVS: 0.3375683713309918
