Model: GRU
MSE: 9.384340616928583
MAE: 2.118174832442711
EVS: 0.41915754501476465
