Model: GRU
MSE: 7.569116153564851
MAE: 1.7265972433419066
EVS: 0.445121803441655
