Model: GRU
MSE: 7.156076639262815
MAE: 1.763119722234792
EVS: 0.4953497663931091
