Model: GRU
MSE: 7.950928568588464
MAE: 1.6426046511222578
EVS: 0.40243041193624185
