Model: GRU
MSE: 8.582964587403696
MAE: 1.899154515101992
EVS: 0.43817881077136833
