Model: GRU
MSE: 9.129413465665078
MAE: 1.977309358531031
EVS: 0.37681940524887103
