Model: GRU
MSE: 7.679711593202988
MAE: 1.6613866707374312
EVS: 0.4270254011607152
