Model: GRU
MSE: 8.338632588958216
MAE: 1.8789443969726562
EVS: 0.39916599666774377
