Model: GRU
MSE: 337.82172731049343
MAE: 18.03588709337958
EVS: 0.058318713114170806
