Model: GRU
MSE: 7.910152832219739
MAE: 1.8267258940071895
EVS: 0.43541559555354226
