Model: GRU
MSE: 8.09666754165014
MAE: 1.6154846322947538
EVS: 0.39641542935643415
