Model: GRU
MSE: 8.130873803543151
MAE: 1.888775418544638
EVS: 0.4455673907623403
