Model: GRU
MSE: 8.163310535358548
MAE: 1.7666029765688143
EVS: 0.4035141848015579
