Model: GRU
MSE: 824.1441179302072
MAE: 28.432277843869965
EVS: -0.18379596992200797
