Model: GRU
MSE: 15.827134358918086
MAE: 3.337302175061456
EVS: 0.00023347000835205467
