Model: GRU
MSE: 10.473960492189745
MAE: 2.3547691147902916
EVS: 0.3490258900711014
