Model: GRU
MSE: 155.81927843083952
MAE: 11.89950600985823
EVS: -0.06889718142725831
