Model: GRU
MSE: 8.537697029591813
MAE: 1.8848720830062342
EVS: 0.42017384056701546
