Model: GRU
MSE: 7.677206292616137
MAE: 1.586256499948173
EVS: 0.4229932702824719
