Model: GRU
MSE: 7.597169374113181
MAE: 1.584368730413503
EVS: 0.4311019344139211
