Model: GRU
MSE: 7.566674974786649
MAE: 1.7463914690346554
EVS: 0.46871431368088157
