Model: GRU
MSE: 11.801059375962538
MAE: 2.4705127724285783
EVS: 0.2818469193417833
