Model: GRU
MSE: 7.724568958306757
MAE: 1.6483884926499994
EVS: 0.4307716839050224
