Model: GRU
MSE: 9.022494816312811
MAE: 2.1513065305249444
EVS: 0.40309920016207335
