Model: GRU
MSE: 9.155263788974935
MAE: 1.9457537059126229
EVS: 0.3474640321095571
