Model: GRU
MSE: 532.4657073702041
MAE: 22.76301836145335
EVS: -0.0756368538183303
