Model: GRU
MSE: 7.715062095776555
MAE: 1.7350065954800313
EVS: 0.46841798636169174
