Model: GRU
MSE: 8.694675366532056
MAE: 1.9837619025131752
EVS: 0.423882993982147
