Model: GRU
MSE: 269.97253500275826
MAE: 15.970920776498728
EVS: -0.12009749303275719
