Model: GRU
MSE: 8.791478208327641
MAE: 2.048365539517896
EVS: 0.444554863913484
