Model: GRU
MSE: 8.002079382245928
MAE: 1.8675048803461012
EVS: 0.4567716868813496
