Model: GRU
MSE: 10.36932177072631
MAE: 2.2710750031060187
EVS: 0.42419020187361167
