Model: GRU
MSE: 352.2737866701323
MAE: 18.427665858433166
EVS: 0.04581054884814684
