Model: GRU
MSE: 8.592490157279178
MAE: 1.9365643715036327
EVS: 0.3797026742175694
