Model: GRU
MSE: 8372.739586177742
MAE: 91.43021629596579
EVS: 0.0037029310215390687
