Model: GRU
MSE: 8.02785252152668
MAE: 1.6982493195040476
EVS: 0.4459418523928351
