Model: GRU
MSE: 8.626865531196602
MAE: 1.8737809308644002
EVS: 0.39911396232566476
