Model: GRU
MSE: 8.130347700472488
MAE: 1.6552545736575952
EVS: 0.39144268963133744
