Model: GRU
MSE: 7.899648347073493
MAE: 1.6945870785877621
EVS: 0.41205448823747926
