Model: GRU
MSE: 1439.2213345326804
MAE: 37.76321851796117
EVS: 0.010803781615051578
