Model: GRU
MSE: 319.9897843406075
MAE: 17.48199559902323
EVS: -0.08006484546804638
