Model: GRU
MSE: 11.123338852666935
MAE: 2.5291200999555916
EVS: 0.364344845170691
