Model: GRU
MSE: 8.731946452764623
MAE: 1.9732937483951962
EVS: 0.4327519451535945
