Model: GRU
MSE: 8.624464547153314
MAE: 1.973344087600708
EVS: 0.40009846548262207
