Model: GRU
MSE: 8.336771622351135
MAE: 1.7637110701922714
EVS: 0.38793486901585594
