Model: GRU
MSE: 9.045990528458105
MAE: 1.9688104452758
EVS: 0.3537972941197409
