Model: GRU
MSE: 18.127197163406013
MAE: 3.7004017172188592
EVS: 0.48229541193023884
