Model: GRU
MSE: 194.4142269461729
MAE: 13.39019539438445
EVS: -0.1362327340427385
