Model: GRU
MSE: 1442.9242737901059
MAE: 37.79985641611034
EVS: -0.05943366220503754
