Model: GRU
MSE: 9.01026731351772
MAE: 2.0728868040545234
EVS: 0.43902058803810795
