Model: GRU
MSE: 10.88614723440229
MAE: 2.590101723013253
EVS: 0.4488940589340469
