Model: GRU
MSE: 8.55460984682063
MAE: 1.8768416930889265
EVS: 0.4078901914090015
