Model: GRU
MSE: 7.324010051005931
MAE: 1.5999399341385943
EVS: 0.4495074808185887
