Model: GRU
MSE: 9.149247210009243
MAE: 2.0638271919612228
EVS: 0.4135010398293779
