Model: GRU
MSE: 11.854418645472844
MAE: 2.6018949911512177
EVS: 0.41393503333533166
