Model: GRU
MSE: 917.5135146848838
MAE: 30.05318618642873
EVS: -0.07629921233932802
