Model: GRU
MSE: 8.277631239558014
MAE: 1.8231076454294142
EVS: 0.4220682220762032
