Model: GRU
MSE: 9.257186784548965
MAE: 2.197427613981839
EVS: 0.46386011264047644
