Model: GRU
MSE: 8.706428314812527
MAE: 1.8359624764014935
EVS: 0.3623971285031241
