Model: GRU
MSE: 8.076095692387428
MAE: 1.7924331878793651
EVS: 0.421291629791425
