Model: GRU
MSE: 7.155069525912061
MAE: 1.6175328698651545
EVS: 0.4854929982526113
