Model: GRU
MSE: 8.756259636987716
MAE: 1.944552446233815
EVS: 0.38822771023987357
