Model: GRU
MSE: 8.424112636338943
MAE: 1.7764416933059692
EVS: 0.3965567661727749
