Model: GRU
MSE: 8.199011875291788
MAE: 1.7410240995472877
EVS: 0.4168775736685526
