Model: GRU
MSE: 8.232248063646269
MAE: 1.6222589981967008
EVS: 0.38529711850995374
