Model: GRU
MSE: 8.671546334569516
MAE: 1.907997439647543
EVS: 0.39012416363729174
