Model: GRU
MSE: 181.4837818063867
MAE: 12.91233440925335
EVS: -0.10906184702018207
