Model: GRU
MSE: 8.725524202981932
MAE: 2.064090132713318
EVS: 0.4687982008629791
