Model: GRU
MSE: 8.714517152065822
MAE: 1.6857264905140317
EVS: 0.34505559225550153
