Model: GRU
MSE: 7.104913857634059
MAE: 1.7023287148311224
EVS: 0.46806805251229344
