Model: GRU
MSE: 171.41301238791254
MAE: 12.5342818786358
EVS: -0.07519246912317201
