Model: GRU
MSE: 7.989903549369941
MAE: 1.752048311562374
EVS: 0.4340796799666391
