Model: GRU
MSE: 8.428826388878173
MAE: 1.7464215549929392
EVS: 0.3855804166369201
