Model: GRU
MSE: 9.563335975253342
MAE: 2.207758829511445
EVS: 0.40373245118835455
