Model: GRU
MSE: 8.61882099578437
MAE: 1.8078541652909643
EVS: 0.3683221548211484
