Model: GRU
MSE: 8.167101217692089
MAE: 1.740440685173561
EVS: 0.4040356092566765
