Model: GRU
MSE: 7.336678246274887
MAE: 1.5951302051544192
EVS: 0.44872547190655765
