Model: GRU
MSE: 7.577143809213634
MAE: 1.5987398994380033
EVS: 0.43466323161252773
