Model: GRU
MSE: 151.68386069189037
MAE: 11.754729324373706
EVS: -0.015468543157206138
