Model: GRU
MSE: 13.555831027620632
MAE: 2.951516430953453
EVS: 0.328629029114873
