Model: GRU
MSE: 8.085969645235505
MAE: 1.6243244738414373
EVS: 0.39241213536791764
