Model: GRU
MSE: 8.371511561458576
MAE: 1.8298123910509307
EVS: 0.4216807376194216
