Model: GRU
MSE: 8.85967067428131
MAE: 2.2109369162855477
EVS: 0.49785332220489875
