Model: GRU
MSE: 8.702702806143721
MAE: 1.9001982582026515
EVS: 0.38478515082624953
