Model: GRU
MSE: 8.916282095941385
MAE: 1.913453776260902
EVS: 0.3717379131143389
