Model: GRU
MSE: 857.7935782417711
MAE: 29.060579595894648
EVS: 0.002112664452196711
