Model: GRU
MSE: 8.652957417323922
MAE: 1.709831671468143
EVS: 0.356421171232563
