Model: GRU
MSE: 9.189770954435618
MAE: 2.0901887334626297
EVS: 0.3793246359173439
