Model: GRU
MSE: 156.67080943853952
MAE: 11.88536863491453
EVS: -0.15817491969464914
