Model: GRU
MSE: 7.609652822212208
MAE: 1.6654868084808876
EVS: 0.42909221403103925
