Model: GRU
MSE: 2029.3707703847142
MAE: 44.90429213951374
EVS: 0.02473480218735913
