Model: GRU
MSE: 7.771060320724285
MAE: 1.680818639952561
EVS: 0.4184548580458969
