Model: GRU
MSE: 10.106129357080723
MAE: 2.356252177008267
EVS: 0.4345027746953902
