Model: GRU
MSE: 7.3628076826152515
MAE: 1.638855025686067
EVS: 0.44899176990692
