Model: GRU
MSE: 8.676371582820178
MAE: 1.8738958054575428
EVS: 0.36539165397980866
