Model: GRU
MSE: 7.627090055287105
MAE: 1.6230996641619455
EVS: 0.4268713881926174
