Model: GRU
MSE: 8.046569104011617
MAE: 1.6442521646105013
EVS: 0.39569149297922734
