Model: GRU
MSE: 9.53729840067123
MAE: 2.13635489036297
EVS: 0.37605152275012677
