Model: GRU
MSE: 9.978819553391896
MAE: 2.3442671298980713
EVS: 0.41585995817920807
