Model: GRU
MSE: 11.466623721250663
MAE: 2.5810545641800453
EVS: 0.3254142167809283
