Model: GRU
MSE: 9.291335189314388
MAE: 2.058683966768199
EVS: 0.3876611823369458
