Model: GRU
MSE: 7.376185673607146
MAE: 1.5700885961795679
EVS: 0.44558701158740366
