Model: GRU
MSE: 11.873209870750179
MAE: 2.8057825853084695
EVS: 0.49625237007007783
