Model: GRU
MSE: 1972.7158749569533
MAE: 44.22188311609729
EVS: -0.28836544571427636
