Model: GRU
MSE: 9.383276052390444
MAE: 1.9350482307631396
EVS: 0.3117235143361483
