Model: GRU
MSE: 16.88110941234595
MAE: 3.4374339498322586
EVS: 0.2951078834148093
