Model: GRU
MSE: 142.1696508580473
MAE: 11.35072681205026
EVS: -0.0019731947937060568
