Model: GRU
MSE: 9.644048165479528
MAE: 2.238993706374333
EVS: 0.3873285492537487
