Model: GRU
MSE: 9.88692839595909
MAE: 2.395831527381108
EVS: 0.41922373437626215
