Model: GRU
MSE: 7.728007939087564
MAE: 1.6729622462700156
EVS: 0.43295588850120403
