Model: GRU
MSE: 7.867365639516246
MAE: 1.7920417703431228
EVS: 0.442529683816139
