Model: GRU
MSE: 8.43777506559447
MAE: 1.7343633503749454
EVS: 0.3687571062895939
