Model: GRU
MSE: 9.051614413935203
MAE: 2.1076512254517654
EVS: 0.41667250851424686
