Model: GRU
MSE: 9.52495536436482
MAE: 2.2528115839793763
EVS: 0.4757847691465372
