Model: GRU
MSE: 155.66862638246164
MAE: 11.899240575987717
EVS: -0.058048510302057155
