Model: GRU
MSE: 8.382187291705485
MAE: 1.7674086176115893
EVS: 0.4014379343075112
