Model: GRU
MSE: 2251.9596325108473
MAE: 47.263529021164466
EVS: -0.36183951355306365
