Model: GRU
MSE: 8.102494812805068
MAE: 1.8179561187481057
EVS: 0.4549325825334074
