Model: GRU
MSE: 7.923207406111684
MAE: 1.7272526971225084
EVS: 0.4098514325192629
