Model: GRU
MSE: 7.770641922230558
MAE: 1.6171690348921153
EVS: 0.4161253294774777
