Model: GRU
MSE: 7.0159290603641065
MAE: 1.6305235336566797
EVS: 0.47341293290874864
