Model: GRU
MSE: 8.527272336541493
MAE: 2.023429015587116
EVS: 0.45946853577200364
