Model: GRU
MSE: 297.37638300689935
MAE: 16.752450013982838
EVS: -0.25761418283105786
