Model: GRU
MSE: 9.9613285854355
MAE: 2.158959092765019
EVS: 0.37125640628355405
