Model: GRU
MSE: 9.938209654566565
MAE: 2.342836256684928
EVS: 0.4316605127761213
