Model: GRU
MSE: 4083.79073676198
MAE: 63.79156073208513
EVS: -0.08441693292815766
