Model: GRU
MSE: 725.9980928414428
MAE: 26.62408236799569
EVS: -0.2895231289612781
