Model: GRU
MSE: 395.81735712115744
MAE: 19.479686112239442
EVS: -0.22960724832493695
