Model: GRU
MSE: 7.569421450267886
MAE: 1.6134054825223727
EVS: 0.438290462364474
