Model: GRU
MSE: 7.465204194043905
MAE: 1.815193579114717
EVS: 0.48609160310739463
