Model: GRU
MSE: 10.914969539928753
MAE: 2.3744352192714295
EVS: 0.3287046366293527
