Model: GRU
MSE: 14.44928558522726
MAE: 3.0825944440118196
EVS: -0.05481477221842268
