Model: GRU
MSE: 8.923488669933864
MAE: 1.7760082565504929
EVS: 0.32934424569434473
