Model: GRU
MSE: 9.632232924244688
MAE: 1.9710834581276468
EVS: 0.3150458917131683
