Model: GRU
MSE: 11.392561547702492
MAE: 2.4973985038954636
EVS: 0.3130591800075133
