Model: GRU
MSE: 10.60499599632944
MAE: 2.5717219977543273
EVS: 0.49007474251256167
