Model: GRU
MSE: 146.0011410329151
MAE: 11.467249603107058
EVS: -0.09011515674824233
