Model: GRU
MSE: 152.18420927589878
MAE: 11.726524895635144
EVS: -0.10285497072340521
