Model: GRU
MSE: 8.029835667843452
MAE: 1.6632946606340082
EVS: 0.41522981219246025
