Model: GRU
MSE: 8.652663482101262
MAE: 1.792870274905501
EVS: 0.3503713112326603
