Model: GRU
MSE: 148.74172388899055
MAE: 11.58178085294263
EVS: -0.0976877337940012
