Model: GRU
MSE: 11.093207879815873
MAE: 2.5355290462230813
EVS: 0.3926536298864739
