Model: GRU
MSE: 7.964852008904068
MAE: 1.715515029841456
EVS: 0.4062477178121442
