Model: GRU
MSE: 7.653660173827606
MAE: 1.7265641607087236
EVS: 0.4564505494126959
