Model: GRU
MSE: 9.368275539672052
MAE: 2.326645485286055
EVS: 0.48625411399072305
