Model: GRU
MSE: 10.189632069841682
MAE: 2.0890518858514984
EVS: 0.29382560127943325
