Model: GRU
MSE: 159.2497673429743
MAE: 12.08808135164195
EVS: 0.013254483600875111
