Model: GRU
MSE: 9.590189114034215
MAE: 2.11098824287283
EVS: 0.3518533892672959
