Model: GRU
MSE: 8.150931958694494
MAE: 1.7708125936573949
EVS: 0.4170156338875377
