Model: GRU
MSE: 175.94901732879418
MAE: 12.7530482185298
EVS: -0.00032913475458729025
