Model: GRU
MSE: 348.48840303357343
MAE: 18.236246996912463
EVS: -0.19717530069602796
