Model: GRU
MSE: 7.930263582459059
MAE: 1.7774103427755423
EVS: 0.44471157995799426
