Model: GRU
MSE: 9.825497555584466
MAE: 2.025122356414795
EVS: 0.359303080640326
