Model: GRU
MSE: 9.073174298957207
MAE: 2.1613072855719206
EVS: 0.45742404983711227
