Model: GRU
MSE: 167.0024620886972
MAE: 12.346970327969256
EVS: -0.09398291762640842
