Model: GRU
MSE: 147.91562344858642
MAE: 11.553592986073987
EVS: -0.08461208897779482
