Model: GRU
MSE: 9.545873601844955
MAE: 1.9982402612423074
EVS: 0.31705544495390847
