Model: GRU
MSE: 2882.9137036812085
MAE: 53.56333390597639
EVS: -0.04348674531700669
