Model: GRU
MSE: 5848.390032852523
MAE: 76.37949147717706
EVS: -0.09462396357517733
