Model: GRU
MSE: 641.3882084670836
MAE: 24.98127245080882
EVS: -0.30214333790886827
