Model: GRU
MSE: 862.408472077366
MAE: 29.08561397420949
EVS: -0.23534563063317848
