Model: GRU
MSE: 161.55169108663264
MAE: 12.175268148553782
EVS: -0.0007619339039002249
