Model: GRU
MSE: 522.0618803553605
MAE: 22.506380969080432
EVS: -0.16688438298406938
