Model: GRU
MSE: 715.8617726364341
MAE: 26.469207204621412
EVS: -0.14569940321806607
