Model: GRU
MSE: 8.528921678958188
MAE: 1.9222872113359388
EVS: 0.4231821379277949
