Model: GRU
MSE: 9.411621216937862
MAE: 1.9597063105681847
EVS: 0.29980199792003737
