Model: GRU
MSE: 8.660862025955247
MAE: 1.8530162737287323
EVS: 0.40726476298712666
