Model: GRU
MSE: 8.957194997714994
MAE: 1.9143413634135806
EVS: 0.3640613755720502
