Model: GRU
MSE: 13.53910433805457
MAE: 2.8348381437104324
EVS: 2.220446049250313e-16
