Model: GRU
MSE: 8.82254037186574
MAE: 1.8565303087234497
EVS: 0.38821743645869455
