Model: GRU
MSE: 7.500522513707363
MAE: 1.6026137532859015
EVS: 0.44881249238325494
