Model: GRU
MSE: 8282.251501266828
MAE: 90.93535429855874
EVS: 0.021914529958038553
