Model: GRU
MSE: 10.421486740725678
MAE: 2.518844431844251
EVS: 0.48836759128695806
