Model: GRU
MSE: 10.737732029042954
MAE: 1.9665198377200535
EVS: 0.28833219957075396
