Model: GRU
MSE: 1011.4693636844022
MAE: 31.447067523824757
EVS: -0.6950263553864942
