Model: GRU
MSE: 7.114640160273128
MAE: 1.6246080974052695
EVS: 0.4757158241571402
