Model: GRU
MSE: 9.349851034112469
MAE: 1.8435451655552304
EVS: 0.3076670502985017
