Model: GRU
MSE: 11.99496565570887
MAE: 2.475960809608986
EVS: 0.25819109957721564
