Model: GRU
MSE: 8.636224178324385
MAE: 1.842060216541948
EVS: 0.374201666154662
