Model: GRU
MSE: 8.325661113624646
MAE: 1.706001684583467
EVS: 0.3767803515002832
