Model: GRU
MSE: 153.68275046299937
MAE: 11.769773237664124
EVS: -0.13911104136628194
