Model: GRU
MSE: 8.84209405310295
MAE: 1.9401063877960731
EVS: 0.38324940390500106
