Model: GRU
MSE: 9.815495282208424
MAE: 2.253996495542855
EVS: 0.3402416879582334
