Model: GRU
MSE: 8.142478654719344
MAE: 1.8024809935997272
EVS: 0.4131960871126158
