Model: GRU
MSE: 396.4546676482126
MAE: 19.546241365630053
EVS: -0.08228230055507746
