Model: GRU
MSE: 178.66116900946062
MAE: 12.82441312691261
EVS: -0.0669851678554616
