Model: GRU
MSE: 7.92950163396968
MAE: 1.6515586211763582
EVS: 0.40550609356242195
