Model: GRU
MSE: 680.4307441955896
MAE: 25.64803149782378
EVS: -0.6993795504115192
