Model: GRU
MSE: 1638.4188717049356
MAE: 40.30855876001819
EVS: -0.025146784723977467
