Model: GRU
MSE: 12.203854053103877
MAE: 2.690663851540664
EVS: 0.35938644710957834
