Model: GRU
MSE: 18.804218352213685
MAE: 3.705531597137451
EVS: 0.004100267786232847
