Model: GRU
MSE: 8.457441915960253
MAE: 1.8184692736329706
EVS: 0.39445074410721437
