Model: GRU
MSE: 8.507182768391674
MAE: 1.7546586497076626
EVS: 0.3706772454087428
