Model: GRU
MSE: 5153.661209821213
MAE: 71.68773532735891
EVS: -0.09210591798071355
