Model: GRU
MSE: 8.143161197096715
MAE: 1.7912513264294332
EVS: 0.4280732184880537
