Model: GRU
MSE: 8.106797975599303
MAE: 1.6225639540573649
EVS: 0.39116526449669786
