Model: GRU
MSE: 8.576678780703451
MAE: 1.8411625377063094
EVS: 0.38532683837014203
