Model: GRU
MSE: 3028.31119168272
MAE: 54.905413528968545
EVS: -0.030242429999562725
