Model: GRU
MSE: 8.175244585507091
MAE: 1.825312234204391
EVS: 0.4292875013805405
