Model: GRU
MSE: 7.59809043687157
MAE: 1.7753464682348845
EVS: 0.4448473262651961
