Model: GRU
MSE: 13.430022504669036
MAE: 3.004696747352337
EVS: 0.0
