Model: GRU
MSE: 7.911357887669793
MAE: 1.6530606541140327
EVS: 0.40654541151624735
