Model: GRU
MSE: 9.869946063610252
MAE: 2.4453660619669946
EVS: 0.48588489319279227
