Model: GRU
MSE: 8.964707044785557
MAE: 2.093255244452378
EVS: 0.4074522712968347
