Model: GRU
MSE: 247.36766932705422
MAE: 15.302624579133658
EVS: 0.00804615097667205
