Model: GRU
MSE: 192.49674988202912
MAE: 13.375617142381339
EVS: -0.02143775204324405
