Model: GRU
MSE: 12.275791765053162
MAE: 2.7765836273801736
EVS: 0.4463194254975402
