Model: GRU
MSE: 241.92144806047872
MAE: 15.070831323492117
EVS: -0.11177443613499971
