Model: GRU
MSE: 9.410650449952296
MAE: 2.241668867653814
EVS: 0.44377212905620955
