Model: GRU
MSE: 8.019426063392734
MAE: 1.7637532497274466
EVS: 0.4301071170552767
