Model: GRU
MSE: 9.129396983453374
MAE: 2.0009606007871956
EVS: 0.4150185329481668
