Model: GRU
MSE: 11.896450038999241
MAE: 2.806165867838366
EVS: 0.48562370208679284
