Model: GRU
MSE: 8.88790303613765
MAE: 2.192712960572078
EVS: 0.4983959519351542
