Model: GRU
MSE: 16.929290190419117
MAE: 3.550334930419922
EVS: 0.07005269691179106
