Model: GRU
MSE: 12.042525809658102
MAE: 2.7193983320532173
EVS: 0.4459222246834629
