Model: GRU
MSE: 272.6561632501756
MAE: 16.062038709377422
EVS: -0.10242297833619718
