Model: GRU
MSE: 876.3369091835752
MAE: 29.34446324973271
EVS: -0.1454395773925019
