Model: GRU
MSE: 7.8475100250709415
MAE: 1.799788647684558
EVS: 0.4663228248711482
