Model: GRU
MSE: 8.368586961702732
MAE: 1.8743665095033317
EVS: 0.4212246837029
