Model: GRU
MSE: 8.851064101415316
MAE: 1.973551108919341
EVS: 0.42558391830829845
