Model: GRU
MSE: 8.272329764407536
MAE: 1.7157253849095313
EVS: 0.40587281265962905
