Model: GRU
MSE: 7.200857363816235
MAE: 1.5733179799441637
EVS: 0.470802728163915
