Model: GRU
MSE: 15.657043433694357
MAE: 3.273335136216262
EVS: 0.3170940843826072
