Model: GRU
MSE: 11.886158428033017
MAE: 2.630856649629001
EVS: 0.34497046383039176
