Model: GRU
MSE: 9.223482080513884
MAE: 2.270819121393664
EVS: 0.48031114087172255
