Model: GRU
MSE: 10.309742788859754
MAE: 2.360961912007167
EVS: 0.43161290279775655
