Model: GRU
MSE: 3250.18573418505
MAE: 56.85051996954556
EVS: -0.368277714751329
