Model: GRU
MSE: 10.541969067460432
MAE: 2.435595524722132
EVS: 0.4029394523274554
