Model: GRU
MSE: 1370.3673182584198
MAE: 36.83478161384319
EVS: -0.019676362998862107
