Model: GRU
MSE: 174.89465396080513
MAE: 12.651085269862207
EVS: -0.11577342729995577
