Model: GRU
MSE: 8.629687733037153
MAE: 1.7092988562994993
EVS: 0.353321499846583
