Model: GRU
MSE: 7.845534467552394
MAE: 1.6297892455396983
EVS: 0.4111501875957775
