Model: GRU
MSE: 366.17490337773415
MAE: 18.77942519352354
EVS: -0.015310217784622049
