Model: GRU
MSE: 7.471974459806112
MAE: 1.7341404536674765
EVS: 0.4532784780324235
