Model: GRU
MSE: 8.168536214539845
MAE: 1.7408463790498934
EVS: 0.38754660476960956
