Model: GRU
MSE: 9.014434350073643
MAE: 2.133117443528669
EVS: 0.44991827271487583
