Model: GRU
MSE: 8.843365051300985
MAE: 1.9569509933734763
EVS: 0.39948645506722114
