Model: GRU
MSE: 9.815533894770585
MAE: 2.3406177882490486
EVS: 0.4319289537702512
