Model: GRU
MSE: 21.70928038860411
MAE: 4.006083241824446
EVS: 2.220446049250313e-16
