Model: GRU
MSE: 158.30551121071582
MAE: 12.000900235669366
EVS: -0.07362265527703071
