Model: GRU
MSE: 4408.034601489431
MAE: 66.26564459965147
EVS: -0.27017737637481587
