Model: GRU
MSE: 7.724626621448147
MAE: 1.750989420660611
EVS: 0.45086486008720983
