Model: GRU
MSE: 7.290138302184818
MAE: 1.5753203959300603
EVS: 0.4529199854302606
