Model: GRU
MSE: 9.688550248642889
MAE: 2.15542000326617
EVS: 0.41947559491447806
