Model: GRU
MSE: 8.584509917828672
MAE: 1.886121832091233
EVS: 0.3975257542565892
