Model: GRU
MSE: 7.806554008588781
MAE: 1.6117510117333513
EVS: 0.4199938184066567
