Model: GRU
MSE: 9.330012841641551
MAE: 1.7975766103843165
EVS: 0.3277541403208477
