Model: GRU
MSE: 8.911664154564207
MAE: 1.8960674055691422
EVS: 0.3728443163762216
