Model: GRU
MSE: 696.0052889845239
MAE: 26.064823413717335
EVS: -0.24998271179299159
