Model: GRU
MSE: 8.657932031236978
MAE: 1.8397934930077915
EVS: 0.39865608796759033
