Model: GRU
MSE: 314.30939097640356
MAE: 17.289277981067524
EVS: -0.15677959321500068
