Model: GRU
MSE: 10.405786159256
MAE: 2.291354238986969
EVS: 0.3461172390717101
