Model: GRU
MSE: 9.004245659510207
MAE: 1.9354471173779717
EVS: 0.3574219221232171
