Model: GRU
MSE: 8.415439125329923
MAE: 1.6899669047059687
EVS: 0.3704745273132275
