Model: GRU
MSE: 156.9951555430161
MAE: 11.971988049046747
EVS: -0.02722844961612214
