Model: GRU
MSE: 270.32577025787543
MAE: 16.000329198508428
EVS: -0.07597759455482467
