Model: GRU
MSE: 9.612469709973785
MAE: 2.2695115270285773
EVS: 0.45397662686904483
