Model: GRU
MSE: 8.375688737119448
MAE: 1.800739280108748
EVS: 0.3874159980100865
