Model: GRU
MSE: 8.381458977667188
MAE: 2.055997297681611
EVS: 0.4587804747829056
