Model: GRU
MSE: 12.800418645617528
MAE: 2.808183863245208
EVS: 0.3578496925992384
