Model: GRU
MSE: 7.630709096403434
MAE: 1.6824442271528575
EVS: 0.42679085804025163
