Model: GRU
MSE: 7.539485025828128
MAE: 1.785433839107382
EVS: 0.4619974935424095
