Model: GRU
MSE: 11.863832556063224
MAE: 2.4277578728539604
EVS: 0.2692512750246244
