Model: GRU
MSE: 161.17168546340505
MAE: 12.174077817078295
EVS: 0.02562195735507955
