Model: GRU
MSE: 14.798868737025447
MAE: 3.2972326607539735
EVS: 0.0
