Model: GRU
MSE: 7.545938675950307
MAE: 1.5766027960284006
EVS: 0.43643949076978383
