Model: GRU
MSE: 8.39982950746256
MAE: 1.8218090863063419
EVS: 0.37725670434488534
