Model: GRU
MSE: 8.83812466364192
MAE: 2.1483499962708046
EVS: 0.4495698252928729
