Model: GRU
MSE: 9.221874458528184
MAE: 1.9382831762576926
EVS: 0.33369154134063383
