Model: GRU
MSE: 180.65758963771611
MAE: 12.883759478042865
EVS: -0.10236702699627043
