Model: GRU
MSE: 8.022399161903387
MAE: 1.6227367253139104
EVS: 0.3970214543042151
