Model: GRU
MSE: 9.25474882556962
MAE: 2.1375685889145424
EVS: 0.3995698367964
