Model: GRU
MSE: 149.06217120493002
MAE: 11.58191430568695
EVS: -0.12154120096255094
