Model: GRU
MSE: 11.175778935081325
MAE: 2.635213876592702
EVS: 0.465980423233319
