Model: GRU
MSE: 8.043586784130467
MAE: 1.6630757594930716
EVS: 0.4097604500235539
