Model: GRU
MSE: 10.697850301662003
MAE: 1.9598175525665282
EVS: 0.28388097698183135
