Model: GRU
MSE: 3130.649339007642
MAE: 55.83538699972218
EVS: 0.01845268740080086
