Model: GRU
MSE: 7.964089986106587
MAE: 1.6971384574627058
EVS: 0.41104493877498205
