Model: GRU
MSE: 8.38611603456416
MAE: 1.7168360167536245
EVS: 0.372586687187616
