Model: GRU
MSE: 8.575516820223239
MAE: 1.8866482726458846
EVS: 0.4114307838523954
