Model: GRU
MSE: 139.53761957687965
MAE: 11.235514724049075
EVS: 0.00026841210030670304
