Model: GRU
MSE: 8.902559169710797
MAE: 1.9289991773408037
EVS: 0.4109207248081167
