Model: GRU
MSE: 8.575016504836173
MAE: 1.7349828769420754
EVS: 0.3587436298787763
