Model: GRU
MSE: 130.19020389569513
MAE: 10.744455425903714
EVS: -0.10842142626916385
