Model: GRU
MSE: 7.693437418069945
MAE: 1.7562553307105757
EVS: 0.4654567116644671
