Model: GRU
MSE: 539.3162235061366
MAE: 22.920294071065968
EVS: -0.0505053742852446
