Model: GRU
MSE: 8.492855515529325
MAE: 1.6821747792178188
EVS: 0.36237813388390494
