Model: GRU
MSE: 10.741491550596226
MAE: 2.3428281463425735
EVS: 0.3191526083838532
