Model: GRU
MSE: 1268.0852701547476
MAE: 35.406639756827516
EVS: -0.08649257401691846
