Model: GRU
MSE: 2507.4572400593556
MAE: 49.90785671102589
EVS: -0.2524487512971516
