Model: GRU
MSE: 532.9241108429574
MAE: 22.77133928496262
EVS: -0.08161349076373758
