Model: GRU
MSE: 8.299584655087262
MAE: 2.0048334762967865
EVS: 0.4948994677059797
