Model: GRU
MSE: 7.940200529803997
MAE: 1.9154406333791798
EVS: 0.4864505648224312
