Model: GRU
MSE: 8.216987985443746
MAE: 1.7683672946074915
EVS: 0.4268602674793296
