Model: GRU
MSE: 10.743634644428532
MAE: 2.5876274273313324
EVS: 0.41498677863159983
