Model: GRU
MSE: 308.310980906185
MAE: 17.129486930781397
EVS: -0.11930330768333963
