Model: GRU
MSE: 486.7533123077318
MAE: 21.740526330882105
EVS: -0.06001230180400463
