Model: GRU
MSE: 8.546096493964997
MAE: 2.115040951761706
EVS: 0.48288081803411553
