Model: GRU
MSE: 8.402767209125495
MAE: 1.718774281699082
EVS: 0.37221364853028416
