Model: GRU
MSE: 7.835449996594724
MAE: 1.6988777456612425
EVS: 0.41785000240861314
