Model: GRU
MSE: 7.43530733277914
MAE: 1.575910831319875
EVS: 0.44865664386048143
