Model: GRU
MSE: 7.598361658570437
MAE: 1.6951932865997843
EVS: 0.43965846336691805
