Model: GRU
MSE: 408.30627470891443
MAE: 19.84803765395592
EVS: -0.07946818417092616
