Model: GRU
MSE: 8.32820609391646
MAE: 1.901749586236888
EVS: 0.43808496559199694
