Model: GRU
MSE: 146.01433706769234
MAE: 11.496465493892801
EVS: -0.04067967818142515
