Model: GRU
MSE: 8.738791713387545
MAE: 1.8459296308714768
EVS: 0.37236116538555397
