Model: GRU
MSE: 9.150846346899662
MAE: 1.9696128532804291
EVS: 0.36682676007779214
