Model: GRU
MSE: 9.008729760471585
MAE: 1.8946909246773556
EVS: 0.3798544113476644
