Model: GRU
MSE: 8.055309229239857
MAE: 1.6988951522728495
EVS: 0.3955920204188713
