Model: GRU
MSE: 8.102690323656057
MAE: 1.6537437397858195
EVS: 0.3910007583062314
