Model: GRU
MSE: 8.90300074356786
MAE: 1.9936194830927358
EVS: 0.41995778269846895
