Model: GRU
MSE: 9.088569371217357
MAE: 1.9943697370331863
EVS: 0.3437292049965368
