Model: GRU
MSE: 8.236935020951549
MAE: 1.7037769699918814
EVS: 0.40318185017061337
