Model: GRU
MSE: 7.936651933258721
MAE: 1.7884525759466765
EVS: 0.469367515006496
