Model: GRU
MSE: 3174.1469861276746
MAE: 56.136868904376854
EVS: -0.7136388379430989
