Model: GRU
MSE: 10.197102270368145
MAE: 1.967665832383292
EVS: 0.3512932069380763
