Model: GRU
MSE: 8.423821690834282
MAE: 1.774189967533638
EVS: 0.4009811307446769
