Model: GRU
MSE: 7.164965460054668
MAE: 1.662538396901098
EVS: 0.48473047285232485
