Model: GRU
MSE: 7.569614648686266
MAE: 1.5898586881571806
EVS: 0.4322104785384039
