Model: GRU
MSE: 9.161665807642631
MAE: 1.8664075136184692
EVS: 0.3339938023532386
