Model: GRU
MSE: 7.803661046604001
MAE: 1.7473358368051466
EVS: 0.43301479238872265
