Model: GRU
MSE: 8.275231772670503
MAE: 1.8098962923576092
EVS: 0.41558073681145935
