Model: GRU
MSE: 11.114284250273924
MAE: 2.5622743450362107
EVS: 0.45316327347311247
