Model: GRU
MSE: 9.065268233588865
MAE: 1.9354070219500312
EVS: 0.36088508411878306
