Model: GRU
MSE: 8.602440583499854
MAE: 1.6798193824702299
EVS: 0.36117779673107964
