Model: GRU
MSE: 1011.4328841132823
MAE: 31.580383136354644
EVS: -0.06072318773002805
