Model: GRU
MSE: 9.828503651557787
MAE: 2.363927935731822
EVS: 0.4734580739015106
