Model: GRU
MSE: 8.582473137282097
MAE: 1.894620656967163
EVS: 0.38305118724268417
