Model: GRU
MSE: 8.3410548839254
MAE: 1.6662250346150893
EVS: 0.37325286302402105
