Model: GRU
MSE: 593.3738182911518
MAE: 24.044885421621387
EVS: -0.1437797943733099
