Model: GRU
MSE: 1888.2244085592358
MAE: 43.25259281026906
EVS: -0.3106659730376027
