Model: GRU
MSE: 8.183194401356392
MAE: 1.7643352253683682
EVS: 0.3977150203423293
