Model: GRU
MSE: 4400.84716789028
MAE: 66.19999050271922
EVS: -0.38363443584487333
