Model: GRU
MSE: 8.744007636028662
MAE: 1.9068145710846474
EVS: 0.3899500172740257
