Model: GRU
MSE: 164.3468569759208
MAE: 12.261000752449036
EVS: -0.053389707569126976
