Model: GRU
MSE: 1453.7282417106517
MAE: 37.94355376013394
EVS: -0.053408666569239704
