Model: GRU
MSE: 8.184023615291647
MAE: 1.907972450914054
EVS: 0.4190275521291613
