Model: GRU
MSE: 8.133184023378899
MAE: 1.6554100349031649
EVS: 0.3899925473130966
