Model: GRU
MSE: 7.622454320366328
MAE: 1.6228054720779947
EVS: 0.4273001956436888
