Model: GRU
MSE: 7.801178994859852
MAE: 1.712619991138064
EVS: 0.4409990550341174
