Model: GRU
MSE: 8.298749779280602
MAE: 1.6806355509264719
EVS: 0.37626538304986945
