Model: GRU
MSE: 7.6341238199116255
MAE: 1.781458250407515
EVS: 0.4772894130655675
