Model: GRU
MSE: 8.708259823719164
MAE: 2.0186156404429467
EVS: 0.4240340988912096
