Model: GRU
MSE: 7.770547140697596
MAE: 1.7401787083724451
EVS: 0.441989102079139
