Model: GRU
MSE: 225.356411388138
MAE: 14.59315197221164
EVS: 0.06825355918081843
