Model: GRU
MSE: 7.448697514652886
MAE: 1.598914750691118
EVS: 0.4443731801347768
