Model: GRU
MSE: 8.789837166673818
MAE: 2.0273389734070877
EVS: 0.4328118630885601
