Model: GRU
MSE: 7.600993444996217
MAE: 1.5502045647851355
EVS: 0.4299060753615572
