Model: GRU
MSE: 7.7691582961899375
MAE: 1.70822169451878
EVS: 0.43978341536847987
