Model: GRU
MSE: 9.009162772113818
MAE: 1.8700054678423654
EVS: 0.34393551238144704
