Model: GRU
MSE: 8.054426856984234
MAE: 1.7057421577387846
EVS: 0.4030090592933292
