Model: GRU
MSE: 7.633856265626013
MAE: 1.665922806180757
EVS: 0.43634442924121697
