Model: GRU
MSE: 9.824538921364656
MAE: 2.3203080070429833
EVS: 0.4481624528987258
