Model: GRU
MSE: 8.348473142420808
MAE: 1.7782521371183724
EVS: 0.3782808245690027
