Model: GRU
MSE: 8.41073211501927
MAE: 1.6726079028228236
EVS: 0.3691353024042825
