Model: GRU
MSE: 8.10672642695022
MAE: 1.620650468201473
EVS: 0.39096350747280006
