Model: GRU
MSE: 192.30558478752914
MAE: 13.330720572636045
EVS: -0.0971914797869986
