Model: GRU
MSE: 7.753428992650478
MAE: 1.6081236313129297
EVS: 0.418353133803704
