Model: GRU
MSE: 8.36080677823597
MAE: 1.9055168382052718
EVS: 0.4335690509775263
