Model: GRU
MSE: 5270.282865345799
MAE: 72.48777994616279
EVS: -0.1879246254988327
