Model: GRU
MSE: 7.47587905149753
MAE: 1.618979626688464
EVS: 0.4440849698521031
