Model: GRU
MSE: 7.971784051455738
MAE: 1.7642285412755507
EVS: 0.4063400848584562
