Model: GRU
MSE: 7.618802769612689
MAE: 1.6165845640774434
EVS: 0.4339505888570445
