Model: GRU
MSE: 8.727658594773509
MAE: 1.8909638955675323
EVS: 0.3965636965317564
