Model: GRU
MSE: 27.34079248616161
MAE: 4.457410351983432
EVS: 2.220446049250313e-16
