Model: GRU
MSE: 7.814688843746592
MAE: 1.586247518144805
EVS: 0.4135217592875712
