Model: GRU
MSE: 8.31082885473996
MAE: 1.7061130836092195
EVS: 0.3796400668102313
