Model: GRU
MSE: 7.893961478664806
MAE: 1.6866028473295016
EVS: 0.4172010010758249
