Model: GRU
MSE: 6350.20641548971
MAE: 79.60150883115571
EVS: -0.03771743082831924
