Model: GRU
MSE: 14.596695665378853
MAE: 3.2527355983339508
EVS: 0.08040045946036178
