Model: GRU
MSE: 8.651708992700827
MAE: 1.7500723004341125
EVS: 0.362907080833587
