Model: GRU
MSE: 8.281424891447502
MAE: 1.8847530669179458
EVS: 0.4304271969079959
