Model: GRU
MSE: 8.195720186276821
MAE: 1.7616337619978806
EVS: 0.39466821405356
