Model: GRU
MSE: 9.772257165451418
MAE: 2.279188772727703
EVS: 0.435514726629077
