Model: GRU
MSE: 154.97335275546396
MAE: 11.914636500950518
EVS: 0.021767966165144204
