Model: GRU
MSE: 8.866685883550979
MAE: 1.953429493410834
EVS: 0.3824537905136405
