Model: GRU
MSE: 2701.580352094764
MAE: 51.84953071331156
EVS: 0.00735716182235957
