Model: GRU
MSE: 10.689279629689795
MAE: 2.3118609169433855
EVS: 0.30569865186386935
