Model: GRU
MSE: 8.56554486788856
MAE: 1.7736976948277705
EVS: 0.3637918566731795
