Model: GRU
MSE: 6.926575782874011
MAE: 1.616830028336624
EVS: 0.4794148435360538
