Model: GRU
MSE: 7.369674931394785
MAE: 1.6717554782998976
EVS: 0.4718345831973735
