Model: GRU
MSE: 2349.7556126256713
MAE: 48.26499978427229
EVS: -0.5217077939349695
