Model: GRU
MSE: 6.76993280132332
MAE: 1.6895213168242884
EVS: 0.5040988861162252
