Model: GRU
MSE: 7.9967515370398665
MAE: 1.6660722370805412
EVS: 0.3996599920985324
