Model: GRU
MSE: 8.136273564505696
MAE: 1.8197304215924492
EVS: 0.4167086020318356
