Model: GRU
MSE: 11.385632257099086
MAE: 2.5742439894840636
EVS: 0.431408112525143
