Model: GRU
MSE: 7.710031380992985
MAE: 1.6831760406494143
EVS: 0.4287537601652981
