Model: GRU
MSE: 8.436150685420305
MAE: 1.8366629871828806
EVS: 0.41671735016326084
