Model: GRU
MSE: 8.16068488882588
MAE: 1.8422641589723785
EVS: 0.4230863311023042
