Model: GRU
MSE: 158.59172964260048
MAE: 12.030044222700186
EVS: -0.04249467381574146
