Model: GRU
MSE: 8.17981668090805
MAE: 1.6389186998893477
EVS: 0.38802722930608713
