Model: GRU
MSE: 7.270142712737511
MAE: 1.6330512803176356
EVS: 0.4599554867484855
