Model: GRU
MSE: 8.36561459487067
MAE: 1.8433008481716286
EVS: 0.4175557804601173
