Model: GRU
MSE: 256.6468530269842
MAE: 15.59625242496359
EVS: -0.007468491850668446
