Model: GRU
MSE: 8.643026823437408
MAE: 2.03434563094172
EVS: 0.44696075681738956
