Model: GRU
MSE: 7.936530266954696
MAE: 1.7441593614117854
EVS: 0.4394196612552361
