Model: GRU
MSE: 8.390061746959462
MAE: 1.8829518145528332
EVS: 0.4110044500006942
