Model: GRU
MSE: 13.340777470956901
MAE: 2.868085433696878
EVS: 0.37827867049344965
