Model: GRU
MSE: 14.70068349774254
MAE: 3.0183841401133042
EVS: 0.2678709416765537
