Model: GRU
MSE: 8.035467868771903
MAE: 1.9527414913835197
EVS: 0.49395591329982946
