Model: GRU
MSE: 8.316816716286406
MAE: 1.689001821238419
EVS: 0.3833401450871693
