Model: GRU
MSE: 8.407292897660408
MAE: 1.9565063016168003
EVS: 0.4220863486946759
