Model: GRU
MSE: 8.225665348749482
MAE: 1.73894693728151
EVS: 0.40794828428283003
