Model: GRU
MSE: 214.51877409016316
MAE: 14.125752531248947
EVS: -0.12608535910455254
