Model: GRU
MSE: 1533.361700041699
MAE: 38.96512883284996
EVS: -0.13349234991579295
