Model: GRU
MSE: 167.3083941447792
MAE: 12.347659275449555
EVS: -0.11569894868143193
