Model: GRU
MSE: 1739.2976157793169
MAE: 41.51770927166117
EVS: -0.17084822840722858
