Model: GRU
MSE: 1089.3239014406893
MAE: 32.71372923357733
EVS: -0.4383077596111866
