Model: GRU
MSE: 10.092594476314613
MAE: 2.3683690449287154
EVS: 0.4107152684603408
