Model: GRU
MSE: 7.2950377915443525
MAE: 1.5851341198230615
EVS: 0.45789689024441116
