Model: GRU
MSE: 7.589230026057437
MAE: 1.7036065603124686
EVS: 0.4623683568171698
