Model: GRU
MSE: 1219.31233174788
MAE: 34.71804345887283
EVS: -0.05001282546447161
