Model: GRU
MSE: 11.435267908693403
MAE: 2.520895168699067
EVS: 0.16633890086475145
