Model: GRU
MSE: 7.796303034008439
MAE: 1.652046400925209
EVS: 0.41662215809199243
