Model: GRU
MSE: 7.851871979051431
MAE: 1.6169954106725497
EVS: 0.4112586674009686
