Model: GRU
MSE: 8.299456397322771
MAE: 1.867360205485903
EVS: 0.4283051097685795
