Model: GRU
MSE: 7.377295968453868
MAE: 1.6628382904776213
EVS: 0.4501253493952053
