Model: GRU
MSE: 8.042648888374385
MAE: 1.6225174542131098
EVS: 0.3955358037929806
