Model: GRU
MSE: 8.520678999419854
MAE: 1.8935273556873715
EVS: 0.407908951308816
