Model: GRU
MSE: 8.47756109808011
MAE: 1.987998099162661
EVS: 0.4428637585736487
