Model: GRU
MSE: 159.40323106348418
MAE: 12.058827883210675
EVS: -0.05137410530680997
