Model: GRU
MSE: 7.3949481254982175
MAE: 1.6133923283938707
EVS: 0.4474297397382988
