Model: GRU
MSE: 9.306221564832459
MAE: 2.198687590401748
EVS: 0.4162253288668545
