Model: GRU
MSE: 9.145972476566886
MAE: 2.175833985723298
EVS: 0.457195624330919
