Model: GRU
MSE: 8.12268150865001
MAE: 1.940572418015579
EVS: 0.4719268797196523
