Model: GRU
MSE: 9.49388511221036
MAE: 2.074922508206861
EVS: 0.38208803489482346
