Model: GRU
MSE: 8.228067479302139
MAE: 1.823314847617314
EVS: 0.4034395969489817
