Model: GRU
MSE: 13.377044054553043
MAE: 2.8150054504131448
EVS: 0.00020286450058881744
