Model: GRU
MSE: 5819.22345402282
MAE: 76.2040515768117
EVS: 0.08556735092375012
