Model: GRU
MSE: 10.305601948845021
MAE: 2.3278751126651107
EVS: 0.3434531182834417
