Model: GRU
MSE: 8.405841498329039
MAE: 1.7259152223323957
EVS: 0.3703182714214165
