Model: GRU
MSE: 8.287402226228767
MAE: 1.792423842282131
EVS: 0.4200740101205689
