Model: GRU
MSE: 8.462147845972861
MAE: 1.7353918202992147
EVS: 0.3642818522293002
