Model: GRU
MSE: 6.764251175104622
MAE: 1.6254778648244925
EVS: 0.4916715261284984
