Model: GRU
MSE: 11.562879487039615
MAE: 2.606719099242112
EVS: 0.3456626360205386
