Model: GRU
MSE: 11.074423310782725
MAE: 2.454987336849344
EVS: 0.34338188311645723
