Model: GRU
MSE: 128.1536795553594
MAE: 10.68726543311415
EVS: -0.04747584376053893
