Model: GRU
MSE: 7.870198903547199
MAE: 1.6172143056474886
EVS: 0.4099689453106399
