Model: GRU
MSE: 8.919109293888742
MAE: 1.9984362783103153
EVS: 0.40716187200115317
