Model: GRU
MSE: 8.674350325609158
MAE: 2.01027197673403
EVS: 0.4348101814851769
