Model: GRU
MSE: 8.383035098913643
MAE: 1.8597386828784286
EVS: 0.4020988053383331
