Model: GRU
MSE: 7.8293170654118756
MAE: 1.651473168669076
EVS: 0.42359352940041717
