Model: GRU
MSE: 8.21488477330313
MAE: 1.6966037215857672
EVS: 0.38854581033379143
