Model: GRU
MSE: 151.1795359120113
MAE: 11.711211050378866
EVS: -0.05431828169286934
