Model: GRU
MSE: 7.974824693926153
MAE: 1.739730982944883
EVS: 0.41642869075073663
