Model: GRU
MSE: 8.813764240564002
MAE: 1.952140460754263
EVS: 0.4214307940740789
