Model: GRU
MSE: 7.966161680404866
MAE: 1.6645208556076576
EVS: 0.40920086946694856
