Model: GRU
MSE: 8.613823327376563
MAE: 1.9516484901822846
EVS: 0.42520524289651085
