Model: GRU
MSE: 11.33747178533878
MAE: 2.5457798448102227
EVS: 0.3729187506352537
