Model: GRU
MSE: 11.371134781556913
MAE: 2.7763908320459825
EVS: 0.5150330664772629
