Model: GRU
MSE: 11.667694163892516
MAE: 2.6039182810947814
EVS: 0.3016057032137983
