Model: GRU
MSE: 8.724720066436351
MAE: 1.8998952857379257
EVS: 0.3774088805718909
