Model: GRU
MSE: 6560.509714009859
MAE: 80.9148028143521
EVS: 2.220446049250313e-16
