Model: GRU
MSE: 8.358577436544142
MAE: 1.6860741952369955
EVS: 0.3737596041826978
