Model: GRU
MSE: 160.73637871561544
MAE: 12.08749087103482
EVS: -0.09955681438029718
