Model: GRU
MSE: 8.334267402940164
MAE: 1.6235741952369955
EVS: 0.37625986252600074
