Model: GRU
MSE: 514.4706713422563
MAE: 22.314813696104906
EVS: -0.24167656120958347
