Model: GRU
MSE: 9.313892128720758
MAE: 1.9466078589702476
EVS: 0.33843677774926106
