Model: GRU
MSE: 8.349939489634023
MAE: 1.793751728945765
EVS: 0.3760432605728802
