Model: GRU
MSE: 22.79704422090702
MAE: 4.123343632139009
EVS: -0.015821483945266612
