Model: GRU
MSE: 143.72085253053694
MAE: 11.394429122579508
EVS: -0.0438530108483457
