Model: GRU
MSE: 9.271489973674703
MAE: 2.046069120538646
EVS: 0.3896559818826729
