Model: GRU
MSE: 9.318362305965655
MAE: 1.993262739017092
EVS: 0.34654537331905244
