Model: GRU
MSE: 7.235457290616774
MAE: 1.509923129246153
EVS: 0.4567452844568467
