Model: GRU
MSE: 8.053528579279831
MAE: 1.787926271043975
EVS: 0.456309997322357
