Model: GRU
MSE: 17.551181606188162
MAE: 3.630378986227101
EVS: 0.0
