Model: GRU
MSE: 9.48179503357196
MAE: 1.8431080240627817
EVS: 0.3232764435921257
