Model: GRU
MSE: 8.322726716194085
MAE: 1.8972253963865082
EVS: 0.4289912300876104
