Model: GRU
MSE: 7.726429067358279
MAE: 1.6582031044466745
EVS: 0.4282302389008128
