Model: GRU
MSE: 762.0021716863582
MAE: 27.148171424865723
EVS: -0.8774962317312596
