Model: GRU
MSE: 9.68944323191257
MAE: 2.1372219735178453
EVS: 0.3545343861606448
