Model: GRU
MSE: 149.7481377128975
MAE: 11.653997875493149
EVS: -0.04720782064400697
