Model: GRU
MSE: 8.220335953476251
MAE: 1.897301065510717
EVS: 0.4270838510304752
