Model: GRU
MSE: 10.700537737696209
MAE: 2.3148250662047287
EVS: 0.2682057785557397
