Model: GRU
MSE: 2234.1573129390163
MAE: 47.12566467811321
EVS: -0.0018521738337733407
