Model: GRU
MSE: 7.778974030091537
MAE: 1.67694536570845
EVS: 0.41709583787314486
