Model: GRU
MSE: 22.46095893502825
MAE: 4.070935068459346
EVS: -0.012020529566804328
