Model: GRU
MSE: 8.01639717535175
MAE: 1.7021636099650945
EVS: 0.40337537048937966
