Model: GRU
MSE: 194.6348466812986
MAE: 13.461836420256516
EVS: -0.008223396401890737
