Model: GRU
MSE: 8.344191148034666
MAE: 1.7578389315769594
EVS: 0.3862695994759979
