Model: GRU
MSE: 11.214429563489198
MAE: 2.5967974169500945
EVS: 0.44351360588365574
