Model: GRU
MSE: 15.198407188886764
MAE: 3.3628682103650323
EVS: -0.04568192396406667
