Model: GRU
MSE: 8.740185704248875
MAE: 1.6986573872895079
EVS: 0.344781591444127
