Model: GRU
MSE: 8.128943654176078
MAE: 1.6785464122377596
EVS: 0.39618338148112087
