Model: GRU
MSE: 8.505769544390121
MAE: 1.8836445561770736
EVS: 0.43093788906228836
