Model: GRU
MSE: 18.162162887389695
MAE: 3.6916494369506836
EVS: -0.006367340958953083
