Model: GRU
MSE: 550.6681001890803
MAE: 23.145866492698932
EVS: -0.1227086546724856
