Model: GRU
MSE: 8.103827706421212
MAE: 1.8147095071858375
EVS: 0.4279330405737617
