Model: GRU
MSE: 143.8194982458368
MAE: 11.408625217347309
EVS: -0.026936155285438135
