Model: GRU
MSE: 9.063248298583531
MAE: 2.2049853267340827
EVS: 0.4849515418234974
