Model: GRU
MSE: 8.673613926968999
MAE: 1.783564041400778
EVS: 0.39518394128340995
