Model: GRU
MSE: 8.990900863146905
MAE: 2.0644977586022737
EVS: 0.4101531528970126
