Model: GRU
MSE: 9521.151455201983
MAE: 97.51159339115537
EVS: 0.04989251887646107
