Model: GRU
MSE: 9.212430076340668
MAE: 1.8235638799338505
EVS: 0.3332252309365932
