Model: GRU
MSE: 7.454625440223367
MAE: 1.681712997370753
EVS: 0.44877303843563976
