Model: GRU
MSE: 7.649478897913219
MAE: 1.661996413921488
EVS: 0.44171890298519334
