Model: GRU
MSE: 8.611033917705832
MAE: 1.8786029157967403
EVS: 0.37151720608635685
