Model: GRU
MSE: 2339.4263892621907
MAE: 48.19500706113618
EVS: -0.2527948825263804
