Model: GRU
MSE: 8.03190928356782
MAE: 1.759033170239679
EVS: 0.4293822203732932
