Model: GRU
MSE: 7.5248974096961145
MAE: 1.72944031090572
EVS: 0.44961422528291106
