Model: GRU
MSE: 143.74470429026513
MAE: 11.394213836768579
EVS: -0.04601453878164419
