Model: GRU
MSE: 8.352955012767197
MAE: 1.7327416395318922
EVS: 0.3722091251904608
