Model: GRU
MSE: 7.647462993034435
MAE: 1.5718916777906748
EVS: 0.42701387016221504
