Model: GRU
MSE: 7.656319979407201
MAE: 1.7997782148163897
EVS: 0.42719776866405634
