Model: GRU
MSE: 1443.3942490504073
MAE: 37.7769481395853
EVS: -0.22489093022445106
