Model: GRU
MSE: 9.406447918179838
MAE: 1.9567974600298652
EVS: 0.3180532214807429
