Model: GRU
MSE: 7.856722144737821
MAE: 1.551501171342258
EVS: 0.41218423093653067
