Model: GRU
MSE: 8.655913309728598
MAE: 2.0713128385872674
EVS: 0.476401950593217
