Model: GRU
MSE: 9.86144536796052
MAE: 2.126658484853547
EVS: 0.35196165769682486
