Model: GRU
MSE: 7.497484831390119
MAE: 1.651683671721097
EVS: 0.43658368720367724
