Model: GRU
MSE: 205.87076375185376
MAE: 13.865299553706729
EVS: -0.024039605310413048
