Model: GRU
MSE: 8.153557931160956
MAE: 1.8770127296447756
EVS: 0.46254601858691835
