Model: GRU
MSE: 141.69896856191616
MAE: 11.32295197453992
EVS: -0.013929799647354857
