Model: GRU
MSE: 9.171181723859867
MAE: 1.7703776750071296
EVS: 0.31733734865239027
