Model: GRU
MSE: 10.606948710300363
MAE: 2.399069854925419
EVS: 0.39308482121537736
