Model: GRU
MSE: 165.21625369427446
MAE: 12.275072360860891
EVS: -0.09278530032611032
