Model: GRU
MSE: 8.007369057493692
MAE: 1.8195336522727177
EVS: 0.417853719189491
