Model: GRU
MSE: 11.57940605355543
MAE: 2.6626397700145326
EVS: 0.4611511610668809
