Model: GRU
MSE: 11.827180908269364
MAE: 2.226491117477417
EVS: 0.2295684810433276
