Model: GRU
MSE: 8.261744492776854
MAE: 1.7091038802574423
EVS: 0.38672602143757895
