Model: GRU
MSE: 12.040259550743901
MAE: 2.390602684020996
EVS: 0.26361561578060266
