Model: GRU
MSE: 8.323889397167532
MAE: 1.6169150122280778
EVS: 0.37437744942646234
