Model: GRU
MSE: 9.44303009774645
MAE: 2.2346015264248025
EVS: 0.44511823162380704
