Model: GRU
MSE: 7.672103794418354
MAE: 1.7217368832949937
EVS: 0.4264352324078944
