Model: GRU
MSE: 9.89907286901143
MAE: 1.9373292854854038
EVS: 0.34246534350468505
