Model: GRU
MSE: 7.516057609928364
MAE: 1.6672238933629002
EVS: 0.45029997880154293
