Model: GRU
MSE: 243.14091027099659
MAE: 15.144944832242768
EVS: -0.03511295448456875
