Model: GRU
MSE: 20.860565991760996
MAE: 3.8026617806533287
EVS: 0.2194358797477134
