Model: GRU
MSE: 8.123644754321232
MAE: 1.836973268410255
EVS: 0.4496577400642561
