Model: GRU
MSE: 7.965944982412903
MAE: 1.6197362932665598
EVS: 0.40645341087606157
