Model: GRU
MSE: 14.039419879819626
MAE: 2.981536396618547
EVS: 0.35061709365564164
