Model: GRU
MSE: 8.053443205830108
MAE: 1.780145127197792
EVS: 0.4336200597301675
