Model: GRU
MSE: 8.683954384255427
MAE: 1.7512182716665599
EVS: 0.3725567924147849
