Model: GRU
MSE: 7.262691468178003
MAE: 1.7084836384345747
EVS: 0.4844345119674135
