Model: GRU
MSE: 8.688495080685005
MAE: 1.7714231939151373
EVS: 0.37443278399079405
