Model: GRU
MSE: 9.346171550069997
MAE: 2.148419766590513
EVS: 0.42531393893093483
