Model: GRU
MSE: 9.07275812748289
MAE: 2.0550339961874076
EVS: 0.36962743552768673
