Model: GRU
MSE: 8.61390291266446
MAE: 1.9039608199020912
EVS: 0.38377547951588953
