Model: GRU
MSE: 147.59911571319512
MAE: 11.53810050980798
EVS: -0.08771179881137359
