Model: GRU
MSE: 8.01432156136929
MAE: 1.7318306421411451
EVS: 0.40657863377270087
