Model: GRU
MSE: 7.923724793441985
MAE: 1.7370300087435495
EVS: 0.42981567258302
