Model: GRU
MSE: 8.271867645579773
MAE: 1.8741294638863928
EVS: 0.42528330641954426
