Model: GRU
MSE: 8.949131985964796
MAE: 1.8502798347637575
EVS: 0.3917566666060417
