Model: GRU
MSE: 135.9633358131585
MAE: 11.090586113518683
EVS: 0.025718113167286782
