Model: GRU
MSE: 8.674730545266746
MAE: 1.684589768278188
EVS: 0.35023695416512024
