Model: GRU
MSE: 8.258851756701876
MAE: 1.7824410405652276
EVS: 0.4045289108361304
