Model: GRU
MSE: 8.095361482742987
MAE: 1.6442685291684909
EVS: 0.39537422412760526
