Model: GRU
MSE: 4687.18477726285
MAE: 68.29729685290107
EVS: -0.7034981404486773
