Model: GRU
MSE: 8.334094065378713
MAE: 1.83920392907899
EVS: 0.391088149182767
