Model: GRU
MSE: 7.923082191798449
MAE: 1.7781780752642404
EVS: 0.44229323201101955
