Model: GRU
MSE: 504.58190143260447
MAE: 22.137744574711242
EVS: -0.09002789271904144
