Model: GRU
MSE: 7.16329118531569
MAE: 1.5317620984439195
EVS: 0.4624876671902489
