Model: GRU
MSE: 8.161482214086309
MAE: 1.8290695897464098
EVS: 0.43596739354974057
