Model: GRU
MSE: 798.9460382836967
MAE: 27.96037555563039
EVS: -0.2900572506378274
