Model: GRU
MSE: 338.3009556673673
MAE: 18.019691730367725
EVS: -0.021591811414131135
