Model: GRU
MSE: 11.078365327716847
MAE: 2.469687141221145
EVS: 0.3567501446356822
