Model: GRU
MSE: 8.345634045832968
MAE: 1.837599639234872
EVS: 0.42501885220280544
