Model: GRU
MSE: 9.389421182398792
MAE: 2.062460241646602
EVS: 0.3487017277672203
