Model: GRU
MSE: 8.560376465998326
MAE: 1.8603915839359677
EVS: 0.4000637747264312
