Model: GRU
MSE: 10.928747779782618
MAE: 2.441012953889781
EVS: 0.32211226901205947
