Model: GRU
MSE: 8.30350539807991
MAE: 1.9936191953461746
EVS: 0.46918708346183424
