Model: GRU
MSE: 8.44165456694035
MAE: 1.9004769325256348
EVS: 0.44462651970738587
