Model: GRU
MSE: 9.962429463651418
MAE: 2.244376075678858
EVS: 0.41206804639828776
