Model: GRU
MSE: 170.47060444261822
MAE: 12.507926316096865
EVS: -0.05396592217623031
