Model: GRU
MSE: 8.850264024130974
MAE: 2.0875451071509
EVS: 0.4023595289857237
