Model: GRU
MSE: 621.1127101194993
MAE: 24.585040717289367
EVS: -0.2543582307602401
