Model: GRU
MSE: 7.745714606679738
MAE: 1.5958493536916272
EVS: 0.4207072721201215
