Model: GRU
MSE: 210.9643351138567
MAE: 14.007450769687521
EVS: -0.10908109919598474
