Model: GRU
MSE: 7.364246657753719
MAE: 1.563137745035106
EVS: 0.44701302852627367
