Model: GRU
MSE: 952.2711553333173
MAE: 30.613460540771484
EVS: -0.13399999934626972
