Model: GRU
MSE: 7.931828059593376
MAE: 1.573469741591092
EVS: 0.40675438712916023
