Model: GRU
MSE: 8.147023756475141
MAE: 1.7111400283616167
EVS: 0.4014831731329024
