Model: GRU
MSE: 8.606853394163958
MAE: 1.8661163757587302
EVS: 0.3593333374692823
