Model: GRU
MSE: 9.187442993445933
MAE: 1.9195737489338578
EVS: 0.33390902451439397
