Model: GRU
MSE: 8.181895426672618
MAE: 1.8229409661786309
EVS: 0.4064544993805699
