Model: GRU
MSE: 7.281125381142856
MAE: 1.5713990392356085
EVS: 0.45501420423281436
