Model: GRU
MSE: 149.68118548330364
MAE: 11.595587522819125
EVS: -0.14424822075233013
