Model: GRU
MSE: 1414.8604191167697
MAE: 37.32900139381145
EVS: -0.608947026761568
