Model: GRU
MSE: 554.7752834451029
MAE: 23.272694028657057
EVS: 0.011079299782956631
