Model: GRU
MSE: 8.280667717594717
MAE: 1.842955552298447
EVS: 0.3834225507141754
