Model: GRU
MSE: 137.87521796022062
MAE: 11.14884817394717
EVS: -0.020594903935176934
