Model: GRU
MSE: 7.950980579149949
MAE: 1.602896571159363
EVS: 0.4026182879204393
