Model: GRU
MSE: 8.965629427689239
MAE: 1.7115245214824022
EVS: 0.3268297012715815
