Model: GRU
MSE: 7.420686751077813
MAE: 1.6781439123482542
EVS: 0.449850728245753
