Model: GRU
MSE: 7.670241563125513
MAE: 1.7269527418860076
EVS: 0.4270707134760783
