Model: GRU
MSE: 8.116165098684961
MAE: 1.5480048574250322
EVS: 0.38997712744020585
