Model: GRU
MSE: 7.507976871348323
MAE: 1.6884466779643093
EVS: 0.44327270627752646
