Model: GRU
MSE: 8.886833998407132
MAE: 1.9745430124217067
EVS: 0.3917137051612606
