Model: GRU
MSE: 7.77905421220775
MAE: 1.660526472946693
EVS: 0.4164669764283562
