Model: GRU
MSE: 726.7884947740539
MAE: 26.698096324657573
EVS: -0.05229457276214977
