Model: GRU
MSE: 7.394950747432907
MAE: 1.7130666395713545
EVS: 0.46386233801820254
