Model: GRU
MSE: 9.972583742382453
MAE: 2.1462279280711867
EVS: 0.3867270088716429
