Model: GRU
MSE: 3337.1609943694175
MAE: 57.64568157853751
EVS: -0.06253496742775955
