Model: GRU
MSE: 7.855394292011143
MAE: 1.7258050606168551
EVS: 0.4360607488312892
