Model: GRU
MSE: 911.1231512971862
MAE: 29.77331720549485
EVS: -0.8544793271553737
