Model: GRU
MSE: 8.811110408709107
MAE: 2.0677118383604904
EVS: 0.4383781655308502
