Model: GRU
MSE: 7.922494212635003
MAE: 1.6302274424454264
EVS: 0.4047633420706387
