Model: GRU
MSE: 7.206402277349204
MAE: 1.633259839025037
EVS: 0.45901405773344695
