Model: GRU
MSE: 979.7895661736192
MAE: 31.091133906923492
EVS: 0.013036362045988015
