Model: GRU
MSE: 8.062805759699206
MAE: 1.814743543493337
EVS: 0.4502616886263302
