Model: GRU
MSE: 7.6660859358415205
MAE: 1.6879943485917719
EVS: 0.43967036737679877
