Model: GRU
MSE: 8.82427550800337
MAE: 2.1415414275794196
EVS: 0.455630318954074
