Model: GRU
MSE: 8.390176494070586
MAE: 1.807608620873813
EVS: 0.3951896877036517
