Model: GRU
MSE: 8.893751301928303
MAE: 2.0551042474549392
EVS: 0.4398775827509076
