Model: GRU
MSE: 7.293963078110695
MAE: 1.5138991454551962
EVS: 0.4522840935061584
