Model: GRU
MSE: 456.6017118600326
MAE: 21.05730467829211
EVS: 0.008475991611594624
