Model: GRU
MSE: 298.77559898377126
MAE: 16.815198487248914
EVS: -0.20446614586651157
