Model: GRU
MSE: 7.610756586616724
MAE: 1.6538782078644327
EVS: 0.43096301279843474
