Model: GRU
MSE: 7.605792370551279
MAE: 1.6367141501656897
EVS: 0.4363739588493628
