Model: GRU
MSE: 1534.5142784832353
MAE: 38.99836888994489
EVS: 0.08660223562991798
