Model: GRU
MSE: 8.190719074878201
MAE: 1.6994379101128416
EVS: 0.389835428487706
