Model: GRU
MSE: 8.36443112122145
MAE: 1.704803043398364
EVS: 0.3818564644051824
