Model: GRU
MSE: 160.4757450247886
MAE: 12.115870722408953
EVS: -0.028338155179096436
