Model: GRU
MSE: 8.019248098476753
MAE: 1.8718696133843784
EVS: 0.4447096515256097
