Model: GRU
MSE: 8.339245461848263
MAE: 2.096893886039997
EVS: 0.4978686671952144
