Model: GRU
MSE: 8.302458227062523
MAE: 1.6627905060505048
EVS: 0.37748773562737636
