Model: GRU
MSE: 155.44577531545312
MAE: 11.914077886219683
EVS: -0.01474128252155471
