Model: GRU
MSE: 13.442040227075235
MAE: 3.0086955037610283
EVS: 0.0
