Model: GRU
MSE: 241.51654574094007
MAE: 15.069260860311575
EVS: -0.08489848327063454
