Model: GRU
MSE: 7.829088446768657
MAE: 1.6998596438046163
EVS: 0.4156093054701132
