Model: GRU
MSE: 8.798886779711387
MAE: 1.7933162245257148
EVS: 0.38773727563184923
