Model: GRU
MSE: 9.14222420888327
MAE: 1.9351324891221935
EVS: 0.35806298956740645
