Model: GRU
MSE: 1694.1985870384176
MAE: 40.897868419515675
EVS: -0.6207379926387049
