Model: GRU
MSE: 8.791327240713251
MAE: 2.0382959184975458
EVS: 0.44335774219997015
