Model: GRU
MSE: 8.90687011267557
MAE: 1.9249214920504343
EVS: 0.3911280575672592
