Model: GRU
MSE: 3483.5830087032036
MAE: 58.857960076167664
EVS: -0.4524176262185533
