Model: GRU
MSE: 8.893937057510929
MAE: 2.0091437635750604
EVS: 0.42881451281091953
