Model: GRU
MSE: 8.082811372586669
MAE: 1.7723851286131762
EVS: 0.40481276260835064
