Model: GRU
MSE: 8.63978825311176
MAE: 1.8479661201608593
EVS: 0.3761543821092477
