Model: GRU
MSE: 7.610255482450756
MAE: 1.7495388368080405
EVS: 0.4757695386994574
