Model: GRU
MSE: 7.461275446217884
MAE: 1.673487424850464
EVS: 0.45220608019867914
