Model: GRU
MSE: 10.674046678624928
MAE: 2.367543261626671
EVS: 0.37337228955832
