Model: GRU
MSE: 428.6381524559605
MAE: 20.371586569424334
EVS: -0.024970204436974175
