Model: GRU
MSE: 1124.2353106198484
MAE: 33.30627372347075
EVS: -0.12199286031215917
