Model: GRU
MSE: 8.140001461971163
MAE: 1.7718629220436362
EVS: 0.39926730292366586
