Model: GRU
MSE: 8.22028527025188
MAE: 1.81535869631274
EVS: 0.3854407096071576
