Model: GRU
MSE: 11.329204836979118
MAE: 2.5716782849410484
EVS: 0.3896352998912339
