Model: GRU
MSE: 7.086522170835933
MAE: 1.5589134364292543
EVS: 0.4701477345023475
