Model: GRU
MSE: 7.297338621397276
MAE: 1.6549978667292105
EVS: 0.458863414587513
