Model: GRU
MSE: 8.055828797294433
MAE: 1.7496617498068976
EVS: 0.40474232240091035
