Model: GRU
MSE: 9.081359456280179
MAE: 1.9714622744198502
EVS: 0.3606756145545903
