Model: GRU
MSE: 912.5714237798727
MAE: 29.926677999825312
EVS: -0.27516973942049616
