Model: GRU
MSE: 8.076471035407614
MAE: 1.8919087771711678
EVS: 0.4527891211998658
