Model: GRU
MSE: 134.9784955179614
MAE: 11.018659262821592
EVS: -0.0197862401034532
