Model: GRU
MSE: 7.408990725405119
MAE: 1.5890090136692445
EVS: 0.4439666784564107
