Model: GRU
MSE: 8.04768039424351
MAE: 1.8467165519451276
EVS: 0.4461984601565614
