Model: GRU
MSE: 7.8955445521708905
MAE: 1.6876451229227003
EVS: 0.40698923178819846
