Model: GRU
MSE: 8.632423286849376
MAE: 1.7771321000724005
EVS: 0.38570715739757977
