Model: GRU
MSE: 1466.8655911780565
MAE: 38.07608571545831
EVS: -0.2835820012650603
