Model: GRU
MSE: 2467.3645544223427
MAE: 49.54263088620942
EVS: 0.030976236730504425
