Model: GRU
MSE: 236.2159846668887
MAE: 14.76211951518881
EVS: -0.3751700745794362
