Model: GRU
MSE: 8.204076175208785
MAE: 1.7793909599041116
EVS: 0.397415260850145
