Model: GRU
MSE: 8.780981942258745
MAE: 1.900894781638836
EVS: 0.3656333208649789
