Model: GRU
MSE: 7.973455776289891
MAE: 1.8658072866242508
EVS: 0.444177333142622
