Model: GRU
MSE: 282.472957564993
MAE: 16.382466579305714
EVS: -0.05887878044502015
