Model: GRU
MSE: 1208.2710021369155
MAE: 34.518757063767005
EVS: -0.2572091569338162
