Model: GRU
MSE: 9.244162453168702
MAE: 1.9188590974643314
EVS: 0.30537504580063557
