Model: GRU
MSE: 7.697569312104724
MAE: 1.744907568240988
EVS: 0.45758990201382743
