Model: GRU
MSE: 673.8446657107315
MAE: 25.712896610128468
EVS: 0.04605889169800448
