Model: GRU
MSE: 605.7683581563857
MAE: 24.258370119949866
EVS: -0.3003095140230261
