Model: GRU
MSE: 687.1677191667522
MAE: 25.97124930085807
EVS: 0.04829008658128553
