Model: GRU
MSE: 1372.5321321460342
MAE: 36.78349915866194
EVS: -0.4661557445724549
