Model: GRU
MSE: 7.925948381540589
MAE: 1.8189616943227835
EVS: 0.43371570204782806
