Model: GRU
MSE: 9.398026805371007
MAE: 2.0059844522640624
EVS: 0.3290556534238738
