Model: GRU
MSE: 2415.3589188646765
MAE: 47.68841447501347
EVS: -9.6110797007674
