Model: GRU
MSE: 342.57006146908014
MAE: 18.107132319746345
EVS: -0.10503451112855267
