Model: GRU
MSE: 8.496943362843165
MAE: 2.0285719263142554
EVS: 0.4297594640673923
