Model: GRU
MSE: 7.831279964781411
MAE: 1.847440316759307
EVS: 0.46826312481093313
