Model: GRU
MSE: 8.754438687312328
MAE: 1.7573322386577213
EVS: 0.34487194902801244
