Model: GRU
MSE: 9.106533559550423
MAE: 2.0343675695616623
EVS: 0.41531645937787587
