Model: GRU
MSE: 8.892338322025854
MAE: 1.8568531891395306
EVS: 0.36011267492584464
