Model: GRU
MSE: 9.011628230498172
MAE: 1.8511315543076088
EVS: 0.3566126572580818
