Model: GRU
MSE: 521.1517665175667
MAE: 22.482522257443133
EVS: -0.179155769668371
