Model: GRU
MSE: 8.463538489409402
MAE: 1.6821657419204714
EVS: 0.3705533512224488
