Model: GRU
MSE: 180.5685941964929
MAE: 12.912337681342816
EVS: -0.0402671517876525
