Model: GRU
MSE: 7.841729811965399
MAE: 1.566243619754397
EVS: 0.4110893699238549
