Model: GRU
MSE: 2360.9638370394514
MAE: 48.22917681726916
EVS: -1.6239696503458911
