Model: GRU
MSE: 8.727948033254627
MAE: 2.098795274208332
EVS: 0.48077202500893856
