Model: GRU
MSE: 141.34590954322954
MAE: 11.307721877920217
EVS: -0.013299055709661056
