Model: GRU
MSE: 7.538534239463433
MAE: 1.6601571995636515
EVS: 0.4501556289575871
