Model: GRU
MSE: 8.349203336806234
MAE: 1.6986509931498563
EVS: 0.3762925216998958
