Model: GRU
MSE: 7.680111795941684
MAE: 1.5747262691629347
EVS: 0.4269278443493302
