Model: GRU
MSE: 8.016879857984353
MAE: 1.6589407509770888
EVS: 0.3993679264716252
