Model: GRU
MSE: 8.343123697399847
MAE: 1.715981974683959
EVS: 0.3834793489291607
