Model: GRU
MSE: 11.262942590133669
MAE: 2.5125413763112037
EVS: 0.34672223781753864
