Model: GRU
MSE: 8.34568642328588
MAE: 1.8685727941578834
EVS: 0.4256507031452287
