Model: GRU
MSE: 7.974234280452986
MAE: 1.7521993702855605
EVS: 0.4010966347323607
