Model: GRU
MSE: 7.926586433074923
MAE: 1.801366403185088
EVS: 0.45189841839922906
