Model: GRU
MSE: 8.297950593152772
MAE: 1.6209724278285589
EVS: 0.37689885715804283
