Model: GRU
MSE: 7.863529437794992
MAE: 1.696559758021914
EVS: 0.42754573548827723
