Model: GRU
MSE: 7.5919844657504125
MAE: 1.6511375904083254
EVS: 0.4413751117092236
