Model: GRU
MSE: 321.9096204061551
MAE: 17.525702566936097
EVS: -0.10936009659084034
