Model: GRU
MSE: 8.659473542353739
MAE: 1.6970850763649779
EVS: 0.37042000445381296
