Model: GRU
MSE: 7.217085368920992
MAE: 1.7340290464203936
EVS: 0.4801583871959919
