Model: GRU
MSE: 7.738093706588778
MAE: 1.6948310876714774
EVS: 0.44488417393298385
