Model: GRU
MSE: 8.396918135989354
MAE: 1.7269745612966605
EVS: 0.3759576940788272
