Model: GRU
MSE: 6.809236273499942
MAE: 1.5140055541334483
EVS: 0.4887581208295134
