Model: GRU
MSE: 9.237844985119159
MAE: 2.187497961110082
EVS: 0.426279203677261
