Model: GRU
MSE: 1268.3497766460546
MAE: 35.214295157070815
EVS: -1.1273559310134562
