Model: GRU
MSE: 17.540901425921472
MAE: 3.629346255598397
EVS: 0.0
