Model: GRU
MSE: 8.403482038564778
MAE: 1.8832273483276367
EVS: 0.3703782962207407
