Model: GRU
MSE: 10.678177561184084
MAE: 2.177778693607875
EVS: 0.367508379057484
