Model: GRU
MSE: 179.01166066766476
MAE: 12.81098344819299
EVS: -0.11920599877570393
