Model: GRU
MSE: 182.17845524918064
MAE: 12.953385550400306
EVS: -0.08146617256191302
