Model: GRU
MSE: 16.715499560751795
MAE: 3.555792816754045
EVS: 0.03064901518139207
