Model: GRU
MSE: 9.457118076105631
MAE: 1.987907750853177
EVS: 0.35904145031659096
