Model: GRU
MSE: 8.93314935247734
MAE: 1.9373848561582894
EVS: 0.3738963942169192
