Model: GRU
MSE: 8.030315660209494
MAE: 1.707845293242356
EVS: 0.3966162139041277
