Model: GRU
MSE: 8.310996497058728
MAE: 1.867156645347332
EVS: 0.4238235106599968
