Model: GRU
MSE: 9.398627354842404
MAE: 1.8486977322348233
EVS: 0.32060701333636554
