Model: GRU
MSE: 8.224394582854035
MAE: 1.6511507404261625
EVS: 0.38184577048321666
