Model: GRU
MSE: 7.909243479744399
MAE: 1.69268876930763
EVS: 0.43063607840392937
