Model: GRU
MSE: 7.990735305723622
MAE: 1.7344125632582041
EVS: 0.4292821999912214
