Model: GRU
MSE: 7.87409362986793
MAE: 1.6513748436138551
EVS: 0.4093042765555367
