Model: GRU
MSE: 270.4638918566437
MAE: 16.003543072733386
EVS: -0.07862823493225912
