Model: GRU
MSE: 8.159650957496178
MAE: 1.6902115303894572
EVS: 0.3980630727850998
