Model: GRU
MSE: 7.937906503870087
MAE: 1.735744015923862
EVS: 0.4291804093902709
