Model: GRU
MSE: 8.983342142453994
MAE: 2.066240101025022
EVS: 0.4567071460104256
