Model: GRU
MSE: 14.784474973432351
MAE: 3.294994222706762
EVS: 0.0
