Model: GRU
MSE: 7.998221626586493
MAE: 1.6098922758266847
EVS: 0.398831936283917
