Model: GRU
MSE: 9.55245027974282
MAE: 2.1191513497253944
EVS: 0.3581336489612442
