Model: GRU
MSE: 15.503065634209559
MAE: 3.092410445213318
EVS: -0.042283839186753935
