Model: GRU
MSE: 8.61279164456814
MAE: 1.8031973797699503
EVS: 0.3670769770979734
