Model: GRU
MSE: 15.530384593564177
MAE: 3.3695214205774766
EVS: 0.010711450386879373
