Model: GRU
MSE: 8.18118607673517
MAE: 1.7616571372952956
EVS: 0.4097379456703496
