Model: GRU
MSE: 8.155267757875345
MAE: 1.7667225681502245
EVS: 0.43753068710792864
