Model: GRU
MSE: 7.818426443775903
MAE: 1.6961171380404771
EVS: 0.42077650054697324
