Model: GRU
MSE: 8.279480410864277
MAE: 1.7250518942701407
EVS: 0.38170995663542273
