Model: GRU
MSE: 2849.6725963731665
MAE: 53.2605384300495
EVS: 0.023808440915274898
