Model: GRU
MSE: 4034.2707715898205
MAE: 63.415689928778285
EVS: 0.04384693021568786
