Model: GRU
MSE: 14711.34830400076
MAE: 121.23749489619814
EVS: 0.036549130112618955
