Model: GRU
MSE: 7.266855084418976
MAE: 1.5899130886998671
EVS: 0.4539130064171112
