Model: GRU
MSE: 8.312655950434767
MAE: 1.6968134579987364
EVS: 0.37720994078160874
