Model: GRU
MSE: 10.318798883771153
MAE: 1.9409646715436664
EVS: 0.3100527370368469
