Model: GRU
MSE: 2437.2491750196614
MAE: 49.216744521568565
EVS: -0.12453280517484222
