Model: GRU
MSE: 3330.3675062207653
MAE: 57.59374513297245
EVS: -0.0017759730198925183
