Model: GRU
MSE: 8.48034961012886
MAE: 1.6083717428404711
EVS: 0.36296073545612784
