Model: GRU
MSE: 17.80322050384768
MAE: 3.6486482291386046
EVS: 0.04622863639044761
