Model: GRU
MSE: 9.205788509159833
MAE: 2.21821574918155
EVS: 0.45864746755855546
