Model: GRU
MSE: 9.578882791728207
MAE: 2.1349602444418547
EVS: 0.3678177478596931
