Model: GRU
MSE: 9.45423044780773
MAE: 2.1213439970180907
EVS: 0.43236400407912057
