Model: GRU
MSE: 7.709876895724047
MAE: 1.6349532768644137
EVS: 0.43082554345445456
