Model: GRU
MSE: 7.593202575919539
MAE: 1.6955019153397661
EVS: 0.42959130565540893
