Model: GRU
MSE: 8.173153671580286
MAE: 1.5880300382087973
EVS: 0.3856868587710893
