Model: GRU
MSE: 8.028664485560817
MAE: 1.6626080808968382
EVS: 0.40440315232273916
