Model: GRU
MSE: 7.886126622871549
MAE: 1.7465662956237793
EVS: 0.43726188072128147
