Model: GRU
MSE: 7.465921655654563
MAE: 1.6052426716376997
EVS: 0.4428259620468392
