Model: GRU
MSE: 8.613773820035986
MAE: 1.8576179372853245
EVS: 0.36521504944801675
