Model: GRU
MSE: 8.079226679705593
MAE: 1.7424615457140167
EVS: 0.4070290431633953
