Model: GRU
MSE: 8.10724301229641
MAE: 1.8035460874952118
EVS: 0.41711463994257714
