Model: GRU
MSE: 7.5772258111863735
MAE: 1.7059872684807615
EVS: 0.4393152462676162
