Model: GRU
MSE: 7.602078151436312
MAE: 1.8076190784059725
EVS: 0.49322463724117194
