Model: GRU
MSE: 9.12352331090822
MAE: 1.9662840325256874
EVS: 0.333695372999696
