Model: GRU
MSE: 7.226541864707347
MAE: 1.7881943439615187
EVS: 0.4954158432988296
