Model: GRU
MSE: 7.58565963798669
MAE: 1.6259493005686794
EVS: 0.42986343848417363
