Model: GRU
MSE: 138.59590977045457
MAE: 11.177236955741357
EVS: -0.02712518371290029
