Model: GRU
MSE: 8.166277023473938
MAE: 1.8654464031087943
EVS: 0.4405728828525689
