Model: GRU
MSE: 9.717915635550334
MAE: 2.2792991194231758
EVS: 0.3956183129087938
