Model: GRU
MSE: 8.792437080901784
MAE: 1.6713335914858458
EVS: 0.339153278375679
