Model: GRU
MSE: 7.824004487537473
MAE: 1.7198458128962026
EVS: 0.4228452536122016
