Model: GRU
MSE: 10.385396586789556
MAE: 2.487713365719236
EVS: 0.489561654261764
