Model: GRU
MSE: 8.199236421296296
MAE: 1.8060389325536532
EVS: 0.3905587524509765
