Model: GRU
MSE: 7.79293410403964
MAE: 1.6630937477637984
EVS: 0.42485568285886044
