Model: GRU
MSE: 7.066253303015187
MAE: 1.5249700710691256
EVS: 0.46941101476329816
