Model: GRU
MSE: 8.211427708964003
MAE: 1.7513982900257772
EVS: 0.403499365641535
