Model: GRU
MSE: 8.556600934340404
MAE: 1.8037067148192178
EVS: 0.38335577161817236
