Model: GRU
MSE: 425.20243982219966
MAE: 20.269318317544872
EVS: -0.07912985760349822
