Model: GRU
MSE: 8.192801235967256
MAE: 1.7494314867874672
EVS: 0.39694626122712817
