Model: GRU
MSE: 10.428882235814337
MAE: 2.454278929480191
EVS: 0.42662238413080633
