Model: GRU
MSE: 156.82998270066236
MAE: 11.942882726932394
EVS: -0.0671308273169402
