Model: GRU
MSE: 1700.9076271726872
MAE: 41.04522721520786
EVS: -0.2174130816630988
