Model: GRU
MSE: 9.988554256732476
MAE: 1.8796978575842722
EVS: 0.3400741827589052
