Model: GRU
MSE: 160.97112700428085
MAE: 12.130604920716122
EVS: -0.038720404965218336
