Model: GRU
MSE: 338.4241707904133
MAE: 18.001364642176135
EVS: -0.08047280025579528
