Model: GRU
MSE: 8.380067049406064
MAE: 1.9706485682520374
EVS: 0.47048751571621483
