Model: GRU
MSE: 7.335438548306256
MAE: 1.6106153109977988
EVS: 0.44880182644785516
