Model: GRU
MSE: 10.245742459991757
MAE: 2.197482968198842
EVS: 0.3246750078473398
