Model: GRU
MSE: 7.615777733870487
MAE: 1.687113038424788
EVS: 0.44205152061830577
