Model: GRU
MSE: 7.397229467051125
MAE: 1.579078875738999
EVS: 0.4454591634120776
