Model: GRU
MSE: 7.0470629197792185
MAE: 1.5920947543505968
EVS: 0.4761790824121269
