Model: GRU
MSE: 7.626087593916582
MAE: 1.6967952087007723
EVS: 0.42936028063019827
