Model: GRU
MSE: 527.4920401276673
MAE: 22.61224286309604
EVS: -0.21602728468789367
