Model: GRU
MSE: 7.821302780152933
MAE: 1.5936587925614984
EVS: 0.4137703164907711
