Model: GRU
MSE: 8.519706676334817
MAE: 1.9765038819148624
EVS: 0.437014899158772
