Model: GRU
MSE: 8.001291179630403
MAE: 1.5679958688801734
EVS: 0.3994390572872477
