Model: GRU
MSE: 7.856694170803135
MAE: 1.7313025573204304
EVS: 0.4218722559339083
