Model: GRU
MSE: 9.626879491927909
MAE: 1.9381073178916142
EVS: 0.2907673708338647
