Model: GRU
MSE: 200.06857648402973
MAE: 13.633958495896438
EVS: -0.06609488013466946
