Model: GRU
MSE: 10.580080424733259
MAE: 2.531270142259269
EVS: 0.448176184071554
