Model: GRU
MSE: 7.8568277190809
MAE: 1.6526810300761259
EVS: 0.4130928047125716
