Model: GRU
MSE: 7.8194633021065965
MAE: 1.7187029781012702
EVS: 0.4246775989432424
