Model: GRU
MSE: 12.0034397902532
MAE: 2.7631545806753226
EVS: 0.47292713781209117
