Model: GRU
MSE: 7.48278000825755
MAE: 1.5793324421192039
EVS: 0.444997614856256
