Model: GRU
MSE: 8.363501336784912
MAE: 1.7963066059967567
EVS: 0.37543180642936524
