Model: GRU
MSE: 8.274316835290412
MAE: 1.6885769675517908
EVS: 0.3878393041682403
