Model: GRU
MSE: 695.3876572695851
MAE: 25.75646785209919
EVS: -0.19989696766181764
