Model: GRU
MSE: 7.796852978945698
MAE: 1.9490847012092327
EVS: 0.714390313973051
