Model: GRU
MSE: 7.1559574608281675
MAE: 2.0925984690929282
EVS: 0.7481682663797788
