Model: GRU
MSE: 6.498434010900754
MAE: 1.763567801179557
EVS: 0.7574566123145754
