Model: GRU
MSE: 12.796394373876767
MAE: 2.8403964083770226
EVS: 0.6154339168636569
