Model: GRU
MSE: 6.607845184543023
MAE: 1.7858604131073788
EVS: 0.7526480917187913
