Model: GRU
MSE: 6.615054123595405
MAE: 1.8351090036589524
EVS: 0.7540022772828339
