Model: GRU
MSE: 8.05783532495655
MAE: 1.9454793560093846
EVS: 0.7277024957334617
