Model: GRU
MSE: 33.950678953123145
MAE: 4.857749790980898
EVS: 0.009483448385143367
