Model: GRU
MSE: 8.229438295128825
MAE: 2.100414282289045
EVS: 0.6919033097432288
