Model: GRU
MSE: 11.013703030191586
MAE: 2.7526125085764916
EVS: 0.6857111080256495
