Model: GRU
MSE: 6.830951211775492
MAE: 1.8742786985019158
EVS: 0.7452268645985426
