Model: GRU
MSE: 718.143188785203
MAE: 26.43008751704775
EVS: 0.26511750127983735
