Model: GRU
MSE: 12.771170643402186
MAE: 2.9789356363230737
EVS: 0.6733773646534866
