Model: GRU
MSE: 7.529993088968714
MAE: 2.0785771402819404
EVS: 0.7403185704077453
