Model: GRU
MSE: 119.08793196033093
MAE: 9.502073534603777
EVS: -0.0801214892425901
