Model: GRU
MSE: 6.788622446848577
MAE: 1.8400528657025303
EVS: 0.7476032176927805
