Model: GRU
MSE: 2138.598776683634
MAE: 45.95217145722488
EVS: -0.012542360816120812
