Model: GRU
MSE: 6.817281215979937
MAE: 1.8281332192749813
EVS: 0.7490516607988981
