Model: GRU
MSE: 8.940366306415827
MAE: 2.1988799874271665
EVS: 0.7752472958943142
