Model: GRU
MSE: 11.236121564677386
MAE: 2.859920699020912
EVS: 0.7332593147650223
