Model: GRU
MSE: 12.633152270132454
MAE: 2.993985488496978
EVS: 0.6853205813270082
