Model: GRU
MSE: 11.585369073155485
MAE: 2.8128534349901924
EVS: 0.7032785860091149
