Model: GRU
MSE: 6.635456924941791
MAE: 1.7324010832556362
EVS: 0.7527403923199889
