Model: GRU
MSE: 8.216290630222849
MAE: 2.243460564777769
EVS: 0.7190732523505516
