Model: GRU
MSE: 3768.879170091052
MAE: 61.186842425116176
EVS: 0.060490739081241696
