Model: GRU
MSE: 8.379085860031335
MAE: 2.097257453819801
EVS: 0.6920679792791973
