Model: GRU
MSE: 8.106382007644262
MAE: 2.2477156252696595
EVS: 0.6986567728070292
