Model: GRU
MSE: 9.664076306327395
MAE: 2.2825472159632323
EVS: 0.6524251945520381
