Model: GRU
MSE: 7.600494975930193
MAE: 1.9870973044428333
EVS: 0.7623971375195193
