Model: GRU
MSE: 7.7784828969490345
MAE: 1.8289511902578945
EVS: 0.7342146942007282
