Model: GRU
MSE: 16.55841357936644
MAE: 3.2536657884203155
EVS: 0.6230370842101267
