Model: GRU
MSE: 7.7493705461027655
MAE: 1.9585029554778133
EVS: 0.7095059065728416
