Model: GRU
MSE: 406.69898766953025
MAE: 19.66744248620395
EVS: 0.2539770137943622
