Model: GRU
MSE: 7.558457389013122
MAE: 1.8643072987424916
EVS: 0.7258638908334532
