Model: GRU
MSE: 8364.72724072102
MAE: 91.31752908640894
EVS: 0.030986985134427214
