Model: GRU
MSE: 238.8219149255631
MAE: 14.042734976472525
EVS: -0.5611368383555044
