Model: GRU
MSE: 6.585070562121366
MAE: 1.90420525443965
EVS: 0.7530302636533903
