Model: GRU
MSE: 7.77487331440595
MAE: 1.996284164231399
EVS: 0.7157238702420154
