Model: GRU
MSE: 9.901127902741562
MAE: 2.615188284166928
EVS: 0.7137953943671058
