Model: GRU
MSE: 7.673022685064468
MAE: 1.909394184063221
EVS: 0.7122173657188398
