Model: GRU
MSE: 9.103069614007707
MAE: 2.3327317977773734
EVS: 0.7074610578082531
