Model: GRU
MSE: 8.586241198399627
MAE: 2.293674218243566
EVS: 0.715003406329886
