Model: GRU
MSE: 7.93191824326804
MAE: 2.0936752516647865
EVS: 0.7189924842863447
