Model: GRU
MSE: 7.079324032355696
MAE: 1.9772882543761154
EVS: 0.747705671564827
