Model: GRU
MSE: 7.763954452502532
MAE: 2.239574617352979
EVS: 0.7167055245413461
