Model: GRU
MSE: 7.579040573022547
MAE: 2.0167220460957496
EVS: 0.7219162829102557
