Model: GRU
MSE: 135.30537930563162
MAE: 10.57516192156693
EVS: 0.11968121010626775
