Model: GRU
MSE: 8.820772241201002
MAE: 2.171025990412153
EVS: 0.6841149276328331
