Model: GRU
MSE: 7.2997213955403515
MAE: 1.8860486828047653
EVS: 0.7264622361539197
