Model: GRU
MSE: 8.08750010821715
MAE: 2.2474192463118454
EVS: 0.7212414624929966
