Model: GRU
MSE: 8.35589083179429
MAE: 2.1457417782010704
EVS: 0.6868707252705504
