Model: GRU
MSE: 7.351088923968759
MAE: 1.9699541618084084
EVS: 0.7303410148029768
