Model: GRU
MSE: 6.821411121144555
MAE: 1.741080475264582
EVS: 0.7462466618902854
