Model: GRU
MSE: 112.4034662467936
MAE: 9.284339538935956
EVS: 0.01717035247248122
