Model: GRU
MSE: 7.9218876099928055
MAE: 2.0196608356360732
EVS: 0.7152383452804433
