Model: GRU
MSE: 9.188449217625054
MAE: 2.274282260187741
EVS: 0.6657199631663127
