Model: GRU
MSE: 7.257196045664961
MAE: 1.9116193179426522
EVS: 0.7300075835562897
