Model: GRU
MSE: 9.271152348369405
MAE: 2.468425822669062
EVS: 0.6938670933623476
