Model: GRU
MSE: 6.904373258872891
MAE: 1.8786546629050682
EVS: 0.7412964672984508
