Model: GRU
MSE: 91.08961746118874
MAE: 7.868627151538586
EVS: -0.09421605769381469
