Model: GRU
MSE: 6.664470712546925
MAE: 1.7640233861988988
EVS: 0.7514461403064103
