Model: GRU
MSE: 7.199617146834044
MAE: 1.9496607801009869
EVS: 0.7351815573983471
