Model: GRU
MSE: 125.84453057890207
MAE: 9.995395939925622
EVS: 0.027218807460187233
