Model: GRU
MSE: 7.561605084335892
MAE: 2.077150042714744
EVS: 0.7315279201654161
