Model: GRU
MSE: 7.25488651156199
MAE: 2.0361558877188584
EVS: 0.7331220881415306
