Model: GRU
MSE: 1257.3291280188623
MAE: 35.16011974729341
EVS: 0.20880411620883121
