Model: GRU
MSE: 7.384778379286045
MAE: 2.0119516602877914
EVS: 0.7290935558196232
