Model: GRU
MSE: 9.497428654783842
MAE: 2.380240460921978
EVS: 0.6926985060022609
