Model: GRU
MSE: 7.892886419024961
MAE: 2.0613012211076143
EVS: 0.7224216598776712
