Model: GRU
MSE: 7.68195224104229
MAE: 2.09997305479543
EVS: 0.7364533630444186
