Model: GRU
MSE: 3481.4697085459343
MAE: 58.77400036515861
EVS: -0.01591320841679078
