Model: GRU
MSE: 7.260912760561617
MAE: 2.0784295376004844
EVS: 0.73962555641678
