Model: GRU
MSE: 6.7961257272449505
MAE: 1.9077793606396378
EVS: 0.7451274262674601
