Model: GRU
MSE: 7.431419120104044
MAE: 1.941046587352095
EVS: 0.7348088411905587
