Model: GRU
MSE: 7.620245124881449
MAE: 1.9495806776244065
EVS: 0.7189049632274914
