Model: GRU
MSE: 13151.256158324331
MAE: 114.56156710920662
EVS: -0.009046217622652675
