Model: GRU
MSE: 7.558026566706049
MAE: 1.9635800441791271
EVS: 0.7269897456946155
