Model: GRU
MSE: 8.950008165903423
MAE: 1.997795059763152
EVS: 0.6643206964151442
