Model: GRU
MSE: 8.6724273461164
MAE: 2.177034382162423
EVS: 0.6764637921831385
