Model: GRU
MSE: 8.771578939335184
MAE: 2.2364103958524506
EVS: 0.69518674629686
