Model: GRU
MSE: 7.057317493839393
MAE: 1.901874801208233
EVS: 0.7366199433979653
