Model: GRU
MSE: 170.64654893803672
MAE: 11.921296588305768
EVS: -0.07002131622030361
