Model: GRU
MSE: 552.8535779262285
MAE: 23.1848726272583
EVS: 0.4255838659512404
