Model: GRU
MSE: 81.68414373036514
MAE: 7.405761332347475
EVS: -0.006621184074531605
