Model: GRU
MSE: 6.874348106129003
MAE: 1.8221268427783046
EVS: 0.7510024766750616
