Model: GRU
MSE: 125.09499089285859
MAE: 10.055549744901986
EVS: 0.10056881346941848
