Model: GRU
MSE: 10.038959916624188
MAE: 2.2364660578114646
EVS: 0.741696556203186
