Model: GRU
MSE: 153.76323953465092
MAE: 11.113049474255792
EVS: -0.13506198731340024
