Model: GRU
MSE: 7.111038117051219
MAE: 1.9986709150774726
EVS: 0.739879741659458
