Model: GRU
MSE: 7.600452566639901
MAE: 2.013134109562841
EVS: 0.7154919749699842
