Model: GRU
MSE: 9.293680756742452
MAE: 2.183267447455176
EVS: 0.6610982776524219
