Model: GRU
MSE: 7.12777623674026
MAE: 1.8640671084667075
EVS: 0.7327156717017262
