Model: GRU
MSE: 6535.562046124335
MAE: 79.39869466321221
EVS: -7.6792689706934905
