Model: GRU
MSE: 7.094466320490387
MAE: 1.8176719238018166
EVS: 0.7412042853102172
