Model: GRU
MSE: 10.857103092421225
MAE: 2.4953453951868516
EVS: 0.6607008081804069
