Model: GRU
MSE: 402.0117905572196
MAE: 18.6657285525881
EVS: -1.0104175008314926
