Model: GRU
MSE: 7.242509088235902
MAE: 1.8668383524335663
EVS: 0.7399173505169471
