Model: GRU
MSE: 7.886695272453862
MAE: 2.078704065289991
EVS: 0.7351873274024674
