Model: GRU
MSE: 8.251687674786925
MAE: 2.2438024652415307
EVS: 0.7223799997866656
