Model: GRU
MSE: 8.338728901104101
MAE: 2.1081966408367814
EVS: 0.6955728637510084
