Model: GRU
MSE: 7.354882639709154
MAE: 1.9381321576134911
EVS: 0.7278480816156587
