Model: GRU
MSE: 6.606754481992592
MAE: 1.906121953808028
EVS: 0.7556151522690108
