Model: GRU
MSE: 7.187564845645919
MAE: 1.87718161837808
EVS: 0.7310834279098758
