Model: GRU
MSE: 8.225180901900012
MAE: 2.2130503212583474
EVS: 0.6916136364591101
