Model: GRU
MSE: 6.718236142752119
MAE: 1.7679109532257606
EVS: 0.753949460003515
