Model: GRU
MSE: 7.444077137345036
MAE: 1.8862180216559048
EVS: 0.7213379972991697
