Model: GRU
MSE: 9.087448052749382
MAE: 2.477411253698941
EVS: 0.6861080677088132
