Model: GRU
MSE: 6.548485793341116
MAE: 1.904947597405006
EVS: 0.7549446749735407
