Model: GRU
MSE: 906.3040852657658
MAE: 28.89736588341849
EVS: -0.9598990501135369
