Model: GRU
MSE: 7.51278702076016
MAE: 1.9352467440325638
EVS: 0.7188989273794575
