Model: GRU
MSE: 7.098387163544184
MAE: 1.9217698286319602
EVS: 0.7348798660900744
