Model: GRU
MSE: 11.017836382147868
MAE: 2.506807438258467
EVS: 0.6369942804949942
