Model: GRU
MSE: 76.5080900829896
MAE: 6.363256257155846
EVS: -0.6368155546011711
