Model: GRU
MSE: 1251.8539064398096
MAE: 35.04220587631752
EVS: 0.10368919085335115
