Model: GRU
MSE: 7.619313425549022
MAE: 1.8662027572763378
EVS: 0.7149161608096615
