Model: GRU
MSE: 7.550020158600074
MAE: 1.923623185733269
EVS: 0.7175378488479682
