Model: GRU
MSE: 7.710947099341864
MAE: 1.9455708799691036
EVS: 0.7368153472611518
