Model: GRU
MSE: 9.1841245455441
MAE: 2.307038874461733
EVS: 0.6936110239916384
