Model: GRU
MSE: 14.637728557815775
MAE: 3.197352140114225
EVS: 0.6782780172010765
