Model: GRU
MSE: 13.259070754106807
MAE: 2.7377498684258295
EVS: 0.5747364317217365
