Model: GRU
MSE: 7.807366140358772
MAE: 1.940157399095338
EVS: 0.7077401754867144
