Model: GRU
MSE: 1077.0814294308623
MAE: 32.350549862302586
EVS: -0.14481291105419714
