Model: GRU
MSE: 7.712161875205433
MAE: 2.0052430958583436
EVS: 0.712051978172203
