Model: GRU
MSE: 8.757390974196692
MAE: 2.3585623338304718
EVS: 0.7123358267970864
