Model: GRU
MSE: 8.639363569220079
MAE: 2.0499629398872115
EVS: 0.7132724867812821
