Model: GRU
MSE: 8.72609457546392
MAE: 2.136569754830722
EVS: 0.6739767815048623
