Model: GRU
MSE: 6.894874771478714
MAE: 1.9603733769778549
EVS: 0.7557281854560516
