Model: GRU
MSE: 6.7601139666521535
MAE: 1.8338282118583549
EVS: 0.7519358444986679
