Model: GRU
MSE: 7.303265631608968
MAE: 2.0443438867042802
EVS: 0.7297063726657983
