Model: GRU
MSE: 584.830877672135
MAE: 23.74492569627433
EVS: 0.2120193678005109
