Model: GRU
MSE: 7.604735014311564
MAE: 1.8891864850603302
EVS: 0.7194937718774956
