Model: GRU
MSE: 8.006966116388016
MAE: 2.2592547577002953
EVS: 0.7271198705974335
