Model: GRU
MSE: 7.504727578226705
MAE: 1.9144334515620922
EVS: 0.7273152411934649
