Model: GRU
MSE: 9.869308247711365
MAE: 2.5898393937226
EVS: 0.7235414094350634
