Model: GRU
MSE: 1153.3388914677857
MAE: 33.56320762634277
EVS: -0.0070390954057903965
