Model: GRU
MSE: 289.4012421288357
MAE: 16.29098916875905
EVS: 0.09966852334257559
