Model: GRU
MSE: 6.46268334916951
MAE: 1.739772074181458
EVS: 0.7669594201162759
