Model: GRU
MSE: 7.873405851852816
MAE: 2.037643694672091
EVS: 0.7051630472893256
