Model: GRU
MSE: 8.920741731449843
MAE: 2.1982570845505287
EVS: 0.6849778573621992
