Model: GRU
MSE: 7.336116636750007
MAE: 2.0033208470920036
EVS: 0.7305124838519061
