Model: GRU
MSE: 622.8026045953352
MAE: 24.428932485909296
EVS: 0.02372055008966356
