Model: GRU
MSE: 8.804416199790502
MAE: 2.2701260056988946
EVS: 0.6758783028726478
