Model: GRU
MSE: 10.160370254868514
MAE: 2.491286777216813
EVS: 0.7070172148801297
