Model: GRU
MSE: 6.66075485157071
MAE: 1.8479683419753765
EVS: 0.7550400827714219
