Model: GRU
MSE: 7.8983630395300235
MAE: 1.9191277767049855
EVS: 0.7166744547854578
