Model: GRU
MSE: 7.292723279008127
MAE: 1.8630710079752166
EVS: 0.7266307758360826
