Model: GRU
MSE: 8.162969741853805
MAE: 2.119299732405564
EVS: 0.704391599669288
