Model: GRU
MSE: 7.7060956285378275
MAE: 1.9535626327169353
EVS: 0.7265567450671612
