Model: GRU
MSE: 7.7177252920087875
MAE: 2.039660277037785
EVS: 0.7161198648840581
