Model: GRU
MSE: 7.707472132851022
MAE: 2.0330845980808654
EVS: 0.7179054515335421
