Model: GRU
MSE: 8.37800956813592
MAE: 2.0868756873854277
EVS: 0.7407167791745837
