Model: GRU
MSE: 6.853235136606564
MAE: 1.9350455300561313
EVS: 0.7503802020636794
