Model: GRU
MSE: 14.505841736965099
MAE: 3.144009325011023
EVS: 0.6286168303963201
