Model: GRU
MSE: 7.049793014238204
MAE: 1.8738007668791146
EVS: 0.7357717555872678
