Model: GRU
MSE: 7.608308853178479
MAE: 1.8695099107150375
EVS: 0.7156692716309352
