Model: GRU
MSE: 8.154761907324403
MAE: 1.9584738324428428
EVS: 0.6980657957821399
