Model: GRU
MSE: 8.317900636464412
MAE: 2.14102821308991
EVS: 0.7136944546091595
