Model: GRU
MSE: 7.364080050634659
MAE: 2.199074884940838
EVS: 0.7612569398438509
