Model: GRU
MSE: 40.75336585577284
MAE: 4.809160141081645
EVS: -0.031272791140724454
