Model: GRU
MSE: 553.3981148522536
MAE: 22.97934519011399
EVS: 0.04930170906701303
