Model: GRU
MSE: 7.266996258870604
MAE: 1.9528268431795055
EVS: 0.7282459878844892
