Model: GRU
MSE: 9.444206728872418
MAE: 2.4924601974158453
EVS: 0.7391700887983467
