Model: GRU
MSE: 7.824287204523748
MAE: 1.9896257478615333
EVS: 0.7292274093290697
