Model: GRU
MSE: 9.865768492189927
MAE: 2.241270492545196
EVS: 0.7656877288662053
