Model: GRU
MSE: 166.62357155822568
MAE: 11.8180510668919
EVS: -0.011061824596607428
