Model: GRU
MSE: 6.957258116676804
MAE: 1.864469203455695
EVS: 0.7507514277500492
