Model: GRU
MSE: 9.152593807481304
MAE: 2.229426973852618
EVS: 0.672591378013967
