Model: GRU
MSE: 8.21181557912938
MAE: 2.0765442663225633
EVS: 0.7312551783040966
