Model: GRU
MSE: 8.167085798065644
MAE: 2.2212062272532234
EVS: 0.7323889261880154
