Model: GRU
MSE: 7.767328719387167
MAE: 2.0195656398247026
EVS: 0.7131862860674281
