Model: GRU
MSE: 7.426828028592269
MAE: 1.8362460629693393
EVS: 0.7273088286125267
