Model: GRU
MSE: 9.11709773703385
MAE: 2.192909701117154
EVS: 0.7092277258786688
