Model: GRU
MSE: 8.47335820361823
MAE: 2.1966856224783537
EVS: 0.7225686127020969
