Model: GRU
MSE: 8.0405324405361
MAE: 2.2385873753449013
EVS: 0.7305535745166384
