Model: GRU
MSE: 98.26018593286197
MAE: 8.417122438036163
EVS: -0.02812693682428291
