Model: GRU
MSE: 7.222779523516477
MAE: 1.9202752103065621
EVS: 0.7373745135105031
