Model: GRU
MSE: 611.6963439644977
MAE: 23.913738283617743
EVS: -0.49384918564235947
