Model: GRU
MSE: 7.098426142821393
MAE: 1.9207057541814343
EVS: 0.7343012921032186
