Model: GRU
MSE: 7.329312683253455
MAE: 1.9494983410013134
EVS: 0.7567471079425875
