Model: GRU
MSE: 330.39920812914244
MAE: 17.628412822197223
EVS: 0.26344447001111804
