Model: GRU
MSE: 8.651233430000438
MAE: 2.1306686709667075
EVS: 0.6943267135863486
