Model: GRU
MSE: 9.253771286544834
MAE: 2.2594871274356185
EVS: 0.6787222116050037
