Model: GRU
MSE: 87.72887163009044
MAE: 7.551781142580098
EVS: -0.15141849730726453
