Model: GRU
MSE: 7.324659911697186
MAE: 2.1151711077525697
EVS: 0.7318869306146177
