Model: GRU
MSE: 9.080726529734475
MAE: 2.5401198144616752
EVS: 0.7250196287456336
