Model: GRU
MSE: 8.397003558266075
MAE: 2.193095661442855
EVS: 0.7236451067758892
