Model: GRU
MSE: 8.400153223528523
MAE: 2.3251928378795754
EVS: 0.7162848140796374
