Model: GRU
MSE: 8.55243292707881
MAE: 2.0265161744479476
EVS: 0.7528330958474021
