Model: GRU
MSE: 5.892450364953341
MAE: 1.7103659243419254
EVS: 0.7819359917807537
