Model: GRU
MSE: 86.9665401219504
MAE: 7.724180057131011
EVS: -0.024051774464690645
