Model: GRU
MSE: 7.653200734647189
MAE: 1.9307734781298145
EVS: 0.7217639607830291
