Model: GRU
MSE: 3474.0985810997704
MAE: 58.80231587640171
EVS: 0.3854159428776507
