Model: GRU
MSE: 9.484673489168209
MAE: 2.40573833934192
EVS: 0.720116925725832
