Model: GRU
MSE: 7.542146215035008
MAE: 1.9589650487077648
EVS: 0.7365135102703164
