Model: GRU
MSE: 8.353354303323332
MAE: 2.379445965947776
EVS: 0.737909588037097
