Model: GRU
MSE: 348.5234997914538
MAE: 18.09410810470581
EVS: 0.20761726046950757
