Model: GRU
MSE: 111.66344528999679
MAE: 9.200756788253784
EVS: -0.013022617984583151
