Model: GRU
MSE: 8.233922730907166
MAE: 1.8454968436010952
EVS: 0.7028537897842966
