Model: GRU
MSE: 9.027757529910522
MAE: 2.2122607087266855
EVS: 0.6688608460352118
