Model: GRU
MSE: 8.302752796327077
MAE: 1.8191124550227462
EVS: 0.7156159484808531
