Model: GRU
MSE: 8.157314706497907
MAE: 2.116014628574766
EVS: 0.721881365876878
