Model: GRU
MSE: 6.716551295638071
MAE: 1.8782479927457612
EVS: 0.7482725137523285
