Model: GRU
MSE: 7.485770154308864
MAE: 1.9078105729201744
EVS: 0.7206408372695354
