Model: GRU
MSE: 9.33399932000588
MAE: 2.4424746940875877
EVS: 0.7087607814927919
