Model: GRU
MSE: 6.772659212046002
MAE: 1.8458669514491641
EVS: 0.7459843952727583
