Model: GRU
MSE: 7.419822253300563
MAE: 1.9319291207297096
EVS: 0.7534836866024078
