Model: GRU
MSE: 9.88084889757546
MAE: 2.423926411003902
EVS: 0.7168202854374166
