Model: GRU
MSE: 28.6313652595109
MAE: 4.113043281538733
EVS: 0.45627341983614633
