Model: GRU
MSE: 9.502767365944361
MAE: 2.269518728913932
EVS: 0.6710068134762046
