Model: GRU
MSE: 8.46182441492153
MAE: 2.2511410014382722
EVS: 0.6990275001981333
