Model: GRU
MSE: 90.35225113308815
MAE: 8.069737656363126
EVS: 0.053660829087829764
