Model: GRU
MSE: 8.801353124830335
MAE: 2.38607833919854
EVS: 0.7366914958656203
