Model: GRU
MSE: 7.0867847599657585
MAE: 2.024238008877327
EVS: 0.7415913489587738
