Model: GRU
MSE: 167.72589161775775
MAE: 11.786150060850998
EVS: -0.0806476199207542
