Model: GRU
MSE: 7.44006426323387
MAE: 1.9506786568411465
EVS: 0.7229233082189699
