Model: GRU
MSE: 13.323727808677335
MAE: 2.8894585761530647
EVS: 0.6268740440044636
