Model: GRU
MSE: 9.991551620116068
MAE: 2.4043388315315903
EVS: 0.6512858224207945
