Model: GRU
MSE: 9.891032037686827
MAE: 2.4902323196674216
EVS: 0.6565369713738112
