Model: GRU
MSE: 4924.455326559433
MAE: 69.98892422380119
EVS: 0.024622559055801352
