Model: GRU
MSE: 7.806017795210787
MAE: 1.8794637784875672
EVS: 0.7441933179868963
