Model: GRU
MSE: 7.454896409819528
MAE: 2.052352882664779
EVS: 0.7278778971283886
