Model: GRU
MSE: 6.929630944622847
MAE: 1.8496026540624684
EVS: 0.7401819098302594
