Model: GRU
MSE: 7.222057651650196
MAE: 2.0326079253492684
EVS: 0.7357848195139145
