Model: GRU
MSE: 7.91144142502303
MAE: 2.031055610755394
EVS: 0.7076417578686434
