Model: GRU
MSE: 7.903417702504644
MAE: 2.0422343714483855
EVS: 0.7044777829740685
