Model: GRU
MSE: 10.7814185235322
MAE: 2.7024001088635674
EVS: 0.6862834703330303
