Model: GRU
MSE: 7.958563154053632
MAE: 2.0051897846419235
EVS: 0.7133675186755293
