Model: GRU
MSE: 7.72724223291635
MAE: 1.9709396238984733
EVS: 0.7206259484382698
