Model: GRU
MSE: 7.571045291892778
MAE: 2.0205721115243844
EVS: 0.7273566523565002
