Model: GRU
MSE: 2788.548163362862
MAE: 52.571945387741614
EVS: 0.07214624310313
