Model: GRU
MSE: 7.630112918457843
MAE: 2.0232246394815117
EVS: 0.7350019529197582
