Model: GRU
MSE: 7.945579177503742
MAE: 2.1065513923250396
EVS: 0.70886053016804
