Model: GRU
MSE: 9.176385048309532
MAE: 2.3612260643778176
EVS: 0.6646452960061529
