Model: GRU
MSE: 10.096359748376312
MAE: 2.2890522366967696
EVS: 0.7044260540334235
