Model: GRU
MSE: 8.525315938957121
MAE: 2.0385978982366364
EVS: 0.6824370487161884
