Model: GRU
MSE: 9.6297805214222
MAE: 2.2255858902273506
EVS: 0.6547302775808801
