Model: GRU
MSE: 9.397021108558683
MAE: 2.5407481316862435
EVS: 0.7137162303395544
