Model: GRU
MSE: 8.903212556366874
MAE: 2.0201826198347685
EVS: 0.679126336548419
