Model: GRU
MSE: 7.6517669091226725
MAE: 1.9866514349805897
EVS: 0.7376173694766321
