Model: GRU
MSE: 4370.727134630656
MAE: 65.8964122903758
EVS: -0.06479841088870364
