Model: GRU
MSE: 207.29144753166926
MAE: 13.433061410640848
EVS: -0.006826187002240358
