Model: GRU
MSE: 8.635418069748567
MAE: 2.1830425303557823
EVS: 0.7362874917359661
