Model: GRU
MSE: 7.613572550208205
MAE: 1.9590319662258542
EVS: 0.7280847804572053
