Model: GRU
MSE: 7.181715961576851
MAE: 1.9036218863109062
EVS: 0.730683843212376
