Model: GRU
MSE: 527.2545178808284
MAE: 22.36078094613963
EVS: -0.022041850573647048
