Model: GRU
MSE: 8.5438723108701
MAE: 2.1848147244289002
EVS: 0.7040428881788817
