Model: GRU
MSE: 7.370533610728731
MAE: 1.8508779365440895
EVS: 0.7290574596289923
