Model: GRU
MSE: 7.411126595605163
MAE: 1.9556131198488433
EVS: 0.7225037823359001
