Model: GRU
MSE: 14.647014709240446
MAE: 3.388254404067993
EVS: 0.6704830468643863
