Model: GRU
MSE: 8.70584131335965
MAE: 1.9160921429765636
EVS: 0.6907533470151208
