Model: GRU
MSE: 8.007817036949637
MAE: 2.226851441736879
EVS: 0.7378889470804748
