Model: GRU
MSE: 7.323918253531738
MAE: 1.9271801854002064
EVS: 0.7502738751187249
