Model: GRU
MSE: 2607.216090880213
MAE: 50.82020582001785
EVS: 0.08024570057840819
