Model: GRU
MSE: 3559.5964049492386
MAE: 59.4460229544804
EVS: 0.033588501568384
