Model: GRU
MSE: 6.593466987739367
MAE: 1.7806820746125847
EVS: 0.7548414953373346
