Model: GRU
MSE: 8.696783267494997
MAE: 2.1484889542234353
EVS: 0.7061272526025608
