Model: GRU
MSE: 6.752488644534274
MAE: 1.9108836239781872
EVS: 0.7542411237327283
