Model: GRU
MSE: 7.202434014754052
MAE: 1.9029296163854927
EVS: 0.7310865407357761
