Model: GRU
MSE: 6.972106692576687
MAE: 1.9129454472969318
EVS: 0.7455390362186862
