Model: GRU
MSE: 7.286262023210837
MAE: 2.139141080708339
EVS: 0.726724978075987
