Model: GRU
MSE: 11.247611662161875
MAE: 2.69875718807352
EVS: 0.6896908157919488
