Model: GRU
MSE: 11.860275464827776
MAE: 2.9239452584036467
EVS: 0.7102349262834953
