Model: GRU
MSE: 6.874825051039292
MAE: 1.9861507456878136
EVS: 0.7422553695288336
