Model: GRU
MSE: 16.821648453063634
MAE: 3.4486705578606704
EVS: 0.6299703330285324
