Model: GRU
MSE: 7.403364525903496
MAE: 1.9712769604962448
EVS: 0.7267456525285834
