Model: GRU
MSE: 7.973645109225829
MAE: 2.3508695076251853
EVS: 0.7349724479248596
