Model: GRU
MSE: 7.002138706815707
MAE: 1.8012598218588993
EVS: 0.7399961109303361
