Model: GRU
MSE: 15.04759996074646
MAE: 3.325369193636138
EVS: 0.6633798782486866
