Model: GRU
MSE: 955.0896796859454
MAE: 30.673560290501037
EVS: 0.46657358234030144
