Model: GRU
MSE: 8.214376262675493
MAE: 2.130924169359536
EVS: 0.6925919531654339
