Model: GRU
MSE: 6.778109491142366
MAE: 1.9792884660178218
EVS: 0.751876414270487
