Model: GRU
MSE: 7.865933452065995
MAE: 2.0466481611646454
EVS: 0.7051798142449279
