Model: GRU
MSE: 12.570548933244574
MAE: 2.799572829542489
EVS: 0.5602619575330892
