Model: GRU
MSE: 150.9194331429058
MAE: 11.317626607829126
EVS: 0.14370645799463044
