Model: GRU
MSE: 8.244806902667223
MAE: 2.1645618728522598
EVS: 0.7170570056252701
