Model: GRU
MSE: 6.959778569199941
MAE: 1.8457320733317013
EVS: 0.7462186676005829
