Model: GRU
MSE: 291.4434175532365
MAE: 16.4216723277651
EVS: 0.18341290968099333
