Model: GRU
MSE: 6.918330934609527
MAE: 1.8554970437082752
EVS: 0.741724126144657
