Model: GRU
MSE: 572.4400638113674
MAE: 23.36188684660813
EVS: -2.220446049250313e-16
