Model: GRU
MSE: 10.160227921911309
MAE: 2.776285936092508
EVS: 0.704559822923896
