Model: GRU
MSE: 7.587235266989114
MAE: 2.02917245338703
EVS: 0.7260681591673894
