Model: GRU
MSE: 9.641350657603562
MAE: 2.421459140448735
EVS: 0.6872411330992318
