Model: GRU
MSE: 8.607355781862239
MAE: 2.254273314928186
EVS: 0.6787888290540567
