Model: GRU
MSE: 6.447211438428611
MAE: 1.7948741419561978
EVS: 0.77113461908672
