Model: GRU
MSE: 48.38318200259052
MAE: 6.225987089091334
EVS: -0.07839681581031233
