Model: GRU
MSE: 7.50705172023496
MAE: 1.9675930728172433
EVS: 0.74356274953212
