Model: GRU
MSE: 10.262393486623312
MAE: 2.570989166868144
EVS: 0.721562688309898
