Model: GRU
MSE: 9.065129608969558
MAE: 2.181493718048622
EVS: 0.6779531345380962
