Model: GRU
MSE: 8.001606015194948
MAE: 1.9728025074662834
EVS: 0.7189947063093542
