Model: GRU
MSE: 7.837955663733758
MAE: 1.925356938921172
EVS: 0.7142516985842818
