Model: GRU
MSE: 7.197648424266443
MAE: 1.935468515445446
EVS: 0.7309034037808737
