Model: GRU
MSE: 9.142096229903167
MAE: 2.2194601266548553
EVS: 0.6618813321820671
