Model: GRU
MSE: 8334.333265361787
MAE: 91.11990580065498
EVS: -0.18129434576749826
