Model: GRU
MSE: 636.2809080150372
MAE: 24.77171693999192
EVS: 0.15075060651019834
