Model: GRU
MSE: 8.25282756012186
MAE: 2.1834264284577865
EVS: 0.7236547675386775
