Model: GRU
MSE: 7.128961652061569
MAE: 1.9480445765215775
EVS: 0.7332196481292215
