Model: GRU
MSE: 10.872222871294046
MAE: 2.6710210463096358
EVS: 0.6775997650114692
