Model: GRU
MSE: 8.091604900518165
MAE: 2.199565287294059
EVS: 0.7175698813958049
