Model: GRU
MSE: 7.1547214197866085
MAE: 1.9433771988441204
EVS: 0.7426152584143119
