Model: GRU
MSE: 7.661841388354663
MAE: 2.0631145064173073
EVS: 0.7267811087546278
