Model: GRU
MSE: 9.602464073483342
MAE: 2.3249528438880525
EVS: 0.7276776890759917
