Model: GRU
MSE: 81.41595669504476
MAE: 7.362414680678269
EVS: -0.020572112972313983
