Model: GRU
MSE: 7.440241776557628
MAE: 1.8774784392323987
EVS: 0.7223497695686909
