Model: GRU
MSE: 8.02516052936664
MAE: 2.1627447820942978
EVS: 0.7160565861359351
