Model: GRU
MSE: 184.5148867182965
MAE: 12.28223154462617
EVS: -0.26251922923297655
