Model: GRU
MSE: 8.00933711861044
MAE: 1.9898240535423672
EVS: 0.7011899182945365
