Model: GRU
MSE: 111.30547769112687
MAE: 9.083507973572303
EVS: -0.0800025978741652
