Model: GRU
MSE: 214.33444758101626
MAE: 13.798798692637476
EVS: 0.10256819034337927
