Model: GRU
MSE: 7.749053319871512
MAE: 2.031140742630794
EVS: 0.7166336098090338
