Model: GRU
MSE: 13.635243157067498
MAE: 3.1830140886635614
EVS: 0.690164687352125
