Model: GRU
MSE: 7.470564339353587
MAE: 1.8547346961909328
EVS: 0.7223279258872257
