Model: GRU
MSE: 92.50035630604977
MAE: 8.026320235482578
EVS: -0.0531174221982329
