Model: GRU
MSE: 8.0951467096324
MAE: 2.0624796676224677
EVS: 0.700135790059524
