Model: GRU
MSE: 380.9558378685845
MAE: 18.843075670044996
EVS: 0.02880356986765864
