Model: GRU
MSE: 13.420987698069595
MAE: 2.970112627950208
EVS: 0.6666047408408351
