Model: GRU
MSE: 7.23330605936364
MAE: 1.9794954143721482
EVS: 0.7306897384771578
