Model: GRU
MSE: 7.777995639887037
MAE: 1.978794305488981
EVS: 0.7244791639121839
