Model: GRU
MSE: 7.279502783622778
MAE: 1.8955495686366641
EVS: 0.727612464603242
