Model: GRU
MSE: 7.897899871654368
MAE: 1.896239854138473
EVS: 0.7054309035140588
