Model: GRU
MSE: 6.937307447286101
MAE: 1.796013622448362
EVS: 0.7402542355722594
