Model: GRU
MSE: 7.909273585111176
MAE: 2.0906943534982614
EVS: 0.7099907219256391
