Model: GRU
MSE: 8.315787451154996
MAE: 2.084759991744469
EVS: 0.6987527590353161
