Model: GRU
MSE: 9.673480689143867
MAE: 2.4907175713572007
EVS: 0.6789276098444769
