Model: GRU
MSE: 8.105283109345564
MAE: 2.1402252398688217
EVS: 0.7215436563793165
