Model: GRU
MSE: 8.05561306983188
MAE: 2.2273355311360854
EVS: 0.7494805094104292
