Model: GRU
MSE: 7.4940560023958644
MAE: 1.861338233125621
EVS: 0.722542674890797
