Model: GRU
MSE: 6.552898238280705
MAE: 1.9503379813556014
EVS: 0.7545965106019827
