Model: GRU
MSE: 9.257700862708502
MAE: 2.415540280013249
EVS: 0.7124257659095101
