Model: GRU
MSE: 97.76925922569033
MAE: 8.10944353712016
EVS: -0.20042819291184388
