Model: GRU
MSE: 8.005562583702037
MAE: 1.9691558120579555
EVS: 0.6999266136527246
