Model: GRU
MSE: 7.157017155213829
MAE: 2.0050509222622575
EVS: 0.7481503910229259
