Model: GRU
MSE: 7.1690239740665245
MAE: 2.027391493320465
EVS: 0.7314420418966409
