Model: GRU
MSE: 8.134412815920308
MAE: 2.285105770004207
EVS: 0.7287990706550249
