Model: GRU
MSE: 8.46486320310451
MAE: 2.1204657410753183
EVS: 0.699085235348746
