Model: GRU
MSE: 90.90845559618707
MAE: 8.229817024592695
EVS: 0.1306615916164915
