Model: GRU
MSE: 6.913286981131723
MAE: 1.7922334054420734
EVS: 0.7415520495962074
