Model: GRU
MSE: 8.220153570110035
MAE: 2.218669021951741
EVS: 0.7042239008629766
