Model: GRU
MSE: 8.154608785001635
MAE: 2.0747844474069
EVS: 0.7014241547888844
