Model: GRU
MSE: 7.000140652801596
MAE: 1.7812348275349057
EVS: 0.7495866531400105
