Model: GRU
MSE: 10.531082598574972
MAE: 2.4365486317667466
EVS: 0.6362609704666671
