Model: GRU
MSE: 885.789582994894
MAE: 29.102094650268555
EVS: -0.45740090254620136
