Model: GRU
MSE: 10.160629334376855
MAE: 2.337461911398789
EVS: 0.6317760794917864
