Model: GRU
MSE: 7.526676471030083
MAE: 1.866824998937804
EVS: 0.760007080786908
