Model: GRU
MSE: 133.617502096089
MAE: 10.377184029283194
EVS: 0.027407720767039456
