Model: GRU
MSE: 6.846227914758963
MAE: 1.8978030249990265
EVS: 0.7434464543379569
