Model: GRU
MSE: 9.566643745149326
MAE: 2.3904082405156104
EVS: 0.7037011162330915
