Model: GRU
MSE: 7.705957474778748
MAE: 2.0253395006574433
EVS: 0.712591404012596
