Model: GRU
MSE: 39.2276970090466
MAE: 5.403051442113416
EVS: -2.220446049250313e-16
