Model: GRU
MSE: 7.434699314323745
MAE: 1.861196422371371
EVS: 0.7223548697020767
