Model: GRU
MSE: 6.739434404135194
MAE: 1.7996602880543675
EVS: 0.750136572735316
