Model: GRU
MSE: 8.270747941813541
MAE: 2.020445026200393
EVS: 0.6902024417992814
