Model: GRU
MSE: 7.910658110288541
MAE: 2.1470530505838066
EVS: 0.7190120281909029
