Model: GRU
MSE: 8.503519482822604
MAE: 2.264813085054529
EVS: 0.728921795322667
