Model: GRU
MSE: 6232.533189075044
MAE: 78.77553321575296
EVS: -0.010736087975683928
