Model: GRU
MSE: 7.2491397706951295
MAE: 1.8913377215122353
EVS: 0.7320721002284931
