Model: GRU
MSE: 39.25768011832331
MAE: 5.405966396989493
EVS: -2.220446049250313e-16
