Model: GRU
MSE: 79.53657918167498
MAE: 7.246838660075746
EVS: -0.013412261806269976
