Model: GRU
MSE: 9.726698545929434
MAE: 2.615370910743187
EVS: 0.7139438702354918
