Model: GRU
MSE: 10.564910949857763
MAE: 2.7431442490939437
EVS: 0.6725560137107571
