Model: GRU
MSE: 8.081929823196724
MAE: 1.9652167065390225
EVS: 0.702979050332688
