Model: GRU
MSE: 7.840268046697559
MAE: 2.08260577917099
EVS: 0.7065560918951854
