Model: GRU
MSE: 8.673762526343172
MAE: 2.469436082346686
EVS: 0.722382740997868
