Model: GRU
MSE: 9.134955442154869
MAE: 2.1496242551968017
EVS: 0.6736160686853169
