Model: GRU
MSE: 7.421227177833257
MAE: 1.9959289945405105
EVS: 0.7236266512173277
