Model: GRU
MSE: 7.139413152994032
MAE: 1.8844981306585773
EVS: 0.7417819242696995
