Model: GRU
MSE: 7.982884048472928
MAE: 2.099340997893235
EVS: 0.7194197926958331
