Model: GRU
MSE: 7.799249012471328
MAE: 2.250451388030217
EVS: 0.7431277292112608
