Model: GRU
MSE: 8.107851666162478
MAE: 2.17641255773347
EVS: 0.7168158003246263
