Model: GRU
MSE: 8.267183599414137
MAE: 2.2402122657874535
EVS: 0.7241234265929846
