Model: GRU
MSE: 8.659845841312256
MAE: 2.1743561779630594
EVS: 0.7059256540073874
