Model: GRU
MSE: 882.4453898187797
MAE: 29.47059305782976
EVS: 0.4775570338026691
