Model: GRU
MSE: 7.988495380733044
MAE: 2.094909678245413
EVS: 0.7004057875068972
