Model: GRU
MSE: 7.393471887707863
MAE: 1.96181763143375
EVS: 0.7243646656077157
