Model: GRU
MSE: 10.948190977939609
MAE: 2.8033131566540948
EVS: 0.7052720607493541
