Model: GRU
MSE: 6.986009805410397
MAE: 1.7812702121405766
EVS: 0.7380022133986661
