Model: GRU
MSE: 6.606317285827257
MAE: 1.8585633142241116
EVS: 0.7529629968102778
