Model: GRU
MSE: 8.777758611325917
MAE: 1.98637148018541
EVS: 0.7025816287703082
