Model: GRU
MSE: 8.661911169771303
MAE: 2.0691554916316064
EVS: 0.7226504144194164
