Model: GRU
MSE: 8.41392180097188
MAE: 2.2863186947230636
EVS: 0.7055298228607715
