Model: GRU
MSE: 7.6589996881984534
MAE: 2.075951898920125
EVS: 0.7291981019117264
