Model: GRU
MSE: 8.221567498591298
MAE: 1.9829608798027039
EVS: 0.697204553458793
