Model: GRU
MSE: 7.682944795244496
MAE: 1.9244343494546825
EVS: 0.7122582897575415
