Model: GRU
MSE: 9.177105983066433
MAE: 2.1152260303497314
EVS: 0.729202986257538
