Model: GRU
MSE: 684.9084125563128
MAE: 25.64306933304359
EVS: -0.025470450289613034
