Model: GRU
MSE: 7.017997079722732
MAE: 1.8620861172676086
EVS: 0.7376500550682275
