Model: GRU
MSE: 8.256799360432165
MAE: 2.1218646497562013
EVS: 0.7164637765350399
