Model: GRU
MSE: 76.57724924555393
MAE: 7.189624444164079
EVS: 0.06660178337240563
