Model: GRU
MSE: 6.772433491183127
MAE: 1.8200482006730705
EVS: 0.7462509684680263
