Model: GRU
MSE: 10.459623308614276
MAE: 2.275785608802523
EVS: 0.7149607061652672
