Model: GRU
MSE: 9.356913999195962
MAE: 2.5527518329949213
EVS: 0.7343995532488277
