Model: GRU
MSE: 8.013434941727727
MAE: 2.0112804061379927
EVS: 0.6994735481558876
