Model: GRU
MSE: 7.5325469070960445
MAE: 1.9295844620671765
EVS: 0.7285482674020984
