Model: GRU
MSE: 7.82179595630288
MAE: 2.029618594153174
EVS: 0.7113963486603048
