Model: GRU
MSE: 8.52382914336892
MAE: 2.3450352898959457
EVS: 0.6989501865958118
