Model: GRU
MSE: 11.212850066650777
MAE: 2.7331924191836654
EVS: 0.6749569942056286
