Model: GRU
MSE: 7.153862167581482
MAE: 1.8831468923338528
EVS: 0.7327276320062247
