Model: GRU
MSE: 8.96347902742835
MAE: 2.4964246030511528
EVS: 0.7123121247942157
