Model: GRU
MSE: 625.5292969666048
MAE: 24.46520285770811
EVS: -0.0120334419233048
