Model: GRU
MSE: 9.168164721312873
MAE: 2.45047960404692
EVS: 0.7001266112302642
