Model: GRU
MSE: 7.839760065554513
MAE: 2.1274374928967705
EVS: 0.7399882917169761
