Model: GRU
MSE: 7.511808929455036
MAE: 1.9569531905240025
EVS: 0.718420237649035
