Model: GRU
MSE: 10.586651309926085
MAE: 2.451804465260999
EVS: 0.6797836166590618
