Model: GRU
MSE: 8.49762204876594
MAE: 2.351404177731481
EVS: 0.7451717412072771
