Model: GRU
MSE: 8.70618438498856
MAE: 2.198373264279859
EVS: 0.6782336545112114
