Model: GRU
MSE: 8.567628397944478
MAE: 2.295521357963825
EVS: 0.7168183864075643
