Model: GRU
MSE: 170.56162675924347
MAE: 12.156993545334915
EVS: 0.14601782629630033
