Model: GRU
MSE: 6.683129092296053
MAE: 1.8167017102241516
EVS: 0.7671335039985611
