Model: GRU
MSE: 7.148768439351199
MAE: 2.11722181583273
EVS: 0.7632029847932826
