Model: GRU
MSE: 21.79586178901721
MAE: 3.6771460689347366
EVS: 0.1841861030276425
