Model: GRU
MSE: 120.87452640047647
MAE: 9.531809091567993
EVS: -0.12590189936405038
