Model: GRU
MSE: 7.966985867146785
MAE: 2.099971886338859
EVS: 0.706451950100498
