Model: GRU
MSE: 10.054047545367572
MAE: 2.511403245144877
EVS: 0.7016324900435368
