Model: GRU
MSE: 10.937492161864439
MAE: 2.5910212356468727
EVS: 0.7087145193498361
