Model: GRU
MSE: 8.147143019528242
MAE: 2.2131725374994606
EVS: 0.7164000563014397
