Model: GRU
MSE: 7.5089323364654
MAE: 2.1680953708188286
EVS: 0.7285181484047755
