Model: GRU
MSE: 7.598744529352091
MAE: 2.2319747188995622
EVS: 0.7420720219332588
