Model: GRU
MSE: 12.069905043840906
MAE: 2.99561332012045
EVS: 0.7274821865719736
