Model: GRU
MSE: 279.0735468599347
MAE: 16.04703028448697
EVS: 0.1911290313869386
