Model: GRU
MSE: 8.472751151979752
MAE: 1.9168672027259037
EVS: 0.6971166203945649
