Model: GRU
MSE: 7.584768742214941
MAE: 1.9282761945806701
EVS: 0.7206253118672085
