Model: GRU
MSE: 7.203219342272892
MAE: 1.9523367203515152
EVS: 0.7342517741096986
