Model: GRU
MSE: 8.951540582564098
MAE: 2.2758063756186386
EVS: 0.695317778084553
