Model: GRU
MSE: 7.274752498356633
MAE: 1.8496049005409767
EVS: 0.7434153651777642
