Model: GRU
MSE: 8.722381370336842
MAE: 2.165015966727816
EVS: 0.6733030476870943
