Model: GRU
MSE: 7.766267628441967
MAE: 1.9551264582009151
EVS: 0.7088264379996319
