Model: GRU
MSE: 1955.4342250428313
MAE: 43.70362169989224
EVS: -0.7038163927221401
