Model: GRU
MSE: 6.941100782873361
MAE: 2.032279368104606
EVS: 0.743314605725458
