Model: GRU
MSE: 16.15245305551401
MAE: 3.4034503698349
EVS: 0.6604731750470227
