Model: GRU
MSE: 6.787026498214919
MAE: 1.8397199747891262
EVS: 0.7549277116923068
