Model: GRU
MSE: 8.548418441493991
MAE: 2.2011796359358162
EVS: 0.704481346547486
