Model: GRU
MSE: 82.14417723158026
MAE: 7.434472116930731
EVS: -0.00789484564368581
