Model: GRU
MSE: 9.545113551287747
MAE: 2.423671994743676
EVS: 0.6906977080175754
