Model: GRU
MSE: 4717.874981110586
MAE: 68.481255629967
EVS: -0.05739569680960521
