Model: GRU
MSE: 8.595769105486472
MAE: 2.2629557138886947
EVS: 0.738504992291876
