Model: GRU
MSE: 6.822159885635986
MAE: 1.8092251440574383
EVS: 0.7480575851676776
