Model: GRU
MSE: 3399.3610251247233
MAE: 58.053378335360826
EVS: -0.09391468710558759
