Model: GRU
MSE: 842.2733672323267
MAE: 28.424849608848834
EVS: -0.28650878683205727
