Model: GRU
MSE: 7.726339339516236
MAE: 2.1661039066725762
EVS: 0.7290199567698814
