Model: GRU
MSE: 7.744125467750087
MAE: 2.2234346496647803
EVS: 0.7368622133345657
