Model: GRU
MSE: 93.18683865667343
MAE: 8.142362861797727
EVS: -0.00849359763704971
