Model: GRU
MSE: 7.7144412554016615
MAE: 1.99803976868761
EVS: 0.7265327733387092
