Model: GRU
MSE: 419.6913439411608
MAE: 19.853043358901452
EVS: 0.041792837213924905
