Model: GRU
MSE: 7.1814696827008975
MAE: 1.8652519974215278
EVS: 0.7309865405113525
