Model: GRU
MSE: 6.902805725256103
MAE: 1.9082581955811073
EVS: 0.7438980022193928
