Model: GRU
MSE: 8.969804539313058
MAE: 2.440189373904261
EVS: 0.7346738623008822
