Model: GRU
MSE: 1066.1516280859064
MAE: 32.064476342036805
EVS: -0.426020085731893
