Model: GRU
MSE: 823.651097305867
MAE: 28.246107232981714
EVS: 0.03202210881454837
