Model: GRU
MSE: 9.01687765032743
MAE: 2.4130652146092775
EVS: 0.7172954097166548
