Model: GRU
MSE: 7.665883134601464
MAE: 1.9226970014900997
EVS: 0.7130133602265326
