Model: GRU
MSE: 7.759023611336526
MAE: 2.047943513968895
EVS: 0.7461540629878582
