Model: GRU
MSE: 9.070678414955442
MAE: 2.2464579878182245
EVS: 0.677189713588904
