Model: GRU
MSE: 7.234418938081484
MAE: 1.9049070333612377
EVS: 0.7346620540806827
