Model: GRU
MSE: 8.42981391210026
MAE: 2.365419461809356
EVS: 0.7097865040643341
