Model: GRU
MSE: 8.046238674021918
MAE: 1.952420608750705
EVS: 0.7087910692514576
