Model: GRU
MSE: 974.4841360376876
MAE: 30.776774307777142
EVS: -0.022953470354030836
