Model: GRU
MSE: 7.443935274604516
MAE: 1.9589744559649764
EVS: 0.7208696369670637
