Model: GRU
MSE: 11.60948466582016
MAE: 2.5616140612240494
EVS: 0.5942668846776058
