Model: GRU
MSE: 8.543630461575619
MAE: 2.3239836548936776
EVS: 0.7137890803448805
