Model: GRU
MSE: 10.096578972786324
MAE: 2.5118966102600098
EVS: 0.6288918355780606
