Model: GRU
MSE: 6.961184746618782
MAE: 1.853858453446421
EVS: 0.7432320697735235
