Model: GRU
MSE: 7.216389573840484
MAE: 1.8108094745668872
EVS: 0.7370829505619491
