Model: GRU
MSE: 86.5275082721423
MAE: 7.881822908746785
EVS: 0.08468625348809256
