Model: GRU
MSE: 86.87675364486147
MAE: 7.7230838783856095
EVS: -0.02131932091909916
