Model: GRU
MSE: 7.904023369094343
MAE: 1.9856808350003998
EVS: 0.7099698702521573
