Model: GRU
MSE: 7.4412338939695255
MAE: 1.9449576180556725
EVS: 0.7211593993746102
