Model: GRU
MSE: 1670.1859687595713
MAE: 40.53390969901249
EVS: -0.019721717952305262
