Model: GRU
MSE: 10.23117493571811
MAE: 2.8365615030814864
EVS: 0.7075529785601907
