Model: GRU
MSE: 6.788581703101358
MAE: 1.8276938498020172
EVS: 0.7468859575769707
