Model: GRU
MSE: 8.272262457188742
MAE: 2.1520764581088363
EVS: 0.6932911648923094
