Model: GRU
MSE: 7.152965522045792
MAE: 2.016543095481807
EVS: 0.740667318553407
