Model: GRU
MSE: 7.1597732938082155
MAE: 1.877222617124689
EVS: 0.7438168280039803
