Model: GRU
MSE: 9.41118710020135
MAE: 2.3185409513013115
EVS: 0.6930883108972494
