Model: GRU
MSE: 7.578705020681186
MAE: 2.096358291034041
EVS: 0.7182166377618509
