Model: GRU
MSE: 364.06067828054717
MAE: 18.552270609756995
EVS: 0.254605624763244
