Model: GRU
MSE: 8.523517126840119
MAE: 2.0004669674511613
EVS: 0.7162380778528669
