Model: GRU
MSE: 8.328596610543464
MAE: 2.326201455346469
EVS: 0.701935397726486
