Model: GRU
MSE: 7.139200819803356
MAE: 2.021651587609587
EVS: 0.7558726198750698
