Model: GRU
MSE: 7.292004073358233
MAE: 2.011262076682058
EVS: 0.729613689775041
