Model: GRU
MSE: 8.107553008386823
MAE: 2.0165768029360938
EVS: 0.7014296829893527
