Model: GRU
MSE: 11.34897377309823
MAE: 2.6761691611388634
EVS: 0.6532261745490997
