Model: GRU
MSE: 9.379465197648736
MAE: 2.587787118451349
EVS: 0.759744571197082
