Model: GRU
MSE: 6.7614012309408045
MAE: 1.9374586271828618
EVS: 0.7471372082200813
