Model: GRU
MSE: 657.6560533942207
MAE: 25.06263680293642
EVS: -0.10719189170338583
