Model: GRU
MSE: 7655.039448951037
MAE: 87.34886129971208
EVS: 0.05424992649775906
