Model: GRU
MSE: 1637.5729354617608
MAE: 40.1539811101453
EVS: 0.053692665144453144
