Model: GRU
MSE: 9.472153001418466
MAE: 2.2263944672686713
EVS: 0.739481191454062
