Model: GRU
MSE: 9.549546187087902
MAE: 2.2737043479393266
EVS: 0.6588081845688538
