Model: GRU
MSE: 27.693585705591687
MAE: 4.659028891859384
EVS: 0.4090334111516466
