Model: GRU
MSE: 7.646799018506223
MAE: 2.1080468605304588
EVS: 0.7142115442675059
