Model: GRU
MSE: 618.4873009743708
MAE: 24.355079848190833
EVS: 0.050442755244031745
