Model: GRU
MSE: 7.034371075178229
MAE: 1.8055769780586506
EVS: 0.7364931465243933
