Model: GRU
MSE: 664.516606127357
MAE: 25.232507574147192
EVS: -0.04406448699709431
