Model: GRU
MSE: 9.314213913576495
MAE: 2.218765961272376
EVS: 0.7603505941880362
