Model: GRU
MSE: 8.238835621026986
MAE: 2.1574614130217453
EVS: 0.7240599988734169
