Model: GRU
MSE: 7.130374938606856
MAE: 1.907350409647514
EVS: 0.7376294674683093
