Model: GRU
MSE: 7.8718446415066134
MAE: 2.137107859397757
EVS: 0.7311737233931792
