Model: GRU
MSE: 7.633575277331479
MAE: 1.9568345526169086
EVS: 0.725494517307175
