Model: GRU
MSE: 11.1568689257055
MAE: 2.8044737536331703
EVS: 0.6837589582506
