Model: GRU
MSE: 7.32038126725493
MAE: 1.9352708520560429
EVS: 0.7259900584377245
