Model: GRU
MSE: 6.883746979388148
MAE: 1.911795515438606
EVS: 0.7468582745177468
