Model: GRU
MSE: 7.894444149807364
MAE: 2.110995288552909
EVS: 0.7072839041454569
