Model: GRU
MSE: 84.0665395310124
MAE: 7.60828232148598
EVS: 0.01806772137485191
