Model: GRU
MSE: 8.452636183156683
MAE: 2.219552680336196
EVS: 0.7340100942291379
