Model: GRU
MSE: 6.538976349455867
MAE: 1.8163470461450775
EVS: 0.7579996719681815
