Model: GRU
MSE: 7.078053517004839
MAE: 1.8323279002617145
EVS: 0.7345672387456921
