Model: GRU
MSE: 9.5631353053072
MAE: 2.376554778937636
EVS: 0.6616904064219771
