Model: GRU
MSE: 8.105153424454166
MAE: 2.1193957678202926
EVS: 0.7176987007308417
