Model: GRU
MSE: 8.743502699450358
MAE: 2.340485081590455
EVS: 0.7269707428292149
