Model: GRU
MSE: 8.255327516327641
MAE: 2.2277828167224754
EVS: 0.701080297408786
