Model: GRU
MSE: 8.501945114838188
MAE: 2.24848041041144
EVS: 0.7091323013386539
