Model: GRU
MSE: 8.361748656596308
MAE: 2.3258353245669396
EVS: 0.7185095177543608
