Model: GRU
MSE: 77.21504539473145
MAE: 7.174258018362111
EVS: 0.034402105736638044
