Model: GRU
MSE: 317.93117711833645
MAE: 17.085027201422328
EVS: 0.02360201380541249
