Model: GRU
MSE: 62.55899048502736
MAE: 7.23995958525559
EVS: -0.013458492646828635
