Model: GRU
MSE: 91.09238226910483
MAE: 7.882786195853661
EVS: -0.08595495134875542
