Model: GRU
MSE: 9.54586914304556
MAE: 2.43518158074083
EVS: 0.6959993135180621
