Model: GRU
MSE: 11.9725297264757
MAE: 2.6165418830411187
EVS: 0.5932995909148593
