Model: GRU
MSE: 7.265872863028312
MAE: 2.080905848535998
EVS: 0.7478619123895373
