Model: GRU
MSE: 8.142512080334821
MAE: 2.0832442435724983
EVS: 0.7103950011077116
