Model: GRU
MSE: 7.925114053403251
MAE: 2.0861605693554055
EVS: 0.7159208532855611
