Model: GRU
MSE: 9.66331289385562
MAE: 2.548041524558232
EVS: 0.7130823799432892
