Model: GRU
MSE: 11.337894806450848
MAE: 2.7412471709580255
EVS: 0.6787795400612462
