Model: GRU
MSE: 7.2341180087698955
MAE: 2.1363455057144165
EVS: 0.7522599310638387
