Model: GRU
MSE: 7.302625822827921
MAE: 2.00553062044341
EVS: 0.7279776312698564
