Model: GRU
MSE: 129.1065822384676
MAE: 10.273880152866758
EVS: 0.11658173317747689
