Model: GRU
MSE: 101.57617214482349
MAE: 8.691424770601865
EVS: 0.02351631391397535
