Model: GRU
MSE: 7.341735781675862
MAE: 1.9400726176541427
EVS: 0.7280764851111525
