Model: GRU
MSE: 7.016255017418805
MAE: 1.8812010904838299
EVS: 0.7373937248717783
