Model: GRU
MSE: 7.8001585957652075
MAE: 1.9286563930840328
EVS: 0.7114180346011787
