Model: GRU
MSE: 6.744949311603666
MAE: 1.7982034159117732
EVS: 0.7473509195166944
