Model: GRU
MSE: 10.193412440248848
MAE: 2.5380043253816407
EVS: 0.6883226773889037
