Model: GRU
MSE: 6.6508781994849135
MAE: 1.846339044899776
EVS: 0.7514167241943353
