Model: GRU
MSE: 7.679220378121941
MAE: 1.9280048732099861
EVS: 0.7128394488247805
