Model: GRU
MSE: 8.18909804990738
MAE: 2.108008679644815
EVS: 0.7103207682563666
