Model: GRU
MSE: 4877.674054048777
MAE: 69.64226268899851
EVS: -0.03626823574270621
