Model: GRU
MSE: 89.81135832384963
MAE: 7.911563174477939
EVS: -0.020861648884592743
