Model: GRU
MSE: 7.439519824401173
MAE: 1.990409116292822
EVS: 0.7211352968614617
