Model: GRU
MSE: 8.769214732946638
MAE: 2.3350201660189134
EVS: 0.6748009584495958
