Model: GRU
MSE: 8.15185195855554
MAE: 2.077525395771553
EVS: 0.7061214485027215
