Model: GRU
MSE: 1370.0276634634104
MAE: 36.77371922854719
EVS: 0.33534492303395047
