Model: GRU
MSE: 196.20668756409816
MAE: 12.941236824824893
EVS: -0.07759156953302893
