Model: GRU
MSE: 11.74631310636332
MAE: 2.704114738209494
EVS: 0.6347863691378154
