Model: GRU
MSE: 7.435922807579622
MAE: 2.0627864517014602
EVS: 0.7317028021816616
