Model: GRU
MSE: 85.39990261722247
MAE: 7.666616605273608
EVS: 0.0014782791679994745
