Model: GRU
MSE: 9.323027381661516
MAE: 2.0097721753449274
EVS: 0.7317322081425587
