Model: GRU
MSE: 8.698906525871502
MAE: 2.0989334110555977
EVS: 0.7055088129329492
