Model: GRU
MSE: 6771.391570196583
MAE: 82.1263006802263
EVS: -2.220446049250313e-16
