Model: GRU
MSE: 7.767538395402979
MAE: 1.9437533740339608
EVS: 0.7119155450745211
