Model: GRU
MSE: 99.94336256286584
MAE: 8.504666593568079
EVS: -0.03569465783302994
