Model: GRU
MSE: 10.015850353071427
MAE: 2.56270131160473
EVS: 0.7166389584206028
