Model: GRU
MSE: 7.678360119005117
MAE: 2.1148722284826738
EVS: 0.7252004763593412
