Model: GRU
MSE: 8.66774319872585
MAE: 2.2613679150055193
EVS: 0.6992886998470556
