Model: GRU
MSE: 7.937191370862507
MAE: 1.9628782395658821
EVS: 0.7028510129942083
