Model: GRU
MSE: 917.4650621109696
MAE: 29.547899772380962
EVS: -0.664772726623702
