Model: GRU
MSE: 8.66152590588153
MAE: 1.8794389819276744
EVS: 0.6790921657465394
