Model: GRU
MSE: 11.095231862473275
MAE: 2.571087629630648
EVS: 0.6736600099073198
