Model: GRU
MSE: 6.895310666851986
MAE: 1.9178739837531387
EVS: 0.7509788012538592
