Model: GRU
MSE: 13.769646683005574
MAE: 2.830219496940744
EVS: 0.5927406815741415
