Model: GRU
MSE: 8.6055770088276
MAE: 2.2749059118073562
EVS: 0.7269464208397659
