Model: GRU
MSE: 14.47019462058458
MAE: 3.208303241894163
EVS: 0.7020726292712761
