Model: GRU
MSE: 1169.6492929479252
MAE: 33.81189063499714
EVS: 0.009637656068943845
