Model: GRU
MSE: 6.854394820523061
MAE: 1.8917145071358517
EVS: 0.7449747091596275
