Model: GRU
MSE: 8.118492841574222
MAE: 2.1318442574862777
EVS: 0.7054177534574868
