Model: GRU
MSE: 8.34129605199299
MAE: 2.05249773942191
EVS: 0.6878502528699753
