Model: GRU
MSE: 10.183526993090508
MAE: 2.5604623843883645
EVS: 0.6978075859400519
