Model: GRU
MSE: 6.522741305190035
MAE: 1.8408548359213204
EVS: 0.7565859552729136
