Model: GRU
MSE: 9.944685603654836
MAE: 2.5436415775068877
EVS: 0.696981638504212
