Model: GRU
MSE: 7.024489818288096
MAE: 1.863640408063757
EVS: 0.7440525488912009
