Model: GRU
MSE: 113.14590565668662
MAE: 9.255600592185711
EVS: -0.030659633608966175
