Model: GRU
MSE: 1511.4418953288016
MAE: 37.42807036808559
EVS: -2.041959718552324
