Model: GRU
MSE: 102.4881376606158
MAE: 8.505576006297407
EVS: -0.13055913402761377
