Model: GRU
MSE: 12.461845838083974
MAE: 2.930127378872463
EVS: 0.730010568710471
