Model: GRU
MSE: 8.796406798655271
MAE: 2.1689649039301377
EVS: 0.6793103346892975
