Model: GRU
MSE: 8.707579554254915
MAE: 2.1299804243548164
EVS: 0.6799111579364244
