Model: GRU
MSE: 106.73882322435647
MAE: 8.896331877544009
EVS: -0.03494804778431093
