Model: GRU
MSE: 7.798118088842418
MAE: 2.0180659602428306
EVS: 0.7262930691394061
