Model: GRU
MSE: 84.98847667348679
MAE: 7.650953938221109
EVS: 0.007911028505486306
