Model: GRU
MSE: 7.621917391819175
MAE: 1.9150188123357708
EVS: 0.7152399554283041
