Model: GRU
MSE: 7.758254737218231
MAE: 1.9596609575995083
EVS: 0.7118829310213954
