Model: GRU
MSE: 6.962331661610898
MAE: 1.8027806569790017
EVS: 0.7449756353129149
