Model: GRU
MSE: 10.090525818310084
MAE: 2.658989556904497
EVS: 0.7348137726555404
