Model: GRU
MSE: 7.837945719494173
MAE: 2.0860107376657684
EVS: 0.7189509688769835
