Model: GRU
MSE: 118.434651711088
MAE: 9.764048103628488
EVS: 0.1336827479427669
