Model: GRU
MSE: 9.483916869154584
MAE: 2.3389176335828057
EVS: 0.7183932120886022
