Model: GRU
MSE: 7.1514847859433015
MAE: 1.7748067728404342
EVS: 0.731787096146858
