Model: GRU
MSE: 7.571081850659454
MAE: 2.2585068242303254
EVS: 0.7482567038431047
