Model: GRU
MSE: 8.095648910238298
MAE: 2.174253556235083
EVS: 0.6975285430008878
