Model: GRU
MSE: 8.07529548820488
MAE: 2.173921087692524
EVS: 0.7391255788461906
