Model: GRU
MSE: 7.264630894645983
MAE: 1.8657523928017452
EVS: 0.7380253443816853
