Model: GRU
MSE: 7.0422332992090535
MAE: 1.8811603599581226
EVS: 0.7433479432112342
