Model: GRU
MSE: 9.568194603589337
MAE: 2.4503279061153016
EVS: 0.6874771004350548
