Model: GRU
MSE: 8.009569286193267
MAE: 2.0116670398876586
EVS: 0.7151567614659495
