Model: GRU
MSE: 136.16933448808535
MAE: 10.619276671574033
EVS: 0.12234535234332189
