Model: GRU
MSE: 14.822382581709125
MAE: 2.7679774843413254
EVS: 0.625646064676674
