Model: GRU
MSE: 9.135008132024566
MAE: 2.2607189129138816
EVS: 0.680166626251366
