Model: GRU
MSE: 297.5613175966702
MAE: 16.192752476396233
EVS: -0.32606998823062594
