Model: GRU
MSE: 335.0605702389366
MAE: 16.764539028036182
EVS: -1.025736252561321
