Model: GRU
MSE: 8.381037114706407
MAE: 1.9960625654664532
EVS: 0.6858869707914738
