Model: GRU
MSE: 406.8136716041724
MAE: 19.604121076649633
EVS: 0.15640801061174614
