Model: GRU
MSE: 7.323670072018972
MAE: 1.7938854910176376
EVS: 0.7263773786128969
