Model: GRU
MSE: 8.97402540780519
MAE: 2.110129650296836
EVS: 0.6733095127552646
