Model: GRU
MSE: 8.300442465284442
MAE: 2.2237960552347116
EVS: 0.7482822491969143
