Model: GRU
MSE: 10.864900394667702
MAE: 2.615062240896554
EVS: 0.7269462108981071
