Model: GRU
MSE: 9.250928023103087
MAE: 2.2006692064219506
EVS: 0.653037479873511
