Model: GRU
MSE: 8.06416883839668
MAE: 2.132845529194536
EVS: 0.7213345980034045
