Model: GRU
MSE: 9.502706345639757
MAE: 2.357688916140589
EVS: 0.6960492425716416
