Model: GRU
MSE: 7.2079421214982515
MAE: 1.8857416777775204
EVS: 0.731523878632955
