Model: GRU
MSE: 8.10375071843393
MAE: 1.890794607072041
EVS: 0.7001447344727072
