Model: GRU
MSE: 7.984631205215446
MAE: 1.990508042532822
EVS: 0.7007554054339169
