Model: GRU
MSE: 75.7150365993423
MAE: 7.015887361148308
EVS: 0.00637400372147956
