Model: GRU
MSE: 88.60338599839169
MAE: 8.171728138265939
EVS: 0.18138196313290966
