Model: GRU
MSE: 8.6974422165542
MAE: 2.041122516989708
EVS: 0.7743440282305655
