Model: GRU
MSE: 8.69855882869466
MAE: 2.2349806284082345
EVS: 0.6895788705939151
