Model: GRU
MSE: 1221.8339163216967
MAE: 34.303160996272645
EVS: -0.6925415479553061
