Model: GRU
MSE: 7.290657483946489
MAE: 1.8917690011961708
EVS: 0.729909037983627
