Model: GRU
MSE: 9.991046060851792
MAE: 2.3834302435661185
EVS: 0.6441168924729651
