Model: GRU
MSE: 8.466424288007225
MAE: 2.167302427620723
EVS: 0.6849831818230034
