Model: GRU
MSE: 10.808388514942088
MAE: 2.4716541806502
EVS: 0.7410825658096802
