Model: GRU
MSE: 91.41568606892213
MAE: 7.9108752957705795
EVS: -0.08144199090319537
