Model: GRU
MSE: 8.922209281795533
MAE: 2.241480223063765
EVS: 0.702167135203857
