Model: GRU
MSE: 7.048145513788688
MAE: 1.8338224404844745
EVS: 0.7425264786694828
