Model: GRU
MSE: 8.344096241988776
MAE: 2.0079426861235072
EVS: 0.7753770662321654
