Model: GRU
MSE: 83.5100463671073
MAE: 7.709321630412135
EVS: 0.09698712242883833
