Model: GRU
MSE: 9.186163599233002
MAE: 2.4528275337712517
EVS: 0.716542842046536
