Model: GRU
MSE: 1191.7520808330028
MAE: 34.15296419735613
EVS: 0.0500777904052756
