Model: GRU
MSE: 6498.952646465623
MAE: 80.46266121699892
EVS: 0.07311859584482239
