Model: GRU
MSE: 7.083809555160315
MAE: 1.8995502745283062
EVS: 0.7346765013110691
