Model: GRU
MSE: 534.6186689176577
MAE: 22.546404180855586
EVS: 0.014401580091794597
