Model: GRU
MSE: 10.766956612106892
MAE: 2.647956580951296
EVS: 0.7040984655588418
