Model: GRU
MSE: 7.270826087829709
MAE: 1.9851511984035886
EVS: 0.7281847048221136
