Model: GRU
MSE: 9.55842329343854
MAE: 2.1614785769890092
EVS: 0.6439768905953904
