Model: GRU
MSE: 8.515244306773576
MAE: 2.14432508369972
EVS: 0.6875653660523728
