Model: GRU
MSE: 6.988061276093915
MAE: 1.8840320110321045
EVS: 0.7389670082146111
