Model: GRU
MSE: 6.575872039369094
MAE: 1.8196384742342193
EVS: 0.7629049175093396
