Model: GRU
MSE: 77.42789573563095
MAE: 7.059752345085144
EVS: -0.03471139207002372
