Model: GRU
MSE: 11.58400571700405
MAE: 2.9091883692248115
EVS: 0.7028344325555537
