Model: GRU
MSE: 10.945078850837723
MAE: 2.6319628131800683
EVS: 0.6606436021400542
