Model: GRU
MSE: 8.10797431519877
MAE: 1.9069661477516437
EVS: 0.6963475656962175
