Model: GRU
MSE: 7.838516948623145
MAE: 2.294682213972355
EVS: 0.7240096747420117
