Model: GRU
MSE: 1098.6682956435588
MAE: 32.62223210828058
EVS: -0.2923963483128662
