Model: GRU
MSE: 7.084098651906246
MAE: 2.002004257563887
EVS: 0.7359804268943946
