Model: GRU
MSE: 7.128096349516372
MAE: 2.0490213242070427
EVS: 0.7351224745297139
