Model: GRU
MSE: 7.77820471000706
MAE: 2.0979823408455682
EVS: 0.7423246532948777
