Model: GRU
MSE: 1057.215897299978
MAE: 32.10138794471477
EVS: -0.0020434295392213198
