Model: GRU
MSE: 8.432216657810171
MAE: 2.160934116305976
EVS: 0.6882540458084399
