Model: GRU
MSE: 7.967936888698688
MAE: 1.8923696197312454
EVS: 0.7054427414093671
