Model: GRU
MSE: 1041.0259055601039
MAE: 31.83944037864948
EVS: -0.023015081253120462
