Model: GRU
MSE: 9.030577681608088
MAE: 2.2528686687864106
EVS: 0.6824426092540792
