Model: GRU
MSE: 9.236829020465889
MAE: 2.3137157487458198
EVS: 0.6535673312522581
