Model: GRU
MSE: 7.458078938593722
MAE: 1.8706518534956307
EVS: 0.7213469433529284
