Model: GRU
MSE: 7.761859885549813
MAE: 2.1175074988398057
EVS: 0.738998289909065
