Model: GRU
MSE: 6.617794032151915
MAE: 1.8427725557623238
EVS: 0.7517975786876074
