Model: GRU
MSE: 7.424368663218846
MAE: 2.1051084255350045
EVS: 0.7240310487510984
