Model: GRU
MSE: 8.188448844049157
MAE: 2.078574075781066
EVS: 0.7230924566795778
