Model: GRU
MSE: 7.0133756867732195
MAE: 1.835776896312319
EVS: 0.7377799871243191
