Model: GRU
MSE: 6.537298214299547
MAE: 1.7181041035158882
EVS: 0.7548262030427326
