Model: GRU
MSE: 256.26301744522794
MAE: 14.816494218234357
EVS: -0.3777696293351074
