Model: GRU
MSE: 6.906779684129624
MAE: 1.8060254495719383
EVS: 0.7514028207650989
