Model: GRU
MSE: 9.048620572191062
MAE: 2.2501439883791168
EVS: 0.7020006199363973
