Model: GRU
MSE: 6.474276062913632
MAE: 1.8522984981536865
EVS: 0.7709048631166528
