Model: GRU
MSE: 2051.300306597256
MAE: 45.01897167337352
EVS: 0.07763059384388638
