Model: GRU
MSE: 30.1704010888597
MAE: 4.409553198978819
EVS: -2.220446049250313e-16
