Model: GRU
MSE: 6.844302661612069
MAE: 1.8766822342214913
EVS: 0.7462531484217938
