Model: GRU
MSE: 7.566521751671318
MAE: 2.086585186678788
EVS: 0.7267284620573474
