Model: GRU
MSE: 8.902012659239702
MAE: 2.149361138045788
EVS: 0.7554148861646511
