Model: GRU
MSE: 7.131503352779341
MAE: 1.8981150676464211
EVS: 0.7456151485203968
