Model: GRU
MSE: 7.916744118266259
MAE: 2.128976985298354
EVS: 0.7096427233645226
