Model: GRU
MSE: 8.266390511215626
MAE: 2.1167767253415337
EVS: 0.7159965961908423
