Model: GRU
MSE: 11.060450265192042
MAE: 2.733768276099501
EVS: 0.7007384930146539
