Model: GRU
MSE: 1159.2552770044135
MAE: 33.639292092158875
EVS: -0.037168493088379995
