Model: GRU
MSE: 8.475243292720224
MAE: 2.1220946291397356
EVS: 0.6880354722688277
