Model: GRU
MSE: 698.5866228972843
MAE: 25.996901150407464
EVS: 0.14681975333433128
