Model: GRU
MSE: 7.016817558093618
MAE: 1.8313158873854012
EVS: 0.7510736854788556
