Model: GRU
MSE: 7.165191234799656
MAE: 1.9081836527791516
EVS: 0.7545578690225454
