Model: GRU
MSE: 163.46934776732866
MAE: 11.626371539872268
EVS: -0.06130474081490789
