Model: GRU
MSE: 7.860895145645724
MAE: 2.179879537944136
EVS: 0.7315820041491128
