Model: GRU
MSE: 7.9377805082313975
MAE: 2.103943265717605
EVS: 0.7175674935024039
