Model: GRU
MSE: 10.905898956143801
MAE: 2.5644607513115325
EVS: 0.6691268113739142
