Model: GRU
MSE: 10.55230206155921
MAE: 2.7666002306444892
EVS: 0.717357111834009
