Model: GRU
MSE: 8.81437854220784
MAE: 2.2536311026277214
EVS: 0.7209137530611294
