Model: GRU
MSE: 7.265135692907693
MAE: 1.889352950556525
EVS: 0.7310901250685868
