Model: GRU
MSE: 85.14083491640724
MAE: 7.5501556971977495
EVS: -0.05527192748639087
