Model: GRU
MSE: 9.177890092673085
MAE: 2.2186454935320494
EVS: 0.6610281253430965
