Model: GRU
MSE: 7.972063576538936
MAE: 1.9465427234255035
EVS: 0.7010112351432887
