Model: GRU
MSE: 81.2174453495075
MAE: 7.463007071922565
EVS: 0.04280709817131434
