Model: GRU
MSE: 7.617390522655869
MAE: 2.0174722260442275
EVS: 0.7186639531124936
