Model: GRU
MSE: 6.059026700252058
MAE: 1.8441763458580807
EVS: 0.7779677676791691
