Model: GRU
MSE: 7.008302402054039
MAE: 1.7122376273418296
EVS: 0.7480703821917364
