Model: GRU
MSE: 8.404694297155858
MAE: 2.157344635190635
EVS: 0.6878878530905966
