Model: GRU
MSE: 7.81000664614764
MAE: 2.2542638285406706
EVS: 0.7404864557889892
