Model: GRU
MSE: 10.17397003756264
MAE: 2.360650389358915
EVS: 0.6873574745469064
