Model: GRU
MSE: 7.474356346725422
MAE: 1.8658477561227207
EVS: 0.7345326904770979
