Model: GRU
MSE: 8.041276070729264
MAE: 2.0650567021863213
EVS: 0.7096639551442981
