Model: GRU
MSE: 8.346051201875536
MAE: 2.112852209600909
EVS: 0.6918066222781922
