Model: GRU
MSE: 7.182684615549876
MAE: 1.8375027179718018
EVS: 0.7389464985488658
