Model: GRU
MSE: 7.407669979351378
MAE: 1.9803860927450245
EVS: 0.7295287938593602
