Model: GRU
MSE: 9.824616105923402
MAE: 2.5966808261542487
EVS: 0.724427147402644
