Model: GRU
MSE: 9.222703987626282
MAE: 2.0829488676169823
EVS: 0.6553686193915041
