Model: GRU
MSE: 8.677063357389823
MAE: 2.2217379191826128
EVS: 0.7006922175924619
