Model: GRU
MSE: 7.985821202029462
MAE: 1.8292324070272774
EVS: 0.7109757083241586
