Model: GRU
MSE: 7.52611394758888
MAE: 1.905018328592695
EVS: 0.7231766483018123
