Model: GRU
MSE: 9.216032317952354
MAE: 2.589398166228985
EVS: 0.760490498509879
