Model: GRU
MSE: 7.647972825119177
MAE: 1.880497186348356
EVS: 0.7195205336489819
