Model: GRU
MSE: 8.934787638892795
MAE: 2.222976711289636
EVS: 0.7001181342633813
