Model: GRU
MSE: 9.40981247943963
MAE: 2.3307241119187454
EVS: 0.6473585778868969
