Model: GRU
MSE: 5024.065945529004
MAE: 70.68488903703361
EVS: -0.03938521082825286
