Model: GRU
MSE: 7.956649189421535
MAE: 2.0779554042322883
EVS: 0.7043396429386337
