Model: GRU
MSE: 7.2703109074348715
MAE: 1.8533915815682247
EVS: 0.7315473270388327
