Model: GRU
MSE: 6.5365070002815004
MAE: 1.825846873480698
EVS: 0.7591313411272181
