Model: GRU
MSE: 80.84102175544979
MAE: 7.39102498416243
EVS: 0.016822825663575847
