Model: GRU
MSE: 9.613692419484268
MAE: 2.6448067837748033
EVS: 0.7151518659935059
