Model: GRU
MSE: 8.893471780675817
MAE: 2.274838011840294
EVS: 0.6934637068802606
