Model: GRU
MSE: 8.46788243469194
MAE: 2.2910147268196632
EVS: 0.714566353461779
