Model: GRU
MSE: 9.203221578152583
MAE: 2.2357440446985177
EVS: 0.7110781708119491
