Model: GRU
MSE: 69.7133973880893
MAE: 6.612139800499225
EVS: 0.025102934134096033
