Model: GRU
MSE: 7.728259042044552
MAE: 1.9821287044163407
EVS: 0.7462276813643463
