Model: GRU
MSE: 53.88458917827297
MAE: 6.6099906625418825
EVS: -0.0029564855080410624
