Model: GRU
MSE: 7.794004323337321
MAE: 1.8960927437091697
EVS: 0.7188432341440883
