Model: GRU
MSE: 81.8262020978915
MAE: 7.405618018117444
EVS: -0.012028857542401683
