Model: GRU
MSE: 2769.034581387532
MAE: 52.38941534634294
EVS: 0.08546018695042024
