Model: GRU
MSE: 7.5550046314823165
MAE: 2.0660048435474265
EVS: 0.7167895458212243
