Model: GRU
MSE: 101.53290007107297
MAE: 8.664827527671024
EVS: 0.007825384074912956
