Model: GRU
MSE: 8.562304794711249
MAE: 2.0648384813604683
EVS: 0.7632889530064613
