Model: GRU
MSE: 7.243953669714777
MAE: 1.8295660070304214
EVS: 0.7313803689305176
