Model: GRU
MSE: 7.388141386395546
MAE: 1.918684038622626
EVS: 0.7259579068959876
