Model: GRU
MSE: 7.987288708431967
MAE: 2.028207778930664
EVS: 0.7033798559690602
