Model: GRU
MSE: 8.81883811076641
MAE: 2.16365401395436
EVS: 0.6963409613177356
