Model: GRU
MSE: 7.772501099924881
MAE: 2.072698165630472
EVS: 0.7289454787252021
