Model: GRU
MSE: 7.452516195840169
MAE: 1.8948643310316677
EVS: 0.7229446766813823
