Model: GRU
MSE: 10.155559568009956
MAE: 2.5585399496144263
EVS: 0.6463343050462619
