Model: GRU
MSE: 7.287828852142415
MAE: 1.8104301403308738
EVS: 0.7353752751224274
