Model: GRU
MSE: 8.30751208597588
MAE: 2.2098875580162836
EVS: 0.7155042824364746
