Model: GRU
MSE: 8.830830883778638
MAE: 1.9929647003782207
EVS: 0.6836542885928814
