Model: GRU
MSE: 1870.2432404962137
MAE: 42.76436200635187
EVS: -0.5547260419588909
