Model: GRU
MSE: 7.342558003714041
MAE: 1.8753210141740997
EVS: 0.7260910525779484
