Model: GRU
MSE: 8.797085004397523
MAE: 2.2989660717290024
EVS: 0.6751496997304305
