Model: GRU
MSE: 10.438997927102752
MAE: 2.521251835699739
EVS: 0.6601059266838408
