Model: GRU
MSE: 7.541411406829098
MAE: 1.9220924562421338
EVS: 0.7179759990290981
