Model: GRU
MSE: 8.331174834882388
MAE: 2.2290504883075584
EVS: 0.7179412102093571
