Model: GRU
MSE: 2667.956366478039
MAE: 51.41581969425596
EVS: 0.08598112500029642
