Model: GRU
MSE: 7.907644380483968
MAE: 1.9829489722334106
EVS: 0.7144318206399993
