Model: GRU
MSE: 7.478264611471408
MAE: 2.0140267898296487
EVS: 0.7316759602055816
