Model: GRU
MSE: 8.564494484439788
MAE: 2.171095067057116
EVS: 0.6991658048817468
