Model: GRU
MSE: 7.541850279213107
MAE: 2.1238819987609467
EVS: 0.7204074021258267
