Model: GRU
MSE: 7.642702369327196
MAE: 1.9526557901809956
EVS: 0.7163186576125868
