Model: GRU
MSE: 11.247729242931687
MAE: 2.580208939724955
EVS: 0.6567274055958197
