Model: GRU
MSE: 1279.2396312189546
MAE: 35.372865578223916
EVS: -0.050172148920433424
