Model: GRU
MSE: 440.07788956243263
MAE: 20.34799753386399
EVS: 0.023457117141581052
