Model: GRU
MSE: 9.625512172277748
MAE: 2.644703717067324
EVS: 0.701488076864075
