Model: GRU
MSE: 7.27179564054171
MAE: 2.0693553932781876
EVS: 0.7384785503616802
