Model: GRU
MSE: 11.058781386690361
MAE: 2.6266917000556815
EVS: 0.5921379158160114
