Model: GRU
MSE: 8.097232015135196
MAE: 2.1940334891450815
EVS: 0.6980080099937104
