Model: GRU
MSE: 7.374468609131227
MAE: 2.0512297030152946
EVS: 0.7490142373379425
