Model: GRU
MSE: 96.06090430702255
MAE: 8.416770421225449
EVS: 0.05413735601635716
