Model: GRU
MSE: 7.933847282960868
MAE: 1.9532706038705234
EVS: 0.7057916430077569
