Model: GRU
MSE: 12.176866512510424
MAE: 2.98070516668517
EVS: 0.6949755799574413
