Model: GRU
MSE: 17.836654567792735
MAE: 3.686363993019893
EVS: 0.6570374922444973
