Model: GRU
MSE: 7.802883654105688
MAE: 2.082940431504414
EVS: 0.7075029150988245
