Model: GRU
MSE: 7.054002795643943
MAE: 1.9526348812826748
EVS: 0.7355166961222035
