Model: GRU
MSE: 11.44516437504655
MAE: 2.672047247146738
EVS: 0.6540345936637746
