Model: GRU
MSE: 7.297607587431982
MAE: 1.8504176961964574
EVS: 0.7287447188831186
