Model: GRU
MSE: 6846.091312100287
MAE: 82.25934324593379
EVS: -1.981428482946598
