Model: GRU
MSE: 7.436684788969199
MAE: 1.9895506603964443
EVS: 0.7285514482466107
