Model: GRU
MSE: 9.10670536206952
MAE: 2.2838297835711776
EVS: 0.6975558118733491
