Model: GRU
MSE: 8.17030850516616
MAE: 2.1939014196395874
EVS: 0.7000277103983734
