Model: GRU
MSE: 12.157500451911314
MAE: 2.7872964472606263
EVS: 0.617760229507562
