Model: GRU
MSE: 9.196911202409622
MAE: 2.284664881640467
EVS: 0.6832784617822225
