Model: GRU
MSE: 7.439148943541737
MAE: 1.930143376876568
EVS: 0.7212043458816583
