Model: GRU
MSE: 11.516825854438396
MAE: 2.4461931021049104
EVS: 0.5990139550576796
