Model: GRU
MSE: 7.960186140623746
MAE: 2.0190041107790813
EVS: 0.7810255725732212
