Model: GRU
MSE: 8018.212014874442
MAE: 89.36524121514682
EVS: -0.20265953356856503
