Model: GRU
MSE: 8.941639514568445
MAE: 2.2151026849088997
EVS: 0.6703436129112096
