Model: GRU
MSE: 7.888453158231929
MAE: 2.067442334931472
EVS: 0.71536956963943
