Model: GRU
MSE: 7.828849485833985
MAE: 1.9598127603530884
EVS: 0.7116225911953651
