Model: GRU
MSE: 8.06799307141901
MAE: 2.1222526986023476
EVS: 0.728183496124134
