Model: GRU
MSE: 9.208449998622253
MAE: 2.0800886195281456
EVS: 0.6601718261335288
