Model: GRU
MSE: 7.0648308406502
MAE: 1.973018662682895
EVS: 0.7363205182527826
