Model: GRU
MSE: 1850.643329545516
MAE: 42.74658933179132
EVS: 0.12339055132706245
