Model: GRU
MSE: 7.80363036259572
MAE: 1.9904895198756252
EVS: 0.7074044857151143
