Model: GRU
MSE: 858.6094727957898
MAE: 28.863604414051977
EVS: 0.04352563198731507
