Model: GRU
MSE: 27.684935573571558
MAE: 4.0657359978248335
EVS: -2.220446049250313e-16
