Model: GRU
MSE: 8.379059571990526
MAE: 2.00647718741976
EVS: 0.6869466238931199
