Model: GRU
MSE: 7.423907062035463
MAE: 1.9159260618275609
EVS: 0.7242777079484568
