Model: GRU
MSE: 9.009711191496114
MAE: 2.411548737821908
EVS: 0.7290068999215658
