Model: GRU
MSE: 76.07796135141535
MAE: 7.030648046526416
EVS: 0.0005384898041923547
