Model: GRU
MSE: 91.31651630117992
MAE: 8.142099175987573
EVS: 0.061493909051330675
