Model: GRU
MSE: 6.723592097454568
MAE: 1.8688045781234215
EVS: 0.7481724363691111
