Model: GRU
MSE: 62.77929126336381
MAE: 7.254350037410341
EVS: -0.02824974956708748
