Model: GRU
MSE: 8.704593959237963
MAE: 2.2054207818261506
EVS: 0.6963831195681305
