Model: GRU
MSE: 10.073391895777196
MAE: 2.357479983362658
EVS: 0.6505447405436422
