Model: GRU
MSE: 6.890893405715218
MAE: 1.8695998253493473
EVS: 0.7416139596990741
