Model: GRU
MSE: 74.58462111613093
MAE: 6.828669531592007
EVS: -0.048442423889412556
