Model: GRU
MSE: 6.939338115792602
MAE: 1.90993781233656
EVS: 0.7418956625966899
