Model: GRU
MSE: 8.767071904313152
MAE: 2.039163554536885
EVS: 0.7184714836637822
