Model: GRU
MSE: 1385.9483906249905
MAE: 36.89867894402866
EVS: 0.08350455141509083
