Model: GRU
MSE: 6.946764018624145
MAE: 1.901346338206324
EVS: 0.744580929310499
