Model: GRU
MSE: 7.589968819180042
MAE: 1.9087781659488021
EVS: 0.7370397958366675
