Model: GRU
MSE: 7.522909849738018
MAE: 2.1105031638309875
EVS: 0.7203400895304479
