Model: GRU
MSE: 7.810393172949464
MAE: 2.2955957435328385
EVS: 0.7170750162901887
