Model: GRU
MSE: 7.08726858656834
MAE: 1.8898090329663506
EVS: 0.7354468975417168
