Model: GRU
MSE: 1553.847274974482
MAE: 38.948216109440246
EVS: -0.38336630713985254
