Model: GRU
MSE: 728.0431309887861
MAE: 26.528506903812804
EVS: 0.0892966371724151
