Model: GRU
MSE: 8.380772427522045
MAE: 2.385527594336148
EVS: 0.713123730088697
