Model: GRU
MSE: 8.325076352849566
MAE: 2.1531980942035545
EVS: 0.7065576188095966
