Model: GRU
MSE: 7.87816357446743
MAE: 2.2436578684839708
EVS: 0.7397538356364559
