Model: GRU
MSE: 81.69310275800181
MAE: 7.420254809075389
EVS: 0.001102134616308037
