Model: GRU
MSE: 9.493626454761296
MAE: 2.508303194210447
EVS: 0.7207254399980781
