Model: GRU
MSE: 6.724793557987905
MAE: 1.9085042507484042
EVS: 0.7479367074936953
