Model: GRU
MSE: 7.50554341372218
MAE: 1.9564634849285256
EVS: 0.746390796602489
