Model: GRU
MSE: 7.8110060586612295
MAE: 2.0403805888932327
EVS: 0.7462288418485437
