Model: GRU
MSE: 7.2490540343219125
MAE: 1.8741424268689648
EVS: 0.735441034123737
