Model: GRU
MSE: 8.840042322668056
MAE: 2.204427612238917
EVS: 0.7092317928475198
