Model: GRU
MSE: 8.539518681828675
MAE: 2.2256337455634414
EVS: 0.6916084989589351
