Model: GRU
MSE: 142.71274432737022
MAE: 10.795230939470489
EVS: 0.01824948946969196
