Model: GRU
MSE: 8.774690656357517
MAE: 2.281860767767347
EVS: 0.7331022949887351
