Model: GRU
MSE: 7.442843010948119
MAE: 1.9865289556569066
EVS: 0.7732016573334173
