Model: GRU
MSE: 8.124825380614388
MAE: 2.0687546884191446
EVS: 0.7400063821472247
