Model: GRU
MSE: 10.145714240552632
MAE: 2.644132441487806
EVS: 0.6935780898873621
