Model: GRU
MSE: 8.877240420225922
MAE: 2.323416790057873
EVS: 0.7001952846989039
