Model: GRU
MSE: 8.479001511763096
MAE: 2.1063733203657744
EVS: 0.7226341605757874
