Model: GRU
MSE: 7.071970379833987
MAE: 1.802765770205136
EVS: 0.7402553985020524
