Model: GRU
MSE: 6.927292346539284
MAE: 1.9677622852654293
EVS: 0.7656315722829359
