Model: GRU
MSE: 7.625286305337682
MAE: 1.9948914729315659
EVS: 0.7227654512840334
