Model: GRU
MSE: 7.6973030712644
MAE: 2.154854554554512
EVS: 0.719739093720527
