Model: GRU
MSE: 10.268358141030792
MAE: 2.5372152472364493
EVS: 0.6965058499156043
