Model: GRU
MSE: 7.359789225843472
MAE: 1.934805837170831
EVS: 0.7247388215434725
