Model: GRU
MSE: 7.389827420804948
MAE: 2.005414057394554
EVS: 0.7228384398919426
