Model: GRU
MSE: 6.516986266088751
MAE: 1.8125588688357124
EVS: 0.7562431904508433
