Model: GRU
MSE: 8.447891881084445
MAE: 2.356842649394068
EVS: 0.7399808064859249
