Model: GRU
MSE: 7.724630039480534
MAE: 1.9944622763271989
EVS: 0.7106489262160485
