Model: GRU
MSE: 7.576754492859622
MAE: 2.031462476171296
EVS: 0.7191248091832021
