Model: GRU
MSE: 1374.4884015615462
MAE: 36.44826928500471
EVS: -0.7257346887894198
