Model: GRU
MSE: 8.777367304132389
MAE: 2.3847263578710884
EVS: 0.7163707983161877
