Model: GRU
MSE: 7.806519769867611
MAE: 1.956360431580708
EVS: 0.7094215242864723
