Model: GRU
MSE: 12.168770971093574
MAE: 2.906197062854109
EVS: 0.7107240248814868
