Model: GRU
MSE: 7.314123872687512
MAE: 1.94132242531612
EVS: 0.7310100209152082
