Model: GRU
MSE: 7.792952081750986
MAE: 2.0229471983580756
EVS: 0.7286292170085117
