Model: GRU
MSE: 1974.5865807689909
MAE: 44.16815790636786
EVS: 0.10883900161758209
