Model: GRU
MSE: 12.292559019239457
MAE: 2.8969503867215125
EVS: 0.6908078351772584
