Model: GRU
MSE: 7.733299139843154
MAE: 1.9605950692604328
EVS: 0.709954193069974
