Model: GRU
MSE: 7.525440121652055
MAE: 2.0910085686321915
EVS: 0.7177628186791215
