Model: GRU
MSE: 8.297089753971626
MAE: 2.2306386355696053
EVS: 0.7114334637872521
