Model: GRU
MSE: 8.555332277175944
MAE: 2.0745023530105065
EVS: 0.6810925833247208
