Model: GRU
MSE: 35.0931149824808
MAE: 4.951430254969104
EVS: -0.01135545673712035
