Model: GRU
MSE: 1090.3580076561343
MAE: 32.598254729961525
EVS: -0.03936228953413834
