Model: GRU
MSE: 13.56956477563639
MAE: 3.0115563047343286
EVS: 0.506112044985173
