Model: GRU
MSE: 8.615674062195518
MAE: 2.157602056347091
EVS: 0.723176488927536
