Model: GRU
MSE: 7.323958901433929
MAE: 2.08306164166023
EVS: 0.7404514678096534
