Model: GRU
MSE: 82.35067876777593
MAE: 7.3622327734684125
EVS: -0.055730383413175266
