Model: GRU
MSE: 8.177859284421285
MAE: 2.098290106345867
EVS: 0.7036232505539366
