Model: GRU
MSE: 3913.098983325599
MAE: 62.33583351661419
EVS: -0.025524285748718345
