Model: GRU
MSE: 11.461037649587437
MAE: 2.6978558569118896
EVS: 0.6383627070006688
