Model: GRU
MSE: 7.6199543524402085
MAE: 2.0071194336332123
EVS: 0.7313043994068977
