Model: GRU
MSE: 7.988673810599756
MAE: 2.043917270569966
EVS: 0.7155060707320068
