Model: GRU
MSE: 13.519083435452165
MAE: 3.0977067700747787
EVS: 0.6830608984831367
