Model: GRU
MSE: 6.295225997125767
MAE: 1.7966402306638916
EVS: 0.7721844451650459
