Model: GRU
MSE: 8.849780769563703
MAE: 2.3168383836746216
EVS: 0.7022331485026991
