Model: GRU
MSE: 6.812129740185736
MAE: 1.817184230376934
EVS: 0.7543735893627268
