Model: GRU
MSE: 7.210337388228188
MAE: 2.172609812226789
EVS: 0.7439934750428958
