Model: GRU
MSE: 8.704272834145016
MAE: 2.1240988445693048
EVS: 0.683699852575611
