Model: GRU
MSE: 3042.181815290759
MAE: 54.94179916381836
EVS: 0.11558590447329298
