Model: GRU
MSE: 8.046647177911447
MAE: 2.0809369744925665
EVS: 0.7204226119446546
