Model: GRU
MSE: 7.744873352339807
MAE: 1.9781246339452678
EVS: 0.7268574344409728
