Model: GRU
MSE: 2774.569523075105
MAE: 52.42139480853903
EVS: 0.0035787366809276744
