Model: GRU
MSE: 7.243365274316763
MAE: 2.0739141867078583
EVS: 0.752938605888894
