Model: GRU
MSE: 85.43986354269182
MAE: 7.593294801383183
EVS: -0.04198552037034764
