Model: GRU
MSE: 7.247851180966879
MAE: 1.8305673496476536
EVS: 0.729552924908776
