Model: GRU
MSE: 7.620648369906579
MAE: 2.0241197573727576
EVS: 0.7163713579658113
