Model: GRU
MSE: 7.630627252322181
MAE: 2.0388147049936753
EVS: 0.7239473767808828
