Model: GRU
MSE: 6.590633437183795
MAE: 1.8017969665856197
EVS: 0.7541999916516138
