Model: GRU
MSE: 2172.2215687347752
MAE: 46.33458611060833
EVS: 0.05005598710490733
