Model: GRU
MSE: 6.727373529388501
MAE: 1.8516165223614922
EVS: 0.7477870954938093
