Model: GRU
MSE: 509.73235808721506
MAE: 21.965142776226177
EVS: -0.022599474778892015
