Model: GRU
MSE: 7.3008685655508305
MAE: 1.874981050861293
EVS: 0.7301151818588578
