Model: GRU
MSE: 7.9147781226796265
MAE: 2.1674494661133865
EVS: 0.72860194440517
