Model: GRU
MSE: 36.12563629582241
MAE: 4.989027089086072
EVS: -0.023374482796306273
