Model: GRU
MSE: 7.353068616921643
MAE: 1.923893505129321
EVS: 0.7246580153481403
