Model: GRU
MSE: 9.006472804688983
MAE: 2.448552121376169
EVS: 0.7333843599950709
