Model: GRU
MSE: 11.17120597383285
MAE: 2.6335502955420265
EVS: 0.6693222101973362
