Model: GRU
MSE: 9.845129172180725
MAE: 2.487678780087403
EVS: 0.7303663127076585
