Model: GRU
MSE: 7.582476088466241
MAE: 2.0916939850511223
EVS: 0.7250402762360285
