Model: GRU
MSE: 8.856663773587172
MAE: 2.3419818158807426
EVS: 0.7030366709397246
