Model: GRU
MSE: 2140.042009273394
MAE: 45.79509248404667
EVS: -0.6071945315299434
