Model: GRU
MSE: 7.965077014662395
MAE: 2.037468665632708
EVS: 0.7076872180888432
