Model: GRU
MSE: 7.547933183833515
MAE: 2.131136498574553
EVS: 0.7306793677384392
