Model: GRU
MSE: 6.911691301529976
MAE: 1.9941741752213444
EVS: 0.7451754023220964
