Model: GRU
MSE: 14.96006086207901
MAE: 3.3110325151476365
EVS: 0.6773693146467885
