Model: GRU
MSE: 7.539769754448122
MAE: 2.2286548450075347
EVS: 0.7664868226391319
