Model: GRU
MSE: 7.790468630125338
MAE: 2.096771638968895
EVS: 0.7195736937457229
