Model: GRU
MSE: 6.9418976640010905
MAE: 1.873833279157507
EVS: 0.7397868275760762
