Model: GRU
MSE: 7.300285702777456
MAE: 1.8104478233847126
EVS: 0.7285410122980389
