Model: GRU
MSE: 8.573637443879473
MAE: 2.295788279895125
EVS: 0.7354038271817775
