Model: GRU
MSE: 7.612689138019461
MAE: 1.9306326323542102
EVS: 0.7234110594623635
