Model: GRU
MSE: 8.45133641161614
MAE: 2.0093347327462556
EVS: 0.7117657607791967
