Model: GRU
MSE: 581.9045422984277
MAE: 23.773493668128705
EVS: 0.3726896457475515
