Model: GRU
MSE: 19.93664143792179
MAE: 4.006590686995407
EVS: 0.5944775739817707
