Model: GRU
MSE: 2006.765067628879
MAE: 44.58232965140507
EVS: 0.28059673747325375
