Model: GRU
MSE: 82.00420395417584
MAE: 7.3649745193021054
EVS: -0.041221020961411
