Model: GRU
MSE: 3976.3500597296184
MAE: 62.8840687850426
EVS: 0.17696720877699346
