Model: GRU
MSE: 8.10957508609538
MAE: 2.2334545789093805
EVS: 0.7279750307071796
