Model: GRU
MSE: 10.727171153302189
MAE: 2.6349614653094062
EVS: 0.6823386120145463
