Model: GRU
MSE: 3055.584924954958
MAE: 55.03334558421168
EVS: -0.009507503913857906
