Model: GRU
MSE: 7.395228321510683
MAE: 1.9229471436862289
EVS: 0.7271628925955065
