Model: GRU
MSE: 3286.4709656030786
MAE: 57.086454786103346
EVS: -0.035456001144053007
