Model: GRU
MSE: 9.254663160036515
MAE: 2.2669410273946564
EVS: 0.6765764382144226
