Model: GRU
MSE: 7.580544883002035
MAE: 2.052512127777626
EVS: 0.7446143937601655
