Model: GRU
MSE: 6.871150553512386
MAE: 1.9590462117359555
EVS: 0.7474740396347435
