Model: GRU
MSE: 7.716324950752202
MAE: 1.9947344270245781
EVS: 0.7313629498329852
