Model: GRU
MSE: 9.029444793414823
MAE: 2.2828717930563567
EVS: 0.7129745758117141
