Model: GRU
MSE: 8.8003108996431
MAE: 2.2563437840034224
EVS: 0.69188572003331
