Model: GRU
MSE: 9.318228768960886
MAE: 2.398283846419433
EVS: 0.6585132899127366
