Model: GRU
MSE: 100.09879117840558
MAE: 8.51792519668053
EVS: -0.03305920796222672
