Model: GRU
MSE: 9.656128131620493
MAE: 2.3253224236624583
EVS: 0.7360062338332718
