Model: GRU
MSE: 9.814623494239155
MAE: 2.494227254185183
EVS: 0.7012658781547159
