Model: GRU
MSE: 8.696809194326848
MAE: 2.3506548445800255
EVS: 0.6966082951646102
