Model: GRU
MSE: 7.570041158251557
MAE: 1.9209074008053746
EVS: 0.7160798703140352
