Model: GRU
MSE: 7.09507233512499
MAE: 1.9595027216549576
EVS: 0.7676457418185211
