Model: GRU
MSE: 449.3947382530047
MAE: 20.482507459048566
EVS: -0.1199941059886549
