Model: GRU
MSE: 7.872780896371276
MAE: 1.8762495887690578
EVS: 0.7054181083542734
