Model: GRU
MSE: 496.2081530605283
MAE: 21.591970904120082
EVS: -0.12499438950678243
