Model: GRU
MSE: 7.201382246781316
MAE: 1.8263729317434902
EVS: 0.7353893884221594
