Model: GRU
MSE: 9.362138767587044
MAE: 2.242403274980085
EVS: 0.6904038399172835
