Model: GRU
MSE: 8.080346534707541
MAE: 2.001077758854833
EVS: 0.7267654979068428
