Model: GRU
MSE: 7.775067716130226
MAE: 2.0625612602151673
EVS: 0.7098566675409196
