Model: GRU
MSE: 69.91936862144117
MAE: 6.554127314995075
EVS: -0.011269729402517026
