Model: GRU
MSE: 7.544474879975902
MAE: 1.9516048010053306
EVS: 0.734900447190001
