Model: GRU
MSE: 6.979909253231207
MAE: 1.8262885356771534
EVS: 0.7414665817607777
