Model: GRU
MSE: 10.959559880114632
MAE: 2.505200782726551
EVS: 0.709657623545649
