Model: GRU
MSE: 6788.5212970538805
MAE: 82.21728265696558
EVS: -0.08166670644891827
