Model: GRU
MSE: 7.527307190004174
MAE: 2.0371950001552186
EVS: 0.7224797371259828
