Model: GRU
MSE: 8.593413807211062
MAE: 2.0290555296273065
EVS: 0.6776953119848916
