Model: GRU
MSE: 13.187126089210837
MAE: 2.887841611072935
EVS: 0.6146888998737691
