Model: GRU
MSE: 83.37285616806527
MAE: 7.477704594875204
EVS: -0.029797998681343918
