Model: GRU
MSE: 9.8102586954783
MAE: 2.4391632902211158
EVS: 0.7286527635381191
