Model: GRU
MSE: 9.940313878824709
MAE: 2.3575382725945833
EVS: 0.6435322041351419
