Model: GRU
MSE: 1318.0343127804028
MAE: 35.92427141913052
EVS: -0.030707358302750176
