Model: GRU
MSE: 7.42801447547586
MAE: 1.9601150165344108
EVS: 0.7254885318321177
