Model: GRU
MSE: 9.981901381169182
MAE: 2.600440107542893
EVS: 0.6710077540274622
