Model: GRU
MSE: 9.291349518609435
MAE: 2.2364221564654647
EVS: 0.6641393558943132
