Model: GRU
MSE: 7.733729816268288
MAE: 1.919821726864782
EVS: 0.7125915608480555
