Model: GRU
MSE: 11.648890681466371
MAE: 2.7662237903167464
EVS: 0.6944020459761089
