Model: GRU
MSE: 8.112396575106207
MAE: 2.1460229076188186
EVS: 0.7064552070178831
