Model: GRU
MSE: 7.879887179044968
MAE: 2.0101167086897225
EVS: 0.7116873686339811
