Model: GRU
MSE: 8.00925526866455
MAE: 2.172257363796234
EVS: 0.7208921395498891
