Model: GRU
MSE: 7.346735358649009
MAE: 1.9326687229090724
EVS: 0.7245681574529437
