Model: GRU
MSE: 899.709107383268
MAE: 29.461377998878216
EVS: -0.19030637728206834
