Model: GRU
MSE: 8.02653282342392
MAE: 2.0515139472895654
EVS: 0.7381982748638851
