Model: GRU
MSE: 7.355480916042306
MAE: 2.044473037637513
EVS: 0.7286286303345135
