Model: GRU
MSE: 14.292446390795664
MAE: 3.204586090712712
EVS: 0.6368134009966182
