Model: GRU
MSE: 95.90039579231512
MAE: 8.476276619680997
EVS: 0.09786011167153852
