Model: GRU
MSE: 7.666700752715146
MAE: 1.9062124100224724
EVS: 0.7126627531185449
