Model: GRU
MSE: 8.800243658170604
MAE: 2.326667486593641
EVS: 0.6723011389748128
