Model: GRU
MSE: 8.842637110376163
MAE: 2.2854172690161345
EVS: 0.7185007944565973
