Model: GRU
MSE: 9.60406804344983
MAE: 2.2586686467302255
EVS: 0.6497418161729505
