Model: GRU
MSE: 7.436316514519641
MAE: 2.0789038970552642
EVS: 0.7324366821594124
