Model: GRU
MSE: 6.129528779557976
MAE: 1.7200570630616154
EVS: 0.7704537081396472
