Model: GRU
MSE: 7.1283159629987365
MAE: 1.9903133079923432
EVS: 0.7530182510334658
