Model: GRU
MSE: 7.662810414676677
MAE: 2.191482930347837
EVS: 0.7454673122818947
