Model: GRU
MSE: 12.929327826176284
MAE: 2.907329069129352
EVS: 0.6687982405804593
