Model: GRU
MSE: 8.1122165175905
MAE: 2.092032541488779
EVS: 0.7057213786089466
