Model: GRU
MSE: 7.876823500907542
MAE: 1.9402739251482075
EVS: 0.7104139663451938
