Model: GRU
MSE: 601.0215742353253
MAE: 23.772112418865337
EVS: -0.34677939458187335
