Model: GRU
MSE: 8.485038980982887
MAE: 2.1228432737547775
EVS: 0.7473448466756716
