Model: GRU
MSE: 7.748770273496575
MAE: 1.903896757240953
EVS: 0.7191086662896187
