Model: GRU
MSE: 6.875212434299837
MAE: 1.8784086159591018
EVS: 0.7498506520066632
