Model: GRU
MSE: 149.44110898734144
MAE: 10.975041853970495
EVS: -0.08728646522224048
