Model: GRU
MSE: 82.99994142445075
MAE: 7.578174410195186
EVS: 0.04092266860596028
