Model: GRU
MSE: 7.104310081913674
MAE: 1.8712286055088043
EVS: 0.7347088767016221
