Model: GRU
MSE: 7.479128715493099
MAE: 2.025858306679232
EVS: 0.7198365717073121
