Model: GRU
MSE: 10.429977436375546
MAE: 2.5001370968489813
EVS: 0.6543808700846504
