Model: GRU
MSE: 6.810068831566117
MAE: 1.7786648520107926
EVS: 0.7481841777288818
