Model: GRU
MSE: 8.346034093075804
MAE: 2.1546359534921318
EVS: 0.6900294416780942
