Model: GRU
MSE: 7.514445904454241
MAE: 1.988246958831261
EVS: 0.7324721185160703
