Model: GRU
MSE: 8.283403114554746
MAE: 2.285397860510596
EVS: 0.7321907697161217
