Model: GRU
MSE: 7.583444983984166
MAE: 2.136207259934524
EVS: 0.7160170038983215
