Model: GRU
MSE: 8.320204110684141
MAE: 2.2186287271565406
EVS: 0.7231597811359416
