Model: GRU
MSE: 7.77152061753463
MAE: 2.1151499666016678
EVS: 0.7094402316055154
