Model: GRU
MSE: 12.085218033458633
MAE: 2.76183033811635
EVS: 0.6623465149250789
