Model: GRU
MSE: 9.478488701878227
MAE: 2.6428137401054643
EVS: 0.7559381260440161
