Model: GRU
MSE: 1148.5180881369008
MAE: 33.29595098824337
EVS: -0.49640975396951115
