Model: GRU
MSE: 8.575716477157883
MAE: 2.0576326785416437
EVS: 0.6783607006201289
