Model: GRU
MSE: 2685.7153976284058
MAE: 51.583561535539296
EVS: 0.06791347257049374
