Model: GRU
MSE: 8.71591439081385
MAE: 2.195685682625606
EVS: 0.721712955218216
