Model: GRU
MSE: 19.52062350732084
MAE: 3.4758181736387055
EVS: 0.3557053339202113
