Model: GRU
MSE: 7.074115207137955
MAE: 1.8435963967750812
EVS: 0.7501940459131875
