Model: GRU
MSE: 8.77053885739106
MAE: 2.278768309231462
EVS: 0.6903148958385691
