Model: GRU
MSE: 7.498743120245444
MAE: 1.835274843306377
EVS: 0.7220382262392409
