Model: GRU
MSE: 1262.597542079961
MAE: 35.2603738061313
EVS: 0.27599733613314303
