Model: GRU
MSE: 7.983157083073344
MAE: 2.007114324076422
EVS: 0.7312367738096117
