Model: GRU
MSE: 1512.643587706118
MAE: 38.57204325445767
EVS: 0.06830766409184452
