Model: GRU
MSE: 8.934007739710099
MAE: 2.392783156756697
EVS: 0.7177528530440124
