Model: GRU
MSE: 6.770642153128379
MAE: 1.9958560127636482
EVS: 0.7469676826559666
