Model: GRU
MSE: 39.25116901571327
MAE: 5.40533368340854
EVS: -2.220446049250313e-16
