Model: GRU
MSE: 46.01977017650567
MAE: 5.998830071811018
EVS: 0.0
