Model: GRU
MSE: 7.4710612782744406
MAE: 1.9795908270211056
EVS: 0.7228644609935324
