Model: GRU
MSE: 7.264958475236869
MAE: 2.0129667397203117
EVS: 0.7294845172394961
