Model: GRU
MSE: 7.622473884703394
MAE: 2.0706472859300415
EVS: 0.7153939081107896
