Model: GRU
MSE: 230.19652903099117
MAE: 14.101835234411832
EVS: -0.17524609981474026
