Model: GRU
MSE: 7.825655260742606
MAE: 2.0785849515734047
EVS: 0.7132891144399061
