Model: GRU
MSE: 7.843828977019273
MAE: 2.176927385659053
EVS: 0.7246169547927122
