Model: GRU
MSE: 1892.2412626516527
MAE: 43.192348348683325
EVS: -2.220446049250313e-16
