Model: GRU
MSE: 11.970865936715185
MAE: 2.654548460039599
EVS: 0.6059366292856776
