Model: GRU
MSE: 7.555309133334415
MAE: 2.0652037365683196
EVS: 0.7204934348933324
