Model: GRU
MSE: 8.679583537598933
MAE: 2.23585294032919
EVS: 0.6956338895321315
