Model: GRU
MSE: 889.5384383248205
MAE: 29.334298429817988
EVS: -0.08907958329937404
