Model: GRU
MSE: 9.104428606398145
MAE: 2.098613228263526
EVS: 0.7098352359796556
