Model: GRU
MSE: 84.00552296842534
MAE: 7.506428685681573
EVS: -0.03738403379231303
