Model: GRU
MSE: 8.31083331144132
MAE: 2.1309516429901123
EVS: 0.7132923674195417
