Model: GRU
MSE: 9.032780002525776
MAE: 2.274667472674929
EVS: 0.6824356204078306
