Model: GRU
MSE: 8.348632278117524
MAE: 2.0186889623773507
EVS: 0.6869167814993999
