Model: GRU
MSE: 5521.029216419325
MAE: 74.05068180478852
EVS: -0.4074453864115666
