Model: GRU
MSE: 8.259803151200877
MAE: 2.1503945321872315
EVS: 0.6959034284033432
