Model: GRU
MSE: 168.52087849193143
MAE: 12.044391475874802
EVS: 0.12034946325537521
