Model: GRU
MSE: 9.922177293371764
MAE: 2.544805826811955
EVS: 0.7116195544783808
