Model: GRU
MSE: 8.63921163483625
MAE: 2.264504547776847
EVS: 0.6824880511790307
