Model: GRU
MSE: 7.3403634545377265
MAE: 1.9332059755407531
EVS: 0.7288519536796813
