Model: GRU
MSE: 6.818156936761389
MAE: 1.9705647312361618
EVS: 0.7442783621522476
