Model: GRU
MSE: 9.466830948902187
MAE: 2.4016787183695825
EVS: 0.6514264396102931
