Model: GRU
MSE: 7.584419327338768
MAE: 1.917538320196086
EVS: 0.7185238273325032
