Model: GRU
MSE: 8.37901081893199
MAE: 2.0777013805405846
EVS: 0.7329700502465889
