Model: GRU
MSE: 8.28643641562674
MAE: 1.9392037021702733
EVS: 0.7118250355535181
