Model: GRU
MSE: 8.18398022717647
MAE: 2.103512630380433
EVS: 0.7176877326612279
