Model: GRU
MSE: 8.036857647129802
MAE: 2.098272208509774
EVS: 0.7009858420560056
