Model: GRU
MSE: 6.6045777800531775
MAE: 1.819629821284064
EVS: 0.7538761856808586
