Model: GRU
MSE: 2729.435453976354
MAE: 51.98042271055024
EVS: -0.030335035822894874
