Model: GRU
MSE: 7.344670820734876
MAE: 1.817320036477056
EVS: 0.7288485077599017
