Model: GRU
MSE: 2302.3045556778843
MAE: 47.72334342167295
EVS: 0.07033369086687247
