Model: GRU
MSE: 7.547839881018185
MAE: 2.030841591029332
EVS: 0.7365239319656819
