Model: GRU
MSE: 293.14773675185813
MAE: 16.093529027083825
EVS: -0.28068664467162474
