Model: GRU
MSE: 8.211067384279465
MAE: 2.115145333882036
EVS: 0.6920608367681803
