Model: GRU
MSE: 7.254887290033344
MAE: 2.024573564529419
EVS: 0.750737144376244
