Model: GRU
MSE: 9.141593400335905
MAE: 2.101429830337393
EVS: 0.6582405784101655
