Model: GRU
MSE: 238.26710669253205
MAE: 14.5153001752393
EVS: -0.034162863145360545
