Model: GRU
MSE: 150.85461030423915
MAE: 11.342468121956134
EVS: 0.16725032864509648
