Model: GRU
MSE: 8.34704012263853
MAE: 2.2873544631333185
EVS: 0.7310481066396916
