Model: GRU
MSE: 6.832414041699505
MAE: 1.8780448477843712
EVS: 0.7438473172042745
