Model: GRU
MSE: 8.24486144875824
MAE: 2.0327491153930795
EVS: 0.714986842310106
