Model: GRU
MSE: 6.458708158461635
MAE: 1.7885627787688683
EVS: 0.7585043027990985
