Model: GRU
MSE: 8.981253059812289
MAE: 2.260748834445559
EVS: 0.7283825330500189
