Model: GRU
MSE: 142.13594241667874
MAE: 10.638016449994055
EVS: -0.08649820392219754
