Model: GRU
MSE: 7.9262382740414585
MAE: 1.996133804321289
EVS: 0.7228207037811525
