Model: GRU
MSE: 7.676608450016867
MAE: 1.9394548843646873
EVS: 0.7238144772409356
