Model: GRU
MSE: 8.688303851896995
MAE: 2.200220380363793
EVS: 0.7251241382959374
