Model: GRU
MSE: 8.006851418062617
MAE: 1.9275312526472683
EVS: 0.7239871586391078
