Model: GRU
MSE: 7.204294309582909
MAE: 1.9856202705153103
EVS: 0.729795667853411
