Model: GRU
MSE: 7.378887273290396
MAE: 2.0040276584954095
EVS: 0.7350542623346326
