Model: GRU
MSE: 7.311893839003627
MAE: 1.9002295794158146
EVS: 0.7450079179661233
