Model: GRU
MSE: 7.934625156870564
MAE: 2.07148021870646
EVS: 0.7088383473253148
