Model: GRU
MSE: 7.719516613188439
MAE: 1.921550960376345
EVS: 0.7124373125417859
