Model: GRU
MSE: 100.02402586821376
MAE: 8.606151860335778
EVS: 0.02640922101996157
