Model: GRU
MSE: 4606.316651049508
MAE: 67.65774411168591
EVS: -0.07816300393183107
