Model: GRU
MSE: 182.93410978147674
MAE: 12.483303119396341
EVS: -0.01646317540193798
