Model: GRU
MSE: 9.32673317400008
MAE: 2.5507983215923966
EVS: 0.7387213413503346
