Model: GRU
MSE: 6379.005769150018
MAE: 79.67852428041655
EVS: -0.1378812005315191
