Model: GRU
MSE: 3147.888113618523
MAE: 55.8701769072434
EVS: 0.009408818520023066
