Model: GRU
MSE: 863.0711584501174
MAE: 29.093584027783624
EVS: 0.3761032379104663
