Model: GRU
MSE: 6.943514362732734
MAE: 1.880323389480854
EVS: 0.7395911836088883
