Model: GRU
MSE: 9.691831591017529
MAE: 2.3344177912021506
EVS: 0.7246750526026674
