Model: GRU
MSE: 6.952432012286637
MAE: 1.9728003000390941
EVS: 0.7471866901881968
