Model: GRU
MSE: 236.38416816338778
MAE: 14.494119989460913
EVS: 0.01341417628005559
