Model: GRU
MSE: 7.293105416599142
MAE: 1.9214123168895985
EVS: 0.7300308571618346
