Model: GRU
MSE: 7.213598890760576
MAE: 1.934796172997047
EVS: 0.7335399532209876
