Model: GRU
MSE: 8.038663347848852
MAE: 2.282469547000425
EVS: 0.737153178434735
