Model: GRU
MSE: 8.26106697240175
MAE: 2.1691644407551864
EVS: 0.6912515026529042
