Model: GRU
MSE: 10.950288207147173
MAE: 2.5951683973443918
EVS: 0.6106527060448514
