Model: GRU
MSE: 13.963836493246397
MAE: 3.0950463907472017
EVS: 0.6271137589803915
