Model: GRU
MSE: 6.943269100220889
MAE: 1.7679065753673684
EVS: 0.7455087582691665
