Model: GRU
MSE: 517.6062738007037
MAE: 22.095765623553046
EVS: -0.10205825605273255
