Model: GRU
MSE: 7.11278726815612
MAE: 1.9781511775378524
EVS: 0.735694091997743
