Model: GRU
MSE: 6.706720421452905
MAE: 1.9312062818428566
EVS: 0.7664811696370644
