Model: GRU
MSE: 10.087095262466523
MAE: 2.600810472307534
EVS: 0.6927174137977461
