Model: GRU
MSE: 8.072436466135029
MAE: 1.9847770888229896
EVS: 0.7353330355896338
