Model: GRU
MSE: 34.02831436487533
MAE: 4.871258439688847
EVS: -2.220446049250313e-16
