Model: GRU
MSE: 9.632337485558548
MAE: 2.287150058253058
EVS: 0.675857506406196
