Model: GRU
MSE: 7.06890548907915
MAE: 1.8336154407468335
EVS: 0.734962854378119
