Model: GRU
MSE: 7.047051474034851
MAE: 1.8285417063482876
EVS: 0.7449788354165937
