Model: GRU
MSE: 9.383609925987816
MAE: 2.4709136773800027
EVS: 0.7174974375321137
