Model: GRU
MSE: 8.745007037665331
MAE: 2.089165022660946
EVS: 0.6720269531053163
