Model: GRU
MSE: 10.630483644312601
MAE: 2.5076939278635484
EVS: 0.6621630801217891
