Model: GRU
MSE: 6859.072671841926
MAE: 82.65578907933728
EVS: -0.016161269914922727
