Model: GRU
MSE: 6.681090745000974
MAE: 1.7879988222286618
EVS: 0.764957332253271
