Model: GRU
MSE: 3163.466210894083
MAE: 56.000841272288355
EVS: -0.026617386046943636
