Model: GRU
MSE: 8.40539323586444
MAE: 2.291526493327371
EVS: 0.7189633462982679
