Model: GRU
MSE: 13.659639723420167
MAE: 3.045560729914698
EVS: 0.607847962559829
