Model: GRU
MSE: 7.146791057261198
MAE: 1.9037442844489525
EVS: 0.7437893187211697
