Model: GRU
MSE: 6.854207308337635
MAE: 1.969718674133564
EVS: 0.7477909064206346
