Model: GRU
MSE: 9.339161400132785
MAE: 2.3182018532835205
EVS: 0.7157872468320754
