Model: GRU
MSE: 7.953067229125961
MAE: 2.0852901092891036
EVS: 0.716898244330747
