Model: GRU
MSE: 98.4658461014352
MAE: 8.53371538375986
EVS: 0.03828471916338394
