Model: GRU
MSE: 8.272047538989943
MAE: 2.072509584755733
EVS: 0.7003990164479059
