Model: GRU
MSE: 11.408913073824149
MAE: 2.666775196790695
EVS: 0.6880343915105906
