Model: GRU
MSE: 115.23089030405426
MAE: 9.43032904328971
EVS: 0.013596810708396023
