Model: GRU
MSE: 8.32843453584839
MAE: 2.209786423321428
EVS: 0.7012000068624331
