Model: GRU
MSE: 90.69255277856328
MAE: 8.04118290851856
EVS: 0.02364298680494914
