Model: GRU
MSE: 9.680523788528133
MAE: 2.414460253098915
EVS: 0.6822643375939224
