Model: GRU
MSE: 7.855725716937179
MAE: 1.9512526824556549
EVS: 0.7059353047484336
