Model: GRU
MSE: 7.628701114650518
MAE: 2.0090079533642737
EVS: 0.728314696368539
