Model: GRU
MSE: 7.527821853581349
MAE: 2.0371734171078124
EVS: 0.7189182084437244
