Model: GRU
MSE: 8.114392407397803
MAE: 2.078172708379811
EVS: 0.6975957347737831
