Model: GRU
MSE: 7.225495615473688
MAE: 1.9076897173092282
EVS: 0.7424984080309733
