Model: GRU
MSE: 9.757785230895893
MAE: 2.544390516034488
EVS: 0.7160243913266052
