Model: GRU
MSE: 7.305879615286957
MAE: 1.864500489728204
EVS: 0.7286510406416731
