Model: GRU
MSE: 7.370396474258601
MAE: 1.888248540204147
EVS: 0.7254186355320209
