Model: GRU
MSE: 6.453274899538742
MAE: 1.7744739014526894
EVS: 0.759173027898685
