Model: GRU
MSE: 6.926882407113403
MAE: 1.7872026696287353
EVS: 0.740236188921358
