Model: GRU
MSE: 7.126433757111706
MAE: 1.8637850366789719
EVS: 0.7335874753044462
