Model: GRU
MSE: 9.301510387230486
MAE: 2.303833879273513
EVS: 0.6753256313662908
