Model: GRU
MSE: 8.544468152416842
MAE: 2.249444057201517
EVS: 0.7058924800354116
