Model: GRU
MSE: 3897.237421494513
MAE: 62.234822437681004
EVS: 0.09744127372330247
