Model: GRU
MSE: 8.494767151973653
MAE: 2.0657873338666457
EVS: 0.6984203412885842
