Model: GRU
MSE: 8.616171579855521
MAE: 2.06123588510922
EVS: 0.7630174079273633
