Model: GRU
MSE: 7.544848111942385
MAE: 1.946398323979871
EVS: 0.7229241017439378
