Model: GRU
MSE: 8.699558375317189
MAE: 2.3481994538471618
EVS: 0.6947391821028925
