Model: GRU
MSE: 96.40409751440674
MAE: 8.373493120588105
EVS: 0.014012152320160842
