Model: GRU
MSE: 7.689128086119922
MAE: 2.0316583945833404
EVS: 0.71175163946318
