Model: GRU
MSE: 9.35615990452378
MAE: 2.428797779412105
EVS: 0.7008669243752934
