Model: GRU
MSE: 530.8738420804405
MAE: 22.44404697418213
EVS: -0.01786382279196297
