Model: GRU
MSE: 8.98600894684552
MAE: 2.3491128343960335
EVS: 0.7060787555612961
