Model: GRU
MSE: 10.123434293300237
MAE: 2.546847548978082
EVS: 0.6529632616015146
