Model: GRU
MSE: 8.061369442262496
MAE: 2.140151226315005
EVS: 0.7027905662686178
