Model: GRU
MSE: 11.53963099759227
MAE: 2.5430650197226425
EVS: 0.7343225640503888
