Model: GRU
MSE: 7.270642811174349
MAE: 1.9206551292846943
EVS: 0.7273298392579143
