Model: GRU
MSE: 101.93067252882902
MAE: 8.7772371111245
EVS: 0.06644307143007744
