Model: GRU
MSE: 8.323346011157009
MAE: 2.109234966080764
EVS: 0.6891037658823772
