Model: GRU
MSE: 6.833959821647602
MAE: 1.8811916698669564
EVS: 0.7439987241324992
