Model: GRU
MSE: 8.914486020337348
MAE: 2.038992747238704
EVS: 0.7548174033562518
