Model: GRU
MSE: 7.653315419766103
MAE: 2.1941752413223528
EVS: 0.7287509464569515
