Model: GRU
MSE: 84.72119261354072
MAE: 7.650757080522077
EVS: 0.01782284155780678
