Model: GRU
MSE: 2856.991023983125
MAE: 53.26728136786099
EVS: 0.2653388987078351
