Model: GRU
MSE: 9.699321516750164
MAE: 2.4896475652168535
EVS: 0.7178092660418416
