Model: GRU
MSE: 8.079932666820262
MAE: 2.056168687754664
EVS: 0.7093373509486857
