Model: GRU
MSE: 7.972742830342385
MAE: 2.0592642611470717
EVS: 0.7572711352816683
