Model: GRU
MSE: 9.526550896948144
MAE: 2.417488747629626
EVS: 0.6915302201296831
