Model: GRU
MSE: 10.577676455806508
MAE: 2.4971500676253746
EVS: 0.67269329692586
