Model: GRU
MSE: 7.459326230982471
MAE: 1.972553782421967
EVS: 0.7212582581433301
