Model: GRU
MSE: 8.271344535494286
MAE: 2.223947875458619
EVS: 0.7093771985577333
