Model: GRU
MSE: 9.124358538795445
MAE: 2.1365496002394577
EVS: 0.6581481403384148
