Model: GRU
MSE: 8.606073330076164
MAE: 2.238490229022914
EVS: 0.7329080298048107
