Model: GRU
MSE: 8.283686546542665
MAE: 2.139488403139443
EVS: 0.6943695850046351
