Model: GRU
MSE: 7.561023595056675
MAE: 2.1156446502126496
EVS: 0.7595318413906986
