Model: GRU
MSE: 2831.252742744002
MAE: 52.95453788494242
EVS: -0.015278248875917555
