Model: GRU
MSE: 1935.936235572788
MAE: 43.69496483638369
EVS: -0.0008992748652743021
