Model: GRU
MSE: 8.56353643454
MAE: 2.106879100717347
EVS: 0.6892680035330939
