Model: GRU
MSE: 189.48439510970445
MAE: 12.922952775297494
EVS: 0.1567988897350614
