Model: GRU
MSE: 8.156397764649865
MAE: 2.0333329860506386
EVS: 0.6941655931505688
