Model: GRU
MSE: 10.023730782746483
MAE: 2.288600903132866
EVS: 0.6877408994966008
