Model: GRU
MSE: 1781.1977484615393
MAE: 41.9120983913027
EVS: 0.07833342762734674
