Model: GRU
MSE: 2139.58095189102
MAE: 45.83176678624646
EVS: -0.4638682792015243
