Model: GRU
MSE: 7.919973045328404
MAE: 1.9919039792027966
EVS: 0.702954534146246
