Model: GRU
MSE: 6.4483153541476135
MAE: 1.6578891883636344
EVS: 0.760867674356017
