Model: GRU
MSE: 8.085367056177649
MAE: 2.0075717218990983
EVS: 0.7099049322793325
