Model: GRU
MSE: 7.569680733051616
MAE: 1.9898786627013108
EVS: 0.7225820619545025
