Model: GRU
MSE: 5364.534672485649
MAE: 73.08234602829506
EVS: 0.11840443206126883
