Model: GRU
MSE: 970.8224346833981
MAE: 30.38946364266532
EVS: -0.3012456283685778
