Model: GRU
MSE: 7.99759738550385
MAE: 2.040968453061992
EVS: 0.7193401733537861
