Model: GRU
MSE: 1745.0437795283656
MAE: 41.452201974803
EVS: -0.0036164984396158673
