Model: GRU
MSE: 6.746444948124862
MAE: 1.770506803331704
EVS: 0.7470318395181077
