Model: GRU
MSE: 6.624009592220071
MAE: 1.9589124630237449
EVS: 0.7516012053703105
