Model: GRU
MSE: 214.11364300849246
MAE: 13.6987721262307
EVS: 0.007689564794907011
