Model: GRU
MSE: 7.693962448196238
MAE: 2.2106027356509506
EVS: 0.7342006028185033
