Model: GRU
MSE: 8.162355923944528
MAE: 2.063692627281978
EVS: 0.7025876705411862
