Model: GRU
MSE: 7.2222146688277515
MAE: 1.9654892456942592
EVS: 0.7365424483288812
