Model: GRU
MSE: 8.090441946447894
MAE: 1.9952549975493858
EVS: 0.6968991136603502
