Model: GRU
MSE: 7.544174121226753
MAE: 1.923961156401141
EVS: 0.7171058000297856
