Model: GRU
MSE: 7.948757303211573
MAE: 2.095072768885514
EVS: 0.7222551702852127
