Model: GRU
MSE: 9.020095080438695
MAE: 2.321582551660209
EVS: 0.6955285302791114
