Model: GRU
MSE: 10.875920130591277
MAE: 2.8033214108697297
EVS: 0.7149344536703154
