Model: GRU
MSE: 7.510254687524111
MAE: 1.8649069769629116
EVS: 0.7255678762146007
