Model: GRU
MSE: 503.37696665493985
MAE: 21.882478319365404
EVS: 0.07982045732018317
