Model: GRU
MSE: 155.61113122611815
MAE: 11.222761795438569
EVS: -0.11245996666090874
