Model: GRU
MSE: 8.261867954556955
MAE: 2.249673376823294
EVS: 0.732230132897481
