Model: GRU
MSE: 11.411429927752861
MAE: 2.5930847576979934
EVS: 0.6743706420490976
