Model: GRU
MSE: 9.583605618936739
MAE: 2.472961581986526
EVS: 0.705533845321928
