Model: GRU
MSE: 804.9241503542472
MAE: 27.851572530022985
EVS: -0.09570631688966502
