Model: GRU
MSE: 7.167086139267148
MAE: 1.8720701994567082
EVS: 0.7312414983451939
