Model: GRU
MSE: 2340.864343439767
MAE: 48.116048615554284
EVS: 0.03570950256486938
