Model: GRU
MSE: 8.90366824321422
MAE: 2.148740852701253
EVS: 0.667077208972085
