Model: GRU
MSE: 6.540787367867195
MAE: 1.800554103892425
EVS: 0.755272134720116
