Model: GRU
MSE: 8.550032351971243
MAE: 2.112296642928288
EVS: 0.6894628771396998
