Model: GRU
MSE: 7.9178237238872
MAE: 1.970084662067479
EVS: 0.7130528978782683
