Model: GRU
MSE: 223.74720189569297
MAE: 14.030106116985452
EVS: -0.009039632848901524
