Model: GRU
MSE: 2167.076848301594
MAE: 46.24229122030324
EVS: -0.07745182132349693
