Model: GRU
MSE: 7.108761998393204
MAE: 1.9183110861942685
EVS: 0.7341990499157014
