Model: GRU
MSE: 81.76820418867865
MAE: 7.506571786157016
EVS: 0.04660971685831328
