Model: GRU
MSE: 7.588100249959498
MAE: 2.1451265853026817
EVS: 0.7476193480525434
