Model: GRU
MSE: 8.258929611875898
MAE: 2.021081940881137
EVS: 0.7136572600547411
