Model: GRU
MSE: 8.843673690484575
MAE: 2.271998645930455
EVS: 0.6770758732088096
