Model: GRU
MSE: 341.8660238987953
MAE: 17.590832266314276
EVS: -0.21627300846980013
