Model: GRU
MSE: 8.304158582120795
MAE: 2.0968307523891845
EVS: 0.6895482183453379
