Model: GRU
MSE: 2763.29522224359
MAE: 52.343663314293174
EVS: 0.12100129673855198
