Model: GRU
MSE: 3481.4817266249406
MAE: 58.74028080907361
EVS: -0.16498311099480278
