Model: GRU
MSE: 6.889985743254284
MAE: 1.8347109967264636
EVS: 0.7531361397011467
