Model: GRU
MSE: 7.456608909394047
MAE: 1.9774927034460266
EVS: 0.7268629716508104
