Model: GRU
MSE: 10.679385185624174
MAE: 2.717117959055407
EVS: 0.6863044754696367
