Model: GRU
MSE: 6.643274371512841
MAE: 1.7557926383511773
EVS: 0.7526994563673384
