Model: GRU
MSE: 10.047953639295589
MAE: 2.4683773640928597
EVS: 0.6498751109737688
