Model: GRU
MSE: 77.62396175564892
MAE: 7.0168865960219815
EVS: -0.06469648297710551
