Model: GRU
MSE: 8.292547841025554
MAE: 2.057902615645836
EVS: 0.7218632937791569
