Model: GRU
MSE: 6.640230606362393
MAE: 1.8405722174151191
EVS: 0.753241929657773
