Model: GRU
MSE: 6.221788128245992
MAE: 1.8281385655305824
EVS: 0.768408070425577
