Model: GRU
MSE: 35.21374732343239
MAE: 4.855988664286477
EVS: -0.3702474744517492
