Model: GRU
MSE: 8.469033848729254
MAE: 1.9893869944981166
EVS: 0.7715674894300284
