Model: GRU
MSE: 10.855777684776639
MAE: 2.7467944043023245
EVS: 0.7663193576049714
