Model: GRU
MSE: 1618.6535980956903
MAE: 39.96736057599386
EVS: 0.20693591063770034
