Model: GRU
MSE: 20.826570745080957
MAE: 3.090108666263643
EVS: 0.43704099875156366
