Model: GRU
MSE: 7.222049315815044
MAE: 1.9667661504472715
EVS: 0.7471860032210691
