Model: GRU
MSE: 7.999528164376172
MAE: 2.002355968100684
EVS: 0.7841526821158484
