Model: GRU
MSE: 9.836790100261497
MAE: 2.319498325216359
EVS: 0.7765939540161185
