Model: GRU
MSE: 8.621660850157525
MAE: 2.052035015821457
EVS: 0.7690280625041317
