Model: GRU
MSE: 8.112856935977108
MAE: 2.0136543670479132
EVS: 0.7096598802254527
