Model: GRU
MSE: 1439.2825696231585
MAE: 37.68361330840547
EVS: 0.22381282511403267
