Model: GRU
MSE: 1048.3576357568234
MAE: 31.40652058042329
EVS: -0.5142323911623243
