Model: GRU
MSE: 8.940758924552153
MAE: 2.128752327178206
EVS: 0.7743480400237471
