Model: GRU
MSE: 2033.8199349765782
MAE: 45.09788513183594
EVS: 0.0
