Model: GRU
MSE: 8.728624938393041
MAE: 1.9969209839900335
EVS: 0.6693126714318923
