Model: GRU
MSE: 8.161543734661732
MAE: 1.9754938770617758
EVS: 0.7789410884446852
