Model: GRU
MSE: 8.151365487420888
MAE: 2.096244591474533
EVS: 0.7757968636083292
