Model: GRU
MSE: 9.006967483514336
MAE: 1.9887681962275991
EVS: 0.6586778464283662
