Model: GRU
MSE: 7.386791090522456
MAE: 2.6831195831298826
EVS: -0.1728774571711258
