Model: GRU
MSE: 11.539813264638006
MAE: 2.6104024359158107
EVS: 0.7476309298142321
