Model: GRU
MSE: 29.003643459574146
MAE: 3.6571776469548545
EVS: 0.11843911736664858
