Model: GRU
MSE: 6.498270467022535
MAE: 1.9027998106820243
EVS: 0.7554072729516083
