Model: GRU
MSE: 9.629630167800432
MAE: 2.2433493473700117
EVS: 0.7573766885956963
