Model: GRU
MSE: 13.37526452630697
MAE: 3.1071444312731424
EVS: 0.7202152703449514
