Model: GRU
MSE: 8.347476120021128
MAE: 1.9610017144254275
EVS: 0.7738338880658773
