Model: GRU
MSE: 6.366745422248949
MAE: 1.8640914758046467
EVS: 0.749019917843122
