Model: GRU
MSE: 4773.278544690759
MAE: 68.9105523557079
EVS: 0.06284324551205767
