Model: GRU
MSE: 6.538256865254847
MAE: 1.8869092722733816
EVS: 0.748592680265476
