Model: GRU
MSE: 8.348590098104053
MAE: 2.0340758144855497
EVS: 0.7716556687117689
