Model: GRU
MSE: 1911.1186173788226
MAE: 43.29048113141741
EVS: -0.019278696798075146
