Model: GRU
MSE: 8.053405725741408
MAE: 2.098497018643788
EVS: 0.7807483275232174
