Model: GRU
MSE: 7.6088433916597324
MAE: 2.116442702497755
EVS: 0.7924739743533484
