Model: GRU
MSE: 10.611001764996209
MAE: 2.360820776126424
EVS: 0.6522332827996453
