Model: GRU
MSE: 115.55217185015836
MAE: 8.937237782137734
EVS: 0.018543336921421183
