Model: GRU
MSE: 568.61797580669
MAE: 23.08726551873343
EVS: 0.02079371955905973
