Model: GRU
MSE: 6.906658379066837
MAE: 1.8957772106959903
EVS: 0.8524911680058888
