Model: GRU
MSE: 1811.5278744800346
MAE: 42.01237529228474
EVS: -0.010273221258022325
