Model: GRU
MSE: 9.42802267639485
MAE: 2.1614345948027958
EVS: 0.8160592555155181
