Model: GRU
MSE: 1.3758633864375176
MAE: 0.8693068538393293
EVS: 0.9618419320973888
