Model: GRU
MSE: 1828.2411882232068
MAE: 42.193373197084895
EVS: -0.016231397493187583
