Model: GRU
MSE: 12.175899676337652
MAE: 2.726669010039299
EVS: 0.7946937662052884
