Model: GRU
MSE: 8.42543088169451
MAE: 2.2028341065996733
EVS: 0.833133906732158
