Model: GRU
MSE: 23.028281098132247
MAE: 3.596444196171231
EVS: 0.663968661844168
