Model: GRU
MSE: 8.440668349999664
MAE: 2.1247321893383004
EVS: 0.8254530054995866
