Model: GRU
MSE: 10.952571232144802
MAE: 2.275263221066821
EVS: 0.7966057098012949
