Model: GRU
MSE: 5154.358124926514
MAE: 71.48073767300309
EVS: 0.025061203051263248
