Model: GRU
MSE: 7.553468988198443
MAE: 2.14642649338025
EVS: 0.8470823479059901
