Model: GRU
MSE: 8.879975645614328
MAE: 2.272733367289217
EVS: 0.8164317960400052
