Model: GRU
MSE: 6.3613702436960855
MAE: 1.7827620410713656
EVS: 0.8697423087410708
