Model: GRU
MSE: 8.22645420618173
MAE: 2.037682277914779
EVS: 0.8374834803919706
