Model: GRU
MSE: 18.9764448084188
MAE: 3.31602720447949
EVS: 0.5484615309482599
