Model: GRU
MSE: 8.926637501749955
MAE: 2.295962286982567
EVS: 0.8276052306852144
