Model: GRU
MSE: 2787.2952896791785
MAE: 52.38512031399474
EVS: -0.09607835742910376
