Model: GRU
MSE: 7.0273876637305195
MAE: 2.0012830818521565
EVS: 0.8619193815174674
