Model: GRU
MSE: 6.775217985846489
MAE: 1.9770708926792802
EVS: 0.8176902278531821
