Model: GRU
MSE: 10.585863382861383
MAE: 2.3963063174280625
EVS: 0.7932191802950591
