Model: GRU
MSE: 237.31329332945742
MAE: 14.285473560464792
EVS: -0.016374823483279677
