Model: GRU
MSE: 7.431040812676855
MAE: 2.2696291578227075
EVS: 0.8008139583656918
