Model: GRU
MSE: 6.098174944078325
MAE: 1.9961577612778236
EVS: 0.8236678735725643
