Model: GRU
MSE: 7.95706394434726
MAE: 2.0829860753026503
EVS: 0.8017455838142603
