Model: GRU
MSE: 6.824410891846275
MAE: 2.0843128294780335
EVS: 0.8198999453549407
