Model: GRU
MSE: 8.918135938588726
MAE: 2.5654794224377335
EVS: 0.8197651971982908
