Model: GRU
MSE: 7.040568822805842
MAE: 2.028554817725872
EVS: 0.8092590325310725
