Model: GRU
MSE: 6.3411844520887986
MAE: 2.0026590700807243
EVS: 0.8135604902800532
