Model: GRU
MSE: 6.214250482444848
MAE: 2.0174577893881964
EVS: 0.8100083288862423
