Model: GRU
MSE: 5.587681433674095
MAE: 1.974086490170709
EVS: 0.8294647012651284
