Model: GRU
MSE: 6.787269015087132
MAE: 2.1998706151699197
EVS: 0.8080817123148354
