Model: GRU
MSE: 6.1261640751973
MAE: 1.975601283640697
EVS: 0.8152504059619379
