Model: GRU
MSE: 12.614600014671971
MAE: 2.672164958098839
EVS: 0.7856180835299432
