Model: GRU
MSE: 7.9820370854121805
MAE: 2.1731097328251807
EVS: 0.8083146259181083
