Model: GRU
MSE: 6.079685242309435
MAE: 1.9256363737172093
EVS: 0.8325816686977254
