Model: GRU
MSE: 8.515674599645536
MAE: 2.1670562316631448
EVS: 0.792651950683176
