Model: GRU
MSE: 466.02916023621697
MAE: 20.641267990243847
EVS: -0.22212569963763085
