Model: GRU
MSE: 13.597444141870167
MAE: 2.828966736793518
EVS: 0.797846885633539
