Model: GRU
MSE: 7.169940769716191
MAE: 2.2621800365119147
EVS: 0.7951544978019158
