Model: GRU
MSE: 10.460154613884791
MAE: 2.647798275125438
EVS: 0.7898744836849633
