Model: GRU
MSE: 198.4959145984128
MAE: 12.840942053959287
EVS: -0.027614860229038474
