Model: GRU
MSE: 229.02997458842515
MAE: 13.895735518685703
EVS: -0.09893507330366469
