Model: GRU
MSE: 12.200457556214866
MAE: 2.819119295169567
EVS: 0.8353756938553667
