Model: GRU
MSE: 6.579533615931013
MAE: 1.9896152348353946
EVS: 0.8141326394614934
