Model: GRU
MSE: 7.640922361688992
MAE: 2.0794034888004433
EVS: 0.8128410863316977
