Model: GRU
MSE: 10.229605117490284
MAE: 2.3982831116380363
EVS: 0.8113434817205833
