Model: GRU
MSE: 7.394745314558199
MAE: 2.080268584448716
EVS: 0.8198573332726597
