Model: GRU
MSE: 8.449141564413308
MAE: 2.2592242915054848
EVS: 0.7596148448675247
