Model: GRU
MSE: 7.517453459365184
MAE: 2.1790719772207328
EVS: 0.7894177242830133
