Model: GRU
MSE: 7.118766169914526
MAE: 2.04631520961893
EVS: 0.8041574727107068
