Model: GRU
MSE: 7.405834705397834
MAE: 2.1057318983406854
EVS: 0.8089016250992201
