Model: GRU
MSE: 7.6661387815266675
MAE: 2.2090334481206435
EVS: 0.8207100504939833
