Model: GRU
MSE: 198.06201692895468
MAE: 12.740106845724172
EVS: -0.09322262150172622
