Model: GRU
MSE: 231.51606098959493
MAE: 14.055384107704821
EVS: -0.03850427280893731
