Model: GRU
MSE: 8.665393158168774
MAE: 2.2337230793361007
EVS: 0.8191719111516641
