Model: GRU
MSE: 2164.1649115461487
MAE: 46.18690944540089
EVS: 0.054084424664111785
