Model: GRU
MSE: 7.296714672660647
MAE: 2.1840312234286605
EVS: 0.8087988735867284
