Model: GRU
MSE: 6.3283951156480365
MAE: 1.9715915219537143
EVS: 0.8123805021689484
