Model: GRU
MSE: 7.743920270936654
MAE: 2.1362772255108275
EVS: 0.818660472658962
