Model: GRU
MSE: 6.095075831334509
MAE: 2.1038323887463273
EVS: 0.8184550542816162
