Model: GRU
MSE: 6.372272989195946
MAE: 2.0537352931910546
EVS: 0.8118913184532613
