Model: GRU
MSE: 15.084002882140433
MAE: 3.204827279880129
EVS: 0.8092685046058319
