Model: GRU
MSE: 7.725169083363465
MAE: 2.2890751320740272
EVS: 0.7955197956896598
