Model: GRU
MSE: 7.326256620585602
MAE: 2.025209562531833
EVS: 0.8092683152751725
