Model: GRU
MSE: 277.5721007268814
MAE: 15.51685250216517
EVS: -0.1252592430936601
