Model: GRU
MSE: 6.805426935474561
MAE: 2.050766953106584
EVS: 0.8139816411179899
