Model: GRU
MSE: 6.915619137629094
MAE: 2.0359866865750016
EVS: 0.8086278890529525
