Model: GRU
MSE: 4152.947081058998
MAE: 64.19673919677734
EVS: 0.02988330077652579
