Model: GRU
MSE: 7.295386476824394
MAE: 2.085809715862932
EVS: 0.809452520302328
