Model: GRU
MSE: 6.9732235480157385
MAE: 2.1118328119146415
EVS: 0.7983052670611172
