Model: GRU
MSE: 7.013625407059177
MAE: 2.0921888433653733
EVS: 0.8078175313896012
