Model: GRU
MSE: 9.76663497845039
MAE: 2.544081108323459
EVS: 0.7936910642734142
