Model: GRU
MSE: 7.498052809392202
MAE: 2.0898903690535446
EVS: 0.803898250751347
