Model: GRU
MSE: 6.964326222840324
MAE: 2.1261162182380415
EVS: 0.790082932486951
