Model: GRU
MSE: 10.115681200038964
MAE: 2.509730943318071
EVS: 0.8121330063507766
