Model: GRU
MSE: 10.343526336780297
MAE: 2.402594950692407
EVS: 0.7764915665724437
