Model: GRU
MSE: 451.5947560596015
MAE: 20.323440321560565
EVS: -0.1788671286568868
