Model: GRU
MSE: 9.369707075126671
MAE: 2.3167468597149026
EVS: 0.8137307714901214
