Model: GRU
MSE: 6.558005043502243
MAE: 2.019105413864399
EVS: 0.8157197092923236
