Model: GRU
MSE: 7.715647332315731
MAE: 2.3195937666399726
EVS: 0.8078050794820383
