Model: GRU
MSE: 7.329045952330089
MAE: 2.0953970448724153
EVS: 0.8041667174469493
