Model: GRU
MSE: 7.692374713425466
MAE: 2.112686646395716
EVS: 0.7911517037832456
