Model: GRU
MSE: 6.949030809513622
MAE: 2.044085241597274
EVS: 0.8122649394792429
