Model: GRU
MSE: 6.529092204357191
MAE: 2.0338358509129493
EVS: 0.8009655696959267
