Model: GRU
MSE: 782.9306472456959
MAE: 27.124537467956543
EVS: -0.44298896335138327
