Model: GRU
MSE: 726.5405315596722
MAE: 26.281591974455736
EVS: -0.09526403341716172
