Model: GRU
MSE: 199.00892725728934
MAE: 12.8265836485501
EVS: -0.054571302553507284
