Model: GRU
MSE: 6.0560741906258855
MAE: 1.993834980602922
EVS: 0.8154473550982234
