Model: GRU
MSE: 6.279317868776547
MAE: 2.05012780633466
EVS: 0.8092544677595331
