Model: GRU
MSE: 6.869038341898874
MAE: 2.071353624606955
EVS: 0.7997444181410374
