Model: GRU
MSE: 7.927793016930317
MAE: 2.1708045827931373
EVS: 0.7979856134618241
