Model: GRU
MSE: 7.620783308608821
MAE: 2.226138838406267
EVS: 0.7891655014010666
