Model: GRU
MSE: 12.177508565409331
MAE: 2.597435770363643
EVS: 0.7532652085263875
