Model: GRU
MSE: 6.62974571438561
MAE: 2.1197834261532487
EVS: 0.8099347589644676
