Model: GRU
MSE: 21.41633681101386
MAE: 3.854017940060846
EVS: 0.35458009786241496
