Model: GRU
MSE: 493.0072679383509
MAE: 21.348394772102093
EVS: -0.13913928450543578
