Model: GRU
MSE: 9.802271723697364
MAE: 2.373866484082978
EVS: 0.8069226094972475
