Model: GRU
MSE: 265.3575967511005
MAE: 15.228306367479522
EVS: -0.023033027097784986
