Model: GRU
MSE: 5.869214655704013
MAE: 2.00696298171734
EVS: 0.8231688399864721
