Model: GRU
MSE: 10.815983661464253
MAE: 2.555902760604332
EVS: 0.8009810555322445
