Model: GRU
MSE: 10.073296175689755
MAE: 2.5206283289810707
EVS: 0.7573342891540812
