Model: GRU
MSE: 9.398293400996407
MAE: 2.509410126455899
EVS: 0.7879698516946432
