Model: GRU
MSE: 19.40654495140796
MAE: 3.54329108780828
EVS: 0.7557810719908408
