Model: GRU
MSE: 5.780743600216568
MAE: 1.9054057639220665
EVS: 0.8250314318319434
