Model: GRU
MSE: 1107.4898099453237
MAE: 32.612567605643434
EVS: -0.34269641946850715
