Model: GRU
MSE: 10.46121432444442
MAE: 2.495802534037623
EVS: 0.8063108844824742
