Model: GRU
MSE: 7.166889676572678
MAE: 2.007142387587449
EVS: 0.7988582283404053
