Model: GRU
MSE: 7.579227441989107
MAE: 2.0552381328467666
EVS: 0.814433876582645
