Model: GRU
MSE: 6.315444943206912
MAE: 2.001121890955958
EVS: 0.8178852629822175
