Model: GRU
MSE: 3766.1576440795416
MAE: 60.73265805737726
EVS: -1.3759842548120318
