Model: GRU
MSE: 8.943192935395718
MAE: 2.2620830700315278
EVS: 0.7711073868214454
