Model: GRU
MSE: 7.037879935455404
MAE: 2.1577332184232514
EVS: 0.7880293479259324
