Model: GRU
MSE: 6.767397676110344
MAE: 2.148484969961232
EVS: 0.7943807817282297
