Model: GRU
MSE: 5.7379064035377185
MAE: 1.9491456356541863
EVS: 0.8253698600191541
