Model: GRU
MSE: 207.979427941237
MAE: 13.158743658970142
EVS: -0.06494386047499168
