Model: GRU
MSE: 7.442955315476962
MAE: 2.0634080181861747
EVS: 0.8146404731162411
