Model: GRU
MSE: 4196.566681155715
MAE: 64.49949876193342
EVS: -0.11247606945612532
