Model: GRU
MSE: 8.943889196199638
MAE: 2.274285341131276
EVS: 0.8133818001951483
