Model: GRU
MSE: 7.8936626432971115
MAE: 2.0716674307297014
EVS: 0.8070775679335962
