Model: GRU
MSE: 6.33653235405937
MAE: 2.0381406504532387
EVS: 0.8088485425176445
