Model: GRU
MSE: 8.39113611213833
MAE: 2.3851016677659134
EVS: 0.7716074109878912
