Model: GRU
MSE: 8.553800216268922
MAE: 2.2117258433637947
EVS: 0.7893717375620143
