Model: GRU
MSE: 6.366172886396312
MAE: 2.0275195302634406
EVS: 0.8094413281249345
