Model: GRU
MSE: 6.448975897298055
MAE: 2.055660566379284
EVS: 0.8084219676613837
