Model: GRU
MSE: 7.062756146768925
MAE: 2.149760727224679
EVS: 0.7864409923000341
