Model: GRU
MSE: 17.137187641726015
MAE: 3.3605626780411293
EVS: 0.798832570059173
