Model: GRU
MSE: 6.7233615663966395
MAE: 2.0165879233130095
EVS: 0.8127428948670572
