Model: GRU
MSE: 6.003215987082769
MAE: 1.9008740392224541
EVS: 0.8234595362281583
