Model: GRU
MSE: 8.77454059159699
MAE: 2.2513431022907127
EVS: 0.8033964000240523
