Model: GRU
MSE: 6.6569009182732835
MAE: 2.113316897688241
EVS: 0.8028823125162563
