Model: GRU
MSE: 6.396194630295272
MAE: 1.9598234974104782
EVS: 0.8229638726260362
