Model: GRU
MSE: 284.61252174393167
MAE: 15.83984611774313
EVS: -0.03084621029281087
