Model: GRU
MSE: 5.940813649921065
MAE: 2.001329935830215
EVS: 0.8199258642466588
