Model: GRU
MSE: 232.53521243405115
MAE: 14.069543096525916
EVS: -0.05749122522945305
