Model: GRU
MSE: 6897.958868588998
MAE: 82.71472128506365
EVS: -0.7195271418047808
