Model: GRU
MSE: 8.803497207321847
MAE: 2.3121124999863762
EVS: 0.7421003547353586
