Model: GRU
MSE: 4220.356153460549
MAE: 64.7257488513815
EVS: 0.05410639021300312
