Model: GRU
MSE: 10.805292574393748
MAE: 2.530351986145151
EVS: 0.7882085591066439
