Model: GRU
MSE: 12.847330614317112
MAE: 2.7724691711623093
EVS: 0.7818307135601283
