Model: GRU
MSE: 7.597456592954908
MAE: 2.34504798362995
EVS: 0.7731770321614534
