Model: GRU
MSE: 523.1810484694274
MAE: 21.992733560759447
EVS: -0.20786105913620667
