Model: GRU
MSE: 222.43602059006437
MAE: 13.736890529764109
EVS: -0.031520840495946834
