Model: GRU
MSE: 3875.7943305501008
MAE: 61.846518944049706
EVS: -0.5534469369951187
