Model: GRU
MSE: 1983.5124482907795
MAE: 44.066429467036805
EVS: -0.2739565610964265
