Model: GRU
MSE: 7.1530592821812355
MAE: 2.062579533149456
EVS: 0.816356214226942
