Model: GRU
MSE: 6.926250061749453
MAE: 2.095318855910466
EVS: 0.7985730397899798
