Model: GRU
MSE: 6.889009887843946
MAE: 2.1080849869497893
EVS: 0.7956479513902708
