Model: GRU
MSE: 87.61227306163879
MAE: 7.9921570327775235
EVS: -0.007498747779285386
