Model: GRU
MSE: 7.238133832526524
MAE: 2.2489660361717485
EVS: 0.7838162118397674
