Model: GRU
MSE: 7.613063869392333
MAE: 2.0829679513799735
EVS: 0.8264984277228804
