Model: GRU
MSE: 179.76547389475923
MAE: 12.105682833441373
EVS: -0.015744256514115484
