Model: GRU
MSE: 630.8382996485539
MAE: 24.284142625742945
EVS: -0.2573365200377773
