Model: GRU
MSE: 7.484609513120463
MAE: 2.280442135087375
EVS: 0.7802010567010367
