Model: GRU
MSE: 8.281963784019727
MAE: 2.4672154105942825
EVS: 0.7832929620226035
