Model: GRU
MSE: 6.921730349496443
MAE: 2.166157531327215
EVS: 0.8095020674612129
