Model: GRU
MSE: 2910.5890254237665
MAE: 53.54056410953916
EVS: -0.3453498781189286
