Model: GRU
MSE: 7.685703457397051
MAE: 2.4341476128019135
EVS: 0.7788621479485337
