Model: GRU
MSE: 639.1365211994754
MAE: 24.474155886419886
EVS: -0.22778263245506536
