Model: GRU
MSE: 6.850403115977086
MAE: 2.2611429362461486
EVS: 0.8028078480902406
