Model: GRU
MSE: 234.13942449805307
MAE: 14.126666652745214
EVS: -0.05729382124681748
