Model: GRU
MSE: 7.531548310325983
MAE: 2.2119550211676238
EVS: 0.7705935801206214
