Model: GRU
MSE: 653.4849665981254
MAE: 24.839587935085955
EVS: -0.1154879369147197
