Model: GRU
MSE: 8579.035522531569
MAE: 92.34509329960264
EVS: -0.5723088261275244
