Model: GRU
MSE: 7.300593331128302
MAE: 2.1518875134402307
EVS: 0.8218420536361697
