Model: GRU
MSE: 288.66715869572533
MAE: 15.864714342972327
EVS: -0.1307207659919054
