Model: GRU
MSE: 7.337719105545888
MAE: 2.2813072944509574
EVS: 0.7826984596856568
