Model: GRU
MSE: 7.722591333586977
MAE: 2.1268096463433626
EVS: 0.7944049723773843
