Model: GRU
MSE: 1082.7917344048446
MAE: 32.47485545585896
EVS: 0.13844387774926603
