Model: GRU
MSE: 7.738974310902956
MAE: 2.355960118359533
EVS: 0.7889462037819773
