Model: GRU
MSE: 312.3520189403862
MAE: 16.60507638795035
EVS: -0.13191502352405693
