Model: GRU
MSE: 2962.287513230156
MAE: 54.14118523433291
EVS: 0.05147710608124778
