Model: GRU
MSE: 6.496064243113019
MAE: 2.035746281516963
EVS: 0.8172458433277598
