Model: GRU
MSE: 360.63038517729683
MAE: 18.07378542012182
EVS: -0.03870080474501303
