Model: GRU
MSE: 7.45543579058601
MAE: 2.0667130864899734
EVS: 0.8117929911281944
