Model: GRU
MSE: 747.2902942603197
MAE: 26.59701889958875
EVS: -0.21973032309693252
