Model: GRU
MSE: 8.1236364613036
MAE: 2.1835781459150643
EVS: 0.809849232484521
