Model: GRU
MSE: 8.118338858010326
MAE: 2.112167374841098
EVS: 0.7976071261316054
