Model: GRU
MSE: 6.086164842059431
MAE: 1.9990465229955212
EVS: 0.814462637192285
