Model: GRU
MSE: 6.2007228429414605
MAE: 1.9710743303956657
EVS: 0.8309268918228666
