Model: GRU
MSE: 6.547287173388895
MAE: 2.131250233485781
EVS: 0.8027315761047108
