Model: GRU
MSE: 6.382504826319098
MAE: 1.993734378239204
EVS: 0.8252111218824986
