Model: GRU
MSE: 7.327233514534053
MAE: 2.08340232125644
EVS: 0.7982697509552605
