Model: GRU
MSE: 8.978716339604762
MAE: 2.5488508487569876
EVS: 0.7948815199541313
