Model: GRU
MSE: 1898.5148346500218
MAE: 42.56259875461973
EVS: -1.6584697597791482
