Model: GRU
MSE: 666.1658408859311
MAE: 25.22866783470943
EVS: 0.09243399581837575
