Model: GRU
MSE: 6.171527338568865
MAE: 2.081226718836817
EVS: 0.8113677850487411
