Model: GRU
MSE: 6.986038423048443
MAE: 2.0414130872693557
EVS: 0.825439984886955
