Model: GRU
MSE: 10.424128025961538
MAE: 2.4415982262841585
EVS: 0.7931282774246922
