Model: GRU
MSE: 6.738644799834287
MAE: 2.016232659076822
EVS: 0.8132011987694304
