Model: GRU
MSE: 7.159222315127231
MAE: 2.0447580608828315
EVS: 0.8094902886564059
