Model: GRU
MSE: 13.514895747159718
MAE: 2.8439404060100686
EVS: 0.7454530177336043
