Model: GRU
MSE: 7.2276190849441555
MAE: 2.0795767656688033
EVS: 0.7855964035809349
