Model: GRU
MSE: 6.5441299238146975
MAE: 2.0093364057869745
EVS: 0.8122624871001384
