Model: GRU
MSE: 6.477590147595684
MAE: 2.0561483235194764
EVS: 0.8020060088947272
