Model: GRU
MSE: 1671.5526299532191
MAE: 40.470215304144496
EVS: -0.03092285392787586
