Model: GRU
MSE: 9.352208992088572
MAE: 2.4055864071023874
EVS: 0.8314376389134992
