Model: GRU
MSE: 7709.857763002383
MAE: 87.54765148820549
EVS: -0.38416773580075114
