Model: GRU
MSE: 7.8455533640703985
MAE: 2.168622012796073
EVS: 0.7780086599157316
