Model: GRU
MSE: 8.132939252173616
MAE: 2.1810561624066582
EVS: 0.7903134895852948
