Model: GRU
MSE: 4426.682803716074
MAE: 66.29856570013638
EVS: 0.04648016364353158
