Model: GRU
MSE: 758.8566710159283
MAE: 26.65231671826593
EVS: -0.4833696279279258
