Model: GRU
MSE: 198.51237735610405
MAE: 12.869838254205112
EVS: -0.005400372708571632
