Model: GRU
MSE: 6.9624730646239765
MAE: 2.169909193597991
EVS: 0.7876357346562199
