Model: GRU
MSE: 5797.544677539969
MAE: 75.89809312491582
EVS: -0.13213164525882815
