Model: GRU
MSE: 8.761667200537348
MAE: 2.2796378320661086
EVS: 0.7797953099819781
