Model: GRU
MSE: 1502.8227339815976
MAE: 38.08667321040713
EVS: -0.5970402248373736
