Model: GRU
MSE: 6.37388460427644
MAE: 1.9698550577821403
EVS: 0.8134360038264955
