Model: GRU
MSE: 34.20638605728226
MAE: 5.068711576790645
EVS: 0.0
