Model: GRU
MSE: 206.2976189833892
MAE: 13.144643931553281
EVS: -0.02485771927295155
