Model: GRU
MSE: 572.04515320314
MAE: 22.792126680242603
EVS: -0.6073162398742702
