Model: GRU
MSE: 7.238534872902007
MAE: 2.0653008428113213
EVS: 0.8096458614216215
