Model: GRU
MSE: 6.233323905210768
MAE: 2.0843220291466547
EVS: 0.8106192663258459
