Model: GRU
MSE: 10.157794204884151
MAE: 2.6786347463213165
EVS: 0.8054001660532756
