Model: GRU
MSE: 10.867468759290142
MAE: 2.520845178900094
EVS: 0.7801235625281243
