Model: GRU
MSE: 14.391821747653466
MAE: 3.078641081678456
EVS: 0.8168696816749061
