Model: GRU
MSE: 6.346960339592415
MAE: 2.088233627122024
EVS: 0.8059275107801085
