Model: GRU
MSE: 6.727319060601046
MAE: 1.957510130158786
EVS: 0.8176887900489039
