Model: GRU
MSE: 15.502181773901423
MAE: 3.1182355305244185
EVS: 0.7945776130984329
