Model: GRU
MSE: 10.397034361177454
MAE: 2.5202289346990914
EVS: 0.8170927214985195
