Model: GRU
MSE: 6.621157499105865
MAE: 2.1319529568326883
EVS: 0.801261188965977
