Model: GRU
MSE: 7.070159593505894
MAE: 2.2116425612877153
EVS: 0.7838144399649265
