Model: GRU
MSE: 7.758725760547911
MAE: 2.0721434108142196
EVS: 0.8077038765199336
