Model: GRU
MSE: 201.69869996816192
MAE: 12.99983337829853
EVS: 0.0
