Model: GRU
MSE: 6.722231435697311
MAE: 2.051422357559204
EVS: 0.7979897859344418
