Model: GRU
MSE: 6.45060509950508
MAE: 2.022898612351253
EVS: 0.8058825802352465
