Model: GRU
MSE: 7.8786084875305225
MAE: 2.3575519939948775
EVS: 0.8024480953567127
