Model: GRU
MSE: 8.97063132286823
MAE: 2.2808203327244727
EVS: 0.7936819789920265
