Model: GRU
MSE: 15.25318116243428
MAE: 2.982530941223276
EVS: 0.7517749878942416
