Model: GRU
MSE: 8.984073948380946
MAE: 2.300158952844554
EVS: 0.8303829839490096
