Model: GRU
MSE: 7.648817561709036
MAE: 2.2094863447649726
EVS: 0.7697772338962411
