Model: GRU
MSE: 6.379835660641228
MAE: 2.0523225192365975
EVS: 0.8051026648917526
