Model: GRU
MSE: 3751.9092190147585
MAE: 60.9454481848355
EVS: -0.1485651986062535
