Model: GRU
MSE: 6.360007794375679
MAE: 1.9995083192299152
EVS: 0.8063749163328588
