Model: GRU
MSE: 1071.5709403919652
MAE: 31.96549783903977
EVS: -0.5221184425663823
