Model: GRU
MSE: 970.7296475531089
MAE: 30.594984646501214
EVS: -0.0603470015413885
