Model: GRU
MSE: 17.606105608635467
MAE: 3.3150118507187942
EVS: 0.7795060586739209
