Model: GRU
MSE: 754.2245880750505
MAE: 26.85452648689007
EVS: -0.010884713508952037
