Model: GRU
MSE: 6.399829538133468
MAE: 2.0081828627093086
EVS: 0.8077633742644987
