Model: GRU
MSE: 9.46576970580461
MAE: 2.260453839754236
EVS: 0.789510926809319
