Model: GRU
MSE: 8.660034544639181
MAE: 2.241168129033056
EVS: 0.8186291273309491
