Model: GRU
MSE: 427.3600128532118
MAE: 19.665203982386096
EVS: -0.2426910463325218
