Model: GRU
MSE: 6.2284003962813985
MAE: 2.062352420954869
EVS: 0.8101326458798078
