Model: GRU
MSE: 7.015313717386001
MAE: 1.9784094794043179
EVS: 0.8143259201842996
