Model: GRU
MSE: 13.205479488766354
MAE: 2.8049035976672996
EVS: 0.7351178538013837
