Model: GRU
MSE: 10.006303221522323
MAE: 2.3944945664241395
EVS: 0.8194355902539378
