Model: GRU
MSE: 7.624626394963053
MAE: 2.2059642528665475
EVS: 0.7672891137452243
