Model: GRU
MSE: 6.413755618384051
MAE: 1.9866089779755165
EVS: 0.808828856962109
