Model: GRU
MSE: 9.845059327177323
MAE: 2.3689021365395906
EVS: 0.7916277066645612
