Model: GRU
MSE: 6.696602461889378
MAE: 2.112199881981159
EVS: 0.8006626326707058
