Model: GRU
MSE: 6.303943112861826
MAE: 1.948362136709279
EVS: 0.8095514891790225
