Model: GRU
MSE: 5.815650914035986
MAE: 1.940967822897023
EVS: 0.8246112948121955
