Model: GRU
MSE: 7.413149524840139
MAE: 2.2495105348784348
EVS: 0.7733962063071951
