Model: GRU
MSE: 6.867750968370262
MAE: 2.093695800879906
EVS: 0.8142151837430303
