Model: GRU
MSE: 7.062099932153821
MAE: 2.171895053879968
EVS: 0.7842009845035496
