Model: GRU
MSE: 6.68920182030211
MAE: 2.0567115504166176
EVS: 0.7966198241513098
