Model: GRU
MSE: 7.183149644895347
MAE: 2.1144642819618356
EVS: 0.8034354979038925
