Model: GRU
MSE: 5.9869757951705065
MAE: 1.8738813975761677
EVS: 0.8261331637405369
