Model: GRU
MSE: 11.244883139604553
MAE: 2.496850842031939
EVS: 0.7821721007839275
