Model: GRU
MSE: 223.88100785315476
MAE: 13.794827228990094
EVS: -0.026930758836457125
