Model: GRU
MSE: 15.228566209359064
MAE: 3.290615468189634
EVS: 0.8216150243274731
