Model: GRU
MSE: 8.082470392120413
MAE: 2.165345115908261
EVS: 0.8069878259897777
