Model: GRU
MSE: 6.617473474309369
MAE: 2.1467986764578986
EVS: 0.8027438795122701
