Model: GRU
MSE: 305.0768591966619
MAE: 16.486588954925537
EVS: -0.017313737806947893
