Model: GRU
MSE: 2614.353880440434
MAE: 50.84215433844204
EVS: 0.10010721414728707
