Model: GRU
MSE: 7.151075509243105
MAE: 2.28673269008768
EVS: 0.8054225539279973
