Model: GRU
MSE: 8.236198954414782
MAE: 2.1984589182097336
EVS: 0.7771463578078806
