Model: GRU
MSE: 7.609513226832747
MAE: 2.12654186117238
EVS: 0.8133427938948106
