Model: GRU
MSE: 6.127046989515353
MAE: 1.8990903599508877
EVS: 0.8218163263865882
