Model: GRU
MSE: 5.985601500392277
MAE: 2.0034190827402574
EVS: 0.8202342573393995
