Model: GRU
MSE: 8.198911582808023
MAE: 2.172755537361934
EVS: 0.79372287248122
