Model: GRU
MSE: 10.640036576950294
MAE: 2.667222353390285
EVS: 0.7266255094018419
