Model: GRU
MSE: 6.730400343494137
MAE: 2.112686913588951
EVS: 0.7955710356734877
