Model: GRU
MSE: 6.520325515611975
MAE: 2.0030744733481574
EVS: 0.8066940307158504
