Model: GRU
MSE: 8.09761054249228
MAE: 2.4478424170921587
EVS: 0.7950174066787214
