Model: GRU
MSE: 190.62465728972154
MAE: 12.552701617109365
EVS: -0.010742346329848385
