Model: GRU
MSE: 6.411306212827026
MAE: 2.0999872602265457
EVS: 0.8103076642920451
