Model: GRU
MSE: 7.200213293044355
MAE: 2.0169186057715582
EVS: 0.8070815885864514
