Model: GRU
MSE: 498.62825380842776
MAE: 21.29902513273831
EVS: -0.3754009738146391
