Model: GRU
MSE: 6.774097311085327
MAE: 2.154717239840277
EVS: 0.8000044464989874
