Model: GRU
MSE: 6.613784913652686
MAE: 1.9322874895457565
EVS: 0.8229875027172773
