Model: GRU
MSE: 6.760444313244189
MAE: 2.028886312040789
EVS: 0.8072592430983309
