Model: GRU
MSE: 6.5056169733459175
MAE: 2.1568651569300683
EVS: 0.8062808029357638
