Model: GRU
MSE: 7.189143310192404
MAE: 2.1224344598835914
EVS: 0.7938390246040264
