Model: GRU
MSE: 11.573288419416482
MAE: 2.5996169016279023
EVS: 0.8033130432355802
