Model: GRU
MSE: 445.02353131753875
MAE: 20.206366341689538
EVS: -0.1230240200806072
