Model: GRU
MSE: 6.917224043092509
MAE: 2.1799198820673187
EVS: 0.8016456497457704
