Model: GRU
MSE: 216.64584978693765
MAE: 13.490340265734442
EVS: -0.05973565970132988
