Model: GRU
MSE: 7.00044549909168
MAE: 2.167160313704918
EVS: 0.7958358127689924
