Model: GRU
MSE: 1730.9435618390276
MAE: 41.13673821811018
EVS: -0.18375355807485794
