Model: GRU
MSE: 6.1222533054862565
MAE: 2.050637652134073
EVS: 0.813384554064337
