Model: GRU
MSE: 6.361278855533203
MAE: 2.094277529880918
EVS: 0.8059135113600366
