Model: GRU
MSE: 6.906698134027595
MAE: 2.0780970885835846
EVS: 0.798496692136898
