Model: GRU
MSE: 6.641003367515928
MAE: 2.078960862653009
EVS: 0.7974647633710188
