Model: GRU
MSE: 9.28546116754499
MAE: 2.497677540779114
EVS: 0.7147115268010297
