Model: GRU
MSE: 6.969209200691768
MAE: 2.0880388329769004
EVS: 0.7943958199950435
