Model: GRU
MSE: 7.236153059329903
MAE: 2.1061313727806352
EVS: 0.794294817574805
