Model: GRU
MSE: 206.02965268056755
MAE: 13.130535340514676
EVS: -0.02799930735766587
