Model: GRU
MSE: 701.1914449874697
MAE: 25.640122265651307
EVS: -0.338578485623487
