Model: GRU
MSE: 6.185362892273643
MAE: 1.97537139366413
EVS: 0.8209387617361759
