Model: GRU
MSE: 3796.3585532319216
MAE: 61.35046833959119
EVS: 0.0068631055119953155
