Model: GRU
MSE: 6.699392575616097
MAE: 2.1059332551627326
EVS: 0.811740496473078
