Model: GRU
MSE: 7.332214065212961
MAE: 2.1187696909082345
EVS: 0.8209559082239708
