Model: GRU
MSE: 414.46862863211106
MAE: 19.585340565648572
EVS: 0.05565137015866228
