Model: GRU
MSE: 6.9618092014341775
MAE: 2.202928329336232
EVS: 0.8110778632364529
