Model: GRU
MSE: 36.60748716984514
MAE: 5.358368758497567
EVS: 0.14295325934922076
