Model: GRU
MSE: 243.23780420746886
MAE: 14.503098027459506
EVS: -0.005960294694022039
