Model: GRU
MSE: 7.375768708814137
MAE: 2.343792530997046
EVS: 0.7846540119967201
