Model: GRU
MSE: 6.1879412127763675
MAE: 1.9990194090481461
EVS: 0.8143597261697295
