Model: GRU
MSE: 6.63189834772941
MAE: 2.0442533328615387
EVS: 0.7992868526488061
