Model: GRU
MSE: 6.831795976943889
MAE: 2.1565041377626617
EVS: 0.7991053177474299
