Model: GRU
MSE: 7.728618291191938
MAE: 2.148663138521129
EVS: 0.815711529817182
