Model: GRU
MSE: 2664.023125209103
MAE: 50.96526007816709
EVS: -1.0354501124209645
