Model: GRU
MSE: 6.2275539824230774
MAE: 1.961039008765385
EVS: 0.8107998746136589
