Model: GRU
MSE: 9.292671799436386
MAE: 2.3040572569288056
EVS: 0.7581631128706295
