Model: GRU
MSE: 7.971581761953501
MAE: 2.2185463237351386
EVS: 0.7818725885126548
