Model: GRU
MSE: 1086.9612033185383
MAE: 32.39500683751599
EVS: -0.14743902631918537
