Model: GRU
MSE: 6.568650838216315
MAE: 2.0092188798148056
EVS: 0.811473559431872
