Model: GRU
MSE: 7.60345549770222
MAE: 2.0930109455667694
EVS: 0.802880161643925
