Model: GRU
MSE: 1993.87191743425
MAE: 44.29514194356984
EVS: 0.0272364491628051
