Model: GRU
MSE: 9.183868657587471
MAE: 2.2956284983404753
EVS: 0.7911665751455035
