Model: GRU
MSE: 6.709353241273337
MAE: 2.039103080486429
EVS: 0.8182606665169915
