Model: GRU
MSE: 2024.863096515982
MAE: 44.50008780380775
EVS: -0.3639494291129539
