Model: GRU
MSE: 6.6608533931971525
MAE: 2.124998930199393
EVS: 0.7964173364931352
