Model: GRU
MSE: 363.9654360139279
MAE: 18.105001318043676
EVS: -0.10614707443090765
