Model: GRU
MSE: 7.516564584760442
MAE: 2.12030906923886
EVS: 0.8141922270839006
