Model: GRU
MSE: 6.7897562310493145
MAE: 2.08620900532295
EVS: 0.7956532623857911
