Model: GRU
MSE: 6.896124573183909
MAE: 2.0777324725841653
EVS: 0.7891506691996462
