Model: GRU
MSE: 8.509934037338093
MAE: 2.2033236026763916
EVS: 0.794705955934042
