Model: GRU
MSE: 9.859082728392558
MAE: 2.38221636106228
EVS: 0.8057387948913569
