Model: GRU
MSE: 7.847720751831254
MAE: 2.336346389918492
EVS: 0.8073658506244218
