Model: GRU
MSE: 7.929825239513461
MAE: 2.1900633542702117
EVS: 0.8038341086498254
