Model: GRU
MSE: 7.847001503624102
MAE: 2.222214503534909
EVS: 0.8067773010321185
