Model: GRU
MSE: 7.9861863570306335
MAE: 2.189776535691886
EVS: 0.7860447585792202
