Model: GRU
MSE: 6.206134585206874
MAE: 1.991375592248193
EVS: 0.8162290716007276
