Model: GRU
MSE: 220.2780691032751
MAE: 13.65027340938305
EVS: -0.03807209202327244
