Model: GRU
MSE: 3944.9906728100864
MAE: 62.571658759281554
EVS: 0.08943633034295262
