Model: GRU
MSE: 6.843425473299962
MAE: 2.201757924310092
EVS: 0.7996707820682182
