Model: GRU
MSE: 7.245260002417989
MAE: 2.053293067833473
EVS: 0.8045063941850087
