Model: GRU
MSE: 868.5584205534745
MAE: 28.843180393350536
EVS: -0.12006022049923937
