Model: GRU
MSE: 415.0658768725167
MAE: 19.425431383067163
EVS: -0.15336377170108006
