Model: GRU
MSE: 6.310994165056219
MAE: 2.0214498782980033
EVS: 0.8080245292542095
