Model: GRU
MSE: 7.332626734576036
MAE: 2.2349819561530806
EVS: 0.7800057690236758
