Model: GRU
MSE: 1576.3804393254331
MAE: 39.21871027453192
EVS: -0.17032584640156911
