Model: GRU
MSE: 7.534524183213346
MAE: 2.076985211207949
EVS: 0.8125342014343468
