Model: GRU
MSE: 6.5420112848247935
MAE: 2.1588503903356093
EVS: 0.8048412699756966
