Model: GRU
MSE: 6.816831440964219
MAE: 2.187980791618084
EVS: 0.8061402462272133
