Model: GRU
MSE: 203.88296372123696
MAE: 13.043235454066046
EVS: -0.032227608223662774
