Model: GRU
MSE: 6.786504445669848
MAE: 2.118925968120838
EVS: 0.794760152946349
