Model: GRU
MSE: 7.749798806114329
MAE: 2.2360032149723597
EVS: 0.7606585233966472
