Model: GRU
MSE: 7.120940467765211
MAE: 2.204902513273831
EVS: 0.8138050577536368
