Model: GRU
MSE: 10.00043127060111
MAE: 2.3588056852077615
EVS: 0.8001996115870994
