Model: GRU
MSE: 7.035314935319209
MAE: 2.166191670401343
EVS: 0.7871349045267313
