Model: GRU
MSE: 6688.726509625715
MAE: 81.55888984943259
EVS: -0.12754059121659456
