Model: GRU
MSE: 9.936115108695002
MAE: 2.4991152738702707
EVS: 0.7734428424281928
