Model: GRU
MSE: 6.502460360257201
MAE: 2.0138251534823715
EVS: 0.8015171814617625
