Model: GRU
MSE: 5.977839430223201
MAE: 2.041596556531972
EVS: 0.8173290735753739
