Model: GRU
MSE: 7.4365988432232495
MAE: 2.1396562847597846
EVS: 0.7817427263466149
