Model: GRU
MSE: 6.402142316899044
MAE: 2.049931818041308
EVS: 0.8043093912268612
