Model: GRU
MSE: 204.0693985282637
MAE: 12.971553325653076
EVS: -0.09495054566896544
