Model: GRU
MSE: 6.039070327364568
MAE: 1.9554159970119083
EVS: 0.8185465542547755
