Model: GRU
MSE: 6.096210564757388
MAE: 1.9170924815638313
EVS: 0.8353393362109738
