Model: GRU
MSE: 723.0243032020488
MAE: 26.41735626089162
EVS: 0.23103181054538158
