Model: GRU
MSE: 6114.757079729648
MAE: 77.90168262350149
EVS: -0.4091942303527316
