Model: GRU
MSE: 9.252758792472326
MAE: 2.3220082089818757
EVS: 0.7934486541459113
