Model: GRU
MSE: 6.828786011040633
MAE: 2.0616233348846436
EVS: 0.7962948089124186
