Model: GRU
MSE: 3135.699649113951
MAE: 55.68744685732085
EVS: -0.05824779538133629
