Model: GRU
MSE: 6149.0843594756625
MAE: 78.17895349962959
EVS: -0.13553963619025966
