Model: GRU
MSE: 10.103786264308892
MAE: 2.3037515755357414
EVS: 0.7888031423915738
