Model: GRU
MSE: 7.127345719072784
MAE: 2.148122620993647
EVS: 0.7863487810500561
