Model: GRU
MSE: 7.917141016671813
MAE: 2.3936421871185303
EVS: 0.7767151756050776
