Model: GRU
MSE: 7.574701796980499
MAE: 2.154623734539953
EVS: 0.7856923429461236
