Model: GRU
MSE: 7.344984365386996
MAE: 2.2354494949866988
EVS: 0.788731424344671
