Model: GRU
MSE: 6.378602594455211
MAE: 1.9848693403704414
EVS: 0.8172068499678594
