Model: GRU
MSE: 2291.6461044650296
MAE: 47.64905278436069
EVS: 0.3513178487437437
