Model: GRU
MSE: 346.9707345603379
MAE: 17.605564232530266
EVS: -0.13184742308161246
