Model: GRU
MSE: 8.244485814388252
MAE: 2.3443060825610984
EVS: 0.8059240791171454
