Model: GRU
MSE: 11.14290319629831
MAE: 2.6260230376802642
EVS: 0.8005384398896683
