Model: GRU
MSE: 6.567367258594447
MAE: 2.103932208028333
EVS: 0.806383759185867
