Model: GRU
MSE: 9.254079302480783
MAE: 2.3488664729254585
EVS: 0.7178683883527202
