Model: GRU
MSE: 6.94625260495452
MAE: 2.0614218393276476
EVS: 0.8154123363289708
