Model: GRU
MSE: 913.3067704370729
MAE: 29.52530099605692
EVS: -0.2709332699281952
