Model: GRU
MSE: 211.3934189713082
MAE: 13.288613672914176
EVS: -0.0643100466030202
