Model: GRU
MSE: 6.928219758251585
MAE: 2.0253872583652366
EVS: 0.8020604388266391
