Model: GRU
MSE: 10.461975091209238
MAE: 2.463736732458246
EVS: 0.8118521186244854
