Model: GRU
MSE: 7.832887356897476
MAE: 2.2246445458510826
EVS: 0.8338756907689653
