Model: GRU
MSE: 6.148656416110192
MAE: 1.952598327192767
EVS: 0.8265056631028805
