Model: GRU
MSE: 5923.021618606888
MAE: 76.5298549389017
EVS: -1.0243664693147374
