Model: GRU
MSE: 5991.6981765992205
MAE: 77.16693312546303
EVS: -0.1302502009988391
