Model: GRU
MSE: 14.638424736461229
MAE: 2.9406714644925347
EVS: 0.7652749458846466
