Model: GRU
MSE: 8.241352378710996
MAE: 2.2119530562696785
EVS: 0.8245786338874695
