Model: GRU
MSE: 6.274896322685228
MAE: 2.022789822570209
EVS: 0.8168899361900873
