Model: GRU
MSE: 10.577549012005482
MAE: 2.5288427944841056
EVS: 0.778408410346411
