Model: GRU
MSE: 6.561543521278067
MAE: 2.0714592892548134
EVS: 0.8034888494799691
