Model: GRU
MSE: 7.595802583136486
MAE: 2.405683135164195
EVS: 0.7834663944319704
