Model: GRU
MSE: 5.5367113240788015
MAE: 1.9251167650880485
EVS: 0.8308927559323843
