Model: GRU
MSE: 6.873450933781253
MAE: 2.1665363805047395
EVS: 0.7900675510926898
