Model: GRU
MSE: 6.338910866296372
MAE: 2.102981156316297
EVS: 0.8065258204538841
