Model: GRU
MSE: 7.338787865732123
MAE: 2.1323278936846504
EVS: 0.792079023695373
