Model: GRU
MSE: 9.31431424945735
MAE: 2.285770669065673
EVS: 0.7915328196993587
