Model: GRU
MSE: 7.680977067878379
MAE: 2.13481514207248
EVS: 0.8171120346300528
