Model: GRU
MSE: 6.920636055721311
MAE: 2.0143358563554696
EVS: 0.8232825815624661
