Model: GRU
MSE: 8.35002655954597
MAE: 2.1985770916116647
EVS: 0.8115343876435269
