Model: GRU
MSE: 259.27152013571026
MAE: 14.951488626414331
EVS: -0.09239130719158384
