Model: GRU
MSE: 5.689904698608185
MAE: 1.9632929029135868
EVS: 0.8261307993182525
