Model: GRU
MSE: 7.711842255840205
MAE: 2.2344098255552094
EVS: 0.7657172142560632
