Model: GRU
MSE: 7.574301450932858
MAE: 2.318295404828828
EVS: 0.7910895102164472
