Model: GRU
MSE: 7.6629073015859595
MAE: 2.1329181420392005
EVS: 0.7909334218827114
