Model: GRU
MSE: 6.429288181926275
MAE: 2.024438475740367
EVS: 0.8163623744696008
