Model: GRU
MSE: 6.246594109467225
MAE: 2.0302409570792626
EVS: 0.8104307029655131
