Model: GRU
MSE: 226.15806215301262
MAE: 13.851887016460813
EVS: -0.04832139498635457
