Model: GRU
MSE: 8.36304220408955
MAE: 2.3843296642961174
EVS: 0.7992755430847233
