Model: GRU
MSE: 9.792667078409655
MAE: 2.546503527411099
EVS: 0.7753071378999037
