Model: GRU
MSE: 9.056621339457491
MAE: 2.2888396156245263
EVS: 0.7838118453002443
