Model: GRU
MSE: 6.551886303185342
MAE: 1.9499615739131797
EVS: 0.8177917596893133
