Model: GRU
MSE: 8.692673589127075
MAE: 2.2946988303085853
EVS: 0.7637360752335158
