Model: GRU
MSE: 22.245660721849898
MAE: 3.775974441191246
EVS: 0.6902966639489383
