Model: GRU
MSE: 1585.8975572726356
MAE: 39.363005342154665
EVS: -0.11461737216010781
