Model: GRU
MSE: 7.228767065062012
MAE: 2.265639609303968
EVS: 0.7874990602953019
