Model: GRU
MSE: 6.521061743875579
MAE: 2.070899141245875
EVS: 0.81202737869589
