Model: GRU
MSE: 8160.612558379481
MAE: 90.12692800061456
EVS: -0.15430909986378327
