Model: GRU
MSE: 6.877529306456256
MAE: 2.2336728819485367
EVS: 0.8027205074824468
