Model: GRU
MSE: 1435.1827904190889
MAE: 37.44753623830861
EVS: -0.004947186380062529
