Model: GRU
MSE: 1303.4340616216866
MAE: 35.5397246788288
EVS: -0.2341984451347081
