Model: GRU
MSE: 6.075688931612376
MAE: 1.9866594774969693
EVS: 0.814855233635945
