Model: GRU
MSE: 494.5977889258859
MAE: 21.281066203939503
EVS: -0.2755395284437445
