Model: GRU
MSE: 9.930443407506965
MAE: 2.415236529605142
EVS: 0.808225928349276
