Model: GRU
MSE: 8.892135358523037
MAE: 2.2072628510409387
EVS: 0.7896751528323602
