Model: GRU
MSE: 8.773425129595639
MAE: 2.298141434274871
EVS: 0.7585644948601743
