Model: GRU
MSE: 1161.1203534829856
MAE: 33.33346662850216
EVS: -0.5289211058331369
