Model: GRU
MSE: 7.604018643503497
MAE: 2.114779906026248
EVS: 0.7863018457562783
