Model: GRU
MSE: 5.876103226058791
MAE: 2.011511280618865
EVS: 0.8293898541012089
