Model: GRU
MSE: 8.829535075144609
MAE: 2.263320026726558
EVS: 0.8095266693415057
