Model: GRU
MSE: 7.578097697818655
MAE: 2.14921719863497
EVS: 0.8035945463958445
