Model: GRU
MSE: 6.857243207856913
MAE: 2.0790243025483757
EVS: 0.804409515525554
