Model: GRU
MSE: 7.408654908960549
MAE: 2.076882002682521
EVS: 0.8219521060127639
