Model: GRU
MSE: 6.047991263116964
MAE: 2.0429561919179458
EVS: 0.8151109332396603
