Model: GRU
MSE: 6.170867197952201
MAE: 1.9971301699506825
EVS: 0.8113079329205053
