Model: GRU
MSE: 5.963807580974576
MAE: 1.9366765145597786
EVS: 0.8262260137545419
