Model: GRU
MSE: 7.653091084189791
MAE: 2.2580403829443045
EVS: 0.7757241334718248
