Model: GRU
MSE: 41.33296950057803
MAE: 5.649002469819168
EVS: 0.0
