Model: GRU
MSE: 8.038117712215477
MAE: 2.409468437063283
EVS: 0.7809148933799319
