Model: GRU
MSE: 6.385742659830826
MAE: 1.9951007941673542
EVS: 0.8370713712964186
