Model: GRU
MSE: 6.7125424333543755
MAE: 2.0071339689452072
EVS: 0.8169904661708373
