Model: GRU
MSE: 4255.890517686282
MAE: 64.90129714176572
EVS: -0.3366389655445967
