Model: GRU
MSE: 11.769562384730408
MAE: 2.6076665089048188
EVS: 0.8045266365134149
