Model: GRU
MSE: 488.1599952366465
MAE: 21.121602091295966
EVS: -0.2854441202608693
