Model: GRU
MSE: 711.891181537688
MAE: 25.94118277779941
EVS: -0.1909054029570778
