Model: GRU
MSE: 5.904001213145116
MAE: 2.0461181155566512
EVS: 0.8203253865968589
