Model: GRU
MSE: 7.184879695167514
MAE: 2.137259261361484
EVS: 0.7845494019637058
