Model: GRU
MSE: 6.034882180720897
MAE: 1.997111386266248
EVS: 0.8193525668859588
