Model: GRU
MSE: 6.387833305925633
MAE: 2.0389472492809952
EVS: 0.8048865293181786
