Model: GRU
MSE: 5.390221312788372
MAE: 1.8627070599588855
EVS: 0.8382255335597599
