Model: GRU
MSE: 13.729805242958111
MAE: 2.8399505039741255
EVS: 0.7723679707170916
