Model: GRU
MSE: 8.881417799152818
MAE: 2.306636904848033
EVS: 0.8032873032967791
