Model: GRU
MSE: 17.539226237925426
MAE: 3.3794023353478004
EVS: 0.7932616052380683
