Model: GRU
MSE: 7.892484304951316
MAE: 2.1358331811839135
EVS: 0.7915761304498063
