Model: GRU
MSE: 220.1290682321153
MAE: 13.591924881112986
EVS: -0.08212125851409402
