Model: GRU
MSE: 32.4580633299952
MAE: 4.897831818153119
EVS: 0.01871724101574268
