Model: GRU
MSE: 477.53749078227384
MAE: 21.03101038110667
EVS: -0.07739530143019868
