Model: GRU
MSE: 6.1336903771018605
MAE: 1.9023657502799198
EVS: 0.8294687553923342
