Model: GRU
MSE: 7.823243694506757
MAE: 2.1366782763908647
EVS: 0.8020174804359803
