Model: GRU
MSE: 18.126917429697894
MAE: 3.2428464766206413
EVS: 0.6551307193299398
