Model: GRU
MSE: 232.71285579812917
MAE: 14.0540235988025
EVS: -0.07626951439284269
