Model: GRU
MSE: 6.810694776516796
MAE: 2.203277324808055
EVS: 0.7930797040734341
