Model: GRU
MSE: 6.567920569068209
MAE: 2.1419227780966925
EVS: 0.8000262443147103
