Model: GRU
MSE: 408.605655852512
MAE: 19.504412519520727
EVS: 0.13819770501100614
