Model: GRU
MSE: 8.986160714030394
MAE: 2.271395913485823
EVS: 0.7894929447369163
