Model: GRU
MSE: 8.078152276136025
MAE: 2.4421569150069664
EVS: 0.8117878481244163
