Model: GRU
MSE: 6.30659057495792
MAE: 2.0148470977257036
EVS: 0.8101583608903934
