Model: GRU
MSE: 7.0433671064432435
MAE: 2.0701800954752954
EVS: 0.8025076411534555
