Model: GRU
MSE: 6.45979785153158
MAE: 2.0860502103279375
EVS: 0.8070868665686854
