Model: GRU
MSE: 9.98664390526881
MAE: 2.410409966419483
EVS: 0.8098131415404619
