Model: GRU
MSE: 6.53300516479225
MAE: 2.0252001532192887
EVS: 0.8049410306086973
