Model: GRU
MSE: 215.1630595202457
MAE: 13.418934554889285
EVS: -0.07314987856638155
