Model: GRU
MSE: 7.0374936677440605
MAE: 2.1095226715350974
EVS: 0.8043300804037286
