Model: GRU
MSE: 10.053719074495849
MAE: 2.399081648423754
EVS: 0.8096864734092077
