Model: GRU
MSE: 6.1568328309794005
MAE: 2.0299376208206703
EVS: 0.8165400795823867
