Model: GRU
MSE: 14.752538983065454
MAE: 2.974900825270291
EVS: 0.7549862431047987
