Model: GRU
MSE: 7.248808709474742
MAE: 2.1012221533676674
EVS: 0.7982996273962639
