Model: GRU
MSE: 7.30573600874869
MAE: 2.076629568790567
EVS: 0.7966522716155369
