Model: GRU
MSE: 8.845500576343351
MAE: 2.2161920399501405
EVS: 0.7736036112693679
