Model: GRU
MSE: 2865.1395347320113
MAE: 53.201110708302465
EVS: -0.06355135583969251
