Model: GRU
MSE: 1768.0814404060973
MAE: 41.59153007638866
EVS: -0.16888446883598784
