Model: GRU
MSE: 6.582899476889848
MAE: 2.067990475687487
EVS: 0.799897864907456
