Model: GRU
MSE: 746.9827018832268
MAE: 26.655763149261475
EVS: -0.11466706503131197
