Model: GRU
MSE: 441.43901427456245
MAE: 20.21302507663595
EVS: -0.0051860457669050675
