Model: GRU
MSE: 8360.046857593847
MAE: 91.23772930276805
EVS: -0.09236382590960934
