Model: GRU
MSE: 10.23446213970702
MAE: 2.4707276471729935
EVS: 0.8097036192509015
