Model: GRU
MSE: 13.11305399136283
MAE: 2.8531916418979906
EVS: 0.806958353647137
