Model: GRU
MSE: 16.491032492173964
MAE: 3.257559731088836
EVS: 0.7991703081004987
