Model: GRU
MSE: 6.338717821675375
MAE: 2.1000268870386583
EVS: 0.8083291770938367
