Model: GRU
MSE: 6.231214044208478
MAE: 2.076361364331739
EVS: 0.8132676928677025
