Model: GRU
MSE: 7.533380985332064
MAE: 2.138958552788044
EVS: 0.793876178970854
