Model: GRU
MSE: 6.704716566802251
MAE: 2.1078646922933646
EVS: 0.7951685534801632
