Model: GRU
MSE: 6.475110372734495
MAE: 1.9721802843028102
EVS: 0.8219554508535488
