Model: GRU
MSE: 726.7068120988632
MAE: 26.035296933404332
EVS: -0.49436069205951183
