Model: GRU
MSE: 7.252156957272383
MAE: 2.123326699281561
EVS: 0.8235255298412529
