Model: GRU
MSE: 6.189526500932618
MAE: 2.0010641361105033
EVS: 0.8144488685928659
