Model: GRU
MSE: 9.755298561931205
MAE: 2.4287829851282052
EVS: 0.7725242653774563
