Model: GRU
MSE: 5.836984907645214
MAE: 1.9909694235900353
EVS: 0.8247566004892447
