Model: GRU
MSE: 10.853374648296313
MAE: 2.488805836644666
EVS: 0.7760437936680178
