Model: GRU
MSE: 6.493126709264439
MAE: 1.9678521259077664
EVS: 0.8236581802984416
