Model: GRU
MSE: 6.770473385184259
MAE: 2.1144991763706864
EVS: 0.7934227133519828
