Model: GRU
MSE: 8.415437952612384
MAE: 2.3936134289050925
EVS: 0.8114307117650683
