Model: GRU
MSE: 7.02260498756841
MAE: 2.149736815485461
EVS: 0.7889595065196587
