Model: GRU
MSE: 6.986815736172654
MAE: 2.010883532721421
EVS: 0.8086736411658852
