Model: GRU
MSE: 10.741271760641254
MAE: 2.5511494176141145
EVS: 0.8026956071374163
