Model: GRU
MSE: 7.198591180630172
MAE: 2.106392498674064
EVS: 0.7984610508974311
