Model: GRU
MSE: 6847.996913065721
MAE: 82.2280887735301
EVS: -1.646186734039928
