Model: GRU
MSE: 53.560398541943115
MAE: 6.203627290396855
EVS: -0.05078220531866218
