Model: GRU
MSE: 6.468050163373013
MAE: 1.96457498649071
EVS: 0.8097346807230623
