Model: GRU
MSE: 6.425879204504365
MAE: 2.012435627394709
EVS: 0.8099373761384956
