Model: GRU
MSE: 15.713796256783231
MAE: 3.136733061280744
EVS: 0.7844788093274556
