Model: GRU
MSE: 8.018374675497409
MAE: 2.210591577250382
EVS: 0.7889651902053587
