Model: GRU
MSE: 25.458405433505693
MAE: 3.9680563869147467
EVS: 0.5309196625927676
