Model: GRU
MSE: 7.029337994280354
MAE: 2.1172245576463897
EVS: 0.786617775944564
