Model: GRU
MSE: 6.7046985493555775
MAE: 2.1073160705895257
EVS: 0.8021903708190319
