Model: GRU
MSE: 6.8059147769727915
MAE: 2.1813810447166704
EVS: 0.8073739653129729
