Model: GRU
MSE: 6.395921202934244
MAE: 2.0550453991725526
EVS: 0.8099925942675714
