Model: GRU
MSE: 10.29949274123457
MAE: 2.461318073601558
EVS: 0.7719432409798812
