Model: GRU
MSE: 14.477867930429246
MAE: 2.808862624497249
EVS: 0.57197721631981
