Model: GRU
MSE: 7.479971474188664
MAE: 2.066358607390831
EVS: 0.8155829225055762
