Model: GRU
MSE: 6.598444992719473
MAE: 2.0021454136947106
EVS: 0.8196078130595095
