Model: GRU
MSE: 6.674238544258609
MAE: 2.0428230351415175
EVS: 0.7995110444119066
