Model: GRU
MSE: 8.821109235302456
MAE: 2.5455585677048256
EVS: 0.7553467578614577
