Model: GRU
MSE: 6.327497608666152
MAE: 2.063240252692124
EVS: 0.8079820604055837
