Model: GRU
MSE: 10.405975329877565
MAE: 2.4199218914426606
EVS: 0.7918672429210949
