Model: GRU
MSE: 1824.5476928922515
MAE: 42.15460458295099
EVS: -0.4535962657896313
