Model: GRU
MSE: 9.024571237652626
MAE: 2.243288278579712
EVS: 0.7667264680510748
