Model: GRU
MSE: 8.04520960050913
MAE: 2.439231412164096
EVS: 0.78890350969863
