Model: GRU
MSE: 6.254244638416603
MAE: 1.9754139904318184
EVS: 0.8199949777604904
