Model: GRU
MSE: 5.711831990826605
MAE: 1.9634321023677956
EVS: 0.8254108862308949
