Model: GRU
MSE: 7.5461302061141105
MAE: 2.1329733009996086
EVS: 0.7982762775456003
