Model: GRU
MSE: 6.241872154886083
MAE: 2.0718879740813683
EVS: 0.8103271508406211
