Model: GRU
MSE: 5.876674999726992
MAE: 1.9428434741908107
EVS: 0.8268506498904091
