Model: GRU
MSE: 2415.942410803379
MAE: 48.79812214292329
EVS: -0.060625999960419064
