Model: GRU
MSE: 3534.246912071074
MAE: 59.15104833142511
EVS: -0.08248046392816111
