Model: GRU
MSE: 6.506427747376153
MAE: 2.073676446388508
EVS: 0.8068001163423588
