Model: GRU
MSE: 204.4908838499257
MAE: 13.072140916668136
EVS: -0.027733929904636412
