Model: GRU
MSE: 218.207572282379
MAE: 13.635852945261988
EVS: 0.01320811372126851
