Model: GRU
MSE: 7.126093861096961
MAE: 2.1258027717984955
EVS: 0.7878055656941039
