Model: GRU
MSE: 7.657317800939131
MAE: 2.1816155334998824
EVS: 0.7905325950048839
