Model: GRU
MSE: 6.617232162678871
MAE: 2.183860573275336
EVS: 0.8049710649993074
