Model: GRU
MSE: 843.8898672772178
MAE: 28.248141042117414
EVS: -0.40453016083931503
