Model: GRU
MSE: 7.021583904780743
MAE: 2.0653126404203217
EVS: 0.8053888962713569
