Model: GRU
MSE: 7.439863019776704
MAE: 2.320097602646926
EVS: 0.7887804937929206
