Model: GRU
MSE: 8.180966293058855
MAE: 2.2326545756438683
EVS: 0.8105499852036502
