Model: GRU
MSE: 7.037386597901112
MAE: 2.188371148602716
EVS: 0.7926893280475038
