Model: GRU
MSE: 25.01736360216237
MAE: 4.243960101028969
EVS: 0.2583481563558815
