Model: GRU
MSE: 9.279126881403723
MAE: 2.272902151633953
EVS: 0.8136318805361555
