Model: GRU
MSE: 7.364968322351208
MAE: 2.0948443536100716
EVS: 0.7942126800684505
