Model: GRU
MSE: 6.706763632495475
MAE: 2.0224430314425765
EVS: 0.803551804560121
