Model: GRU
MSE: 7.028980961803909
MAE: 2.203345072680506
EVS: 0.8060640580683606
