Model: GRU
MSE: 9.069463546704664
MAE: 2.320353534714929
EVS: 0.780309710021052
