Model: GRU
MSE: 6.848603261062624
MAE: 2.1324973353024186
EVS: 0.7913906483310224
