Model: GRU
MSE: 404.1641373239116
MAE: 19.036817402675233
EVS: -0.2770595817380095
