Model: GRU
MSE: 16.34489441147513
MAE: 3.3238936210500785
EVS: 0.7710219268088081
