Model: GRU
MSE: 7.897276851171997
MAE: 2.0986430686095665
EVS: 0.8081048829027881
