Model: GRU
MSE: 6.359324923043369
MAE: 1.986044036931005
EVS: 0.8124150768428023
