Model: GRU
MSE: 6.201753266424903
MAE: 2.028705670915801
EVS: 0.8125960967829045
