Model: GRU
MSE: 6.60182033736393
MAE: 2.159326799984636
EVS: 0.7982608205045879
