Model: GRU
MSE: 7.848221602182435
MAE: 2.3680315552086664
EVS: 0.7614886219952862
