Model: GRU
MSE: 1136.7667846316876
MAE: 33.10964169995538
EVS: -0.23898025732352823
