Model: GRU
MSE: 7.34948030542532
MAE: 2.2802675099208436
EVS: 0.8010479437207582
