Model: GRU
MSE: 6.950651426455152
MAE: 2.0952797182675065
EVS: 0.7915603204084155
