Model: GRU
MSE: 941.8613910237947
MAE: 30.17341745310816
EVS: 0.03904108574060583
