Model: GRU
MSE: 7.484588722888624
MAE: 2.175396508183973
EVS: 0.7960737611967917
