Model: GRU
MSE: 12.021985323045289
MAE: 2.6418117017581544
EVS: 0.7833207581075166
