Model: GRU
MSE: 6.634463052905497
MAE: 2.0736784750017625
EVS: 0.8003513341131346
