Model: GRU
MSE: 6.752432098258416
MAE: 2.182914951751972
EVS: 0.7951907653147919
