Model: GRU
MSE: 11.180952228695965
MAE: 2.621509857218841
EVS: 0.7981429562075244
