Model: GRU
MSE: 9.741855064348348
MAE: 2.329065292045988
EVS: 0.8099972957139357
