Model: GRU
MSE: 6.11097121933648
MAE: 2.0134216002349197
EVS: 0.8167811579569917
