Model: GRU
MSE: 6.778602148569527
MAE: 2.130287297840776
EVS: 0.8015303971604589
