Model: GRU
MSE: 7.788668382014519
MAE: 2.098383062872393
EVS: 0.8005961820516279
