Model: GRU
MSE: 210.30895582733075
MAE: 13.230499912952554
EVS: -0.07827395844719942
