Model: GRU
MSE: 9.072218283667382
MAE: 2.249069396791787
EVS: 0.783858030915979
