Model: GRU
MSE: 7.0733975186569085
MAE: 2.2570546824356605
EVS: 0.802050392704641
