Model: GRU
MSE: 7.258988001447093
MAE: 2.2707900713230003
EVS: 0.7969746053693996
