Model: GRU
MSE: 6.993365305941276
MAE: 2.073892700261083
EVS: 0.8068328796481854
