Model: GRU
MSE: 8.59703505111681
MAE: 2.1924632253318
EVS: 0.8079284947599604
