Model: GRU
MSE: 8.142508768306204
MAE: 2.45313325010497
EVS: 0.7964304137207899
