Model: GRU
MSE: 8.62906984276247
MAE: 2.588214343991773
EVS: 0.7691117241758721
