Model: GRU
MSE: 1097.2097701853634
MAE: 32.707271806124986
EVS: 0.16080744140744552
