Model: GRU
MSE: 11.908910124481025
MAE: 2.752942882478237
EVS: 0.752854843581725
