Model: GRU
MSE: 8.036436781233782
MAE: 2.1460499033845704
EVS: 0.8114332753968081
