Model: GRU
MSE: 3591.76054916917
MAE: 56.371824461838294
EVS: -11.658702553582398
