Model: GRU
MSE: 7.537793066375853
MAE: 2.132396599342083
EVS: 0.8110626543086293
