Model: GRU
MSE: 6.277799049315753
MAE: 2.0792923549125932
EVS: 0.8094814319116947
