Model: GRU
MSE: 6.686578919246678
MAE: 2.0391640108207176
EVS: 0.7968912094369833
