Model: GRU
MSE: 1945.125843686126
MAE: 43.69335434354585
EVS: -0.1013238705276458
