Model: GRU
MSE: 7.8194497489607375
MAE: 2.0933391780688844
EVS: 0.8212724741166986
