Model: GRU
MSE: 913.3654122587131
MAE: 29.633161873653016
EVS: -0.07761046485940803
