Model: GRU
MSE: 14.699364618170346
MAE: 2.976167214327845
EVS: 0.7822411068821481
