Model: GRU
MSE: 40.790108640422474
MAE: 5.6061999222327925
EVS: 0.00039105060943556147
