Model: GRU
MSE: 6.191505166586296
MAE: 1.942994588407977
EVS: 0.8112542235485642
