Model: GRU
MSE: 5.985147970849143
MAE: 1.986268084624718
EVS: 0.8184093252255619
