Model: GRU
MSE: 787.5422177011931
MAE: 27.232953153807543
EVS: -0.4037988916999242
