Model: GRU
MSE: 8.902615769715222
MAE: 2.2307267641199044
EVS: 0.8083178344592278
