Model: GRU
MSE: 10.359477378062643
MAE: 2.4920034614102593
EVS: 0.8039855944833337
