Model: GRU
MSE: 8.949329316217755
MAE: 2.309519184046778
EVS: 0.8014177768693718
