Model: GRU
MSE: 227.9083795001156
MAE: 13.91055312649957
EVS: -0.052039795724934335
