Model: GRU
MSE: 6.496635753807927
MAE: 2.178222652139335
EVS: 0.8045501475663954
