Model: GRU
MSE: 5.5207291639201355
MAE: 1.884963401432695
EVS: 0.8329501183312772
