Model: GRU
MSE: 245.5736786916235
MAE: 14.48849255052106
EVS: -0.09033505489734006
