Model: GRU
MSE: 7.794804538009599
MAE: 2.1291315719999115
EVS: 0.7969002331347426
