Model: GRU
MSE: 6.08771216624
MAE: 2.0582482732575516
EVS: 0.8172886018636124
