Model: GRU
MSE: 63.05473635255626
MAE: 6.737081453717988
EVS: 0.0802094443726723
