Model: GRU
MSE: 5.7129165797228225
MAE: 2.0274782550745996
EVS: 0.8266572940371063
