Model: GRU
MSE: 5.975814937407133
MAE: 1.930466499821893
EVS: 0.8221941832042592
