Model: GRU
MSE: 6.230127783951955
MAE: 1.9760225661869706
EVS: 0.8172179103353914
