Model: GRU
MSE: 6.126108719726051
MAE: 2.0191685824558654
EVS: 0.8126746867273026
