Model: GRU
MSE: 6.303647632421946
MAE: 2.1265815948617868
EVS: 0.8088909989686607
