Model: GRU
MSE: 6.442263717406146
MAE: 1.960850057930782
EVS: 0.8107155895405856
