Model: GRU
MSE: 9.96067672892008
MAE: 2.3828580769999275
EVS: 0.787780374195105
