Model: GRU
MSE: 9.176953857707643
MAE: 2.3354781064493904
EVS: 0.8119486192542579
