Model: GRU
MSE: 236.09421201493168
MAE: 14.184727660540876
EVS: -0.06680362541279639
