Model: GRU
MSE: 6.252651790851965
MAE: 2.034966937426863
EVS: 0.8139433783553728
