Model: GRU
MSE: 8.607017411181321
MAE: 2.4805291356711554
EVS: 0.8141293886325994
