Model: GRU
MSE: 7.711580065452762
MAE: 2.141386369179035
EVS: 0.7905288699523598
