Model: GRU
MSE: 7.639384452264251
MAE: 2.366661729483769
EVS: 0.8066888000057044
