Model: GRU
MSE: 7.246230902911135
MAE: 2.0628187728339227
EVS: 0.8096853124700544
