Model: GRU
MSE: 7.040614721955365
MAE: 2.124718555088701
EVS: 0.7924138619024058
