Model: GRU
MSE: 6.8927614583122665
MAE: 2.1335854818081033
EVS: 0.7893807766788541
