Model: GRU
MSE: 1753.061320734301
MAE: 41.20934101630901
EVS: -0.6772614099007253
