Model: GRU
MSE: 405.687654918387
MAE: 19.132566180722467
EVS: -0.21189271171715096
