Model: GRU
MSE: 7.737121517060422
MAE: 2.1426957701814584
EVS: 0.812062992564083
