Model: GRU
MSE: 12.860616895980018
MAE: 2.8090797909374894
EVS: 0.7953779433686478
