Model: GRU
MSE: 964.1379795588477
MAE: 30.205353901304047
EVS: -0.5831735445864796
