Model: GRU
MSE: 250.34512212033758
MAE: 14.661642107470282
EVS: -0.08189885022235721
