Model: GRU
MSE: 5342.612757966559
MAE: 72.85115597165864
EVS: -0.08007818500155928
