Model: GRU
MSE: 214.37183068835836
MAE: 13.46184568569578
EVS: -0.013684031401220098
