Model: GRU
MSE: 6.8635542015539635
MAE: 2.099937560229466
EVS: 0.8053864815518379
