Model: GRU
MSE: 5.971658062532407
MAE: 1.9802388035017868
EVS: 0.8189799287375512
