Model: GRU
MSE: 7.080694606443304
MAE: 2.0946531789056184
EVS: 0.7997851712748111
