Model: GRU
MSE: 6.940938109200247
MAE: 2.1662377941197364
EVS: 0.8105088970621593
