Model: GRU
MSE: 10.454288958297571
MAE: 2.490888505146421
EVS: 0.7862386979672918
