Model: GRU
MSE: 9.101318284228414
MAE: 2.3356308664594376
EVS: 0.7492379010860263
