Model: GRU
MSE: 338.9175181876245
MAE: 17.399309922908916
EVS: -0.10636629283855603
