Model: GRU
MSE: 8.649763394054649
MAE: 2.5320067734553895
EVS: 0.7789495793952222
