Model: GRU
MSE: 10.481147046214819
MAE: 2.475288209216348
EVS: 0.7949673003983146
