Model: GRU
MSE: 5.855496507194394
MAE: 1.9428358530176097
EVS: 0.8346299289669101
