Model: GRU
MSE: 7.389656771375569
MAE: 2.0929196446106353
EVS: 0.8056221397453066
