Model: GRU
MSE: 243.03656883156702
MAE: 14.458010510035924
EVS: -0.05090957243844296
