Model: GRU
MSE: 8.004280037850213
MAE: 2.2262656400943626
EVS: 0.7554011480307553
