Model: GRU
MSE: 8.444477992816
MAE: 2.2015601026600806
EVS: 0.8194432440522785
