Model: GRU
MSE: 7.350793194915892
MAE: 2.0891213499266525
EVS: 0.7912472109784474
