Model: GRU
MSE: 242.5391691940563
MAE: 14.374322093766311
EVS: -0.0983089709784053
