Model: GRU
MSE: 8.07006213811421
MAE: 2.138148521554881
EVS: 0.7949663749116476
