Model: GRU
MSE: 6.412392726384682
MAE: 2.130366666563626
EVS: 0.8045160189798715
