Model: GRU
MSE: 6.3348075563875845
MAE: 2.0784983223882216
EVS: 0.8099587322964257
