Model: GRU
MSE: 53.56564946276285
MAE: 6.313700429324446
EVS: 0.06945181352766139
