Model: GRU
MSE: 11.026595852710416
MAE: 2.5469469263635833
EVS: 0.8073827334632048
