Model: GRU
MSE: 7.29680173344849
MAE: 2.2239813475773254
EVS: 0.7794480214730449
