Model: GRU
MSE: 6.584784474328821
MAE: 2.073830555225241
EVS: 0.7992849489135687
