Model: GRU
MSE: 8.411886002214578
MAE: 2.1732516329863976
EVS: 0.8096015781026914
