Model: GRU
MSE: 7.18525381178031
MAE: 2.1403059486685128
EVS: 0.7851269729881925
