Model: GRU
MSE: 6.036798214296275
MAE: 2.007441787884153
EVS: 0.8157645828066566
