Model: GRU
MSE: 660.6940612355114
MAE: 25.028631670721644
EVS: -0.04765997896576013
