Model: GRU
MSE: 1272.2277964173588
MAE: 35.0641251268058
EVS: -0.30675728697968085
