Model: GRU
MSE: 8.317395140934693
MAE: 2.2331935537272485
EVS: 0.8122235709835608
