Model: GRU
MSE: 9.296410233295573
MAE: 2.5318598993893326
EVS: 0.7679773622593155
