Model: GRU
MSE: 7.879294102301142
MAE: 2.285334459666548
EVS: 0.76687046952893
