Model: GRU
MSE: 7.110460147995017
MAE: 2.079686705408425
EVS: 0.82796382706974
