Model: GRU
MSE: 7.42819632181285
MAE: 2.2082314244632064
EVS: 0.7905523070342558
