Model: GRU
MSE: 6.005645825973465
MAE: 2.009894584787303
EVS: 0.8169676685375803
