Model: GRU
MSE: 210.63292198485905
MAE: 13.346558451652527
EVS: 0.006138043179406916
