Model: GRU
MSE: 10.114655868913802
MAE: 2.641106761735061
EVS: 0.7527563075551733
