Model: GRU
MSE: 264.754442735713
MAE: 15.15524596181409
EVS: -0.07246821824992922
