Model: GRU
MSE: 7.725545369982165
MAE: 2.0676503345884125
EVS: 0.8266313165260691
