Model: GRU
MSE: 6.315000913786689
MAE: 1.9766273909601673
EVS: 0.8170655385584136
