Model: GRU
MSE: 832.3778321040684
MAE: 28.067075926682044
EVS: -0.3643102231981352
