Model: GRU
MSE: 8.559749188720717
MAE: 2.419452585023025
EVS: 0.8138784538132608
