Model: GRU
MSE: 492.076897880245
MAE: 21.245117236827983
EVS: -0.24520232079352433
