Model: GRU
MSE: 9.127687447125968
MAE: 2.288605443362532
EVS: 0.7887445742407613
