Model: GRU
MSE: 6.088822134421113
MAE: 2.031247434944942
EVS: 0.8151506525951945
