Model: GRU
MSE: 8.846407154733075
MAE: 2.2501681755329
EVS: 0.792583016632674
