Model: GRU
MSE: 7.8964711745540805
MAE: 2.1564216695982834
EVS: 0.7937599626418457
