Model: GRU
MSE: 8.19214782842812
MAE: 2.1836990467433273
EVS: 0.812401569142554
