Model: GRU
MSE: 11.52787074248174
MAE: 2.633390610588008
EVS: 0.7977934165757974
