Model: GRU
MSE: 198.07899307976248
MAE: 12.768672470388742
EVS: -0.0714601726098183
