Model: GRU
MSE: 2159.213630603987
MAE: 45.91976386103137
EVS: -0.5469182609502155
