Model: GRU
MSE: 7.729428607804999
MAE: 2.1565845382624658
EVS: 0.7999919348234735
