Model: GRU
MSE: 4374.380114456433
MAE: 65.84618732847017
EVS: -0.1821450878546096
