Model: GRU
MSE: 6.07427975830189
MAE: 1.9349135365979424
EVS: 0.8364586717495295
