Model: GRU
MSE: 9.285739076261134
MAE: 2.2895398920979995
EVS: 0.7764782079526145
