Model: GRU
MSE: 11.156320213364559
MAE: 2.5134319108107994
EVS: 0.7726001289034359
