Model: GRU
MSE: 1153.8466717341328
MAE: 33.363518714904785
EVS: -0.258596983759553
