Model: GRU
MSE: 7.3850097007768944
MAE: 2.0594523117460053
EVS: 0.8025083856044645
