Model: GRU
MSE: 6.262343489554337
MAE: 2.0835853712312105
EVS: 0.8230982268659959
