Model: GRU
MSE: 722.9289493354362
MAE: 25.87424559428774
EVS: -0.6344773197448546
