Model: GRU
MSE: 407.91985331462234
MAE: 19.267733639684216
EVS: -0.12143404891203158
