Model: GRU
MSE: 6.33688808111381
MAE: 2.002148391871617
EVS: 0.816482565474259
