Model: GRU
MSE: 6.368302732698523
MAE: 2.0906363273489066
EVS: 0.8105165325679092
