Model: GRU
MSE: 7.402312456630901
MAE: 2.090292889496376
EVS: 0.8115717612692083
