Model: GRU
MSE: 11.20366335789118
MAE: 2.591105768392826
EVS: 0.7748641271878918
