Model: GRU
MSE: 6.420551732196873
MAE: 2.058688616958158
EVS: 0.8138051587446807
