Model: GRU
MSE: 6.610999070944451
MAE: 1.9760820814247788
EVS: 0.8178023334594997
