Model: GRU
MSE: 7.941787857515864
MAE: 2.1595977585891197
EVS: 0.7896042780133388
