Model: GRU
MSE: 1733.0942536651041
MAE: 41.141479031793004
EVS: -0.23759034367647258
