Model: GRU
MSE: 6.715486290315355
MAE: 1.9899848987316262
EVS: 0.8171397980127884
