Model: GRU
MSE: 6.580865872003365
MAE: 1.968581146207349
EVS: 0.8283440825401609
