Model: GRU
MSE: 10.284646710867996
MAE: 2.521147366227775
EVS: 0.8204821561745554
