Model: GRU
MSE: 6.942991969124034
MAE: 2.0829176573917785
EVS: 0.8190539433895474
