Model: GRU
MSE: 6.223376753654771
MAE: 2.004902116183577
EVS: 0.8102271431776503
