Model: GRU
MSE: 6.509301120628609
MAE: 2.013362058277788
EVS: 0.8152158234634495
