Model: GRU
MSE: 7.148710294735005
MAE: 2.050560367518458
EVS: 0.8067910833390934
