Model: GRU
MSE: 216.55384190070703
MAE: 13.54934825157297
EVS: -0.008132938646641774
