Model: GRU
MSE: 8.078339455276753
MAE: 2.167957998555282
EVS: 0.8086304363401077
