Model: GRU
MSE: 6.257931841744584
MAE: 2.01403965621159
EVS: 0.809862939211869
