Model: GRU
MSE: 6.306980123789978
MAE: 2.021740901059118
EVS: 0.8130010807116967
