Model: GRU
MSE: 12.377630519147809
MAE: 2.956633206071525
EVS: 0.6260276629097365
