Model: GRU
MSE: 190.20459278396444
MAE: 12.538113947572379
EVS: -0.009089656153807413
