Model: GRU
MSE: 6.101936212923588
MAE: 2.06669152194056
EVS: 0.8136287559990052
