Model: GRU
MSE: 8.003826915257559
MAE: 2.1608612619597336
EVS: 0.7806773911452389
