Model: GRU
MSE: 9.22797307179622
MAE: 2.263409269267115
EVS: 0.7937500060286142
