Model: GRU
MSE: 255.90617735733514
MAE: 14.777518319672552
EVS: -0.14763455415974436
