Model: GRU
MSE: 8.341152403047884
MAE: 2.129182161955998
EVS: 0.8082040594454061
