Model: GRU
MSE: 1784.563308431098
MAE: 41.74604616494015
EVS: -0.2791149729462781
