Model: GRU
MSE: 7.707004176224088
MAE: 2.179474616872853
EVS: 0.7836314278451377
