Model: GRU
MSE: 888.3416493781092
MAE: 29.04542643448402
EVS: -0.3669941207300742
