Model: GRU
MSE: 6.566469680043415
MAE: 2.0203575471351884
EVS: 0.8053297166281435
