Model: GRU
MSE: 7.744143929137433
MAE: 2.139787061461087
EVS: 0.7928907443988504
