Model: GRU
MSE: 6.669432269484035
MAE: 2.0210384089371254
EVS: 0.8151005558378936
