Model: GRU
MSE: 7.0203344052735845
MAE: 2.1209574156794053
EVS: 0.7889883599930911
