Model: GRU
MSE: 6.524866690049468
MAE: 2.090103470045945
EVS: 0.8048042099666246
