Model: GRU
MSE: 14.583418272604309
MAE: 3.0519261606808366
EVS: 0.796733990619923
