Model: GRU
MSE: 8.94499212912041
MAE: 2.278461080172966
EVS: 0.7831920884741423
