Model: GRU
MSE: 7.446379196854404
MAE: 2.219595327459533
EVS: 0.7889393821172558
