Model: GRU
MSE: 7.872504779005273
MAE: 2.3960500133448632
EVS: 0.8167210108511276
