Model: GRU
MSE: 7.112039401230434
MAE: 2.1092895146073967
EVS: 0.7944377067762219
