Model: GRU
MSE: 5.784079829367007
MAE: 1.968295459089608
EVS: 0.8299311939670178
