Model: GRU
MSE: 9.565893875367959
MAE: 2.323405249365445
EVS: 0.797011979257144
