Model: GRU
MSE: 7.520109553899268
MAE: 2.2644972225715376
EVS: 0.7774886559175966
