Model: GRU
MSE: 7.076774352404303
MAE: 2.227494313799102
EVS: 0.8085875521199725
