Model: GRU
MSE: 7.089800945921114
MAE: 2.2736068388511397
EVS: 0.7840539314615651
