Model: GRU
MSE: 1235.1374368124134
MAE: 34.641043728795545
EVS: -0.07438130139333898
