Model: GRU
MSE: 7.447696195498464
MAE: 2.0781359302586524
EVS: 0.8228448490312186
