Model: GRU
MSE: 6.542890407023926
MAE: 2.011548642454476
EVS: 0.8075752644833656
