Model: GRU
MSE: 6.117406492044315
MAE: 2.037619890837834
EVS: 0.8227548609595019
