Model: GRU
MSE: 7.1700938151825895
MAE: 2.075628667042173
EVS: 0.8042111309980411
