Model: GRU
MSE: 6.159372382642769
MAE: 1.93219203784548
EVS: 0.8248776840564107
