Model: GRU
MSE: 9.53195720200334
MAE: 2.4038693493810195
EVS: 0.7936596106166335
