Model: GRU
MSE: 7.615185867864566
MAE: 2.1046659535375136
EVS: 0.8008280242347467
