Model: GRU
MSE: 6.581349201776599
MAE: 2.046628577955838
EVS: 0.8003487601980475
