Model: GRU
MSE: 7.6492548185667095
MAE: 2.324218380040136
EVS: 0.8039146811249644
