Model: GRU
MSE: 6.960179709767552
MAE: 2.1802030883986374
EVS: 0.8063248818349484
