Model: GRU
MSE: 217.86873574333592
MAE: 13.475746549409012
EVS: -0.10916292297812658
