Model: GRU
MSE: 6.131846171084479
MAE: 1.9423751666628082
EVS: 0.8154860765544161
