Model: GRU
MSE: 9.837853150989892
MAE: 2.3802883111197373
EVS: 0.7865701881076652
