Model: GRU
MSE: 6.976230636407324
MAE: 2.1369196299848885
EVS: 0.7869325368600605
