Model: GRU
MSE: 6.69635914803398
MAE: 2.114860415458679
EVS: 0.8180773156571658
