Model: GRU
MSE: 7.139672738435941
MAE: 2.1319816667458107
EVS: 0.7946039892554156
