Model: GRU
MSE: 6.345028097388831
MAE: 2.0968383961710435
EVS: 0.8062662578871724
