Model: GRU
MSE: 7.7145319484835895
MAE: 2.194559863929091
EVS: 0.7842858622308769
