Model: GRU
MSE: 7.534451158262424
MAE: 2.2089578365457467
EVS: 0.8021772941423749
