Model: GRU
MSE: 2657.567239942617
MAE: 51.26743546847639
EVS: 0.10658741566403473
