Model: GRU
MSE: 6.359225600026713
MAE: 2.1581183671951294
EVS: 0.8082044965355498
