Model: GRU
MSE: 11.225288572919885
MAE: 2.909111795754268
EVS: 0.7622813129268841
