Model: GRU
MSE: 813.9354851388383
MAE: 27.934454408185236
EVS: -0.027480936579399096
