Model: GRU
MSE: 6.594096509505706
MAE: 2.143891930580139
EVS: 0.8089745088400453
