Model: GRU
MSE: 10.364795743666848
MAE: 2.4017318034994193
EVS: 0.7765659264477522
