Model: GRU
MSE: 1216.4205730288854
MAE: 34.34428603073646
EVS: -0.12804800331081445
