Model: GRU
MSE: 2289.3796607418135
MAE: 47.49123158948175
EVS: -0.03851480032056043
