Model: GRU
MSE: 7.95890627781651
MAE: 2.203986278895674
EVS: 0.7985507507497717
