Model: GRU
MSE: 6.557543920127992
MAE: 2.0572495039167076
EVS: 0.8005608723945961
