Model: GRU
MSE: 6.302303319692886
MAE: 2.0483963941705636
EVS: 0.8072869808003477
