Model: GRU
MSE: 10.266109768005585
MAE: 2.4948192444340935
EVS: 0.8049668103729635
