Model: GRU
MSE: 8.934782823265923
MAE: 2.296912563258204
EVS: 0.7648791039346935
