Model: GRU
MSE: 264.96321622562255
MAE: 15.096661173064133
EVS: -0.13304593692601685
