Model: GRU
MSE: 6.881645715386358
MAE: 2.159882590688508
EVS: 0.7981578786477966
