Model: GRU
MSE: 6.693628342286358
MAE: 2.1320959905098222
EVS: 0.8019083531121958
