Model: GRU
MSE: 585.975893733121
MAE: 23.525801494203765
EVS: 0.005824362572466546
