Model: GRU
MSE: 7.804564990589379
MAE: 2.3984361229271722
EVS: 0.7656554773259425
