Model: GRU
MSE: 6.266338630114707
MAE: 1.9800345486608044
EVS: 0.8084351093979618
