Model: GRU
MSE: 8.71387673428859
MAE: 2.432543466831076
EVS: 0.768477419989535
