Model: GRU
MSE: 7.14366197104777
MAE: 2.043211593710143
EVS: 0.808286146126759
