Model: GRU
MSE: 6.483111748166438
MAE: 1.9742869344250908
EVS: 0.8176776761469531
