Model: GRU
MSE: 7.173923406800817
MAE: 2.085707056111303
EVS: 0.7959510137565388
