Model: GRU
MSE: 9.460395357942325
MAE: 2.3211155759877173
EVS: 0.7640412785455076
