Model: GRU
MSE: 11.523144031609913
MAE: 2.60268385862482
EVS: 0.7967833070561443
