Model: GRU
MSE: 8.079975287370063
MAE: 2.180041494040654
EVS: 0.7806755170815827
