Model: GRU
MSE: 6.287108440445023
MAE: 1.9649679496370513
EVS: 0.817470184376162
