Model: GRU
MSE: 8.810334767924454
MAE: 2.474163696683686
EVS: 0.7968962499888618
