Model: GRU
MSE: 7.022142682113794
MAE: 2.169700314258707
EVS: 0.7905952861310603
