Model: GRU
MSE: 6.516233598070107
MAE: 2.0174442488571693
EVS: 0.8007685831121735
