Model: GRU
MSE: 10.22094478519695
MAE: 2.3727586680445176
EVS: 0.7555745933655849
