Model: GRU
MSE: 51.37991970366856
MAE: 6.189912500052617
EVS: 0.12864547169023288
