Model: GRU
MSE: 2541.7878865508787
MAE: 50.04518903534988
EVS: -0.13955613802827127
