Model: GRU
MSE: 7.183866469377997
MAE: 2.0933439526064643
EVS: 0.7869153242082695
