Model: GRU
MSE: 7.0080002728197295
MAE: 2.132768778965391
EVS: 0.79865903566101
