Model: GRU
MSE: 9.954545131985098
MAE: 2.384332469825087
EVS: 0.7868858199388729
