Model: GRU
MSE: 25.839847362468287
MAE: 4.06258944783892
EVS: 0.6003489671803076
