Model: GRU
MSE: 29.046740281591532
MAE: 4.607029553117423
EVS: 0.11533770006861854
