Model: GRU
MSE: 7.245239124391503
MAE: 2.1843180327579894
EVS: 0.7796902008314777
