Model: GRU
MSE: 6.690638395969058
MAE: 2.0616352208729447
EVS: 0.7954246077791796
