Model: GRU
MSE: 6.0007144855312164
MAE: 2.001147179768003
EVS: 0.8192672733905502
