Model: GRU
MSE: 8.164025729182946
MAE: 2.3860599295846345
EVS: 0.8183886414525261
