Model: GRU
MSE: 6.4244089678618845
MAE: 2.017241416306331
EVS: 0.8037663319237285
