Model: GRU
MSE: 7.999765310075978
MAE: 2.3476940311234573
EVS: 0.7554726554217512
