Model: GRU
MSE: 6311.818915766531
MAE: 79.10247302877492
EVS: -0.6701104754969338
