Model: GRU
MSE: 8.787935342423868
MAE: 2.1875274921285697
EVS: 0.7941816966812817
