Model: GRU
MSE: 9.793248617545824
MAE: 2.357456488855954
EVS: 0.7715953086961171
