Model: GRU
MSE: 7.30442068680337
MAE: 2.1124532448834388
EVS: 0.7769002267634175
