Model: GRU
MSE: 9.371047627969093
MAE: 2.2806308834717193
EVS: 0.7967954913310769
