Model: GRU
MSE: 6.560804459555274
MAE: 2.1440690385884253
EVS: 0.7995204435291505
