Model: GRU
MSE: 229.10863543653775
MAE: 13.881108801940393
EVS: -0.11376381702740712
