Model: GRU
MSE: 6.222515510182463
MAE: 2.0321779651888487
EVS: 0.8097318300959744
