Model: GRU
MSE: 6.349493915124928
MAE: 1.9900097024851833
EVS: 0.8067425138773917
