Model: GRU
MSE: 1718.0466490737306
MAE: 40.82936326388655
EVS: -0.5597863946104473
