Model: GRU
MSE: 6.592213313807357
MAE: 2.07534534561223
EVS: 0.8020815647262203
