Model: GRU
MSE: 6.6037970354513185
MAE: 2.0626023596730727
EVS: 0.8011998469651608
