Model: GRU
MSE: 13.190526664041766
MAE: 3.155286229889968
EVS: 0.7787969139617095
