Model: GRU
MSE: 11.903516987693388
MAE: 2.680606804017363
EVS: 0.8108634206323526
