Model: GRU
MSE: 6.443342633531608
MAE: 2.0133837625898163
EVS: 0.8091344873576843
