Model: GRU
MSE: 348.05221988892526
MAE: 17.678530027126445
EVS: -0.08619273758034596
