Model: GRU
MSE: 6.382821062588815
MAE: 2.062513334997769
EVS: 0.8057625289226835
