Model: GRU
MSE: 6.318726537114962
MAE: 2.077098949202176
EVS: 0.8085612224274463
