Model: GRU
MSE: 1224.9833447110962
MAE: 34.59690577408363
EVS: 0.14266495288371062
