Model: GRU
MSE: 3934.7012667341705
MAE: 62.47023095755741
EVS: 0.016252965759578242
