Model: GRU
MSE: 6.396051712662325
MAE: 1.9839265685656975
EVS: 0.8059660076336765
