Model: GRU
MSE: 6.736057150628081
MAE: 2.1426902721668113
EVS: 0.799461249399839
