Model: GRU
MSE: 7.5752802275193645
MAE: 2.164052348712395
EVS: 0.7938750335623959
