Model: GRU
MSE: 6.516624973747933
MAE: 2.0827050620111924
EVS: 0.8010636344700703
