Model: GRU
MSE: 389.758423275341
MAE: 18.769101463515184
EVS: -0.14604827490288108
