Model: GRU
MSE: 7.487686712081201
MAE: 2.2890830882664384
EVS: 0.778637323573935
