Model: GRU
MSE: 192.0321380217931
MAE: 12.610325566653547
EVS: -0.009442397242297895
