Model: GRU
MSE: 6.649943275335525
MAE: 2.006232582289597
EVS: 0.8132831610048773
