Model: GRU
MSE: 283.3651256647028
MAE: 15.718122552181113
EVS: -0.11016461663718813
