Model: GRU
MSE: 7.471956354008606
MAE: 2.255579479809465
EVS: 0.7834356303683179
