Model: GRU
MSE: 7.080763543174114
MAE: 2.0823893218204894
EVS: 0.7982065514751869
