Model: GRU
MSE: 10.177095192181511
MAE: 2.5096757268083505
EVS: 0.8080834773745686
