Model: GRU
MSE: 6.380966306670294
MAE: 2.057267904281616
EVS: 0.8059864074436707
