Model: GRU
MSE: 6.469998386229294
MAE: 2.1127911682786613
EVS: 0.804127478236244
