Model: GRU
MSE: 6.289594647359525
MAE: 1.9635054119702042
EVS: 0.8205170843661067
