Model: GRU
MSE: 6.1588557675395625
MAE: 2.004728309039412
EVS: 0.8150784855631117
