Model: GRU
MSE: 1832.049551702134
MAE: 42.407638155180834
EVS: -0.02870515778916105
