Model: GRU
MSE: 6.977012239903219
MAE: 2.1161506998127906
EVS: 0.7923482405833664
