Model: GRU
MSE: 7.477602171783674
MAE: 2.195577991419825
EVS: 0.7840150348743677
