Model: GRU
MSE: 7.1486673473087246
MAE: 2.0670381989972344
EVS: 0.8090901151133549
