Model: GRU
MSE: 6.331553185585147
MAE: 1.993383243166167
EVS: 0.8199544702375436
