Model: GRU
MSE: 9.803047975381102
MAE: 2.2908584907137115
EVS: 0.7835821089570263
