Model: GRU
MSE: 9.074214280671715
MAE: 2.321008867230909
EVS: 0.8169714642604466
