Model: GRU
MSE: 6.627774345095086
MAE: 2.0549137838955582
EVS: 0.8204975640696732
