Model: GRU
MSE: 8.159342097898131
MAE: 2.1802150915408958
EVS: 0.7790899494200949
