Model: GRU
MSE: 14.585761349008248
MAE: 3.0171016947976472
EVS: 0.8218581666826802
