Model: GRU
MSE: 7.9908973195504585
MAE: 2.2199351174490793
EVS: 0.7541534837098762
