Model: GRU
MSE: 8.91628998597451
MAE: 2.494804119241649
EVS: 0.7668642292800429
