Model: GRU
MSE: 13.557135260941186
MAE: 3.112000753139627
EVS: 0.7962738494405373
