Model: GRU
MSE: 7.173850094529704
MAE: 2.1513715694690574
EVS: 0.8021504721094218
