Model: GRU
MSE: 5.826872752725007
MAE: 2.0321019312431075
EVS: 0.8223151270553661
