Model: GRU
MSE: 6.869154699495797
MAE: 2.093117697485562
EVS: 0.790667608967231
