Model: GRU
MSE: 6.400772470637627
MAE: 1.9810378777569737
EVS: 0.8220972988156743
