Model: GRU
MSE: 178.8359762642709
MAE: 12.082101830120745
EVS: -0.004762846629270179
