Model: GRU
MSE: 7.556768670510157
MAE: 2.323221173779718
EVS: 0.7925857179149569
