Model: GRU
MSE: 6.770396307164448
MAE: 2.0694265365600586
EVS: 0.8016741691796403
