Model: GRU
MSE: 6.963402243962692
MAE: 2.134999895917958
EVS: 0.7872647574230639
