Model: GRU
MSE: 6.2000238650222
MAE: 2.0082948988881606
EVS: 0.8140567783277053
