Model: GRU
MSE: 8.323460557803076
MAE: 2.21826578419784
EVS: 0.8046710622977182
