Model: GRU
MSE: 6.36045443207079
MAE: 2.005061587383007
EVS: 0.8056006022906526
