Model: GRU
MSE: 9.093289971543621
MAE: 2.3631764835324782
EVS: 0.8014827987323334
