Model: GRU
MSE: 4252.766961368861
MAE: 63.958954613784265
EVS: -3.9542527299103947
