Model: GRU
MSE: 6.488536925321794
MAE: 2.0482492631879348
EVS: 0.8022405957206777
