Model: GRU
MSE: 6.5291661840740165
MAE: 2.0389629294132363
EVS: 0.8060817832633168
