Model: GRU
MSE: 10.161989952095896
MAE: 2.4797142045251253
EVS: 0.773764487659823
