Model: GRU
MSE: 222.0276857810885
MAE: 13.693569517341153
EVS: -0.05537124338815014
