Model: GRU
MSE: 6.208876922485698
MAE: 2.0415250104049156
EVS: 0.8101771168614329
