Model: GRU
MSE: 261.9308063757265
MAE: 15.023565514334317
EVS: -0.10764303127399066
