Model: GRU
MSE: 13.38859630567381
MAE: 2.944921177009056
EVS: 0.7990391395589691
