Model: GRU
MSE: 10.836909733844742
MAE: 2.5001382108392387
EVS: 0.8034230250698324
