Model: GRU
MSE: 6.437888755014785
MAE: 1.9680138764710262
EVS: 0.8216760642374019
