Model: GRU
MSE: 6.863221767009202
MAE: 2.226525072393746
EVS: 0.804368488924439
