Model: GRU
MSE: 13.901209747276786
MAE: 2.8638059979882735
EVS: 0.7747895243326278
