Model: GRU
MSE: 9.147749252291623
MAE: 2.356720408488964
EVS: 0.8111112100519385
