Model: GRU
MSE: 12.702690365164656
MAE: 2.952974216691379
EVS: 0.7754745934067702
