Model: GRU
MSE: 9249.689217108964
MAE: 96.01393679914803
EVS: 0.051673332951424844
