Model: GRU
MSE: 13.180923717744303
MAE: 2.7989103341924735
EVS: 0.7871591052424636
