Model: GRU
MSE: 8.224969701223166
MAE: 2.3270116345635774
EVS: 0.7872147644602798
