Model: GRU
MSE: 1064.373101859743
MAE: 32.023762439859325
EVS: -0.18801647904962482
