Model: GRU
MSE: 8.140598774925927
MAE: 2.216497404821988
EVS: 0.8160289000449591
