Model: GRU
MSE: 7.479280619717341
MAE: 2.0519569084562104
EVS: 0.8229544610870005
