Model: GRU
MSE: 494.01791792239163
MAE: 21.149705196249073
EVS: -0.4282433471214222
