Model: GRU
MSE: 3103.813245776879
MAE: 55.382664779136924
EVS: -0.11835769911497751
