Model: GRU
MSE: 8.444898890791745
MAE: 2.394325696188828
EVS: 0.806508595076248
