Model: GRU
MSE: 11.153518860893506
MAE: 2.5127242186973833
EVS: 0.7728876452019803
