Model: GRU
MSE: 7.008069380199418
MAE: 2.2127575627688705
EVS: 0.7983133764524755
