Model: GRU
MSE: 7.062061360547291
MAE: 2.2347612380981445
EVS: 0.7950317461310695
