Model: GRU
MSE: 7.502183249571667
MAE: 2.1242644745728065
EVS: 0.7861674718927966
