Model: GRU
MSE: 6.527436192290444
MAE: 2.1183589737990807
EVS: 0.8069285133823527
