Model: GRU
MSE: 6.411528383454348
MAE: 2.047592983163636
EVS: 0.8045346643360649
