Model: GRU
MSE: 8.833953270887179
MAE: 2.36216903754643
EVS: 0.7293249915188247
