Model: GRU
MSE: 9.128553703169308
MAE: 2.3116576147490533
EVS: 0.8060997971660236
