Model: GRU
MSE: 8.33745044190204
MAE: 2.1485410969832848
EVS: 0.7923077569410556
