Model: GRU
MSE: 8.891744786841373
MAE: 2.2627442807986817
EVS: 0.8060861319396616
