Model: GRU
MSE: 7.720766149100606
MAE: 2.245766569828165
EVS: 0.792655581423301
