Model: GRU
MSE: 6.608626061493804
MAE: 2.026424128433754
EVS: 0.8022547216894749
