Model: GRU
MSE: 275.72200331096553
MAE: 15.549085460860153
EVS: -0.03806719001505243
