Model: GRU
MSE: 8.488017284934193
MAE: 2.4719029130606818
EVS: 0.7864375864509539
