Model: GRU
MSE: 6.909891464494645
MAE: 2.051724105045713
EVS: 0.7951499034651979
