Model: GRU
MSE: 398.00575084414555
MAE: 19.004065694480108
EVS: -0.12684468541387517
