Model: GRU
MSE: 6.545847806590448
MAE: 2.112707092844207
EVS: 0.8013587501898076
