Model: GRU
MSE: 7.134309512281624
MAE: 2.1367218350542
EVS: 0.7918370431713682
