Model: GRU
MSE: 7.392692745435634
MAE: 2.1605215278165093
EVS: 0.7762163075252974
