Model: GRU
MSE: 7.869164195263668
MAE: 2.1280072105341943
EVS: 0.8072696887467521
