Model: GRU
MSE: 7.546073530948014
MAE: 2.3246458481098045
EVS: 0.7730410820595334
