Model: GRU
MSE: 1020.6366235892382
MAE: 31.28107659570102
EVS: -0.28828637260059287
