Model: GRU
MSE: 6.2572499586759625
MAE: 2.0772057648362785
EVS: 0.8088922511630312
