Model: GRU
MSE: 12.979915582507546
MAE: 2.735988403188771
EVS: 0.7352692858681888
