Model: GRU
MSE: 2794.44081019805
MAE: 52.43813225318645
EVS: -0.3663288423044897
