Model: GRU
MSE: 6.621698005642815
MAE: 2.1510900546764504
EVS: 0.7981114278131755
