Model: GRU
MSE: 8.32490666004516
MAE: 2.1995809365963113
EVS: 0.7908673436077818
