Model: GRU
MSE: 7.273120555805392
MAE: 2.034264227439617
EVS: 0.8197459177939379
