Model: GRU
MSE: 6.403635270759569
MAE: 1.9918467628544774
EVS: 0.8111879514048472
