Model: GRU
MSE: 6.804511522435327
MAE: 2.066467381756881
EVS: 0.803468735857336
