Model: GRU
MSE: 8.898243192469879
MAE: 2.269439224539132
EVS: 0.7896181748553581
