Model: GRU
MSE: 7.839377012040857
MAE: 2.3077296018600464
EVS: 0.790844953731898
