Model: GRU
MSE: 6.730600035754911
MAE: 2.141206067183922
EVS: 0.804004216185252
