Model: GRU
MSE: 297.00707603429584
MAE: 16.314283765595533
EVS: 0.056625050814567146
