Model: GRU
MSE: 7.411443848560468
MAE: 2.3322285701488625
EVS: 0.7860342867020393
