Model: GRU
MSE: 5.7004902614961965
MAE: 1.9938379988588135
EVS: 0.8284048108817657
