Model: GRU
MSE: 418.2726079365101
MAE: 19.55063375933417
EVS: -0.10220139311736531
