Model: GRU
MSE: 6747.784387332706
MAE: 81.93741752361429
EVS: -0.04100429540242989
