Model: GRU
MSE: 6.421006632824342
MAE: 2.046373965411351
EVS: 0.8076709401427444
