Model: GRU
MSE: 5.969775584566613
MAE: 1.932428507969297
EVS: 0.8220802530074167
