Model: GRU
MSE: 6.730894786084444
MAE: 2.2153707537157783
EVS: 0.7956888966020592
