Model: GRU
MSE: 7.888712106429333
MAE: 2.3034493224374177
EVS: 0.8090776789205605
