Model: GRU
MSE: 15.8526337142539
MAE: 3.119647726930421
EVS: 0.7869689862651282
