Model: GRU
MSE: 1524.3048059474988
MAE: 38.59010314941406
EVS: -0.07356237650218289
