Model: GRU
MSE: 7.416042069168927
MAE: 2.1376469104454436
EVS: 0.8074270577080274
