Model: GRU
MSE: 6.735431502905785
MAE: 2.2090367983127464
EVS: 0.7969675713083894
