Model: GRU
MSE: 6.63056351552354
MAE: 2.0515560692754287
EVS: 0.8113316742670199
