Model: GRU
MSE: 6.52245483187957
MAE: 2.084573482644969
EVS: 0.8006119667833848
