Model: GRU
MSE: 9.344015129630732
MAE: 2.2556561252166487
EVS: 0.8140212806058416
