Model: GRU
MSE: 6.432154830001612
MAE: 2.037472761910537
EVS: 0.8068497092742665
