Model: GRU
MSE: 5.956507506128956
MAE: 1.959214970983308
EVS: 0.8189520757910413
