Model: GRU
MSE: 6.270000474725664
MAE: 2.0008444375005263
EVS: 0.8180491140942736
