Model: GRU
MSE: 234.749145272067
MAE: 14.24382655373935
EVS: 0.025700421994245493
