Model: GRU
MSE: 10.574864725644053
MAE: 2.449640047961268
EVS: 0.7920109762240864
