Model: GRU
MSE: 6.683662069243259
MAE: 2.0990908598077707
EVS: 0.7962773699683041
