Model: GRU
MSE: 6.669823677870504
MAE: 2.12806152269758
EVS: 0.8032616495966838
