Model: GRU
MSE: 6.269693996272099
MAE: 2.0756924152374268
EVS: 0.8083905565201739
