Model: GRU
MSE: 7.650388388496242
MAE: 2.158092942731134
EVS: 0.8004162356739712
