Model: GRU
MSE: 322.40399005006196
MAE: 16.95910748942145
EVS: -0.06389716711856996
