Model: GRU
MSE: 8.306192792250627
MAE: 2.443596543936894
EVS: 0.7945538574341455
