Model: GRU
MSE: 8.964348829576696
MAE: 2.4050912281562544
EVS: 0.7846899964052625
