Model: GRU
MSE: 9.951765322733745
MAE: 2.4427213422183334
EVS: 0.7989282269335205
