Model: GRU
MSE: 5.842958400572233
MAE: 1.9246930500556683
EVS: 0.8280680660733397
