Model: GRU
MSE: 13.89606354095348
MAE: 2.8703142774516137
EVS: 0.7648280505782734
