Model: GRU
MSE: 5.958033532821599
MAE: 2.004581673391934
EVS: 0.8179733349081022
