Model: GRU
MSE: 1334.0954953631874
MAE: 35.73472282804292
EVS: -0.7467823651139469
