Model: GRU
MSE: 6.3002144586058515
MAE: 2.0157569174108834
EVS: 0.807984277710414
