Model: GRU
MSE: 6.557145380165468
MAE: 2.000130725317988
EVS: 0.8180358929702102
