Model: GRU
MSE: 633.9134160574403
MAE: 24.247086393422094
EVS: -0.4063594268631634
