Model: GRU
MSE: 520.7365269587065
MAE: 22.05454061771261
EVS: -0.04986488685562862
