Model: GRU
MSE: 6.866176132679584
MAE: 2.000912440234217
EVS: 0.8149744463958786
