Model: GRU
MSE: 8.153458654460504
MAE: 2.42851342003921
EVS: 0.7946606303929755
