Model: GRU
MSE: 8.596377375805933
MAE: 2.1688520425352555
EVS: 0.8024994880919207
