Model: GRU
MSE: 6.383076272292833
MAE: 2.010642376439325
EVS: 0.8051542933487812
