Model: GRU
MSE: 6.243465716477628
MAE: 2.141488893278714
EVS: 0.816292515339576
