Model: GRU
MSE: 8.18323886827949
MAE: 2.3237005986016372
EVS: 0.7607778501047054
