Model: GRU
MSE: 625.5264298393096
MAE: 24.074366158452527
EVS: -0.40510897463692297
