Model: GRU
MSE: 9.413571612832294
MAE: 2.5849585039862273
EVS: 0.8133089799100184
