Model: GRU
MSE: 215.9464437443222
MAE: 13.506131994313208
EVS: -0.025312949246581784
