Model: GRU
MSE: 8.403103999254181
MAE: 2.1753856765812842
EVS: 0.7962458364109872
