Model: GRU
MSE: 6.357639103065446
MAE: 2.036844594725247
EVS: 0.8058581755094069
