Model: GRU
MSE: 8.106759395554558
MAE: 2.1585219153042496
EVS: 0.7910732372154008
