Model: GRU
MSE: 5.995423768647313
MAE: 1.9755709520701705
EVS: 0.8212911434685978
