Model: GRU
MSE: 1076.7619843186806
MAE: 32.08049741284601
EVS: -0.45563475309407253
