Model: GRU
MSE: 6.283943102728241
MAE: 2.0618898704134185
EVS: 0.8145165096589302
