Model: GRU
MSE: 7.321897905983261
MAE: 2.1420647111432305
EVS: 0.7778436790372713
