Model: GRU
MSE: 29.87367037691302
MAE: 4.495956281135822
EVS: 0.2717545977114372
