Model: GRU
MSE: 5.854651397470814
MAE: 1.9309274122632782
EVS: 0.8245630246506084
