Model: GRU
MSE: 2436.2191964497033
MAE: 48.986472228477744
EVS: -0.11747237813768252
