Model: GRU
MSE: 213.07739676598607
MAE: 13.33199569891239
EVS: -0.08048964197289266
