Model: GRU
MSE: 1612.3908189295819
MAE: 39.70341353580869
EVS: -0.10172574881935592
