Model: GRU
MSE: 815.7948304858475
MAE: 27.72719222101672
EVS: -0.4371035038666393
