Model: GRU
MSE: 404.28636240833305
MAE: 19.145470553431018
EVS: -0.15393947494818638
