Model: GRU
MSE: 403.95782079613724
MAE: 19.193914914953297
EVS: -0.08709953621179256
