Model: GRU
MSE: 796.4069808525009
MAE: 27.663229646353887
EVS: 0.047406176714396286
