Model: GRU
MSE: 7.6849427564778585
MAE: 2.1031541701020866
EVS: 0.809241347281121
