Model: GRU
MSE: 237.71318366410927
MAE: 14.258449796972604
EVS: -0.05218968507944077
