Model: GRU
MSE: 6.682873806269254
MAE: 2.0233996325525743
EVS: 0.796198809863558
