Model: GRU
MSE: 866.9523033944834
MAE: 28.699138427602833
EVS: -0.3243957553902761
