Model: GRU
MSE: 1672.3614180325212
MAE: 40.60009969513992
EVS: 0.266327272026297
