Model: GRU
MSE: 2175.0668221211126
MAE: 46.294658792429956
EVS: 0.02543014018933143
