Model: GRU
MSE: 725.0567461014701
MAE: 26.077397675349793
EVS: -0.3768165728200623
