Model: GRU
MSE: 6.342625974592448
MAE: 1.9750670338499134
EVS: 0.8260801716468295
