Model: GRU
MSE: 6.246598813841251
MAE: 1.98464559686595
EVS: 0.8172129652380055
