Model: GRU
MSE: 3155.30205260276
MAE: 55.8646890048323
EVS: -0.053069785270632774
