Model: GRU
MSE: 249.0731051011091
MAE: 14.604222733398963
EVS: -0.09438731368602826
