Model: GRU
MSE: 9.69197693092838
MAE: 2.3713665090758225
EVS: 0.790310738570754
