Model: GRU
MSE: 6.7869107949930205
MAE: 2.1196421508131356
EVS: 0.8077138374802104
