Model: GRU
MSE: 7.239977987289917
MAE: 2.1525118844262483
EVS: 0.788511742992561
