Model: GRU
MSE: 6.07024290023358
MAE: 1.9470112364867638
EVS: 0.8166001263617073
