Model: GRU
MSE: 7.412256430838654
MAE: 2.075379973855512
EVS: 0.8202864036243129
