Model: GRU
MSE: 6.858908533945698
MAE: 2.080437158716136
EVS: 0.8016182300818082
