Model: GRU
MSE: 6.709079446162358
MAE: 2.084254157954249
EVS: 0.7976788970984143
