Model: GRU
MSE: 7.414189587232084
MAE: 2.1354491094063066
EVS: 0.7790364581855852
