Model: GRU
MSE: 2532.5008989694884
MAE: 49.94545206342425
EVS: -0.17299824041369338
