Model: GRU
MSE: 10.690098243018248
MAE: 2.5669920691128434
EVS: 0.8015667677365164
