Model: GRU
MSE: 236.87513891594355
MAE: 14.2279419405707
EVS: -0.05313803752188062
