Model: GRU
MSE: 6.6977671733344115
MAE: 2.0352530458877824
EVS: 0.8058459552876429
