Model: GRU
MSE: 8.173895860718611
MAE: 2.250864053594655
EVS: 0.8306045234452215
