Model: GRU
MSE: 6.751170973303271
MAE: 2.174322642129043
EVS: 0.799887890326163
