Model: GRU
MSE: 319.78223914170565
MAE: 16.821463954859766
EVS: -0.12590751338430328
