Model: GRU
MSE: 233.2330712603268
MAE: 14.12641920097943
EVS: -0.029792947356432897
