Model: GRU
MSE: 296.89982813923376
MAE: 16.205912972318714
EVS: -0.047860417444489656
