Model: GRU
MSE: 616.3312960922974
MAE: 24.169795299398487
EVS: 0.01684066558119146
