Model: GRU
MSE: 8.438623892754887
MAE: 2.4617598180113167
EVS: 0.8026936581377202
