Model: GRU
MSE: 7.96293235369715
MAE: 2.197685956954956
EVS: 0.7885033486941291
