Model: GRU
MSE: 7.27387676090831
MAE: 2.2900769874967377
EVS: 0.8043570324055573
