Model: GRU
MSE: 7.950080963596543
MAE: 2.324392499594853
EVS: 0.813231068150905
