Model: GRU
MSE: 10.58483721003
MAE: 2.468790509577455
EVS: 0.7914804686667549
