Model: GRU
MSE: 6.6772310525129015
MAE: 2.1799052254907014
EVS: 0.8000216573668928
