Model: GRU
MSE: 10.298393076100343
MAE: 2.5697885258444426
EVS: 0.7913005173837326
