Model: GRU
MSE: 10.003869745187492
MAE: 2.4615785564695085
EVS: 0.7339270175170856
