Model: GRU
MSE: 5304.949448844109
MAE: 72.53557810290107
EVS: -0.33135539184071705
