Model: GRU
MSE: 6.462445577739134
MAE: 2.0265575606247475
EVS: 0.8023910651904959
