Model: GRU
MSE: 6.390749705180494
MAE: 1.9919847332198044
EVS: 0.821517139432455
