Model: GRU
MSE: 7.50378984870645
MAE: 2.1249217226587493
EVS: 0.782656241203336
