Model: GRU
MSE: 6.137544822624316
MAE: 2.014062523841858
EVS: 0.8123528513197721
