Model: GRU
MSE: 266.9828809084913
MAE: 15.256019904695709
EVS: -0.0468979593841643
