Model: GRU
MSE: 9.518483110474147
MAE: 2.345215152049887
EVS: 0.8214238589936083
