Model: GRU
MSE: 6.582201517641569
MAE: 2.0863327383995056
EVS: 0.8001473369561006
