Model: GRU
MSE: 832.0022409624377
MAE: 28.24950538832566
EVS: -0.038670853782414305
