Model: GRU
MSE: 9.83159133083337
MAE: 2.7053285960493416
EVS: 0.7858934735626937
