Model: GRU
MSE: 7.492652426524262
MAE: 2.2247380388194116
EVS: 0.7975930437352714
