Model: GRU
MSE: 725.3331357643842
MAE: 26.048117341666387
EVS: -0.43193813250493074
