Model: GRU
MSE: 322.4470161994082
MAE: 16.981077161328546
EVS: -0.042412047034019906
