Model: GRU
MSE: 364.34263879694555
MAE: 18.061840016266395
EVS: -0.1654140784804825
