Model: GRU
MSE: 1537.1487251710953
MAE: 38.8280590978162
EVS: 0.09700874912451696
