Model: GRU
MSE: 7.288310168822194
MAE: 2.0586504977324913
EVS: 0.7907914168809734
