Model: GRU
MSE: 245.27527894892717
MAE: 14.430460839435971
EVS: -0.13252736908086726
