Model: GRU
MSE: 9.352402653612645
MAE: 2.3714211624244164
EVS: 0.8225957955783562
