Model: GRU
MSE: 6.7202579247325875
MAE: 2.187190080511159
EVS: 0.7961976628432728
