Model: GRU
MSE: 221.7758922535673
MAE: 13.751541384335223
EVS: 0.0009794289426079406
