Model: GRU
MSE: 6.947492573284907
MAE: 2.153783082962036
EVS: 0.7898102796292832
