Model: GRU
MSE: 468.8861856681482
MAE: 20.783526831659778
EVS: -0.12928972419622853
