Model: GRU
MSE: 6.342251119587714
MAE: 2.074002370752137
EVS: 0.8065472196146124
