Model: GRU
MSE: 6.394016578828592
MAE: 2.0662494116816026
EVS: 0.8059056100229708
