Model: GRU
MSE: 1965.2598956735383
MAE: 43.44467679385481
EVS: -1.3795944578483477
