Model: GRU
MSE: 10.16346093749849
MAE: 2.4485570686204094
EVS: 0.7554483978739
