Model: GRU
MSE: 9.905769885088398
MAE: 2.4943048337410234
EVS: 0.7575909076381375
