Model: GRU
MSE: 9.299724476515033
MAE: 2.590197201432853
EVS: 0.8009069598300078
