Model: GRU
MSE: 9.684717291480345
MAE: 2.429724751199995
EVS: 0.743236394437227
