Model: GRU
MSE: 257.78791594184844
MAE: 14.807023307372784
EVS: -0.17848328538632852
