Model: GRU
MSE: 7.022509063209156
MAE: 2.038204608292415
EVS: 0.8200869340238957
