Model: GRU
MSE: 6.313950599247803
MAE: 2.054596251454847
EVS: 0.8153660387342855
