Model: GRU
MSE: 611.7888024907814
MAE: 23.736346590107885
EVS: -0.47921002830179615
