Model: GRU
MSE: 235.0980485399933
MAE: 14.243225843741977
EVS: 0.014508318340795245
