Model: GRU
MSE: 9.919918583960696
MAE: 2.451940360768088
EVS: 0.8169625905213234
