Model: GRU
MSE: 7.672830473488393
MAE: 2.1278344865502983
EVS: 0.7886869920239584
