Model: GRU
MSE: 6.594968009842213
MAE: 1.965475082397461
EVS: 0.8155982138250923
