Model: GRU
MSE: 1970.5135420518254
MAE: 44.009025771042396
EVS: -0.03107236746926212
