Model: GRU
MSE: 6.223183315438139
MAE: 1.9385688818734268
EVS: 0.8208890684524339
