Model: GRU
MSE: 8.85497036694514
MAE: 2.2492578728445647
EVS: 0.8041869178179721
