Model: GRU
MSE: 8.230608843913837
MAE: 2.166468986149492
EVS: 0.8081916556714863
