Model: GRU
MSE: 238.70833512316
MAE: 14.270170113136029
EVS: -0.07239536545439118
