Model: GRU
MSE: 6.510684046424176
MAE: 2.1064475240378546
EVS: 0.8013841050880024
