Model: GRU
MSE: 8.110631877398493
MAE: 2.3205978623751937
EVS: 0.7875911116574312
