Model: GRU
MSE: 1908.0421431649127
MAE: 43.180678038761535
EVS: -0.32927084982941945
