Model: GRU
MSE: 9.175225568937929
MAE: 2.2832087689432603
EVS: 0.8117722030604821
