Model: GRU
MSE: 6.890596591591269
MAE: 2.009508617993059
EVS: 0.8199576955476244
