Model: GRU
MSE: 373.94583264504223
MAE: 18.37923451127677
EVS: -0.10538898377588368
