Model: GRU
MSE: 8.289982977490352
MAE: 2.20787912607193
EVS: 0.8049383875089895
