Model: GRU
MSE: 6.6044951658440025
MAE: 2.125290328058703
EVS: 0.801199587012255
