Model: GRU
MSE: 8.329324444930034
MAE: 2.5101988849968744
EVS: 0.7912715592967796
