Model: GRU
MSE: 393.65642988382996
MAE: 18.947482141955145
EVS: -0.059514917554310376
