Model: GRU
MSE: 7.725741844332715
MAE: 2.1756391525268555
EVS: 0.7765498835438543
