Model: GRU
MSE: 1001.5426429056887
MAE: 31.10771294297843
EVS: -0.03515901077993466
