Model: GRU
MSE: 26.56529950062276
MAE: 4.314485977435934
EVS: 0.18905912793509083
