Model: GRU
MSE: 513.7678782136039
MAE: 21.892050923972295
EVS: -0.055131048564599494
