Model: GRU
MSE: 1428.9521837256573
MAE: 36.99582603059966
EVS: -0.8426743993171437
