Model: GRU
MSE: 6.50213577695269
MAE: 2.0903626351520934
EVS: 0.8019342965910773
