Model: GRU
MSE: 8.303231696910357
MAE: 2.2189651460483155
EVS: 0.825415879893206
