Model: GRU
MSE: 7.57162120922437
MAE: 2.1040238635293367
EVS: 0.794938399562824
