Model: GRU
MSE: 1335.855258433977
MAE: 35.94513189381566
EVS: -0.3394094905334941
