Model: GRU
MSE: 8.598586793680232
MAE: 2.2533268270821405
EVS: 0.7702331432890938
