Model: GRU
MSE: 1384.4947907093583
MAE: 36.566863750589306
EVS: -0.4481613204446717
