Model: GRU
MSE: 7.606827811946177
MAE: 2.3256874146132636
EVS: 0.7881872350753919
