Model: GRU
MSE: 5.923073305445204
MAE: 2.0009153793598045
EVS: 0.8198390212250997
