Model: GRU
MSE: 6.9166830893085
MAE: 1.9781991942175503
EVS: 0.8013260635163126
