Model: GRU
MSE: 5.771101416199191
MAE: 2.022054100858754
EVS: 0.8250502466966715
