Model: GRU
MSE: 6.160001448663587
MAE: 1.943620985951917
EVS: 0.8123459792025183
