Model: GRU
MSE: 505.357674268739
MAE: 21.72972185858365
EVS: -0.014488874033991683
