Model: GRU
MSE: 6.001047504515913
MAE: 2.00658302882622
EVS: 0.8166061975025247
