Model: GRU
MSE: 12.364661938069217
MAE: 2.940860920938952
EVS: 0.7868577009366757
