Model: GRU
MSE: 8.804439857186201
MAE: 2.288569824448947
EVS: 0.8097736680784038
