Model: GRU
MSE: 2161.074889903838
MAE: 45.512992727345434
EVS: -1.7411031068195064
