Model: GRU
MSE: 6.401821938054732
MAE: 2.014342797213587
EVS: 0.8106613692142306
