Model: GRU
MSE: 7.862844331626981
MAE: 2.0941317184218047
EVS: 0.8023346363372758
