Model: GRU
MSE: 46.61154242901673
MAE: 5.995243721994861
EVS: -0.006687963887792803
