Model: GRU
MSE: 6.999185435761194
MAE: 2.205703011874495
EVS: 0.7911939228287648
