Model: GRU
MSE: 2966.6592714946355
MAE: 54.125663362700365
EVS: -0.1335902103405937
