Model: GRU
MSE: 1445.0208416124951
MAE: 37.5611221050394
EVS: -0.04525316531639123
