Model: GRU
MSE: 15.438823923910679
MAE: 3.0795623834790855
EVS: 0.7579735328799249
