Model: GRU
MSE: 387.47815347919646
MAE: 18.722952760499098
EVS: -0.12922842411542224
