Model: GRU
MSE: 6.289387640979893
MAE: 1.9926653237178409
EVS: 0.8255441792904258
