Model: GRU
MSE: 206.7427086690037
MAE: 13.100865578856961
EVS: -0.07360166608972851
