Model: GRU
MSE: 1414.197764811751
MAE: 37.145382683852624
EVS: -0.05245012058109033
