Model: GRU
MSE: 479.8834072703676
MAE: 21.327399467599804
EVS: 0.23476700448694443
