Model: GRU
MSE: 6.480283209335508
MAE: 2.06464593163852
EVS: 0.8018482488523855
