Model: GRU
MSE: 467.0032740490906
MAE: 20.825612361090524
EVS: -0.02910921963373747
