Model: GRU
MSE: 7.495070903758677
MAE: 2.0779257930558304
EVS: 0.8096672572573824
