Model: GRU
MSE: 6.125094786019607
MAE: 1.999210760511201
EVS: 0.8127526145794925
