Model: GRU
MSE: 6.185279280146167
MAE: 2.021846323177732
EVS: 0.8109374684782155
