Model: GRU
MSE: 6.682825083592933
MAE: 2.0026293314736465
EVS: 0.814544594337102
