Model: GRU
MSE: 7.016748816325063
MAE: 2.059678009871779
EVS: 0.8100282991728786
