Model: GRU
MSE: 6007.5226199346325
MAE: 77.30995388688713
EVS: 0.06144329847426
