Model: GRU
MSE: 6.329947042076977
MAE: 2.110930352375425
EVS: 0.8153502055116966
