Model: GRU
MSE: 443.5122552768661
MAE: 20.167959788749958
EVS: -0.12422765933735769
