Model: GRU
MSE: 11.017616396073736
MAE: 2.5243910376367897
EVS: 0.7913584956310123
