Model: GRU
MSE: 17.799346357159276
MAE: 3.6394177716353844
EVS: 0.7930455041494806
