Model: GRU
MSE: 777.9809612073403
MAE: 27.29514325898269
EVS: -0.007738841264171459
