Model: GRU
MSE: 14.478788242270424
MAE: 3.1863973469569764
EVS: 0.7810782326856269
