Model: GRU
MSE: 5141.16080811405
MAE: 71.41837212135052
EVS: -0.24076970968694478
