Model: GRU
MSE: 3627.702382172734
MAE: 59.95866683433796
EVS: 0.001295857916354226
