Model: GRU
MSE: 6.718584134001084
MAE: 2.0465947430709313
EVS: 0.8097535026347276
