Model: GRU
MSE: 8.034705807609452
MAE: 2.2173263944428543
EVS: 0.7985048812760698
