Model: GRU
MSE: 8.687332942885037
MAE: 2.237182325330274
EVS: 0.782662017207441
