Model: GRU
MSE: 1992.9242275935399
MAE: 44.20259475708008
EVS: -0.19422701264935327
