Model: GRU
MSE: 576.1014462790157
MAE: 23.163895508338666
EVS: -0.20892127162047847
