Model: GRU
MSE: 242.67238731054832
MAE: 14.473510939499427
EVS: -0.01488657958515005
