Model: GRU
MSE: 1016.5742801206871
MAE: 31.160268520486767
EVS: -0.3947314030670821
