Model: GRU
MSE: 6.088668376087549
MAE: 1.900797909703748
EVS: 0.8177289109995394
