Model: GRU
MSE: 281.4671795377777
MAE: 15.766150441663019
EVS: -0.00589082025706511
