Model: GRU
MSE: 423.16401952832996
MAE: 19.4363677912745
EVS: -0.3879944362773833
