Model: GRU
MSE: 8.116493191823473
MAE: 2.2126902300736
EVS: 0.7864825620501685
