Model: GRU
MSE: 7.233174490781192
MAE: 2.2061522006988525
EVS: 0.7989057036613584
