Model: GRU
MSE: 313.4128606882791
MAE: 16.646107722973003
EVS: -0.11059911042033188
