Model: GRU
MSE: 9.712203782387428
MAE: 2.3802818059921265
EVS: 0.8068697352746768
