Model: GRU
MSE: 6938.603242642685
MAE: 83.10449205595872
EVS: 0.013955566548003118
