Model: GRU
MSE: 6.207340927782812
MAE: 2.0858617034451714
EVS: 0.8107978880805833
