Model: GRU
MSE: 6.318986915225412
MAE: 2.0626118511989198
EVS: 0.8075302326576967
