Model: GRU
MSE: 6.274079710750533
MAE: 1.9887880826818531
EVS: 0.8086900819084253
