Model: GRU
MSE: 1257.6210388581503
MAE: 34.949547307244664
EVS: -0.1054076503105521
