Model: GRU
MSE: 8.696092080971642
MAE: 2.4568423896000304
EVS: 0.7992517340408374
