Model: GRU
MSE: 7.332909896660484
MAE: 2.10069386712436
EVS: 0.7978533603032996
