Model: GRU
MSE: 7.006401390460399
MAE: 2.021606552189794
EVS: 0.820049474024855
