Model: GRU
MSE: 7.867466900872404
MAE: 2.1416227447575538
EVS: 0.7900773001093631
