Model: GRU
MSE: 1193.1272379879008
MAE: 33.77221965789795
EVS: -0.6073254980885536
