Model: GRU
MSE: 8.318870152409202
MAE: 2.5045922624653785
EVS: 0.7873932888512005
