Model: GRU
MSE: 8.464728035538688
MAE: 2.160739043663288
EVS: 0.8120971525428476
