Model: GRU
MSE: 5.876555214061305
MAE: 1.944739062210609
EVS: 0.8223568388072352
