Model: GRU
MSE: 7.130237350630069
MAE: 2.2023825254933587
EVS: 0.7931825976986643
