Model: GRU
MSE: 308.4960012711277
MAE: 16.60303914958033
EVS: -0.004038162686891056
