Model: GRU
MSE: 1419.7555570442141
MAE: 36.97687033949227
EVS: -0.6043349366724562
