Model: GRU
MSE: 15.417819468556822
MAE: 3.257343181248369
EVS: 0.8280863076138193
