Model: GRU
MSE: 6.672282397307487
MAE: 2.0374619426398444
EVS: 0.7987994745004139
