Model: GRU
MSE: 7.545346420409401
MAE: 2.215880541965879
EVS: 0.8029335281925997
