Model: GRU
MSE: 5.903624464176047
MAE: 1.9948461261288872
EVS: 0.8199329904495838
