Model: GRU
MSE: 322.82792005043416
MAE: 16.907493320004694
EVS: -0.1303107787118376
