Model: GRU
MSE: 8.583255594260132
MAE: 2.3264996676609435
EVS: 0.8235441309975444
