Model: GRU
MSE: 7.0278991412690015
MAE: 2.1449833902819404
EVS: 0.8030089197368757
