Model: GRU
MSE: 248.80094931229323
MAE: 14.62327814924306
EVS: -0.06903498642886619
