Model: GRU
MSE: 8.0974782679263
MAE: 2.34506370281351
EVS: 0.7545389214779589
