Model: GRU
MSE: 7.600797956475421
MAE: 2.0970262453473847
EVS: 0.8086657720014588
