Model: GRU
MSE: 9711.806667604536
MAE: 98.25685040704136
EVS: -0.7551282556670442
