Model: GRU
MSE: 6.690053244910559
MAE: 2.150558660770285
EVS: 0.8229774219193743
