Model: GRU
MSE: 6.447905139851302
MAE: 1.997091361160936
EVS: 0.8068394563061864
