Model: GRU
MSE: 7.246668177340525
MAE: 2.1675285553110055
EVS: 0.8077238048923052
