Model: GRU
MSE: 7.4015754592414265
MAE: 2.069490539616552
EVS: 0.7938955807807863
