Model: GRU
MSE: 6.989526764257232
MAE: 2.032332486119764
EVS: 0.8020303185403159
