Model: GRU
MSE: 10.160630304960813
MAE: 2.4698870110100715
EVS: 0.8204571153147426
