Model: GRU
MSE: 10.554556549302099
MAE: 2.4857863650239747
EVS: 0.8142895662793255
