Model: GRU
MSE: 219.04249160869074
MAE: 13.635080715705609
EVS: -0.012966179371065145
