Model: GRU
MSE: 8.260272989335322
MAE: 2.164772810607121
EVS: 0.7906395762572628
