Model: GRU
MSE: 6.743967727599134
MAE: 2.106787373279703
EVS: 0.7983654461294809
