Model: GRU
MSE: 6.723726522457547
MAE: 2.220039458110415
EVS: 0.8101194627111136
