Model: GRU
MSE: 6.654144537512688
MAE: 2.07889475082529
EVS: 0.7990839873318321
