Model: GRU
MSE: 7.377044265474738
MAE: 2.0614843306870294
EVS: 0.7868846003864962
