Model: GRU
MSE: 240.98680905785616
MAE: 14.35989711202424
EVS: -0.06351496334195139
