Model: GRU
MSE: 8.49985925351969
MAE: 2.3043763719756027
EVS: 0.7955678236397086
