Model: GRU
MSE: 6.764298284272484
MAE: 2.137549955269386
EVS: 0.8020062657626478
