Model: GRU
MSE: 7.080375254696045
MAE: 2.1044228426341354
EVS: 0.7899362730317694
