Model: GRU
MSE: 7.425115986162546
MAE: 2.2575043850931626
EVS: 0.7917485398132889
