Model: GRU
MSE: 7.443228687533049
MAE: 2.062841826471789
EVS: 0.8024333664041765
