Model: GRU
MSE: 6.4617286080115965
MAE: 2.1026654079042633
EVS: 0.8030596796755115
