Model: GRU
MSE: 607.0703233836146
MAE: 23.979342986797466
EVS: 0.019618939229936627
