Model: GRU
MSE: 222.03361085503508
MAE: 13.736797978138101
EVS: -0.019293625624678512
