Model: GRU
MSE: 7457.970431275828
MAE: 86.18158129988045
EVS: 0.06108168106012801
