Model: GRU
MSE: 8.35681307668365
MAE: 2.1916635570854974
EVS: 0.7842962020187825
