Model: GRU
MSE: 8.331185990835095
MAE: 2.3403440919415703
EVS: 0.7771951551834986
