Model: GRU
MSE: 9.479166801212838
MAE: 2.404310292005539
EVS: 0.7646004051753947
