Model: GRU
MSE: 7.908845107345298
MAE: 2.233861808119149
EVS: 0.7914798515921242
