Model: GRU
MSE: 5742.633104439661
MAE: 75.55578928980334
EVS: -0.03830767513711919
