Model: GRU
MSE: 7.1983867698818695
MAE: 2.254676210469213
EVS: 0.7823786415903418
