Model: GRU
MSE: 222.72346701743268
MAE: 13.765365962324472
EVS: -0.016363462395841744
