Model: GRU
MSE: 878.3597089344137
MAE: 29.091620511022107
EVS: 0.020356128612654678
