Model: GRU
MSE: 45.7222223282075
MAE: 5.816775856346919
EVS: 0.15174883676856743
