Model: GRU
MSE: 7.160584013953803
MAE: 2.1056144114198356
EVS: 0.7977718430670497
