Model: GRU
MSE: 6.138739241909327
MAE: 2.085077265213276
EVS: 0.8152040533407294
