Model: GRU
MSE: 8.472634564511369
MAE: 2.1556163265787323
EVS: 0.8015113185551833
