Model: GRU
MSE: 7.2838465593519865
MAE: 2.175592796555881
EVS: 0.7924190125889907
