Model: GRU
MSE: 311.4188984585397
MAE: 16.55166629676161
EVS: -0.14549749207729845
