Model: GRU
MSE: 227.1769097306762
MAE: 13.881365882939306
EVS: -0.05447687065551721
