Model: GRU
MSE: 7.8692276930702425
MAE: 2.284933957560309
EVS: 0.8030726450759431
