Model: GRU
MSE: 201.69779372105938
MAE: 13.000161680681952
EVS: 0.0002887226914964902
