Model: GRU
MSE: 6.040098093717092
MAE: 2.0729127259090028
EVS: 0.8183437855225641
