Model: GRU
MSE: 6.25625443461001
MAE: 2.047317418558844
EVS: 0.8091645026421199
