Model: GRU
MSE: 504.49887293280136
MAE: 21.58782561071988
EVS: -0.1761801844818507
