Model: GRU
MSE: 896.9646487955673
MAE: 29.179998299171185
EVS: -0.39107431721853225
