Model: GRU
MSE: 5.871407244121479
MAE: 1.9881354405962188
EVS: 0.8263541611634332
