Model: GRU
MSE: 8.145155870950916
MAE: 2.1595364603503
EVS: 0.8065575418645725
