Model: GRU
MSE: 6.46080576522209
MAE: 1.9936396006880135
EVS: 0.809531814450398
