Model: GRU
MSE: 8.104587887447712
MAE: 2.13745798735783
EVS: 0.7851888982817736
