Model: GRU
MSE: 13.496991582972269
MAE: 2.8259227501934974
EVS: 0.7823303476217869
