Model: GRU
MSE: 2148.070505740922
MAE: 45.98006939065868
EVS: -0.03671501965493551
