Model: GRU
MSE: 6.809091843903483
MAE: 2.1009262265830206
EVS: 0.7981727884897466
