Model: GRU
MSE: 7.145833832739339
MAE: 2.172355795728749
EVS: 0.7815847099473927
