Model: GRU
MSE: 6.515579071301855
MAE: 2.0740712675555
EVS: 0.8011517543425775
