Model: GRU
MSE: 6.2386583964508775
MAE: 2.034549063649671
EVS: 0.8097820779576025
