Model: GRU
MSE: 6.389174586605972
MAE: 2.0212536125347533
EVS: 0.8064801242525191
