Model: GRU
MSE: 233.01310244891678
MAE: 14.157813057817261
EVS: 0.004085255318040493
