Model: GRU
MSE: 6.205592182646436
MAE: 1.9502557063924855
EVS: 0.8103991196991163
