Model: GRU
MSE: 6.380237618830792
MAE: 2.0896270275115967
EVS: 0.8181379037838392
