Model: GRU
MSE: 6.774915967039588
MAE: 2.077973957719474
EVS: 0.7988072412692435
