Model: GRU
MSE: 7.47169402551071
MAE: 2.0357725484030587
EVS: 0.629125562520618
