Model: GRU
MSE: 27.454160478529023
MAE: 4.490225056239537
EVS: -0.016590747453311794
