Model: GRU
MSE: 31.12252978670525
MAE: 5.167582339927798
EVS: 0.22137372406912803
