Model: GRU
MSE: 15.503398362136668
MAE: 3.326030973660744
EVS: 0.21281796746042747
