Model: GRU
MSE: 7.118355995787437
MAE: 2.0956011056900024
EVS: 0.6687164062040261
