Model: GRU
MSE: 34.7921987622262
MAE: 5.117161353429158
EVS: 0.23305221775469964
