Model: GRU
MSE: 18.287048688998404
MAE: 3.7742541948954265
EVS: 0.12314485369651185
