Model: GRU
MSE: 9.263925655203561
MAE: 2.4300039447083766
EVS: 0.45857564027928477
