Model: GRU
MSE: 27.090385082091654
MAE: 4.625002517074835
EVS: -0.10072070631820651
