Model: GRU
MSE: 18.35133008782059
MAE: 3.805792967478434
EVS: 0.3964131895488203
