Model: GRU
MSE: 841.0324326547031
MAE: 28.737312414208237
EVS: -0.5968118569534537
