Model: GRU
MSE: 6.853936408218605
MAE: 1.9854199137006487
EVS: 0.6529073949734034
