Model: GRU
MSE: 10.135412960989136
MAE: 2.676657724380493
EVS: 0.6561614789637293
