Model: GRU
MSE: 8.781877451531727
MAE: 2.429201682408651
EVS: 0.48771067396703904
