Model: GRU
MSE: 6.270825180887413
MAE: 1.8565940550395421
EVS: 0.6769966330720558
