Model: GRU
MSE: 2235.406333357482
MAE: 47.15494550069173
EVS: -0.47334418920827126
