Model: GRU
MSE: 7.292903434995667
MAE: 2.121139737537929
EVS: 0.6424021325018905
