Model: GRU
MSE: 10385.463483586807
MAE: 101.87048110961913
EVS: 0.058878251984094576
