Model: GRU
MSE: 6.398503415271931
MAE: 1.9072496448244367
EVS: 0.6725767371278762
