Model: GRU
MSE: 11.041423881765162
MAE: 2.3834415961956155
EVS: 0.1063204659026149
