Model: GRU
MSE: 2471.3985547592497
MAE: 49.68956320626395
EVS: 0.025870395190441542
