Model: GRU
MSE: 22.114939834284797
MAE: 4.229803095058519
EVS: 0.43732850058746875
