Model: GRU
MSE: 7.412248523095617
MAE: 2.1357776948383878
EVS: 0.6682748154339291
