Model: GRU
MSE: 8.016952555390361
MAE: 2.0630289452416557
EVS: 0.6665662366796418
