Model: GRU
MSE: 10.497720456418431
MAE: 2.7068304606846403
EVS: 0.6688246417244258
