Model: GRU
MSE: 38.53963370675092
MAE: 6.189847469329834
EVS: 0.0
