Model: GRU
MSE: 6.575389114533277
MAE: 1.9028399177959987
EVS: 0.6640897202856206
