Model: GRU
MSE: 10.323515636187478
MAE: 2.510531820099929
EVS: 0.156797792889111
