Model: GRU
MSE: 1793.8684238017172
MAE: 42.0960761478969
EVS: -0.12450606763666405
