Model: GRU
MSE: 7.110943459133169
MAE: 2.2515075166346663
EVS: 0.41389527113373326
