Model: GRU
MSE: 17.035958897595034
MAE: 3.4749788556780135
EVS: 0.28573072781138353
