Model: GRU
MSE: 6.66595960132986
MAE: 1.886416929108756
EVS: 0.6559943061137384
