Model: GRU
MSE: 6.597842483311294
MAE: 1.981187163080488
EVS: 0.6685642554539278
