Model: GRU
MSE: 6.660904945724975
MAE: 1.99463757617133
EVS: 0.666520604742963
