Model: GRU
MSE: 11.039216303375545
MAE: 2.72743148803711
EVS: -0.1901257202922082
