Model: GRU
MSE: 22.36978637519563
MAE: 3.9173222366644413
EVS: 0.09793438429660895
