Model: GRU
MSE: 11.997436340784095
MAE: 2.652728114809309
EVS: 0.35957453175598475
