Model: GRU
MSE: 8.463166243215484
MAE: 2.0585226306702173
EVS: 0.5346543669406456
