Model: GRU
MSE: 11.888847690150268
MAE: 2.607287564854713
EVS: 0.36956207989806344
