Model: GRU
MSE: 9466.036575388614
MAE: 97.20565754328018
EVS: -0.0027377022558048303
