Model: GRU
MSE: 6.587688965349525
MAE: 1.853862242040963
EVS: 0.6097602628879947
