Model: GRU
MSE: 698.0361074715066
MAE: 25.983603142047752
EVS: -0.3732944704828953
