Model: GRU
MSE: 2408.7605324831857
MAE: 48.859936359950474
EVS: -0.19711208486954845
