Model: GRU
MSE: 6.652037909642427
MAE: 1.8409769526843367
EVS: 0.6009433080487241
