Model: GRU
MSE: 7.070307509686653
MAE: 1.9558769345283509
EVS: 0.5911628312008672
