Model: GRU
MSE: 1.3290036219410069
MAE: 0.7839862570470694
EVS: 0.9284732423116315
