Model: GRU
MSE: 9.19016899852367
MAE: 2.3479817127359324
EVS: 0.6127725053658464
