Model: GRU
MSE: 11.221595050021913
MAE: 2.575492790550183
EVS: 0.38620331718762924
