Model: GRU
MSE: 9.509837723169273
MAE: 2.3004641828082857
EVS: 0.4860704691054728
