Model: GRU
MSE: 9.134059762972116
MAE: 2.2245487859172206
EVS: 0.4580744984843881
