Model: GRU
MSE: 8.36071677065714
MAE: 2.1508258170440415
EVS: 0.48622286890689104
