Model: GRU
MSE: 1836.4274331048064
MAE: 42.532328267447866
EVS: -0.6067248524806059
