Model: GRU
MSE: 16.03068827273835
MAE: 3.105657087523362
EVS: 0.0382417379945168
