Model: GRU
MSE: 2.2542944685448143
MAE: 1.1230556226911999
EVS: 0.8761200569070825
