Model: GRU
MSE: 12.943746106181013
MAE: 2.865629278487414
EVS: 0.4524992606941084
