Model: GRU
MSE: 11.86405758762497
MAE: 3.0104331970214844
EVS: 0.11539986957822501
