Model: GRU
MSE: 6.413259540088042
MAE: 1.8357614653451102
EVS: 0.6391894737310642
