Model: GRU
MSE: 9.82855397737038
MAE: 2.019422876423803
EVS: 0.054295344775756926
