Model: GRU
MSE: 4.214270726446595
MAE: 1.5660030841827393
EVS: 0.6397504907759162
