Model: GRU
MSE: 11.418838212984818
MAE: 2.9915026664733886
EVS: 0.025604731979186224
