Model: GRU
MSE: 6.337178060726043
MAE: 1.7905233723776681
EVS: 0.6385019259179979
