Model: GRU
MSE: 1742.6509119248344
MAE: 41.539378602164135
EVS: -0.025729417706444213
