Model: GRU
MSE: 6.066208235801149
MAE: 1.8689012527465823
EVS: 0.56017055059087
