Model: GRU
MSE: 10.526206574863423
MAE: 2.6494073089288217
EVS: 0.6303081120064036
