Model: GRU
MSE: 5.853169535046118
MAE: 1.5623932429722378
EVS: 0.6501239878782792
