Model: GRU
MSE: 3545.354527394881
MAE: 58.598247037615096
EVS: -5.682143071707133
