Model: GRU
MSE: 10.794758868507634
MAE: 2.800367021560669
EVS: 0.6069431413621098
