Model: GRU
MSE: 4.039753404511722
MAE: 1.5101351172237072
EVS: 0.6719563296417841
