Model: GRU
MSE: 15.829730006556098
MAE: 2.9162137919458853
EVS: -0.11631696328603547
