Model: GRU
MSE: 308.12459661801887
MAE: 17.172281902663563
EVS: -0.24414121299645308
