Model: GRU
MSE: 6.1026364456574385
MAE: 1.6875998156411307
EVS: 0.6413032704110603
