Model: GRU
MSE: 5.7467749411547695
MAE: 1.8757358001450366
EVS: 0.602132950292347
