Model: GRU
MSE: 8.925512640548305
MAE: 2.434137896129063
EVS: 0.6304328049781647
