Model: GRU
MSE: 26.23610090113078
MAE: 4.4500670830408735
EVS: 0.4893526460982759
