Model: GRU
MSE: 5.873281612526412
MAE: 1.6926335164478847
EVS: 0.6552306827234166
