Model: GRU
MSE: 6.722651525394334
MAE: 1.9674669265747071
EVS: 0.6314559580357215
