Model: GRU
MSE: 6.675329110004756
MAE: 1.9726594039372036
EVS: 0.6290854362388405
