Model: GRU
MSE: 7.51597407094143
MAE: 2.203546292441232
EVS: 0.6553881320142235
