Model: GRU
MSE: 5.645123039463213
MAE: 1.8801116943359357
EVS: -1.110303056284463
