Model: GRU
MSE: 3.433355275898613
MAE: 1.4639017105102545
EVS: 0.26067795599434573
