Model: GRU
MSE: 6.911555822760285
MAE: 2.0287148884364536
EVS: 0.6529935646762011
