Model: GRU
MSE: 5.5218126403499594
MAE: 1.9632666228247464
EVS: 0.5584838556845579
