Model: GRU
MSE: 8.777936951768929
MAE: 2.3688975159002816
EVS: 0.5580236755034985
