Model: GRU
MSE: 10.794758914930043
MAE: 2.8003670011247905
EVS: 0.6069431268380522
