Model: GRU
MSE: 199.26448711969414
MAE: 13.972527844565255
EVS: 0.15549279968121876
