Model: GRU
MSE: 8.772559778227434
MAE: 2.479983595439366
EVS: 0.6552844476910389
