Model: GRU
MSE: 283.7627056944822
MAE: 16.42318651974201
EVS: -0.20325488172353068
