Model: GRU
MSE: 8.53852596864207
MAE: 1.8875265189579555
EVS: 0.6300036298203384
