Model: GRU
MSE: 7.322017987782059
MAE: 2.1268981865474155
EVS: 0.6391921970514434
