Model: GRU
MSE: 9.632837406559977
MAE: 2.3920600891113284
EVS: 0.6087088782554883
