Model: GRU
MSE: 6.7230810778246095
MAE: 1.6819284915924073
EVS: 0.6381704336237806
