Model: GRU
MSE: 13.892167200809837
MAE: 3.147943263151209
EVS: 0.549884543895359
