Model: GRU
MSE: 9.108304604847733
MAE: 2.10124954400352
EVS: 0.5727120647494417
