Model: GRU
MSE: 1.391338457875823
MAE: 0.9886308217248999
EVS: 0.9368484366515526
