Model: GRU
MSE: 0.8231050239462605
MAE: 0.6944179863345865
EVS: 0.9549198817431276
