Model: GRU
MSE: 7.181838756281004
MAE: 1.9163392896105527
EVS: 0.5893458323518485
