Model: GRU
MSE: 6.98143534014112
MAE: 1.9982842599879425
EVS: 0.6286590999147936
