Model: GRU
MSE: 7.050500345246764
MAE: 1.8212556050732385
EVS: 0.6036409458823101
