Model: GRU
MSE: 8.94807765633655
MAE: 2.319068396502528
EVS: 0.7284385845446218
