Model: GRU
MSE: 6.342534950004636
MAE: 1.778389277026571
EVS: 0.7094767308111025
