Model: GRU
MSE: 11.371675129322865
MAE: 2.7369868800898263
EVS: 0.4822215716346602
