Model: GRU
MSE: 4.271177620891627
MAE: 1.3826706343683706
EVS: 0.7772465195338539
