Model: GRU
MSE: 304.2974789717566
MAE: 16.883818387023865
EVS: -0.09215237028002199
