Model: GRU
MSE: 18.57857753940105
MAE: 3.7487807167900935
EVS: 0.1069193333662779
