Model: GRU
MSE: 325.0525017376317
MAE: 17.480335851167812
EVS: -0.12432379868396426
