Model: GRU
MSE: 7.890563253519158
MAE: 1.8797495554233423
EVS: 0.6491785118805556
