Model: GRU
MSE: 351.5706535030998
MAE: 18.212293790067946
EVS: -0.3498495510422661
