Model: GRU
MSE: 5.1281004978204665
MAE: 1.5624834644383399
EVS: 0.7059434170823207
