Model: GRU
MSE: 3.2583941392340656
MAE: 1.3910280579612364
EVS: 0.8315730482023022
