Model: GRU
MSE: 17.63383364080746
MAE: 3.4307375779518714
EVS: 0.019418205633274233
