Model: GRU
MSE: 7.328854800843494
MAE: 1.8571449100197135
EVS: 0.5864879076423661
