Model: GRU
MSE: 520.923138177191
MAE: 21.86452781743017
EVS: -0.011949366508186454
