Model: GRU
MSE: 20.359501979322534
MAE: 2.804842414527104
EVS: 0.5209171626372153
