Model: GRU
MSE: 18.542176959118944
MAE: 2.614191750000263
EVS: 0.5623537355547138
