Model: GRU
MSE: 75.22373004076391
MAE: 7.241075926813586
EVS: 2.220446049250313e-16
