Model: GRU
MSE: 20.676307234953107
MAE: 3.128537790528659
EVS: 0.523927579777633
