Model: GRU
MSE: 18.98480682333362
MAE: 2.6016282953065017
EVS: 0.5520967499698541
