Model: GRU
MSE: 17.465768110603374
MAE: 2.488252076609381
EVS: 0.5881667598514382
