Model: GRU
MSE: 18.43493991107565
MAE: 2.535000340691928
EVS: 0.5842417534174295
