Model: GRU
MSE: 19.17679034600124
MAE: 2.887462274781589
EVS: 0.5594961139722507
