Model: GRU
MSE: 19.953586596294095
MAE: 3.2497268463003226
EVS: 0.5868739760714237
