Model: GRU
MSE: 17.282290417971147
MAE: 2.525145210068801
EVS: 0.5950553449089329
