Model: GRU
MSE: 249.6458468085874
MAE: 14.326758614901838
EVS: -0.047933661185695975
