Model: GRU
MSE: 19.158703589359405
MAE: 2.8938989228215712
EVS: 0.5586294579262387
