Model: GRU
MSE: 18.725217340524434
MAE: 2.8639647302956415
EVS: 0.5750616972925385
