Model: GRU
MSE: 18.31366970675848
MAE: 2.5620949638300927
EVS: 0.5833411703677784
