Model: GRU
MSE: 16.86635674288786
MAE: 2.506698698833071
EVS: 0.6022511062588934
