Model: GRU
MSE: 20.72454951476332
MAE: 3.2063836353165764
EVS: 0.48628471935006345
