Model: GRU
MSE: 232.05082213019452
MAE: 13.641688729154653
EVS: -0.08488688964030366
