Model: GRU
MSE: 18.353713368121714
MAE: 2.8198181349655678
EVS: 0.6097012129732216
