Model: GRU
MSE: 18.776363897778474
MAE: 2.690752621354728
EVS: 0.5866767726302915
