Model: GRU
MSE: 18.853694728306596
MAE: 2.8809788103761345
EVS: 0.5597734840262187
