Model: GRU
MSE: 21.05298542859078
MAE: 2.845973950007866
EVS: 0.5037655794729692
