Model: GRU
MSE: 16.95568584267462
MAE: 2.500000032885321
EVS: 0.6011583271539955
