Model: GRU
MSE: 19.648086680923154
MAE: 2.837057338442121
EVS: 0.5298127167980446
