Model: GRU
MSE: 214.73461793587637
MAE: 13.049924344852053
EVS: -0.04897848564731433
