Model: GRU
MSE: 17.513112307314383
MAE: 2.383819781500718
EVS: 0.594590863974313
