Model: GRU
MSE: 20.10037576676789
MAE: 2.6480426459476867
EVS: 0.5306706656707402
