Model: GRU
MSE: 18.983613848066916
MAE: 2.685574695981782
EVS: 0.5562036606065868
