Model: GRU
MSE: 225.78238893197096
MAE: 13.520447844061358
EVS: -0.014648119259703662
