Model: GRU
MSE: 2196.029286779869
MAE: 46.13438185330095
EVS: -0.5970034525495724
