Model: GRU
MSE: 17.250339416366323
MAE: 2.345053450814609
EVS: 0.6016315481823906
