Model: GRU
MSE: 17.476396773878566
MAE: 2.452108788079229
EVS: 0.5931807477514648
