Model: GRU
MSE: 17.389613627466602
MAE: 2.5994802343434302
EVS: 0.5895518555881913
