Model: GRU
MSE: 614.0479339632137
MAE: 23.905690612464117
EVS: -0.004874874445518262
