Model: GRU
MSE: 22.095470008913214
MAE: 3.0617848305866637
EVS: 0.5717779972029847
