Model: GRU
MSE: 17.470729804331356
MAE: 2.4915892420143915
EVS: 0.5881560358727649
