Model: GRU
MSE: 17.43662844312704
MAE: 2.5134021989230453
EVS: 0.5898688064936626
