Model: GRU
MSE: 4246.454826802655
MAE: 64.8282258921656
EVS: -0.032969331709701954
