Model: GRU
MSE: 19.208817024168873
MAE: 2.877385538199852
EVS: 0.554235161065274
