Model: GRU
MSE: 18.963081032648162
MAE: 2.7651778911722116
EVS: 0.5619581783672931
