Model: GRU
MSE: 19.862444120722238
MAE: 2.573945477091033
EVS: 0.5392331753526695
