Model: GRU
MSE: 975.1209201454686
MAE: 30.33257372625943
EVS: -0.2997327542881769
