Model: GRU
MSE: 321.24033685934967
MAE: 16.57482790535894
EVS: -0.09811337785687813
