Model: GRU
MSE: 20.360644820361138
MAE: 2.8716624461371323
EVS: 0.5196260268088908
