Model: GRU
MSE: 17.399803746925983
MAE: 2.625643832930203
EVS: 0.5894158598395965
