Model: GRU
MSE: 17.50652993418311
MAE: 2.609095034928157
EVS: 0.5903183847572311
