Model: GRU
MSE: 18.0210201353617
MAE: 2.6961282409470657
EVS: 0.5809587415488602
