Model: GRU
MSE: 22.051863749688277
MAE: 3.4648773711303185
EVS: 0.5616493820832432
