Model: GRU
MSE: 1074.1661465335417
MAE: 31.979924004653405
EVS: -0.21462095754726507
