Model: GRU
MSE: 19.08730376698303
MAE: 3.1678401807258867
EVS: 0.5756787152661391
