Model: GRU
MSE: 17.012215141692465
MAE: 2.4208667360503098
EVS: 0.6069751094194341
