Model: GRU
MSE: 18.02251252835106
MAE: 2.6552904720964103
EVS: 0.5804385505329368
