Model: GRU
MSE: 18.5844506172672
MAE: 2.6418612537712884
EVS: 0.5614403229612446
