Model: GRU
MSE: 19.665063372047097
MAE: 2.7273023210722824
EVS: 0.5384448584311643
