Model: GRU
MSE: 17.2841992424402
MAE: 2.676647350705903
EVS: 0.6108540720601752
