Model: GRU
MSE: 18.78296478107186
MAE: 2.7684648242490044
EVS: 0.6077473329642058
