Model: GRU
MSE: 17.659164311976216
MAE: 2.5136881285700303
EVS: 0.5832125150610705
