Model: GRU
MSE: 19.371561905457618
MAE: 3.07007386766631
EVS: 0.5700251521263597
