Model: GRU
MSE: 18.198782830205314
MAE: 2.5696849822998047
EVS: 0.5704024314668241
