Model: GRU
MSE: 19.03748560593407
MAE: 3.1830343789067763
EVS: 0.5775809634528597
