Model: GRU
MSE: 18.01760187658806
MAE: 2.6554218695081513
EVS: 0.5880040172637025
