Model: GRU
MSE: 19.169089813724415
MAE: 2.899869737953975
EVS: 0.6061243503708154
