Model: GRU
MSE: 2429.1377181591565
MAE: 48.78587952975569
EVS: -0.15855475068856872
