Model: GRU
MSE: 17.276677999275247
MAE: 2.7034124053757767
EVS: 0.5938990988478541
