Model: GRU
MSE: 17.96507450216185
MAE: 2.6496932999841096
EVS: 0.5759244992039365
