Model: GRU
MSE: 17.909397097117076
MAE: 2.5718000140683404
EVS: 0.5807414497184554
