Model: GRU
MSE: 2039.9992403355375
MAE: 44.573847968002845
EVS: -0.2552426550123028
