Model: GRU
MSE: 16.146743008469144
MAE: 2.4293874378862053
EVS: 0.6202989764189188
