Model: GRU
MSE: 17.730517791879045
MAE: 2.5693452851525667
EVS: 0.581430326000909
