Model: GRU
MSE: 20.837277225983367
MAE: 2.880039897458307
EVS: 0.5600864260725633
