Model: GRU
MSE: 237.90065902183352
MAE: 13.978968686070935
EVS: -0.0030618926677292713
