Model: GRU
MSE: 24.62232314799262
MAE: 3.9655151860467317
EVS: 0.5211355426766382
