Model: GRU
MSE: 17.350672290573886
MAE: 2.4558978861775893
EVS: 0.5985529168935355
