Model: GRU
MSE: 19.21688384763122
MAE: 3.0494369515057267
EVS: 0.5983106274576369
