Model: GRU
MSE: 16.59315136633453
MAE: 2.4264806796764504
EVS: 0.6117811493342244
