Model: GRU
MSE: 18.092309590575603
MAE: 2.733274587269487
EVS: 0.5818093515443645
