Model: GRU
MSE: 18.414166142012405
MAE: 3.0228967666625977
EVS: 0.6177279904939894
