Model: GRU
MSE: 17.124297069666007
MAE: 2.530977857523951
EVS: 0.5969610621591396
