Model: GRU
MSE: 17.542142452187985
MAE: 2.4999998602373847
EVS: 0.5890315149658436
