Model: GRU
MSE: 2456.2355424858556
MAE: 48.87799979900492
EVS: -0.5858744060849719
