Model: GRU
MSE: 21.846577300222705
MAE: 3.584715859643344
EVS: 0.5589804463989538
