Model: GRU
MSE: 17.364743846231452
MAE: 2.611280375513537
EVS: 0.5901303692537989
