Model: GRU
MSE: 520.2538997685051
MAE: 21.787263623599348
EVS: -0.07577185870769476
