Model: GRU
MSE: 20.291317862642874
MAE: 3.29624591613638
EVS: 0.6112560866280838
