Model: GRU
MSE: 19.22115406216059
MAE: 2.7785058843678443
EVS: 0.5507296465740286
