Model: GRU
MSE: 17.307964269907895
MAE: 2.5670266439174783
EVS: 0.6022597092506841
