Model: GRU
MSE: 17.49787300149369
MAE: 2.5353748921690316
EVS: 0.6037984363361968
