Model: GRU
MSE: 18.14127662238468
MAE: 2.6173270447500823
EVS: 0.6107067923776244
