Model: GRU
MSE: 2794.9363855778474
MAE: 52.43583968590046
EVS: -0.07223211134054841
