Model: GRU
MSE: 566.1610209653527
MAE: 22.607695086248988
EVS: -0.29966789420103446
