Model: GRU
MSE: 19.527997311856748
MAE: 3.125650800507644
EVS: 0.5658155729934926
