Model: GRU
MSE: 823.8382727782899
MAE: 27.963093724744073
EVS: 0.010758687060833272
