Model: GRU
MSE: 686.7288570303756
MAE: 25.41470165910392
EVS: 0.03629884283131146
