Model: GRU
MSE: 10177.60708604578
MAE: 100.67009498333108
EVS: -0.018406035779308993
