Model: GRU
MSE: 22.277573481975665
MAE: 3.642132227761405
EVS: 0.5220264476106684
