Model: GRU
MSE: 16.766505919495184
MAE: 2.601235743226676
EVS: 0.6084441011310069
