Model: GRU
MSE: 19.265846672103628
MAE: 2.8309470517881987
EVS: 0.5944304307997019
