Model: GRU
MSE: 18.503960386767577
MAE: 2.6349324316814027
EVS: 0.5633112196338687
