Model: GRU
MSE: 21.81425891676246
MAE: 3.3103674033592485
EVS: 0.518009305072928
