Model: GRU
MSE: 7013.827739658565
MAE: 83.18062841481176
EVS: -1.238247249658862
