Model: GRU
MSE: 20.94742995619133
MAE: 3.3110936592365134
EVS: 0.5367513921545526
