Model: GRU
MSE: 16.590997870869035
MAE: 2.5376338465460417
EVS: 0.6085968107693134
