Model: GRU
MSE: 17.992385665830774
MAE: 2.910244349775643
EVS: 0.6008501257018679
