Model: GRU
MSE: 275.4975884080928
MAE: 15.220082990054426
EVS: -0.035110715220695976
