Model: GRU
MSE: 19.792897513206267
MAE: 2.5882075737262595
EVS: 0.5337149207716326
