Model: GRU
MSE: 17.271391265837988
MAE: 2.483084596436599
EVS: 0.5936933054266471
