Model: GRU
MSE: 19.468725725412437
MAE: 2.7603033781051636
EVS: 0.5414284191913077
