Model: GRU
MSE: 21.752353851624214
MAE: 3.3719836226825057
EVS: 0.5345526717367157
