Model: GRU
MSE: 17.52197732635684
MAE: 2.598147778675474
EVS: 0.5904894142193985
