Model: GRU
MSE: 2847.414185240327
MAE: 52.93600740103886
EVS: -0.06690162108017916
