Model: GRU
MSE: 2043.057486965741
MAE: 44.7434046515103
EVS: 0.03007990234201474
