Model: GRU
MSE: 17.302771312898585
MAE: 2.746822718916268
EVS: 0.6152555812341531
