Model: GRU
MSE: 328.9577232827844
MAE: 16.9568925684896
EVS: 0.022140918373517504
