Model: GRU
MSE: 18.59096620656184
MAE: 2.4304058695661612
EVS: 0.5696543862539942
