Model: GRU
MSE: 2775.869090745671
MAE: 52.19352676128519
EVS: -0.2206231155826357
