Model: GRU
MSE: 17.334578050457633
MAE: 2.6067157696033347
EVS: 0.6060370465137719
