Model: GRU
MSE: 1942.863621264518
MAE: 43.608827919795594
EVS: 0.028934428690780223
