Model: GRU
MSE: 19.387470665214963
MAE: 2.931336049375863
EVS: 0.5522933388101188
