Model: GRU
MSE: 18.09079105897661
MAE: 2.4897501386445144
EVS: 0.5732893770979992
