Model: GRU
MSE: 17.324863845449105
MAE: 2.4246269998879266
EVS: 0.593994504500277
