Model: GRU
MSE: 19.876394513946565
MAE: 3.1200704081305144
EVS: 0.5492058230668946
