Model: GRU
MSE: 19.09679886604921
MAE: 3.0244073210091424
EVS: 0.5819493712365742
