Model: GRU
MSE: 16.990929414334552
MAE: 2.5124798972031166
EVS: 0.6022544053634297
