Model: GRU
MSE: 18.439849752902273
MAE: 2.7261558072320344
EVS: 0.5993397768828205
