Model: GRU
MSE: 17.80850189290333
MAE: 2.563117968625036
EVS: 0.591030196353844
