Model: GRU
MSE: 1051.508442493765
MAE: 31.468859820530334
EVS: -0.44523561167839487
