Model: GRU
MSE: 18.87864527012145
MAE: 3.0364062046182565
EVS: 0.609985107008381
