Model: GRU
MSE: 19.82197746807925
MAE: 2.906998293153171
EVS: 0.5488562295674535
