Model: GRU
MSE: 20.919881320300867
MAE: 3.4196862352305444
EVS: 0.5638796572430458
