Model: GRU
MSE: 18.34104434470959
MAE: 2.507196541490226
EVS: 0.5674584280042496
