Model: GRU
MSE: 22.941923825760192
MAE: 3.336244122735385
EVS: 0.5621705311586034
