Model: GRU
MSE: 204.69739536531685
MAE: 12.73238187617269
EVS: -0.005298790341144333
