Model: GRU
MSE: 353.63524141179437
MAE: 17.47637757761725
EVS: -0.13815293616880386
