Model: GRU
MSE: 993.720490760667
MAE: 30.616687034738476
EVS: -0.33002295399663195
