Model: GRU
MSE: 392.4270080352714
MAE: 18.648440821417445
EVS: -0.054374465535979244
