Model: GRU
MSE: 9155.831045841409
MAE: 95.47819269114527
EVS: 0.061701244618913687
