Model: GRU
MSE: 23.159082155046246
MAE: 3.4273188607446077
EVS: 0.4857758712753605
