Model: GRU
MSE: 18.872880708557723
MAE: 2.7203402025946257
EVS: 0.5830285481054663
