Model: GRU
MSE: 208.0212627142373
MAE: 12.868257633570966
EVS: -0.0016481494494720028
