Model: GRU
MSE: 16.758074232248752
MAE: 2.5538751256876977
EVS: 0.6161378296889577
