Model: GRU
MSE: 18.309528703271894
MAE: 2.758482846720465
EVS: 0.5864583002474716
