Model: GRU
MSE: 376.42964895785485
MAE: 18.34698742833631
EVS: 0.06000303833442833
