Model: GRU
MSE: 394.8839187981277
MAE: 18.77509376920503
EVS: -0.0004811017083068414
