Model: GRU
MSE: 19.846494373236727
MAE: 2.7904111373013465
EVS: 0.5316328664336419
