Model: GRU
MSE: 17.324114756073836
MAE: 2.528109912214608
EVS: 0.5926214716386522
