Model: GRU
MSE: 24.727733380437797
MAE: 3.8900371960231235
EVS: 0.4550082706241604
