Model: GRU
MSE: 17.065993963019878
MAE: 2.6465941708663414
EVS: 0.6006277973034035
