Model: GRU
MSE: 3726.4928278166285
MAE: 60.64530708049906
EVS: -0.14825904761370512
