Model: GRU
MSE: 17.688948472487173
MAE: 2.4816679913422157
EVS: 0.6053757717466879
