Model: GRU
MSE: 211.71613949597733
MAE: 12.973853632293899
EVS: -0.024454265210043014
