Model: GRU
MSE: 4834.406142831578
MAE: 69.22962510996851
EVS: 0.016389366221238655
