Model: GRU
MSE: 22.041239571710587
MAE: 2.662945047534745
EVS: 0.5058235664112503
