Model: GRU
MSE: 16.35018563748474
MAE: 2.4932337300530794
EVS: 0.614956038984988
