Model: GRU
MSE: 20.43313143203029
MAE: 2.9377978259119493
EVS: 0.5189483211526609
