Model: GRU
MSE: 19.333671971154775
MAE: 2.725493063186777
EVS: 0.5457928482914194
