Model: GRU
MSE: 19.503738349277604
MAE: 2.8635238919939314
EVS: 0.5021688414973657
