Model: GRU
MSE: 18.125722749735722
MAE: 2.7081892819240174
EVS: 0.5925791028582872
