Model: GRU
MSE: 17.749563403442533
MAE: 2.49777654121662
EVS: 0.5913556075369973
