Model: GRU
MSE: 18.471211817730506
MAE: 2.8962474527030158
EVS: 0.5792672087509549
