Model: GRU
MSE: 17.43711558194294
MAE: 2.842100949122988
EVS: 0.591865462714481
