Model: GRU
MSE: 1156.9750594489678
MAE: 33.20092459382682
EVS: -0.29070935498483297
