Model: GRU
MSE: 17.228117248132204
MAE: 2.614071846008301
EVS: 0.5968304531069577
