Model: GRU
MSE: 20.141271776875357
MAE: 3.1342900785906562
EVS: 0.5536649665093928
