Model: GRU
MSE: 18.981801898153027
MAE: 3.1664433643735688
EVS: 0.589926897545751
