Model: GRU
MSE: 18.335310297462925
MAE: 2.7212341900529533
EVS: 0.5724604648784813
