Model: GRU
MSE: 17.32680900910455
MAE: 2.7731921426181136
EVS: 0.6023273991073799
