Model: GRU
MSE: 18.664334733080256
MAE: 2.811947432057611
EVS: 0.6030931654434419
