Model: GRU
MSE: 797.3306982378939
MAE: 27.449770910986537
EVS: -0.03497173750642957
