Model: GRU
MSE: 247.09241556106784
MAE: 14.232980678821432
EVS: -0.05088087425680077
