Model: GRU
MSE: 17.453621013461287
MAE: 2.77031187353463
EVS: 0.6167082602114814
