Model: GRU
MSE: 209.56564016502733
MAE: 12.822505597410531
EVS: -0.0658554468000847
