Model: GRU
MSE: 18.174168535698026
MAE: 2.746207327678286
EVS: 0.57818059562937
