Model: GRU
MSE: 18.745018479173506
MAE: 3.064510201585704
EVS: 0.5894390629458972
