Model: GRU
MSE: 209.8263707521619
MAE: 12.868244828849003
EVS: -0.0442700435356731
