Model: GRU
MSE: 424.2954114800621
MAE: 19.459791282127643
EVS: -0.07678441266981362
