Model: GRU
MSE: 20.63547139560482
MAE: 3.1811076690410744
EVS: 0.5362883888299929
