Model: GRU
MSE: 20.36705037686958
MAE: 2.9592960538535285
EVS: 0.5284541424219407
