Model: GRU
MSE: 1407.9638752316014
MAE: 36.94267674150138
EVS: -0.019903892719520755
