Model: GRU
MSE: 1977.454882576623
MAE: 43.95590374387544
EVS: -0.07020910370580125
