Model: GRU
MSE: 16.881945845090954
MAE: 2.609186961733062
EVS: 0.605044706274816
