Model: GRU
MSE: 18.35614637386475
MAE: 2.453091530964292
EVS: 0.5681118267745446
