Model: GRU
MSE: 681.3597262018267
MAE: 25.338769041258715
EVS: 0.07207100115345144
