Model: GRU
MSE: 19.244580771532217
MAE: 2.760104035509044
EVS: 0.5915392157910071
