Model: GRU
MSE: 229.25498009855954
MAE: 13.611662445397213
EVS: -0.03820243528815892
