Model: GRU
MSE: 224.63963809015047
MAE: 13.475801015722341
EVS: -0.016124675969679814
