Model: GRU
MSE: 550.038445993296
MAE: 22.48596983942492
EVS: -0.04863650351486748
