Model: GRU
MSE: 19.041457767259264
MAE: 3.2787008449949067
EVS: 0.5891699350711548
