Model: GRU
MSE: 16.682751417560407
MAE: 2.563952951595701
EVS: 0.6070574188268151
