Model: GRU
MSE: 6425.247801518233
MAE: 79.91370115609004
EVS: 0.0781697811496207
