Model: GRU
MSE: 17.720649645134856
MAE: 2.685816370207688
EVS: 0.5817127177676402
