Model: GRU
MSE: 18.553959878468323
MAE: 2.6678992098775405
EVS: 0.5832661745098384
