Model: GRU
MSE: 19.607064549853327
MAE: 2.8547223518634666
EVS: 0.5396609881459401
