Model: GRU
MSE: 19.46445173921182
MAE: 3.1017409275318015
EVS: 0.5773645082566538
