Model: GRU
MSE: 21.679727405598133
MAE: 2.6682358034725846
EVS: 0.512434839313709
