Model: GRU
MSE: 812.7460813813348
MAE: 27.610381718339593
EVS: -0.190123334858598
