Model: GRU
MSE: 27.60267482029923
MAE: 4.187995195388794
EVS: 0.45644717308967553
