Model: GRU
MSE: 17.6293942101244
MAE: 2.7886437794257857
EVS: 0.603937903221579
