Model: GRU
MSE: 17.417584850034338
MAE: 2.5218250504855453
EVS: 0.5922342478327174
