Model: GRU
MSE: 18.771592350817947
MAE: 2.4444023658489358
EVS: 0.5596135833726514
