Model: GRU
MSE: 6121.548111487769
MAE: 77.86854447989629
EVS: -0.3701303811595802
