Model: GRU
MSE: 687.5571335650253
MAE: 25.296025670807936
EVS: -0.1253281692493704
