Model: GRU
MSE: 17.268160927183327
MAE: 2.5679615530474433
EVS: 0.6057077048798873
