Model: GRU
MSE: 16.990572844403108
MAE: 2.9799912222500504
EVS: 0.6023890069191646
