Model: GRU
MSE: 2158.7210380976803
MAE: 45.9908614323057
EVS: -0.02838353270614502
