Model: GRU
MSE: 350.4710909850406
MAE: 17.651915911970466
EVS: 0.08211727466813024
