Model: GRU
MSE: 253.38594817410868
MAE: 14.476646357569201
EVS: -0.03430797067955593
