Model: GRU
MSE: 17.197272897597653
MAE: 2.6189273554703285
EVS: 0.5972926928985678
