Model: GRU
MSE: 20.290953572186716
MAE: 2.8692354477685074
EVS: 0.5237654987843757
