Model: GRU
MSE: 396.08489417226167
MAE: 18.780638727648505
EVS: -0.023916999020468177
