Model: GRU
MSE: 52.89416863509224
MAE: 6.544753617253797
EVS: 0.004211395977725685
