Model: GRU
MSE: 16.432913570758423
MAE: 2.587600658679831
EVS: 0.6228861942801993
