Model: GRU
MSE: 20.034518487042067
MAE: 2.877980043148172
EVS: 0.5583510651164819
