Model: GRU
MSE: 18.092916483551942
MAE: 2.5647440449944856
EVS: 0.5744118503627711
