Model: GRU
MSE: 18.15694258163691
MAE: 2.4335835021117638
EVS: 0.5717243468108915
