Model: GRU
MSE: 7349.39465864494
MAE: 85.45714490167026
EVS: -0.09706584474883329
