Model: GRU
MSE: 18.590133324234202
MAE: 2.683888077735901
EVS: 0.5611931235603445
