Model: GRU
MSE: 19.887632610035958
MAE: 2.8176898134165795
EVS: 0.5315393054965405
