Model: GRU
MSE: 17.583817880046265
MAE: 2.7167401971488165
EVS: 0.6159866705836718
