Model: GRU
MSE: 18.65464159460767
MAE: 2.564503451873516
EVS: 0.5598979614439421
