Model: GRU
MSE: 794.8820333269792
MAE: 27.18231574420271
EVS: -0.32210920359154915
