Model: GRU
MSE: 242.55179203685185
MAE: 14.036789357662201
EVS: -0.07462200752473036
