Model: GRU
MSE: 18.432088329079768
MAE: 2.5470675291686224
EVS: 0.5651007184647905
