Model: GRU
MSE: 1679.2403291539192
MAE: 40.430093370634935
EVS: -0.05402545747771437
