Model: GRU
MSE: 18.772014468830132
MAE: 2.885166112718911
EVS: 0.5643767400682778
