Model: GRU
MSE: 18.57577986323902
MAE: 2.586747276371923
EVS: 0.5753004638696093
