Model: GRU
MSE: 17.725832715094654
MAE: 2.704297826207917
EVS: 0.5902519931390395
