Model: GRU
MSE: 20.160264203493618
MAE: 2.8354701132609925
EVS: 0.5300533320010652
