Model: GRU
MSE: 237.3158622244268
MAE: 13.916588857256134
EVS: -0.030336204437157344
