Model: GRU
MSE: 1740.3146161255281
MAE: 41.160787023347
EVS: -0.08840622701868095
