Model: GRU
MSE: 104.46238246112748
MAE: 8.511268632165317
EVS: 0.17793963956538816
