Model: GRU
MSE: 17.84710027739308
MAE: 2.5139391257845123
EVS: 0.5789895156532278
