Model: GRU
MSE: 17.391773372307235
MAE: 2.561451846155627
EVS: 0.595291095414999
