Model: GRU
MSE: 223.6447336421161
MAE: 13.353083789348602
EVS: -0.0703620407623502
