Model: GRU
MSE: 19.273599785793984
MAE: 3.126056375174687
EVS: 0.5831452013619399
