Model: GRU
MSE: 17.10649169344878
MAE: 2.4697448796239394
EVS: 0.6061482469715813
