Model: GRU
MSE: 18.876460091069333
MAE: 2.5252608924076476
EVS: 0.5544406175346157
