Model: GRU
MSE: 18.426439236487266
MAE: 2.8318027381239266
EVS: 0.5825329572627291
