Model: GRU
MSE: 18.868420468169596
MAE: 2.493272012677686
EVS: 0.5566184573325914
