Model: GRU
MSE: 1444.707149668548
MAE: 36.81937372273412
EVS: -1.1020335942244066
