Model: GRU
MSE: 17.409662964904918
MAE: 2.3994033233872774
EVS: 0.5965779670472299
