Model: GRU
MSE: 509.1397159223466
MAE: 21.022616057560363
EVS: -0.5861730856304435
