Model: GRU
MSE: 19.686014652712565
MAE: 2.791779534570102
EVS: 0.5361324472999545
