Model: GRU
MSE: 18.116015585897305
MAE: 2.681057856000703
EVS: 0.5750865268166081
