Model: GRU
MSE: 18.082451867827018
MAE: 2.694109419296528
EVS: 0.5797257005255694
