Model: GRU
MSE: 18.57912310559768
MAE: 2.502696053735141
EVS: 0.5632138775833186
