Model: GRU
MSE: 17.30232973253979
MAE: 2.4798031880937774
EVS: 0.5915361953978415
