Model: GRU
MSE: 18.08293673630457
MAE: 2.4686671865397485
EVS: 0.5731075138334889
