Model: GRU
MSE: 193.5262673192906
MAE: 12.186928407899265
EVS: -0.062457214266236516
