Model: GRU
MSE: 16.969490160303316
MAE: 2.66140524272261
EVS: 0.6134219935420566
