Model: GRU
MSE: 18.53861868468394
MAE: 2.549288751750157
EVS: 0.5643721297191489
