Model: GRU
MSE: 17.749168682587573
MAE: 2.63194988513815
EVS: 0.590897468697346
