Model: GRU
MSE: 18.039269207370236
MAE: 2.675256942880565
EVS: 0.5744859188072088
