Model: GRU
MSE: 18.88636949792233
MAE: 2.6568703487001617
EVS: 0.5611388028924651
