Model: GRU
MSE: 17.75328388904032
MAE: 2.5192047110919296
EVS: 0.5810060879914709
