Model: GRU
MSE: 19.59904809138576
MAE: 3.087764394694361
EVS: 0.5528303626024367
