Model: GRU
MSE: 21.9816962220976
MAE: 3.2324420049272735
EVS: 0.4918061464670016
