Model: GRU
MSE: 16.965981922166854
MAE: 2.5372571862977127
EVS: 0.602010214626532
