Model: GRU
MSE: 629.1523860271376
MAE: 24.23471082490066
EVS: 0.012469874421270122
