Model: GRU
MSE: 19.12416579597588
MAE: 3.0508829848519685
EVS: 0.5759315054420191
