Model: GRU
MSE: 19.18957934232034
MAE: 2.982963274265158
EVS: 0.5620291966160911
