Model: GRU
MSE: 617.096727350107
MAE: 24.084850179738012
EVS: 0.12612726382445716
