Model: GRU
MSE: 18.634602212539754
MAE: 2.7358507781193175
EVS: 0.5871170713443921
