Model: GRU
MSE: 216.07788301866057
MAE: 13.187315780540992
EVS: 0.004410073901760403
