Model: GRU
MSE: 19.757590613413804
MAE: 2.535433493811509
EVS: 0.5513370030505178
