Model: GRU
MSE: 210.3334884715597
MAE: 12.883567750453949
EVS: -0.046926472359419824
