Model: GRU
MSE: 19.415409520726566
MAE: 2.7574960096129058
EVS: 0.5680609300118717
