Model: GRU
MSE: 18.441410138343628
MAE: 2.9851327970110137
EVS: 0.5847766991433164
