Model: GRU
MSE: 19.993778629857935
MAE: 3.105954593625562
EVS: 0.5481540160982925
