Model: GRU
MSE: 21.544551086689342
MAE: 3.4195274895635146
EVS: 0.5347035170640674
