Model: GRU
MSE: 17.799342608097326
MAE: 2.591706337599919
EVS: 0.5798087478128205
