Model: GRU
MSE: 17.354886636708756
MAE: 2.810638246865108
EVS: 0.6075722189450632
