Model: GRU
MSE: 17.46804670393225
MAE: 2.7215055227279663
EVS: 0.5998678244641928
