Model: GRU
MSE: 19.160965094407015
MAE: 3.1114524315143455
EVS: 0.6106351493496438
