Model: GRU
MSE: 19.05527116884278
MAE: 2.5525497855811285
EVS: 0.5716042375174141
