Model: GRU
MSE: 20.00281770707955
MAE: 3.3357436163672087
EVS: 0.6048480828640875
