Model: GRU
MSE: 2579.6983446470776
MAE: 50.23056438051421
EVS: -0.33591965986151284
