Model: GRU
MSE: 5556.769343001208
MAE: 74.26223833807583
EVS: 0.011097740532271305
