Model: GRU
MSE: 18.02269624340163
MAE: 2.646751991633711
EVS: 0.5751619918463253
