Model: GRU
MSE: 18.673896488012282
MAE: 2.9819024184654497
EVS: 0.5756876634415706
