Model: GRU
MSE: 557.2330927732202
MAE: 22.53550940546496
EVS: -0.1658313407446501
