Model: GRU
MSE: 17.74392966109811
MAE: 2.6037752957179627
EVS: 0.5844953312918522
