Model: GRU
MSE: 16.972239563249563
MAE: 2.4105527072117248
EVS: 0.6074688501508588
