Model: GRU
MSE: 20.401642849635913
MAE: 3.177207687805439
EVS: 0.5985526824942682
