Model: GRU
MSE: 1558.6497314482601
MAE: 38.902306260733766
EVS: -0.06848316796241893
