Model: GRU
MSE: 16.774579009973454
MAE: 2.6238404142445533
EVS: 0.6061839454227361
