Model: GRU
MSE: 20.413528542797998
MAE: 3.0025546386324127
EVS: 0.5225326196222038
