Model: GRU
MSE: 244.9977542060994
MAE: 14.095989293065564
EVS: -0.09304775502629203
