Model: GRU
MSE: 2226.672955944752
MAE: 46.68573234821188
EVS: -0.11227633530505154
