Model: GRU
MSE: 21.658292367402595
MAE: 3.312824648002098
EVS: 0.6145912473319523
