Model: GRU
MSE: 17.129143799850116
MAE: 2.6430891094536615
EVS: 0.5988026108529126
