Model: GRU
MSE: 391.07790288503014
MAE: 18.650125725515956
EVS: -0.02104184345183535
