Model: GRU
MSE: 21.865901407042212
MAE: 3.501195110123733
EVS: 0.5548093321667183
