Model: GRU
MSE: 18.098139684871605
MAE: 2.730358563620469
EVS: 0.6031081642190517
