Model: GRU
MSE: 16.71996111198666
MAE: 2.565855223557045
EVS: 0.6103971466012914
