Model: GRU
MSE: 4278.775636424075
MAE: 64.99543755629966
EVS: -0.2835106618732599
