Model: GRU
MSE: 17.722708480642126
MAE: 2.6264486477292817
EVS: 0.5819789294797024
