Model: GRU
MSE: 19.975079125769092
MAE: 3.066718282370732
EVS: 0.5434986006707853
