Model: GRU
MSE: 18.186120706254556
MAE: 2.7332898460585495
EVS: 0.5797166877904033
