Model: GRU
MSE: 18.630336932319832
MAE: 2.7335808523770035
EVS: 0.5609100779416616
