Model: GRU
MSE: 23.529137156060013
MAE: 3.602202135941078
EVS: 0.4912445653519658
