Model: GRU
MSE: 52.88729096639585
MAE: 6.330277278505522
EVS: 0.05742758084701338
