Model: GRU
MSE: 22.029101051128386
MAE: 3.405827176981959
EVS: 0.5305036042557227
