Model: GRU
MSE: 17.610829264925254
MAE: 2.447948089961348
EVS: 0.5861937276183566
