Model: GRU
MSE: 22.53948212518659
MAE: 3.5008114658553025
EVS: 0.5906307013010048
