Model: GRU
MSE: 17.826599063673264
MAE: 2.5717999852936844
EVS: 0.5815005001108868
