Model: GRU
MSE: 18.917586338750382
MAE: 2.5837935990300673
EVS: 0.5534415513503352
