Model: GRU
MSE: 26.03443747335802
MAE: 3.8824595582896264
EVS: 0.4503034973912491
