Model: GRU
MSE: 17.400892858333325
MAE: 2.682295980124638
EVS: 0.600055238991756
