Model: GRU
MSE: 23.031034023350408
MAE: 3.4700169234440246
EVS: 0.4911494444450363
