Model: GRU
MSE: 942.5381136046748
MAE: 29.642527596703893
EVS: -0.5075445110921577
