Model: GRU
MSE: 3329.2949655465018
MAE: 57.31280787237759
EVS: -0.051408331597043055
