Model: GRU
MSE: 355.6951319222295
MAE: 17.630755531376806
EVS: -0.05883459429916216
