Model: GRU
MSE: 2713.216426029404
MAE: 51.526196973077184
EVS: -0.37554970923480235
