Model: GRU
MSE: 1901.632906245921
MAE: 43.14365166631238
EVS: 0.049603317227110755
