Model: GRU
MSE: 20.240798276797115
MAE: 2.6560150754862817
EVS: 0.525208300466155
