Model: GRU
MSE: 20.33215189923465
MAE: 2.688421482669896
EVS: 0.5617456365969987
