Model: GRU
MSE: 18.68509336254322
MAE: 2.813013528955394
EVS: 0.5703938987336428
