Model: GRU
MSE: 18.206514995742573
MAE: 2.570356319690573
EVS: 0.5702086868877845
