Model: GRU
MSE: 19.262698085648147
MAE: 2.688068225465972
EVS: 0.5499574957876627
