Model: GRU
MSE: 17.137785078705356
MAE: 2.5300109797510606
EVS: 0.5954486448668377
