Model: GRU
MSE: 19.392004245486955
MAE: 3.019234936812828
EVS: 0.562231883944019
