Model: GRU
MSE: 17.017345699973312
MAE: 2.4786667823791504
EVS: 0.598740119223044
