Model: GRU
MSE: 17.26864141469762
MAE: 2.798081903622068
EVS: 0.613960481501709
