Model: GRU
MSE: 233.64768364235545
MAE: 13.793700606658541
EVS: -0.02412956255482701
