Model: GRU
MSE: 19.125872442943997
MAE: 2.553208194929978
EVS: 0.5487184865145746
