Model: GRU
MSE: 19.157747697453807
MAE: 2.9225936264827332
EVS: 0.5680737208074647
