Model: GRU
MSE: 18.861799613915426
MAE: 2.7450421966355423
EVS: 0.5561356877975349
