Model: GRU
MSE: 20.156423404850063
MAE: 2.8460034132003784
EVS: 0.5277770137495166
