Model: GRU
MSE: 20.663978390568758
MAE: 2.9792083214069236
EVS: 0.5234134633345566
