Model: GRU
MSE: 18.607093793115425
MAE: 2.7332446904018006
EVS: 0.5966212445580732
