Model: GRU
MSE: 21.205893161850256
MAE: 3.1550647061446617
EVS: 0.5174623415286714
