Model: GRU
MSE: 19.808025908132667
MAE: 2.8341177743056725
EVS: 0.5744397414579816
