Model: GRU
MSE: 704.8961103847391
MAE: 25.780486912562928
EVS: 0.04949996838948578
