Model: GRU
MSE: 20.943928415831245
MAE: 3.0977051175873855
EVS: 0.5171649016374511
