Model: GRU
MSE: 1918.0486553872277
MAE: 43.31264633967959
EVS: 0.006989503696545274
