Model: GRU
MSE: 1967.0294267327122
MAE: 43.77493661025475
EVS: -0.19889231667330898
