Model: GRU
MSE: 505.5165587869326
MAE: 21.51934965725603
EVS: -0.0017647924178962882
