Model: GRU
MSE: 17.837445412713702
MAE: 2.6646781296565614
EVS: 0.5806793787650878
