Model: GRU
MSE: 21.252834534299147
MAE: 2.6834727114644545
EVS: 0.5028615039292315
