Model: GRU
MSE: 1576.1544372887042
MAE: 39.07045712964288
EVS: -0.1722032062794543
