Model: GRU
MSE: 6610.337817927074
MAE: 81.03590892923289
EVS: -0.027382081353660936
