Model: GRU
MSE: 19.258084574254628
MAE: 2.548839885613014
EVS: 0.5751704202720215
