Model: GRU
MSE: 17.416726895202146
MAE: 2.472206941966353
EVS: 0.5911234550774838
