Model: GRU
MSE: 20.804530300632027
MAE: 3.4542345589604873
EVS: 0.5993674795020476
