Model: GRU
MSE: 204.39890524041957
MAE: 12.641175745890058
EVS: -0.05288525716701353
