Model: GRU
MSE: 18.08656017415481
MAE: 2.676636317680622
EVS: 0.5780726939806932
