Model: GRU
MSE: 611.4099056437212
MAE: 23.928234001685833
EVS: 0.08285931592088014
