Model: GRU
MSE: 466.4415153765162
MAE: 20.65473983205598
EVS: 0.05987233334070208
