Model: GRU
MSE: 226.6507023551664
MAE: 13.535010272058948
EVS: -0.025845641753794446
