Model: GRU
MSE: 17.80226088058782
MAE: 2.634996849915077
EVS: 0.5942584100236594
