Model: GRU
MSE: 19.990747441175237
MAE: 3.0711898680390983
EVS: 0.540021405585311
