Model: GRU
MSE: 19.181940107951707
MAE: 2.833646741406671
EVS: 0.5918785699460081
