Model: GRU
MSE: 18.324844004086074
MAE: 2.4520213768399994
EVS: 0.5738312224532918
