Model: GRU
MSE: 17.63739391786972
MAE: 2.6594363081044166
EVS: 0.5862351225350686
