Model: GRU
MSE: 18.10785215311934
MAE: 2.6485225989900787
EVS: 0.5748462130480696
