Model: GRU
MSE: 20.011606028630023
MAE: 2.633497079898571
EVS: 0.5482672986524351
