Model: GRU
MSE: 17.809446846010516
MAE: 2.5536228048390357
EVS: 0.6080356466808517
