Model: GRU
MSE: 21.937026215622694
MAE: 3.45024063669402
EVS: 0.5179963340668827
