Model: GRU
MSE: 17.771435967654114
MAE: 2.502843215547759
EVS: 0.5819320552848557
