Model: GRU
MSE: 2574.4336512336317
MAE: 50.33699035644531
EVS: 0.04103789840768313
