Model: GRU
MSE: 18.29909988557011
MAE: 2.6271791293703277
EVS: 0.5794823811179585
