Model: GRU
MSE: 2942.927781080027
MAE: 53.870215119986696
EVS: 0.03379863240997516
