Model: GRU
MSE: 16.902238098171843
MAE: 2.579004937204821
EVS: 0.611321333243491
