Model: GRU
MSE: 18.389300552177545
MAE: 2.6314537566283653
EVS: 0.5670560747354403
