Model: GRU
MSE: 3992.670689535595
MAE: 62.73970682867642
EVS: -0.33146090682452134
