Model: GRU
MSE: 17.48206822672353
MAE: 2.4544683324879615
EVS: 0.5945279086839887
