Model: GRU
MSE: 17.170108830128285
MAE: 2.622574937754664
EVS: 0.5979726436606745
