Model: GRU
MSE: 17.28790426492432
MAE: 2.6994355464803763
EVS: 0.6004341256998804
