Model: GRU
MSE: 18.857702373616927
MAE: 2.731388918284712
EVS: 0.5589675130606382
