Model: GRU
MSE: 231.38937384489114
MAE: 13.70189397499479
EVS: -0.03040840897345709
