Model: GRU
MSE: 17.290003527751246
MAE: 2.7176728001956283
EVS: 0.6020954608296094
