Model: GRU
MSE: 19.784563661786684
MAE: 2.636330251036019
EVS: 0.5329404618745223
