Model: GRU
MSE: 16.961466918583135
MAE: 2.7805898353971283
EVS: 0.6082051638776522
