Model: GRU
MSE: 695.0760728929421
MAE: 25.481704843455347
EVS: -0.08025132792678757
