Model: GRU
MSE: 19.840774399411494
MAE: 2.9409188895389953
EVS: 0.5764483479399605
