Model: GRU
MSE: 5001.8856473774
MAE: 70.30557172051792
EVS: -0.3931321353398116
