Model: GRU
MSE: 18.583134619774214
MAE: 2.622638024132827
EVS: 0.5695438405347419
