Model: GRU
MSE: 20.371154758585053
MAE: 3.0356590501193343
EVS: 0.526512602197918
