Model: GRU
MSE: 505.5178292213419
MAE: 21.520531457045983
EVS: -0.0005939992629202528
