Model: GRU
MSE: 353.55211446281413
MAE: 17.582768777321125
EVS: -0.04813484884284103
