Model: GRU
MSE: 18.458571499244485
MAE: 2.7544892163112245
EVS: 0.5970672609573615
