Model: GRU
MSE: 17.332162138494255
MAE: 2.4991944247278672
EVS: 0.5976376576662145
