Model: GRU
MSE: 5376.802433901217
MAE: 71.69528533672464
EVS: -4.585266322219971
