Model: GRU
MSE: 21.199810347272468
MAE: 3.4436987165747017
EVS: 0.6437826141329399
