Model: GRU
MSE: 17.552590893021105
MAE: 2.5397499902495024
EVS: 0.5990508252892639
