Model: GRU
MSE: 16.744577561614925
MAE: 2.619763201680677
EVS: 0.6085375856299589
