Model: GRU
MSE: 17.8233842246437
MAE: 2.79370746119269
EVS: 0.5982966979593961
