Model: GRU
MSE: 17.346768117717346
MAE: 2.64443485490207
EVS: 0.5905188765480682
