Model: GRU
MSE: 17.260140327562905
MAE: 2.5205844476305206
EVS: 0.5943109234833646
