Model: GRU
MSE: 17.71391777453701
MAE: 2.6340940409693223
EVS: 0.589526508464832
