Model: GRU
MSE: 19.89091539820835
MAE: 2.893608339901628
EVS: 0.5475435638114301
