Model: GRU
MSE: 18.97165235535479
MAE: 2.767390247049003
EVS: 0.5892518104505556
