Model: GRU
MSE: 17.16105618140391
MAE: 2.609756091545368
EVS: 0.6001930307317076
