Model: GRU
MSE: 22.92774492130923
MAE: 3.293832610393393
EVS: 0.5836217385856537
