Model: GRU
MSE: 16.575180203684102
MAE: 2.4096072912216187
EVS: 0.6093602340338506
