Model: GRU
MSE: 19.14222688483937
MAE: 2.7693327459795722
EVS: 0.5488190663432168
