Model: GRU
MSE: 18.590633756957157
MAE: 2.873789561205897
EVS: 0.5718925977715308
