Model: GRU
MSE: 19.27317934598874
MAE: 2.614099724539395
EVS: 0.565007634672988
