Model: GRU
MSE: 18.136339625188423
MAE: 2.8165549985293685
EVS: 0.6167360188277466
