Model: GRU
MSE: 21.262539100532752
MAE: 3.4161347520762475
EVS: 0.5430533713500814
