Model: GRU
MSE: 18.25066521553016
MAE: 3.1063971190617004
EVS: 0.605506363386804
