Model: GRU
MSE: 2061.4913043696406
MAE: 44.90345941740891
EVS: -0.06636646330716056
