Model: GRU
MSE: 18.07577098371112
MAE: 2.640305958945176
EVS: 0.5894520800160752
