Model: GRU
MSE: 216.0143877099105
MAE: 13.09569139110631
EVS: -0.050941737768601
