Model: GRU
MSE: 1507.2822045542928
MAE: 38.05966031962428
EVS: -0.3868107153009981
