Model: GRU
MSE: 16.27696456563381
MAE: 2.512814599892189
EVS: 0.6190237057263936
