Model: GRU
MSE: 17.440426930471478
MAE: 2.675593614578247
EVS: 0.5892911964211318
