Model: GRU
MSE: 17.37553178784626
MAE: 2.402768221394769
EVS: 0.5971280453147563
