Model: GRU
MSE: 19.850250201625034
MAE: 2.625526214468068
EVS: 0.5583297200891295
