Model: GRU
MSE: 20.956320364787228
MAE: 2.811480197413214
EVS: 0.5737526759566068
