Model: GRU
MSE: 18.43123077017133
MAE: 2.403030159144566
EVS: 0.5665617710876203
