Model: GRU
MSE: 1332.293911736606
MAE: 35.914581792107946
EVS: -0.0018256365114839301
