Model: GRU
MSE: 1689.0729352057858
MAE: 40.59523717288313
EVS: 0.02973931847176614
