Model: GRU
MSE: 17.7818790549439
MAE: 2.550199130485798
EVS: 0.6020881278686463
