Model: GRU
MSE: 2678.4787136370473
MAE: 51.341832325376316
EVS: -0.0032005541029827
