Model: GRU
MSE: 3827.31769447135
MAE: 61.520617254849135
EVS: -0.00405939415339307
