Model: GRU
MSE: 16.756383932807594
MAE: 2.575175869053808
EVS: 0.6074451969978651
