Model: GRU
MSE: 20.420518736638424
MAE: 2.998329655877475
EVS: 0.5330856860247257
