Model: GRU
MSE: 411.1044280903784
MAE: 19.21292180028455
EVS: 0.009238319047531474
