Model: GRU
MSE: 18.604692043900602
MAE: 2.7906595304094512
EVS: 0.5684176229758642
