Model: GRU
MSE: 2828.033239960854
MAE: 51.970286763947584
EVS: -2.0010470616537086
