Model: GRU
MSE: 3370.974193897662
MAE: 57.7662164753881
EVS: 0.19643731554552746
