Model: GRU
MSE: 23.37262873995787
MAE: 3.5783094373242608
EVS: 0.48043430139595245
