Model: GRU
MSE: 2489.1201910218206
MAE: 49.45213587530728
EVS: -0.029439864632772705
