Model: GRU
MSE: 17.675120543369363
MAE: 2.6071557916443924
EVS: 0.5843448812911793
