Model: GRU
MSE: 16.617426091979347
MAE: 2.5008465832677382
EVS: 0.6106616810018892
