Model: GRU
MSE: 20.273079456464764
MAE: 3.177942288332972
EVS: 0.5754963588471851
