Model: GRU
MSE: 1701.6414155451957
MAE: 40.700908562232705
EVS: -0.06416673954082519
