Model: GRU
MSE: 18.599978372937183
MAE: 3.013393763838143
EVS: 0.5789970710419299
