Model: GRU
MSE: 28.107222069898487
MAE: 4.128883339207748
EVS: 0.5861223711971276
