Model: GRU
MSE: 19.569750089750606
MAE: 2.9014411548088335
EVS: 0.5545919945569624
