Model: GRU
MSE: 19.211018113758094
MAE: 2.8633775505526313
EVS: 0.5759263858683236
