Model: GRU
MSE: 17.7900575267945
MAE: 2.635051201129782
EVS: 0.581567642208942
