Model: GRU
MSE: 19.779391424992056
MAE: 2.8469217275751046
EVS: 0.5342700320722038
