Model: GRU
MSE: 19.807339121427656
MAE: 3.0547047070094515
EVS: 0.4961282502705803
