Model: GRU
MSE: 18.251564755485237
MAE: 2.6707329647881646
EVS: 0.5364303240351738
