Model: GRU
MSE: 18.14887121748718
MAE: 2.586417584583677
EVS: 0.5745494554653541
