Model: GRU
MSE: 21.716537141893475
MAE: 3.195445110057962
EVS: 0.5071039362274634
