Model: GRU
MSE: 20.627323848379078
MAE: 3.2174230115167024
EVS: 0.5491416857292137
