Model: GRU
MSE: 19.256750459543476
MAE: 2.7807631451508095
EVS: 0.5554819792664369
