Model: GRU
MSE: 20.038029041171285
MAE: 2.7289931856352707
EVS: 0.5535896450860363
