Model: GRU
MSE: 19.348372690527096
MAE: 2.9901645512416444
EVS: 0.5654523990265147
