Model: GRU
MSE: 797.6059148749181
MAE: 27.477569793832714
EVS: -0.005422162630092098
