Model: GRU
MSE: 18.172836337501543
MAE: 2.4756701198117486
EVS: 0.5734425397030762
