Model: GRU
MSE: 1254.6092842282746
MAE: 34.5887986544905
EVS: -0.3745308170831807
