Model: GRU
MSE: 18.36656807189065
MAE: 2.6523574960642846
EVS: 0.5689173006643908
