Model: GRU
MSE: 19.896964655050116
MAE: 2.7796379677180587
EVS: 0.5741155202717234
