Model: GRU
MSE: 20.276230462138933
MAE: 2.8488666970154335
EVS: 0.5375593551734901
