Model: GRU
MSE: 18.0651351644306
MAE: 2.511474535383027
EVS: 0.57576428582923
