Model: GRU
MSE: 215.89647737843038
MAE: 13.095403383518088
EVS: -0.0483362449105611
