Model: GRU
MSE: 18.8977039730235
MAE: 2.759274926678888
EVS: 0.5573206893334837
