Model: GRU
MSE: 47.46120232380662
MAE: 6.2281779174146985
EVS: 0.05834949354075136
