Model: GRU
MSE: 26.256705483602
MAE: 4.120356054141603
EVS: 0.4939130006542666
