Model: GRU
MSE: 16.822279377397688
MAE: 2.682269881511557
EVS: 0.6163753584354579
