Model: GRU
MSE: 17.896581825338746
MAE: 2.603699310072537
EVS: 0.5987398706136553
