Model: GRU
MSE: 3859.30349834454
MAE: 61.57459620771737
EVS: -0.602303396397764
