Model: GRU
MSE: 18.68191682936864
MAE: 3.0172306669169457
EVS: 0.5730930171796939
