Model: GRU
MSE: 18.363326348048105
MAE: 2.800433331522448
EVS: 0.5760059045033621
