Model: GRU
MSE: 3744.7664949063337
MAE: 60.85886705332789
EVS: 0.03292298518800785
