Model: GRU
MSE: 17.453095187236563
MAE: 2.4220119385883727
EVS: 0.5911557998680075
