Model: GRU
MSE: 17.559103992876217
MAE: 2.6462109767157456
EVS: 0.6010754554106557
