Model: GRU
MSE: 17195.627687015025
MAE: 130.9704863449623
EVS: 2.220446049250313e-16
