Model: GRU
MSE: 25.962231658290012
MAE: 3.8131824279653617
EVS: 0.5853950712038541
