Model: GRU
MSE: 18.068409582402523
MAE: 2.75416375028676
EVS: 0.5830972966101277
