Model: GRU
MSE: 1287.19479865573
MAE: 35.281018487338365
EVS: -0.0020099337018910646
