Model: GRU
MSE: 17.99046291856179
MAE: 2.5826819847370017
EVS: 0.5754065541573674
