Model: GRU
MSE: 18.936147235338343
MAE: 2.395165122788528
EVS: 0.5614843063185102
