Model: GRU
MSE: 17.570349445455374
MAE: 2.4842174176512093
EVS: 0.5852920548107725
