Model: GRU
MSE: 390.0296629509607
MAE: 18.467593735662
EVS: -0.15624045641898743
