Model: GRU
MSE: 8040.098866776061
MAE: 89.37866395095298
EVS: -0.2170452115288899
