Model: GRU
MSE: 17.592948630872755
MAE: 2.5818615535209917
EVS: 0.586411315150059
