Model: GRU
MSE: 16.289024508092126
MAE: 2.485659048475068
EVS: 0.6315740416916631
