Model: GRU
MSE: 512.8830869709111
MAE: 21.601752610042176
EVS: -0.09178548694557609
