Model: GRU
MSE: 18.707581081068078
MAE: 2.614545230207772
EVS: 0.5599817976573149
