Model: GRU
MSE: 16.99595484528276
MAE: 2.5936828975019783
EVS: 0.599081182418264
