Model: GRU
MSE: 18.8666513808407
MAE: 3.021589940991895
EVS: 0.5675820312925999
