Model: GRU
MSE: 18.504032460760115
MAE: 2.622050873164473
EVS: 0.5632369148730438
