Model: GRU
MSE: 19.629966283359472
MAE: 2.5850028909485916
EVS: 0.5655567149656244
