Model: GRU
MSE: 16.528660383568646
MAE: 2.530983172613999
EVS: 0.6242939695319125
