Model: GRU
MSE: 23.161763090312267
MAE: 3.694712499092365
EVS: 0.5908849047553271
