Model: GRU
MSE: 21.1445397208037
MAE: 3.476271131943012
EVS: 0.624994881531665
