Model: GRU
MSE: 18.106425154719464
MAE: 2.520930869825955
EVS: 0.5728041525725913
