Model: GRU
MSE: 18.364027321321917
MAE: 2.6927368805326264
EVS: 0.5727613606358231
