Model: GRU
MSE: 19.01034454297911
MAE: 2.9990167124518035
EVS: 0.5866130434699074
