Model: GRU
MSE: 16.56290050094428
MAE: 2.553013193196264
EVS: 0.6091057184321542
