Model: GRU
MSE: 17.425396425057016
MAE: 2.6978966121015877
EVS: 0.5924636525459364
