Model: GRU
MSE: 16.55217510738079
MAE: 2.59799221055261
EVS: 0.6113148971248659
