Model: GRU
MSE: 17.22423024919054
MAE: 2.6261715971190354
EVS: 0.5972353771049882
