Model: GRU
MSE: 19.661360348059752
MAE: 2.668638728815934
EVS: 0.5525628686145388
