Model: GRU
MSE: 17.138504908905368
MAE: 2.4818407420454354
EVS: 0.595409445284672
