Model: GRU
MSE: 236.71861755533754
MAE: 13.793256319802383
EVS: -0.09691602559968726
