Model: GRU
MSE: 20.61459762310635
MAE: 3.1333155138739226
EVS: 0.5433532082896828
