Model: GRU
MSE: 762.7705631070226
MAE: 26.888357343344854
EVS: 0.06073248170219181
