Model: GRU
MSE: 18.215663494457658
MAE: 2.4346937557746626
EVS: 0.5757881817213936
