Model: GRU
MSE: 17.401338719189276
MAE: 2.5044624723237137
EVS: 0.5924642035273893
