Model: GRU
MSE: 598.5666922546446
MAE: 23.22628664148265
EVS: -0.39535286292508465
