Model: GRU
MSE: 18.611080789539987
MAE: 2.864271414691004
EVS: 0.5777743289437338
