Model: GRU
MSE: 210.53078273070417
MAE: 12.989603741415616
EVS: 0.013182818737111912
