Model: GRU
MSE: 18.026666823843353
MAE: 2.76958495172961
EVS: 0.5783191656096791
