Model: GRU
MSE: 19.142849154489905
MAE: 2.8706558490621634
EVS: 0.6009113544020297
