Model: GRU
MSE: 18.569304761607906
MAE: 2.543944169735086
EVS: 0.561624973923029
