Model: GRU
MSE: 17.786029781616275
MAE: 2.417350333312462
EVS: 0.5849509193068381
