Model: GRU
MSE: 16.541342443721398
MAE: 2.573736984154274
EVS: 0.6096813290826919
