Model: GRU
MSE: 20.04819398567685
MAE: 2.8971479884509383
EVS: 0.5368249576165383
