Model: GRU
MSE: 19.940483561561535
MAE: 2.6438243553556244
EVS: 0.5313311491546031
