Model: GRU
MSE: 3656.5988927818853
MAE: 60.05628835743871
EVS: -0.17662500094621647
