Model: GRU
MSE: 21.969185594604884
MAE: 3.174783682001048
EVS: 0.5540785473495334
