Model: GRU
MSE: 18.817504383522355
MAE: 2.6019834156694084
EVS: 0.5569077062882287
