Model: GRU
MSE: 23.908743436320908
MAE: 3.4363935733663626
EVS: 0.4502794330668637
