Model: GRU
MSE: 18.01672384194077
MAE: 2.6908649411694756
EVS: 0.5818000397799166
