Model: GRU
MSE: 501.6405700519253
MAE: 21.403113217189393
EVS: -0.028043864292058407
