Model: GRU
MSE: 1148.5325109301148
MAE: 33.36864471435547
EVS: 0.1721774583062996
