Model: GRU
MSE: 21.061107054299388
MAE: 3.024410765746544
EVS: 0.5191980599199789
