Model: GRU
MSE: 20.030153434172718
MAE: 2.5458831417149512
EVS: 0.5287703796874357
