Model: GRU
MSE: 16.455449454273015
MAE: 2.581036189506794
EVS: 0.6115405985775684
