Model: GRU
MSE: 20.351628895809693
MAE: 3.069708725501751
EVS: 0.5792000493278865
