Model: GRU
MSE: 20.146292942684035
MAE: 3.0534959949296097
EVS: 0.582114089469058
