Model: GRU
MSE: 17.393191218635625
MAE: 2.5526951756970635
EVS: 0.5897619362921672
