Model: GRU
MSE: 17.622135285414085
MAE: 2.734694086272141
EVS: 0.5903199958064447
