Model: GRU
MSE: 18.699649405707643
MAE: 2.5154527302446037
EVS: 0.5765167374567697
