Model: GRU
MSE: 280.69577307378285
MAE: 15.375453069292266
EVS: -0.04560552561016262
