Model: GRU
MSE: 1143.822768865996
MAE: 33.15720574515206
EVS: -0.1451742071292106
