Model: GRU
MSE: 800.7532580796658
MAE: 27.455467552974305
EVS: -0.10838601689606264
