Model: GRU
MSE: 1690.4214410203454
MAE: 40.48060038994099
EVS: -0.22151024172872846
