Model: GRU
MSE: 18.87372735349029
MAE: 2.9119592124018174
EVS: 0.5881889509605214
