Model: GRU
MSE: 23.09149633301814
MAE: 3.611601439015619
EVS: 0.518090645225456
