Model: GRU
MSE: 20.979580387289477
MAE: 3.3464222529838823
EVS: 0.5596347324330204
