Model: GRU
MSE: 18.050680148899673
MAE: 2.7939122339774825
EVS: 0.5788848341276946
