Model: GRU
MSE: 17.703117372671244
MAE: 2.502936708516088
EVS: 0.5820756492090594
