Model: GRU
MSE: 18.994412643137135
MAE: 2.7140002867271162
EVS: 0.5802783125849325
