Model: GRU
MSE: 18.375129114648974
MAE: 2.6449169208263528
EVS: 0.5682555795871174
