Model: GRU
MSE: 19.393848480732846
MAE: 2.759747429140683
EVS: 0.5751168813781102
