Model: GRU
MSE: 17.27668482137328
MAE: 2.652548814642018
EVS: 0.5923704958988406
