Model: GRU
MSE: 19.389218918356082
MAE: 2.867632512388558
EVS: 0.5506945391109037
