Model: GRU
MSE: 17.285293112853914
MAE: 2.4263977428962447
EVS: 0.5944135406368688
