Model: GRU
MSE: 18.078874572825722
MAE: 3.0008590735238174
EVS: 0.5907591407291111
