Model: GRU
MSE: 66.20267820041255
MAE: 6.936202608305832
EVS: 2.220446049250313e-16
