Model: GRU
MSE: 19.387112005953956
MAE: 2.77919510726271
EVS: 0.5639282531636642
