Model: GRU
MSE: 17.161374075257118
MAE: 2.584182854356437
EVS: 0.6098423235517747
