Model: GRU
MSE: 5012.228067712161
MAE: 70.50065152398471
EVS: 0.011170867504411652
