Model: GRU
MSE: 20.513460032601504
MAE: 2.6723152522383065
EVS: 0.5176802018839048
