Model: GRU
MSE: 18.110525048103213
MAE: 2.9802326169507256
EVS: 0.5845139037874907
