Model: GRU
MSE: 18.033413522094506
MAE: 2.5112310278004615
EVS: 0.579919408346292
