Model: GRU
MSE: 19.487553118884648
MAE: 2.90170038979629
EVS: 0.546570412917884
