Model: GRU
MSE: 300.57535025101106
MAE: 16.045082634892957
EVS: -0.01820800172588144
