Model: GRU
MSE: 18.204223685267138
MAE: 2.5012113493064354
EVS: 0.571725695080147
