Model: GRU
MSE: 16.916623357090618
MAE: 2.4688934622139764
EVS: 0.6141614350917708
