Model: GRU
MSE: 19.28718349549109
MAE: 2.5737844952221574
EVS: 0.5550289804784527
