Model: GRU
MSE: 202.54673110711357
MAE: 12.565395910164405
EVS: -0.054253919961688934
