Model: GRU
MSE: 18.013742531257854
MAE: 2.6321468106631576
EVS: 0.5780560110982849
