Model: GRU
MSE: 18.83673211256721
MAE: 2.911984887616388
EVS: 0.5980969535262811
