Model: GRU
MSE: 17.620186321094515
MAE: 2.5542556746252654
EVS: 0.5854223643830536
