Model: GRU
MSE: 21.139288344623814
MAE: 3.311104753921772
EVS: 0.5368597712578356
