Model: GRU
MSE: 18.420762993119386
MAE: 2.6409760631363968
EVS: 0.5695008235286315
