Model: GRU
MSE: 18.058552639928894
MAE: 2.5302149098494957
EVS: 0.5745873986042046
