Model: GRU
MSE: 18.711284932494813
MAE: 2.6142947838224213
EVS: 0.5583752608089263
