Model: GRU
MSE: 209.89268432922586
MAE: 12.91379308289495
EVS: -0.01811260496200573
