Model: GRU
MSE: 18.05082117420243
MAE: 2.65820573938304
EVS: 0.5740554634988805
