Model: GRU
MSE: 29.12857459371295
MAE: 3.968721570639775
EVS: 0.5213101452704656
