Model: GRU
MSE: 17.289244955741424
MAE: 2.393591017558657
EVS: 0.5965791052381431
