Model: GRU
MSE: 3522.7926544699894
MAE: 59.00739367254849
EVS: 0.03397704770044696
