Model: GRU
MSE: 17.7834367763333
MAE: 2.697985961519439
EVS: 0.5847228632455375
