Model: GRU
MSE: 214.9546803731367
MAE: 13.049816591986295
EVS: -0.0542400047652829
