Model: GRU
MSE: 260.40211126003015
MAE: 14.630163998439395
EVS: -0.09445411564395334
