Model: GRU
MSE: 18.39341269120137
MAE: 2.8168837530859587
EVS: 0.5738410253581064
