Model: GRU
MSE: 18.949466709071636
MAE: 2.919431287666847
EVS: 0.5891879429766194
