Model: GRU
MSE: 17.13132699025923
MAE: 2.524280387779762
EVS: 0.6084564949396885
