Model: GRU
MSE: 22.307582962569242
MAE: 3.4434411094106476
EVS: 0.6025197798424475
