Model: GRU
MSE: 209.90583228573382
MAE: 12.959318298718024
EVS: 0.009383799607153298
