Model: GRU
MSE: 27.69008584633237
MAE: 4.213969851362294
EVS: 0.5499203219888561
