Model: GRU
MSE: 591.8392955304577
MAE: 23.38737050418196
EVS: -0.05927381483443317
