Model: GRU
MSE: 20.55280539592132
MAE: 3.13610262706362
EVS: 0.5415698187672946
