Model: GRU
MSE: 202.61478962237402
MAE: 12.6259200161901
EVS: -0.01986666278639526
