Model: GRU
MSE: 18.74794150281039
MAE: 2.7670447661958892
EVS: 0.5633216184868693
