Model: GRU
MSE: 18.32101775896415
MAE: 2.685545728124421
EVS: 0.5743597443197075
