Model: GRU
MSE: 813.4158731008782
MAE: 27.25257784744789
EVS: -0.6693551959772683
