Model: GRU
MSE: 17.814546477949264
MAE: 2.8328802256748595
EVS: 0.5934989753050972
