Model: GRU
MSE: 18.940859571639105
MAE: 2.5295946474733024
EVS: 0.5575792179941766
