Model: GRU
MSE: 1050.6083581924606
MAE: 31.663098384594097
EVS: -0.1344959127015839
