Model: GRU
MSE: 19.68055330567648
MAE: 2.603634978162831
EVS: 0.5405178530482598
