Model: GRU
MSE: 9464.853005622883
MAE: 97.05947086728852
EVS: -0.046099031189754225
