Model: GRU
MSE: 19.66687792625589
MAE: 3.15139475156521
EVS: 0.6234083233251719
