Model: GRU
MSE: 19.380250765960014
MAE: 2.9583580329500396
EVS: 0.5542342871029282
