Model: GRU
MSE: 18.598288391835155
MAE: 2.956535421568772
EVS: 0.6069874568711962
