Model: GRU
MSE: 24.206020798482665
MAE: 3.9168831233320565
EVS: 0.5228302840297351
