Model: GRU
MSE: 300.58977293268094
MAE: 15.646494018620459
EVS: -0.31675628816158374
