Model: GRU
MSE: 20.542424530889512
MAE: 3.044342373979503
EVS: 0.5260729045273161
