Model: GRU
MSE: 20.411870851773134
MAE: 2.949871778488159
EVS: 0.52392056273318
