Model: GRU
MSE: 19.475087086734977
MAE: 2.590231985881411
EVS: 0.5406245772404776
