Model: GRU
MSE: 19.86365699722223
MAE: 2.8385900957831023
EVS: 0.5336927468106855
