Model: GRU
MSE: 20.030866990744737
MAE: 2.6900832365299094
EVS: 0.529389631251205
