Model: GRU
MSE: 22.26315655818418
MAE: 3.360581200698326
EVS: 0.4996114959472939
