Model: GRU
MSE: 17.405099288378953
MAE: 2.5828578513244103
EVS: 0.6000962630049522
