Model: GRU
MSE: 16.61304456928579
MAE: 2.494570732116699
EVS: 0.6114333515217993
