Model: GRU
MSE: 18.813200802686374
MAE: 2.791720221782553
EVS: 0.5848900463451001
