Model: GRU
MSE: 17.96403220186027
MAE: 2.518296636384109
EVS: 0.5940404466604062
