Model: GRU
MSE: 18.357938643904905
MAE: 2.8694864717023125
EVS: 0.5995677058633445
