Model: GRU
MSE: 5184.104670670753
MAE: 71.68236074776485
EVS: -0.07989809185213192
