Model: GRU
MSE: 24.224329159430415
MAE: 3.831796119953024
EVS: 0.5043938098851863
