Model: GRU
MSE: 17.5408467590086
MAE: 2.6843088330893683
EVS: 0.590771004845255
