Model: GRU
MSE: 261.52203490847813
MAE: 14.62875916629002
EVS: -0.12186308981159799
