Model: GRU
MSE: 20.372545050337273
MAE: 3.0906045806818994
EVS: 0.5755427516502178
