Model: GRU
MSE: 19.291352163280248
MAE: 2.7402491569519043
EVS: 0.5604572139030852
