Model: GRU
MSE: 19.16718668485993
MAE: 2.9820633057890267
EVS: 0.5921994006015514
