Model: GRU
MSE: 20.20847434115106
MAE: 2.9370715289280334
EVS: 0.5481538228322184
