Model: GRU
MSE: 17.274380715003062
MAE: 2.5643871734882224
EVS: 0.601605876137977
