Model: GRU
MSE: 19.77976821645494
MAE: 2.7097405400769463
EVS: 0.533061001171846
