Model: GRU
MSE: 212.48084835893974
MAE: 12.928657751658868
EVS: -0.07014414677093583
