Model: GRU
MSE: 1449.5747562106133
MAE: 37.38415474727236
EVS: -0.22758438327353714
