Model: GRU
MSE: 17.438003850540436
MAE: 2.8674244757356315
EVS: 0.5970910914705478
