Model: GRU
MSE: 18.14625057221031
MAE: 2.4785889921517206
EVS: 0.5780123543068794
