Model: GRU
MSE: 18.86781050823872
MAE: 3.0434876310414283
EVS: 0.5806677629957306
