Model: GRU
MSE: 18.985113088128667
MAE: 2.6204798468228043
EVS: 0.5652372700358124
