Model: GRU
MSE: 5157.683534795345
MAE: 71.51040787532412
EVS: -0.03743459448009334
