Model: GRU
MSE: 18.6844449934681
MAE: 2.7808744989592453
EVS: 0.560259058033039
