Model: GRU
MSE: 16.99165996369091
MAE: 2.6560857460416596
EVS: 0.5998738966829639
