Model: GRU
MSE: 17.822438005631813
MAE: 2.6037744571422707
EVS: 0.593088764510263
