Model: GRU
MSE: 16.595255965354724
MAE: 2.566253029066941
EVS: 0.6083479130213253
