Model: GRU
MSE: 18.01056980701437
MAE: 2.5022108328753503
EVS: 0.5936280786295685
