Model: GRU
MSE: 20.89201505066288
MAE: 3.387610369715197
EVS: 0.5602896842232539
