Model: GRU
MSE: 18.84524461060853
MAE: 2.4847570041130327
EVS: 0.5620708113772643
