Model: GRU
MSE: 21.40497759913345
MAE: 3.387491559160167
EVS: 0.5358484131369307
