Model: GRU
MSE: 29.413521730090505
MAE: 4.231832399450499
EVS: 0.38934872930631625
