Model: GRU
MSE: 17.491408840136078
MAE: 2.7098278999328613
EVS: 0.5888475210639059
