Model: GRU
MSE: 19.31956532933351
MAE: 2.964924458799691
EVS: 0.5821378934050683
