Model: GRU
MSE: 19.864734696610387
MAE: 2.8231904136723487
EVS: 0.5315634852705498
