Model: GRU
MSE: 45.03180746096091
MAE: 6.204390986212369
EVS: -0.0023494085268935816
