Model: GRU
MSE: 21.521377397831863
MAE: 2.7010335613941323
EVS: 0.5139403646651515
