Model: GRU
MSE: 17.86127844278929
MAE: 2.5574053813671243
EVS: 0.5784951661347946
