Model: GRU
MSE: 18.722941641659183
MAE: 2.738501182917891
EVS: 0.5582134765456457
