Model: GRU
MSE: 18.194666674983335
MAE: 2.400329926918293
EVS: 0.5861178863558889
