Model: GRU
MSE: 20.370399669028483
MAE: 3.1973388564997705
EVS: 0.6100831042763603
