Model: GRU
MSE: 17.965725229991765
MAE: 2.641505615464572
EVS: 0.5881297126769449
