Model: GRU
MSE: 17.70753319847393
MAE: 2.55477629858872
EVS: 0.58221851564503
