Model: GRU
MSE: 259.24959749793294
MAE: 14.598787838015063
EVS: -0.08889639962514218
