Model: GRU
MSE: 6615.2618097539125
MAE: 81.07402038574219
EVS: 0.0022277309689000546
