Model: GRU
MSE: 17.273059141981083
MAE: 2.730236522082625
EVS: 0.6143370049961321
