Model: GRU
MSE: 1008.629168633763
MAE: 31.178228805805073
EVS: 0.13721103919000144
