Model: GRU
MSE: 208.94169197259149
MAE: 12.913312513252784
EVS: 0.00404495099987956
