Model: GRU
MSE: 17.80367574095135
MAE: 2.4358390446366935
EVS: 0.5840928580549379
