Model: GRU
MSE: 17.708623702793254
MAE: 2.606048888173597
EVS: 0.5980911341993367
