Model: GRU
MSE: 17.155290861090638
MAE: 2.702627260109474
EVS: 0.6292064283074716
