Model: GRU
MSE: 18.43447935699237
MAE: 2.817549701394706
EVS: 0.5871373023003861
