Model: GRU
MSE: 21.88926975967888
MAE: 3.5114182192703773
EVS: 0.5305853614232519
