Model: GRU
MSE: 20.167195522433598
MAE: 3.194266442594857
EVS: 0.5788595671718595
