Model: GRU
MSE: 20.851296772344178
MAE: 3.1872897476985536
EVS: 0.6136950704666773
