Model: GRU
MSE: 20.04110589566302
MAE: 2.961884482153531
EVS: 0.5405163414063857
