Model: GRU
MSE: 17.34615418397479
MAE: 2.4996710810168037
EVS: 0.5905337987866002
