Model: GRU
MSE: 3006.6240726976507
MAE: 54.421332260658
EVS: -0.06098468073724561
