Model: GRU
MSE: 18.215439694942305
MAE: 2.8441360777822036
EVS: 0.6107905263161062
