Model: GRU
MSE: 251.5644001394331
MAE: 14.477880058617428
EVS: 0.009537540489039098
