Model: GRU
MSE: 17.903893839403104
MAE: 2.6033972296221504
EVS: 0.5774478824084959
