Model: GRU
MSE: 19.59090605959136
MAE: 2.7251017833578177
EVS: 0.5453041842752342
