Model: GRU
MSE: 744.1974422123415
MAE: 26.490780978367248
EVS: -0.0018076696329993869
