Model: GRU
MSE: 3944.8019372030776
MAE: 62.42736941370471
EVS: -0.12431933660762784
