Model: GRU
MSE: 18.08415825890486
MAE: 2.463277845547117
EVS: 0.5823674185990234
