Model: GRU
MSE: 20.217740081255545
MAE: 2.96273830430261
EVS: 0.5910091020414019
