Model: GRU
MSE: 18.13611452255062
MAE: 2.4783195133866935
EVS: 0.5721683596924763
