Model: GRU
MSE: 17.036175698940887
MAE: 2.4645659841340164
EVS: 0.5982157068540407
