Model: GRU
MSE: 27.78943749621917
MAE: 3.9756778069904875
EVS: 0.3233438977868125
