Model: GRU
MSE: 16.612402638293737
MAE: 2.732164707677118
EVS: 0.6085097728509317
