Model: GRU
MSE: 16.247208482572344
MAE: 2.797207310281951
EVS: 0.6448318723386549
