Model: GRU
MSE: 482.00839263544145
MAE: 21.004580662168305
EVS: 0.036436067817747886
