Model: GRU
MSE: 17.26994218680487
MAE: 2.5851761719276167
EVS: 0.5950022845939786
