Model: GRU
MSE: 19.69531426654487
MAE: 2.791792125537478
EVS: 0.5371079503770766
