Model: GRU
MSE: 18.602240457278846
MAE: 2.6055414224493094
EVS: 0.567343716402748
