Model: GRU
MSE: 52.10701549075763
MAE: 6.514564283962907
EVS: 2.220446049250313e-16
