Model: GRU
MSE: 481.6633038805264
MAE: 20.956109014050714
EVS: -0.0034326575616538957
