Model: GRU
MSE: 211.1161478460797
MAE: 12.94409117616456
EVS: -0.0285003582001786
