Model: GRU
MSE: 18.947208313644335
MAE: 2.5687993148277544
EVS: 0.5544227605624745
