Model: GRU
MSE: 191.88067654147125
MAE: 12.277411619137073
EVS: 0.028648972536822748
