Model: GRU
MSE: 17.655084263009556
MAE: 2.549919675136435
EVS: 0.6045459060903267
