Model: GRU
MSE: 16.95473522453364
MAE: 2.5411871630569984
EVS: 0.5999010992936402
