Model: GRU
MSE: 17.960551840091707
MAE: 2.621513037846006
EVS: 0.585895134083251
