Model: GRU
MSE: 19.013617527599333
MAE: 2.6285191979901543
EVS: 0.5583490129965861
