Model: GRU
MSE: 18.037965646287137
MAE: 2.5152016631488143
EVS: 0.581931414100127
