Model: GRU
MSE: 18.910272370714882
MAE: 2.979740176882063
EVS: 0.5179708896555637
