Model: GRU
MSE: 18.894601355978537
MAE: 2.8330220682867644
EVS: 0.6026424555360099
