Model: GRU
MSE: 19.17789920496251
MAE: 3.001771466485385
EVS: 0.5688693273883365
