Model: GRU
MSE: 21.08832769781119
MAE: 3.523807402314811
EVS: 0.5840007893324451
