Model: GRU
MSE: 17.951280219635706
MAE: 2.5377276354822618
EVS: 0.5763311891949819
