Model: GRU
MSE: 381.371165885934
MAE: 18.357365953511206
EVS: -0.047660917334909625
