Model: GRU
MSE: 1042.6543230919942
MAE: 31.675850769569134
EVS: 0.07234741114438181
