Model: GRU
MSE: 17.86702328774601
MAE: 2.4944987831444574
EVS: 0.5782052795724497
