Model: GRU
MSE: 18.40602366755372
MAE: 2.876702173002835
EVS: 0.57022489165039
