Model: GRU
MSE: 18.886719887333836
MAE: 2.571208748324164
EVS: 0.5598373839428128
