Model: GRU
MSE: 18.25984042750545
MAE: 2.817002432099704
EVS: 0.579947429158534
