Model: GRU
MSE: 11236.738894649
MAE: 105.81092110995588
EVS: 0.03709980088477127
