Model: GRU
MSE: 17.866419430561567
MAE: 2.538868858896453
EVS: 0.5785249329168298
