Model: GRU
MSE: 19.10751188236265
MAE: 2.9788765085154565
EVS: 0.5732691930380518
