Model: GRU
MSE: 19.577747495691153
MAE: 2.721621069414862
EVS: 0.5387143133491614
