Model: GRU
MSE: 18.23785038933201
MAE: 2.5805578231811523
EVS: 0.5694644103568913
