Model: GRU
MSE: 1266.179948868134
MAE: 34.984857098809606
EVS: 0.0028251333401084766
