Model: GRU
MSE: 16.366222833438655
MAE: 2.5038636388449835
EVS: 0.6171220571117106
