Model: GRU
MSE: 1732.5772833012115
MAE: 41.1577337199244
EVS: 0.0883193766945487
