Model: GRU
MSE: 20.149308800931315
MAE: 3.1007783618466607
EVS: 0.6092274435741352
