Model: GRU
MSE: 18.40775721296916
MAE: 2.871652808682672
EVS: 0.5791490552896916
