Model: GRU
MSE: 21.42628344372956
MAE: 2.833724849182984
EVS: 0.5245623105915103
