Model: GRU
MSE: 2373.0228334003627
MAE: 48.254384007947195
EVS: -0.051413952156668774
