Model: GRU
MSE: 1239.3142629048539
MAE: 34.55841771487532
EVS: -0.06304703973128323
