Model: GRU
MSE: 3408.9919483120843
MAE: 58.015756935908875
EVS: -0.018992289987615152
