Model: GRU
MSE: 17.32478178902269
MAE: 2.6457817760007134
EVS: 0.5977716320214415
