Model: GRU
MSE: 52.06603190920502
MAE: 6.513204903438173
EVS: 2.220446049250313e-16
