Model: GRU
MSE: 20.671651153966117
MAE: 2.989484795208635
EVS: 0.5182247112374452
