Model: GRU
MSE: 16.63945277298612
MAE: 2.638086804028215
EVS: 0.6123381298208507
