Model: GRU
MSE: 20.450276872021224
MAE: 3.0371179580688477
EVS: 0.5485316260334068
