Model: GRU
MSE: 4793.65177232721
MAE: 68.92530816176841
EVS: -0.014029321555048213
