Model: GRU
MSE: 25.245883958153833
MAE: 3.841228904395268
EVS: 0.40442858870014775
