Model: GRU
MSE: 18.6139657245119
MAE: 2.8673769112291008
EVS: 0.5675618335769693
