Model: GRU
MSE: 18.284550843714985
MAE: 2.8258872278805436
EVS: 0.6035272546628412
