Model: GRU
MSE: 16.433683268409396
MAE: 2.4363304705455384
EVS: 0.6143732366576196
