Model: GRU
MSE: 3430.8640961497904
MAE: 58.11458456105199
EVS: -0.2643985883827218
