Model: GRU
MSE: 18.76363689551854
MAE: 2.543587861389949
EVS: 0.5706214525690264
