Model: GRU
MSE: 19.6057062786075
MAE: 2.9210304186261933
EVS: 0.5523816120106106
