Model: GRU
MSE: 16.867782796750014
MAE: 2.67547843374055
EVS: 0.6382091168214232
