Model: GRU
MSE: 608.476241982295
MAE: 23.070975426969856
EVS: -0.7990421578673759
