Model: GRU
MSE: 17.685025520921542
MAE: 2.68683962164254
EVS: 0.5934143091220899
