Model: GRU
MSE: 23.079053383278122
MAE: 3.3018842154535752
EVS: 0.5046257298863681
