Model: GRU
MSE: 17.560183068474
MAE: 2.448523213123453
EVS: 0.5907608602277443
