Model: GRU
MSE: 3400.0843997745983
MAE: 57.99286671342521
EVS: 0.12860390542199307
