Model: GRU
MSE: 17.479139819584894
MAE: 2.6644348769352355
EVS: 0.6055150646331259
