Model: GRU
MSE: 16.923496634590492
MAE: 2.392921780717784
EVS: 0.6136196041212264
