Model: GRU
MSE: 21.384163580703493
MAE: 3.1948301463291564
EVS: 0.5103893797636927
