Model: GRU
MSE: 206.90742181249846
MAE: 12.823033203338754
EVS: -0.0027820912798905972
