Model: GRU
MSE: 18.93482212521495
MAE: 2.6882001449321877
EVS: 0.5810376600973537
