Model: GRU
MSE: 21.76079579614793
MAE: 3.5069406566948724
EVS: 0.5386452964972122
