Model: GRU
MSE: 20.75472987272552
MAE: 2.982293636634432
EVS: 0.5187699789873328
