Model: GRU
MSE: 22.40759393258893
MAE: 3.5984200855781294
EVS: 0.5420396562006939
