Model: GRU
MSE: 17.30356610083985
MAE: 2.4641106868612357
EVS: 0.5916021574692585
