Model: GRU
MSE: 19.293175376353933
MAE: 2.9686517304387587
EVS: 0.594548543107056
