Model: GRU
MSE: 17.060897063973588
MAE: 2.514549900745523
EVS: 0.5981331169591859
