Model: GRU
MSE: 203.53926380931728
MAE: 12.534734705398822
EVS: -0.09585349912849117
