Model: GRU
MSE: 19.892075149326043
MAE: 2.817429549735168
EVS: 0.5923382206285288
