Model: GRU
MSE: 19.273820703147695
MAE: 3.1508085522158393
EVS: 0.6022624469233362
