Model: GRU
MSE: 280.3512660661434
MAE: 15.327017747122666
EVS: -0.0725789301189772
