Model: GRU
MSE: 2545.794125139547
MAE: 49.1356170259673
EVS: -2.104040296789768
