Model: GRU
MSE: 216.73405015722793
MAE: 13.158034889862455
EVS: -0.02929160005564202
