Model: GRU
MSE: 17.63016384608986
MAE: 2.564451949349765
EVS: 0.5841873630665968
