Model: GRU
MSE: 269.9779249001555
MAE: 14.993219038535809
EVS: -0.06661838013102384
