Model: GRU
MSE: 882.746899507998
MAE: 28.670037006509716
EVS: -0.4347674132754218
