Model: GRU
MSE: 17.99247213210551
MAE: 2.5703733666189787
EVS: 0.58380974966375
