Model: GRU
MSE: 18.596220642676773
MAE: 2.687847778714936
EVS: 0.5614993966984997
