Model: GRU
MSE: 1167.1633114853926
MAE: 33.27477685336409
EVS: -0.4153303855095116
