Model: GRU
MSE: 18.93065242111187
MAE: 2.8442605117271684
EVS: 0.5932120350554875
