Model: GRU
MSE: 366.2569007521483
MAE: 18.03635388407214
EVS: 0.03334689519979939
