Model: GRU
MSE: 21.864927657970036
MAE: 3.559725013272516
EVS: 0.5775105912192662
