Model: GRU
MSE: 18.953536100702788
MAE: 2.651029841653232
EVS: 0.5694605878236526
