Model: GRU
MSE: 17.6275793966719
MAE: 2.570487170383848
EVS: 0.5842697308117755
