Model: GRU
MSE: 16.501777806916454
MAE: 2.431423146149208
EVS: 0.6113560897126066
