Model: GRU
MSE: 23.080113348241483
MAE: 3.630332897449362
EVS: 0.5238202054876022
