Model: GRU
MSE: 348.9143838697638
MAE: 17.45979776053593
EVS: -0.04037953113476167
