Model: GRU
MSE: 219.7423440621302
MAE: 13.277661122124771
EVS: -0.02565347417086028
