Model: GRU
MSE: 1282.4260621727233
MAE: 35.23283359922212
EVS: 0.03035678106259332
