Model: GRU
MSE: 23.0160879760225
MAE: 3.56334270279983
EVS: 0.5089700200574994
