Model: GRU
MSE: 17.372803916951376
MAE: 2.5109041888138344
EVS: 0.6045804539061719
