Model: GRU
MSE: 1379.3413123517075
MAE: 36.48680338366278
EVS: -0.13444709976638558
