Model: GRU
MSE: 18.877887344914747
MAE: 2.813610623622763
EVS: 0.5794356934532163
