Model: GRU
MSE: 19.506050564863422
MAE: 2.6663019862668267
EVS: 0.5518212914876922
