Model: GRU
MSE: 17.75656530881781
MAE: 2.7254767089054504
EVS: 0.5882444170841526
