Model: GRU
MSE: 14.447544517356043
MAE: 2.354146176371081
EVS: 0.661861522766485
