Model: GRU
MSE: 18.317151617370268
MAE: 2.709628442238117
EVS: 0.5681827403913909
