Model: GRU
MSE: 21.16743521014002
MAE: 3.2522804387684525
EVS: 0.5810038745569208
