Model: GRU
MSE: 18.694374501947284
MAE: 2.513072361206186
EVS: 0.5649754850549193
