Model: GRU
MSE: 943.1755790916848
MAE: 29.44840669631958
EVS: -0.7933902192919027
