Model: GRU
MSE: 356.93941639292024
MAE: 17.682443388577166
EVS: -0.04511912145398611
