Model: GRU
MSE: 20.128280413712595
MAE: 3.092560677692808
EVS: 0.5393854535854743
