Model: GRU
MSE: 18.620847617169108
MAE: 2.720455256001703
EVS: 0.5638841272977798
