Model: GRU
MSE: 18.962053147487826
MAE: 2.5912805754562904
EVS: 0.5523530698401249
