Model: GRU
MSE: 287.0694402420965
MAE: 15.661787181065
EVS: 0.01372850253067126
