Model: GRU
MSE: 4115.662764476438
MAE: 63.694915508401806
EVS: -0.38388437371195083
