Model: GRU
MSE: 18.593541262894963
MAE: 2.9554609101394127
EVS: 0.5807388575882144
