Model: GRU
MSE: 17.12273640838014
MAE: 2.509401633821685
EVS: 0.6029832333244628
