Model: GRU
MSE: 251.15568350961647
MAE: 14.233004715935937
EVS: -0.1467883782397026
