Model: GRU
MSE: 19.759186515823227
MAE: 3.1882083621518365
EVS: 0.5600413891960563
