Model: GRU
MSE: 18.260956415803776
MAE: 2.5729496232394515
EVS: 0.5695364969366394
