Model: GRU
MSE: 20.540119431865463
MAE: 2.6179760797270415
EVS: 0.5211709716234474
