Model: GRU
MSE: 255.23050377056964
MAE: 14.600056233077213
EVS: 0.006858734107638931
