Model: GRU
MSE: 18.746907841446646
MAE: 2.5410457931715866
EVS: 0.5710077817041206
