Model: GRU
MSE: 21.270906697416386
MAE: 3.667461370599681
EVS: 0.5684969630705103
