Model: GRU
MSE: 229.5554318181791
MAE: 13.612455978475769
EVS: -0.044785354861715865
