Model: GRU
MSE: 232.54505628577195
MAE: 13.778337667728293
EVS: -0.008099120213292954
