Model: GRU
MSE: 18.359786418061855
MAE: 2.6937888285209395
EVS: 0.5717290704701306
