Model: GRU
MSE: 18.52651253780721
MAE: 2.671541242763914
EVS: 0.5704369026949372
