Model: GRU
MSE: 17.147721827863922
MAE: 2.4886048251184922
EVS: 0.5951850863612809
