Model: GRU
MSE: 18.669868020924422
MAE: 2.9159831014172783
EVS: 0.6042819862371827
