Model: GRU
MSE: 18.150627067487576
MAE: 2.6782413762191246
EVS: 0.5730539564524233
