Model: GRU
MSE: 19.81780737405492
MAE: 2.9090868645700914
EVS: 0.5813803097450613
