Model: GRU
MSE: 583.9520993293248
MAE: 23.236645698547363
EVS: -0.038976063888891854
