Model: GRU
MSE: 17.568448969276538
MAE: 2.634699459733634
EVS: 0.5921657948162814
