Model: GRU
MSE: 16.7580594068183
MAE: 2.5149226353086274
EVS: 0.6053861527380369
