Model: GRU
MSE: 21.1075292141307
MAE: 3.2233975180264176
EVS: 0.5796776985396926
