Model: GRU
MSE: 18.60065997818402
MAE: 2.5166308633212386
EVS: 0.5609284738418285
