Model: GRU
MSE: 21.634144294858938
MAE: 3.460082950263188
EVS: 0.5372690077028497
