Model: GRU
MSE: 20.193496624148224
MAE: 2.764833828498577
EVS: 0.5758018476203879
