Model: GRU
MSE: 18.29806635236544
MAE: 2.9633460209287446
EVS: 0.6009394388565078
