Model: GRU
MSE: 17.61063297297871
MAE: 2.622809854047052
EVS: 0.6090244651834298
