Model: GRU
MSE: 17.52856212105778
MAE: 2.6217717055616707
EVS: 0.5904106304103347
