Model: GRU
MSE: 16.4833404362719
MAE: 2.4824780225753784
EVS: 0.6136354232676626
