Model: GRU
MSE: 783.3162199427053
MAE: 27.061306772560908
EVS: -0.20402799461349286
