Model: GRU
MSE: 18.65941514187288
MAE: 2.6605017267424484
EVS: 0.5859393639447891
