Model: GRU
MSE: 20.33105808038942
MAE: 2.892957827140545
EVS: 0.5243733007951986
