Model: GRU
MSE: 18.964540894974565
MAE: 2.859055256843567
EVS: 0.5114141015614093
