Model: GRU
MSE: 18.59942525936032
MAE: 2.6024976352165483
EVS: 0.5615390137852398
