Model: GRU
MSE: 561.1700440430367
MAE: 22.920759529903016
EVS: 0.15464260486750736
