Model: GRU
MSE: 18.602147350919754
MAE: 2.573987763503502
EVS: 0.5609938459149751
