Model: GRU
MSE: 18.993048324306784
MAE: 2.8127705064313164
EVS: 0.5582521998451146
