Model: GRU
MSE: 1434.1685818271171
MAE: 37.39906218956257
EVS: 0.16243538514968414
