Model: GRU
MSE: 18.254886035406308
MAE: 2.6134148096216134
EVS: 0.5692261564124672
