Model: GRU
MSE: 1085.0170917723804
MAE: 32.29243456084153
EVS: 0.0033907868075693237
