Model: GRU
MSE: 227.09013245740468
MAE: 13.613349175658719
EVS: 0.013988323486493037
