Model: GRU
MSE: 18.412007089935194
MAE: 2.945495909657972
EVS: 0.6039310527369176
