Model: GRU
MSE: 19.60673463137991
MAE: 2.5480001054961106
EVS: 0.5451711730635751
