Model: GRU
MSE: 24.302298392759532
MAE: 3.550653537799572
EVS: 0.45520740839968
