Model: GRU
MSE: 428.5655697177041
MAE: 19.72550965999735
EVS: 0.06821521659943397
