Model: GRU
MSE: 17.010913503612112
MAE: 2.4204710023156526
EVS: 0.6097605524092725
