Model: GRU
MSE: 1575.0330211430517
MAE: 39.181793804826405
EVS: 0.05994746348796298
