Model: GRU
MSE: 17.278679635887087
MAE: 2.4629793043794304
EVS: 0.5972530186161716
