Model: GRU
MSE: 18.234404831810178
MAE: 2.7080427654858292
EVS: 0.5714187640193374
