Model: GRU
MSE: 16.085595255337513
MAE: 2.3759026198551574
EVS: 0.6207904039631864
