Model: GRU
MSE: 737.6778153160119
MAE: 26.376164600766938
EVS: 0.009056723371061226
