Model: GRU
MSE: 20.272237096707943
MAE: 3.2029406777743636
EVS: 0.5487631524893976
