Model: GRU
MSE: 18.13969815245961
MAE: 2.6993104918249724
EVS: 0.5847768799998889
