Model: GRU
MSE: 17.712869477926727
MAE: 2.5373373196042817
EVS: 0.5818653858636811
