Model: GRU
MSE: 17.495890809326813
MAE: 2.6442965556835305
EVS: 0.6025346751638004
