Model: GRU
MSE: 2540.355945403476
MAE: 49.954888837090856
EVS: -0.059151769810447785
