Model: GRU
MSE: 18.487750211356275
MAE: 2.7674375484729636
EVS: 0.5641313580830047
