Model: GRU
MSE: 17.487211827454665
MAE: 2.708755900119913
EVS: 0.588637064132621
