Model: GRU
MSE: 17.63698946169729
MAE: 2.511896010102897
EVS: 0.5838688837918833
