Model: GRU
MSE: 17.275161414390055
MAE: 2.4312374591827393
EVS: 0.5940596228900502
