Model: GRU
MSE: 18.633387273541427
MAE: 2.8708418484391838
EVS: 0.5761021063875246
