Model: GRU
MSE: 17.702470921434863
MAE: 2.48032651276424
EVS: 0.5823913494042006
