Model: GRU
MSE: 39.124638081406104
MAE: 5.656950967065219
EVS: 0.08107309187827261
