Model: GRU
MSE: 16.11795600128896
MAE: 2.6245883744338463
EVS: 0.6245558515372258
