Model: GRU
MSE: 20.146986975666522
MAE: 3.1053239641518426
EVS: 0.545196716650023
