Model: GRU
MSE: 18.65366128498943
MAE: 2.6863998071900728
EVS: 0.5867736823715868
