Model: GRU
MSE: 21.719941407137217
MAE: 3.5330727840292044
EVS: 0.6178741202992617
