Model: GRU
MSE: 17.423034447766064
MAE: 2.6151974982228774
EVS: 0.5893031591198261
