Model: GRU
MSE: 17.765092843999575
MAE: 2.555831662539778
EVS: 0.5818750549088121
