Model: GRU
MSE: 17.66086955204165
MAE: 2.461488933398806
EVS: 0.5869456922305243
