Model: GRU
MSE: 12390.900413137797
MAE: 111.13358596275593
EVS: 0.050352689269590245
