Model: GRU
MSE: 19.31205905992451
MAE: 2.9509274795137603
EVS: 0.592902583700231
