Model: GRU
MSE: 22.76313500436537
MAE: 3.6299498821127005
EVS: 0.5181452866735179
