Model: GRU
MSE: 18.282519714786144
MAE: 2.6967801348916414
EVS: 0.6053462584528524
