Model: GRU
MSE: 16.306986718515144
MAE: 2.421101656453363
EVS: 0.6222496316235671
