Model: GRU
MSE: 1344.4853052349708
MAE: 35.79502809458766
EVS: -0.4920248757733754
