Model: GRU
MSE: 18.211736402319424
MAE: 2.6873006162972284
EVS: 0.570309355365145
