Model: GRU
MSE: 17.26954489798296
MAE: 2.5661731999495934
EVS: 0.5981975013602019
