Model: GRU
MSE: 18.982392448940722
MAE: 2.478837282493197
EVS: 0.5557337298838981
