Model: GRU
MSE: 23.97292317850145
MAE: 3.431045035863745
EVS: 0.5792686199614299
