Model: GRU
MSE: 17.181039389298192
MAE: 2.470156192779541
EVS: 0.5976442398243931
