Model: GRU
MSE: 17.721294739550256
MAE: 2.8021000747022957
EVS: 0.5845169459191146
