Model: GRU
MSE: 19.1951865262783
MAE: 2.6919058684645027
EVS: 0.571167331462198
