Model: GRU
MSE: 438.9161581958851
MAE: 19.855002567685883
EVS: -0.055138599886696005
