Model: GRU
MSE: 19.531083297149173
MAE: 2.685607028418574
EVS: 0.5563662380313767
