Model: GRU
MSE: 18.636746190810605
MAE: 2.5031942499094995
EVS: 0.5622594085311831
