Model: GRU
MSE: 23.554682788767195
MAE: 3.649400834379525
EVS: 0.49178882014801684
