Model: GRU
MSE: 922.5618061124711
MAE: 29.56545247702763
EVS: -0.1436855405084525
