Model: GRU
MSE: 5087.008284936862
MAE: 70.63447070943899
EVS: -1.3083388186788278
