Model: GRU
MSE: 25.597153720302195
MAE: 3.8174581404390007
EVS: 0.45554243058669186
