Model: GRU
MSE: 16.500885775718782
MAE: 2.507930434983352
EVS: 0.6227073540734428
