Model: GRU
MSE: 218.2019968952591
MAE: 13.171285279865923
EVS: -0.055710131642198846
