Model: GRU
MSE: 19.9808375939179
MAE: 2.6101398056951064
EVS: 0.5636959959425314
