Model: GRU
MSE: 17.965826966818696
MAE: 2.5569206763958108
EVS: 0.5775520290055289
