Model: GRU
MSE: 3535.7077439483837
MAE: 59.07522155498636
EVS: -0.08183659645916896
