Model: GRU
MSE: 17.366014769060584
MAE: 2.7828642499857934
EVS: 0.590823651179434
