Model: GRU
MSE: 14992.660974517465
MAE: 121.38863096566035
EVS: -5.078020128394483
