Model: GRU
MSE: 18.914520929915813
MAE: 2.645874048101491
EVS: 0.5540053966991735
