Model: GRU
MSE: 16769.57493998101
MAE: 129.33373707738417
EVS: 2.220446049250313e-16
