Model: GRU
MSE: 20.594351389038962
MAE: 3.057745201834317
EVS: 0.5770280198248536
