Model: GRU
MSE: 18.128127349767368
MAE: 2.9454196280446547
EVS: 0.5867098303603349
