Model: GRU
MSE: 874.530545886311
MAE: 28.641517376077587
EVS: -0.2793863108779475
