Model: GRU
MSE: 17.27831314972596
MAE: 2.6559808829735063
EVS: 0.599665309696769
