Model: GRU
MSE: 276.3772088021771
MAE: 15.159997315242373
EVS: -0.09896970354693169
