Model: GRU
MSE: 24.845236448232534
MAE: 3.6658002302564423
EVS: 0.5567840611120863
