Model: GRU
MSE: 236.7402269817692
MAE: 13.808561727918427
EVS: -0.08745300855282578
