Model: GRU
MSE: 216.47567896637128
MAE: 13.095385941965827
EVS: -0.06202053892387416
