Model: GRU
MSE: 25.428317049671364
MAE: 3.7509883354450095
EVS: 0.5731175244831257
