Model: GRU
MSE: 16.401675968450753
MAE: 2.4411804840482514
EVS: 0.6144857176211417
