Model: GRU
MSE: 19.928101734646056
MAE: 2.831954637478138
EVS: 0.5898565936422362
