Model: GRU
MSE: 19.76135156531101
MAE: 2.69573438167572
EVS: 0.5338583473352534
