Model: GRU
MSE: 722.7868487006222
MAE: 26.062640009255244
EVS: -0.02753228436427735
