Model: GRU
MSE: 261.27257339636435
MAE: 14.750850776146198
EVS: -0.03129367739140232
