Model: GRU
MSE: 18.02765506852253
MAE: 2.6421545497302352
EVS: 0.5825076903147853
