Model: GRU
MSE: 17.389141448232486
MAE: 2.659395924929915
EVS: 0.5925943323079204
