Model: GRU
MSE: 16.71468741130944
MAE: 2.581744777745214
EVS: 0.6158864032864939
