Model: GRU
MSE: 18.79695534454268
MAE: 2.5323918400139642
EVS: 0.5568169807790273
