Model: GRU
MSE: 20.461082550222454
MAE: 2.6262616412392976
EVS: 0.5202211470509243
