Model: GRU
MSE: 17.92699761672332
MAE: 2.889008826222913
EVS: 0.6318967615400112
