Model: GRU
MSE: 4906.693544290727
MAE: 69.68982716264397
EVS: -0.1808840992533105
