Model: GRU
MSE: 18.51669765596823
MAE: 2.618236574633368
EVS: 0.5628778764482936
