Model: GRU
MSE: 211.77994690527495
MAE: 13.021451444461428
EVS: 0.003249442039513939
