Model: GRU
MSE: 19.554998918023745
MAE: 2.750234340799266
EVS: 0.5384288205252634
