Model: GRU
MSE: 252.9742605804697
MAE: 14.523603118699173
EVS: 0.007558666945821746
