Model: GRU
MSE: 2099.3494593022815
MAE: 45.21923943223624
EVS: -0.28825839705440326
