Model: GRU
MSE: 16.9804952410035
MAE: 2.8237295808463263
EVS: 0.6031946124633542
