Model: GRU
MSE: 21.75990977787254
MAE: 2.851651565781955
EVS: 0.5018085273930164
