Model: GRU
MSE: 20.178457979907698
MAE: 3.013904439991918
EVS: 0.5907351692322075
