Model: GRU
MSE: 19.645404968148902
MAE: 2.5663735249946855
EVS: 0.5507263975639048
