Model: GRU
MSE: 19.200017090207464
MAE: 2.561983425041725
EVS: 0.5528277361131548
