Model: GRU
MSE: 21.098564361630118
MAE: 3.0769531213004013
EVS: 0.5627658279897905
