Model: GRU
MSE: 20.354395622924564
MAE: 2.7948010748830336
EVS: 0.521361856706418
