Model: GRU
MSE: 16.639741805782116
MAE: 2.4477103003140153
EVS: 0.609804419170896
