Model: GRU
MSE: 19.251640078557102
MAE: 2.650415741164109
EVS: 0.5855706284670614
