Model: GRU
MSE: 1041.1765069669957
MAE: 31.670176642281668
EVS: 0.015843924393423192
