Model: GRU
MSE: 19.35500058788708
MAE: 2.5628618782964248
EVS: 0.5441052613124265
