Model: GRU
MSE: 21.593355102189292
MAE: 3.6836351019995552
EVS: 0.5050687829607317
