Model: GRU
MSE: 15.827008583637692
MAE: 2.44946603939451
EVS: 0.6279988866276189
