Model: GRU
MSE: 17.760465542809808
MAE: 2.645646066501223
EVS: 0.5877221321745673
