Model: GRU
MSE: 17.077079485591128
MAE: 2.466579116623977
EVS: 0.6033931066900728
