Model: GRU
MSE: 18.568783775889006
MAE: 2.713410105024065
EVS: 0.5220569490079144
