Model: GRU
MSE: 289.3399882098639
MAE: 15.648817736527015
EVS: -0.04946005838912604
