Model: GRU
MSE: 25.151499283815053
MAE: 4.004856241160426
EVS: 0.543294033978049
