Model: GRU
MSE: 860.4207123449727
MAE: 28.54793196711047
EVS: -0.0726379418390104
