Model: GRU
MSE: 20.106278782393396
MAE: 2.575480907127775
EVS: 0.5505033344199355
