Model: GRU
MSE: 676.3343238493305
MAE: 25.120690773273335
EVS: -0.06907146435834233
