Model: GRU
MSE: 24.792460738114265
MAE: 3.9033799418087662
EVS: 0.5053386739814113
