Model: GRU
MSE: 18.982135855159733
MAE: 2.5877863661996248
EVS: 0.566408260950882
