Model: GRU
MSE: 18.94432862314817
MAE: 2.5055710467798957
EVS: 0.5580124196328257
