Model: GRU
MSE: 2404.2027798741915
MAE: 48.60098700687803
EVS: 0.005017818473035618
