Model: GRU
MSE: 2805.8325954600123
MAE: 52.55027573684166
EVS: -0.04583922711797905
