Model: GRU
MSE: 19.281729816812486
MAE: 2.531493306159973
EVS: 0.5702850335526535
