Model: GRU
MSE: 20.830368974150513
MAE: 3.0409299663134983
EVS: 0.47112338484822325
