Model: GRU
MSE: 16.88555707177052
MAE: 2.906206862679843
EVS: 0.6151550271593575
