Model: GRU
MSE: 296.08116285571964
MAE: 15.95310809283421
EVS: 0.018411230169039894
