Model: GRU
MSE: 17.307900866956473
MAE: 2.6554544794148414
EVS: 0.5939580930922275
