Model: GRU
MSE: 20.275965177219256
MAE: 3.381242439664643
EVS: 0.6010278738804735
