Model: GRU
MSE: 19.35707650181144
MAE: 3.0750589617367448
EVS: 0.5728659301715915
