Model: GRU
MSE: 21.821175200353373
MAE: 3.1659097054909013
EVS: 0.5839904517284922
