Model: GRU
MSE: 18.082520085100263
MAE: 2.9395571330498003
EVS: 0.5894283071317894
