Model: GRU
MSE: 19.08161784685019
MAE: 2.722704081699766
EVS: 0.5508787951510927
