Model: GRU
MSE: 17.382660557749393
MAE: 2.7781004247994256
EVS: 0.602189835319829
