Model: GRU
MSE: 17.61629953841809
MAE: 2.7167380308282785
EVS: 0.5981255393257796
