Model: GRU
MSE: 19.251146618488175
MAE: 2.51997185575551
EVS: 0.5568459053091517
