Model: GRU
MSE: 18.973156404903843
MAE: 3.058467881432895
EVS: 0.617993594983439
