Model: GRU
MSE: 22.8631940314705
MAE: 3.3728330546411973
EVS: 0.5796139598020986
