Model: GRU
MSE: 17.18144287728111
MAE: 2.5753961267142462
EVS: 0.6136464342554899
