Model: GRU
MSE: 19.391782631465095
MAE: 2.8526416482596564
EVS: 0.5553968121092434
