Model: GRU
MSE: 17.580448653093665
MAE: 2.57805859220439
EVS: 0.5854181690673225
