Model: GRU
MSE: 17.87414508193462
MAE: 2.5643407394146096
EVS: 0.5822915907163032
