Model: GRU
MSE: 18.255403025344705
MAE: 2.668206309450084
EVS: 0.5910198828378779
