Model: GRU
MSE: 18.121487983791894
MAE: 2.6337540273008675
EVS: 0.5728189350743232
