Model: GRU
MSE: 19.4840438985478
MAE: 2.9295861227759
EVS: 0.5489548458412216
