Model: GRU
MSE: 184.68309349250285
MAE: 11.929949702887699
EVS: 0.0
