Model: GRU
MSE: 597.4725610665921
MAE: 23.34584466342268
EVS: -0.2380748067139593
