Model: GRU
MSE: 20.054241160626468
MAE: 3.134265665350289
EVS: 0.5801667338613815
