Model: GRU
MSE: 19.27952060509227
MAE: 2.760393681197331
EVS: 0.5476469873345535
