Model: GRU
MSE: 19.774146358659877
MAE: 3.081025883129665
EVS: 0.49901312456747327
