Model: GRU
MSE: 1191.968306572009
MAE: 33.87091584041201
EVS: -0.05594917500977048
