Model: GRU
MSE: 18.74928827210371
MAE: 2.4695578238059737
EVS: 0.558080135903174
