Model: GRU
MSE: 16.704729028046863
MAE: 2.570266074147718
EVS: 0.6056783366048327
