Model: GRU
MSE: 17.308159052707285
MAE: 2.677791579016324
EVS: 0.5934772775574115
