Model: GRU
MSE: 1234.9218705983308
MAE: 34.51753918877964
EVS: -0.026014663507005098
