Model: GRU
MSE: 3090.4900452732745
MAE: 55.171516813080885
EVS: -0.09996328748736172
