Model: GRU
MSE: 19.069480486486402
MAE: 3.322088726635637
EVS: 0.6160394486400883
