Model: GRU
MSE: 17.93925659017593
MAE: 2.890062529465248
EVS: 0.6017131780448768
