Model: GRU
MSE: 17.426675842098074
MAE: 2.6782176371278434
EVS: 0.6142291299061378
