Model: GRU
MSE: 19.837093916736734
MAE: 3.086749455024456
EVS: 0.5499699163097105
