Model: GRU
MSE: 17.488790318038365
MAE: 2.633906520646194
EVS: 0.5881418069394828
