Model: GRU
MSE: 19.22841515965161
MAE: 2.8812041447080414
EVS: 0.5593612986712757
