Model: GRU
MSE: 19.539149320943935
MAE: 3.1650413233658363
EVS: 0.5738202546413567
