Model: GRU
MSE: 378.74544475990456
MAE: 18.43500075669124
EVS: 0.08175758493590979
