Model: GRU
MSE: 20.043672088693366
MAE: 2.9971056929950057
EVS: 0.547837308197582
