Model: GRU
MSE: 269.51086464669686
MAE: 14.97848441683013
EVS: -0.06601783940039518
