Model: GRU
MSE: 18.052352343384626
MAE: 2.77228333210123
EVS: 0.5913502746121143
