Model: GRU
MSE: 20.16005735639636
MAE: 3.2719799855659746
EVS: 0.6091789057973138
