Model: GRU
MSE: 16.740974910133602
MAE: 2.714408479887864
EVS: 0.6154440353841231
