Model: GRU
MSE: 19.155697918780017
MAE: 3.0358004652220627
EVS: 0.5686588655332978
