Model: GRU
MSE: 212.85697046270005
MAE: 12.989406285614804
EVS: -0.041853791592854295
