Model: GRU
MSE: 18.061638676868935
MAE: 2.552941786831823
EVS: 0.5738396355082969
