Model: GRU
MSE: 625.4343642833402
MAE: 24.155560148173365
EVS: 0.009823449596290779
