Model: GRU
MSE: 17.59096326977322
MAE: 2.56959121391691
EVS: 0.6038121988712639
