Model: GRU
MSE: 17.899631674172642
MAE: 2.6505281596348205
EVS: 0.5822482752704772
