Model: GRU
MSE: 18.750404472472027
MAE: 2.6037323310457428
EVS: 0.5578630778797111
