Model: GRU
MSE: 18.34907057983897
MAE: 2.5665362744495788
EVS: 0.576821346606996
