Model: GRU
MSE: 19.372102668401748
MAE: 2.9370846583925445
EVS: 0.5465445241070479
