Model: GRU
MSE: 17.8184899838296
MAE: 2.5961206493706537
EVS: 0.5861960054511028
