Model: GRU
MSE: 18.424784449103175
MAE: 2.6150827777796777
EVS: 0.5660302787756365
