Model: GRU
MSE: 19.982653125039523
MAE: 2.923231572940432
EVS: 0.5418364494363582
