Model: GRU
MSE: 18.540646101699313
MAE: 2.5802568156143715
EVS: 0.5684035531714231
