Model: GRU
MSE: 18.07825825596636
MAE: 2.4611849291571257
EVS: 0.5739772994496621
