Model: GRU
MSE: 19.12873187746249
MAE: 2.495961873695768
EVS: 0.5492439999293348
