Model: GRU
MSE: 19.21871434249601
MAE: 3.1530379673530318
EVS: 0.5753638135985681
