Model: GRU
MSE: 17.89408307679151
MAE: 2.8372410741345635
EVS: 0.596023840630264
