Model: GRU
MSE: 564.7978873580053
MAE: 22.772961896041345
EVS: -0.09043331211130279
