Model: GRU
MSE: 16.326791832264067
MAE: 2.6033321660140465
EVS: 0.6278649282406796
