Model: GRU
MSE: 17.998324031266762
MAE: 2.5814038227344382
EVS: 0.5768463228943216
