Model: GRU
MSE: 18.052684899253446
MAE: 2.4591800467721345
EVS: 0.5749358566230857
