Model: GRU
MSE: 307.13539567035684
MAE: 16.394615173339844
EVS: 0.09460486215743602
