Model: GRU
MSE: 20.354241908689986
MAE: 3.2533679583977007
EVS: 0.5493534519762852
