Model: GRU
MSE: 17.79133511914906
MAE: 2.5393707793334435
EVS: 0.5800729466702603
