Model: GRU
MSE: 19.02186042088378
MAE: 2.6205823298158317
EVS: 0.5509424341163444
