Model: GRU
MSE: 20.09934256367487
MAE: 2.541387751184661
EVS: 0.5339588714893089
