Model: GRU
MSE: 20.67143142726901
MAE: 3.326612184787619
EVS: 0.5530793239630001
