Model: GRU
MSE: 18.042921558278813
MAE: 2.654365091488279
EVS: 0.5823062250132641
