Model: GRU
MSE: 210.99972698156162
MAE: 12.944268072473593
EVS: -0.025643839031882942
