Model: GRU
MSE: 19.27535787178808
MAE: 2.8768707596022507
EVS: 0.5841219234472972
