Model: GRU
MSE: 19.34028899755549
MAE: 2.7031904746746194
EVS: 0.5695332458428306
