Model: GRU
MSE: 17.023914604039987
MAE: 2.4932028877324073
EVS: 0.5996537316648365
