Model: GRU
MSE: 21.346395008872943
MAE: 2.8351608072008405
EVS: 0.4523958755611518
