Model: GRU
MSE: 791.5395465645756
MAE: 27.230857553153204
EVS: -0.18084654330762007
