Model: GRU
MSE: 17.034018265115
MAE: 2.44230985230413
EVS: 0.6106798208127424
