Model: GRU
MSE: 18.880734782734304
MAE: 2.798164906172917
EVS: 0.5873874635051148
