Model: GRU
MSE: 29.862473028541476
MAE: 3.270529535310022
EVS: 0.39705474370266125
