Model: GRU
MSE: 373.21703905287677
MAE: 18.05069189236082
EVS: -0.11874975668558241
