Model: GRU
MSE: 18.58516985760679
MAE: 2.848245616616874
EVS: 0.6049054385340986
