Model: GRU
MSE: 627.6778050405026
MAE: 24.196251639004412
EVS: 0.003309346634810084
