Model: GRU
MSE: 18.071588860754982
MAE: 2.569702452626722
EVS: 0.5940908409888975
