Model: GRU
MSE: 19.41142504897436
MAE: 2.984751035427225
EVS: 0.555311752179916
