Model: GRU
MSE: 18.46074646133246
MAE: 2.6148525024282523
EVS: 0.5647861806648367
