Model: GRU
MSE: 17.68419871982447
MAE: 2.5995431110776703
EVS: 0.6048293018676214
