Model: GRU
MSE: 17.551234949493207
MAE: 3.017582950920894
EVS: 0.5904556631147313
