Model: GRU
MSE: 20.59553260682157
MAE: 3.1285197817046067
EVS: 0.5513424194703572
