Model: GRU
MSE: 18.123046839623914
MAE: 2.7248530593411675
EVS: 0.6221830960750221
