Model: GRU
MSE: 16.831155934298856
MAE: 2.852236032485962
EVS: 0.6219229563212467
