Model: GRU
MSE: 22.361454810934653
MAE: 3.566777940454154
EVS: 0.5342429040842036
