Model: GRU
MSE: 19.480560409121377
MAE: 2.619893530319477
EVS: 0.5441906518600651
