Model: GRU
MSE: 251.03797633540583
MAE: 14.432894669730088
EVS: -0.008737948717779664
