Model: GRU
MSE: 17.195572769099336
MAE: 2.4805433667939285
EVS: 0.5962693830953174
