Model: GRU
MSE: 1373.8622029888338
MAE: 36.384371494424755
EVS: -0.18131327473127978
