Model: GRU
MSE: 543.0014184855963
MAE: 22.34476216086026
EVS: -0.031955813498241614
