Model: GRU
MSE: 19.928135477492614
MAE: 3.1199954460407127
EVS: 0.5488723754235783
