Model: GRU
MSE: 196.7149388821412
MAE: 12.398711560101345
EVS: -0.014813643432042722
