Model: GRU
MSE: 1448.2215713803034
MAE: 37.53440067685884
EVS: 0.07009204143132974
