Model: GRU
MSE: 21.09734309605773
MAE: 3.2965163198010674
EVS: 0.584074641722786
