Model: GRU
MSE: 21.768969800747367
MAE: 3.312472154354227
EVS: 0.518663518292389
