Model: GRU
MSE: 19.014694932550043
MAE: 2.769308509497807
EVS: 0.5550982498298455
