Model: GRU
MSE: 817.0496414723876
MAE: 27.869169070802887
EVS: 0.04722298018613136
