Model: GRU
MSE: 18.18334664532032
MAE: 2.5067465963034796
EVS: 0.5909267321286714
