Model: GRU
MSE: 17.114913870009993
MAE: 2.4968273393039047
EVS: 0.5962174732764108
