Model: GRU
MSE: 17.35188369481087
MAE: 2.5968392553000617
EVS: 0.6017268378389378
