Model: GRU
MSE: 18.334427596357017
MAE: 2.747194824547603
EVS: 0.5771740055009861
