Model: GRU
MSE: 290.0785721175256
MAE: 15.692941546440125
EVS: -0.034248935971153305
