Model: GRU
MSE: 19.08171551292658
MAE: 2.9687025218174377
EVS: 0.5769285223795565
