Model: GRU
MSE: 19.07933911774606
MAE: 2.711027531788267
EVS: 0.5791203521640309
