Model: GRU
MSE: 18.592695786902667
MAE: 2.664770142785434
EVS: 0.561212944372051
