Model: GRU
MSE: 244.21297928113756
MAE: 14.097114184807086
EVS: -0.07377247638690831
