Model: GRU
MSE: 2930.036432777112
MAE: 53.73990940225536
EVS: 0.0071016919543999135
