Model: GRU
MSE: 2516.605793094363
MAE: 49.660714176722934
EVS: -0.2997662866734707
