Model: GRU
MSE: 20.157238518885382
MAE: 2.578623311272983
EVS: 0.5274288468634072
