Model: GRU
MSE: 17.858274072458116
MAE: 2.6747991627660292
EVS: 0.6011786993813184
