Model: GRU
MSE: 19.171071121752046
MAE: 2.7302651980827592
EVS: 0.5476673753689247
