Model: GRU
MSE: 18.750607258476954
MAE: 2.67006875934272
EVS: 0.5672418917857298
