Model: GRU
MSE: 17.955495126335514
MAE: 2.6339529218344855
EVS: 0.5761790902054238
