Model: GRU
MSE: 18.623142739813456
MAE: 2.706552735690413
EVS: 0.5950416140921326
