Model: GRU
MSE: 16.243176381181346
MAE: 2.4639385815324455
EVS: 0.619924398375294
