Model: GRU
MSE: 52.09209210261019
MAE: 6.514069622960584
EVS: 2.220446049250313e-16
