Model: GRU
MSE: 19.253019327282423
MAE: 3.041894353669265
EVS: 0.5950942247941711
