Model: GRU
MSE: 18.8401012031641
MAE: 2.556682044062121
EVS: 0.5744547981212325
