Model: GRU
MSE: 21.677696880280585
MAE: 3.4196066116464547
EVS: 0.5315666971857987
