Model: GRU
MSE: 18.98497450080466
MAE: 2.7151333545816354
EVS: 0.5612840302873289
