Model: GRU
MSE: 16.37482877022767
MAE: 2.507847440653834
EVS: 0.6171353836926181
