Model: GRU
MSE: 474.5357478005666
MAE: 20.70476956203066
EVS: -0.08236358715074776
