Model: GRU
MSE: 19.65446290552831
MAE: 3.2883350438085097
EVS: 0.6297628275121836
