Model: GRU
MSE: 6947.486172724183
MAE: 82.98249882665174
EVS: -0.4492903703714961
