Model: GRU
MSE: 17.686800698424616
MAE: 2.5055981422292777
EVS: 0.5834440474443644
