Model: GRU
MSE: 18.2099923787989
MAE: 2.6602845849661994
EVS: 0.5707222540266663
