Model: GRU
MSE: 229.67476401708774
MAE: 13.687561692862674
EVS: 0.0008020572306611795
