Model: GRU
MSE: 17.232139395988536
MAE: 2.87276999703769
EVS: 0.6033789063434936
