Model: GRU
MSE: 16.69728394916971
MAE: 2.4222245874076056
EVS: 0.6087683660724066
