Model: GRU
MSE: 18.569061305521753
MAE: 2.8059116725263924
EVS: 0.5664031268850603
