Model: GRU
MSE: 392.0085946899443
MAE: 18.48984823555782
EVS: -0.18354165817785084
