Model: GRU
MSE: 20.022990630426676
MAE: 2.681853686941081
EVS: 0.5435792305638074
