Model: GRU
MSE: 976.3180342935558
MAE: 30.497605849956646
EVS: -0.09099937013918957
