Model: GRU
MSE: 18.11614159702252
MAE: 2.4721694527001215
EVS: 0.5796870438120127
