Model: GRU
MSE: 437.6707808051159
MAE: 19.848689342367237
EVS: -0.031655755735442215
