Model: GRU
MSE: 18.59037407229752
MAE: 2.6975859573909213
EVS: 0.5288723531280592
