Model: GRU
MSE: 19.02305849690455
MAE: 2.9145782487145784
EVS: 0.5743924189835244
