Model: GRU
MSE: 20.17514012985222
MAE: 3.2913254499435425
EVS: 0.5641897836969259
