Model: GRU
MSE: 21.07603394443748
MAE: 3.2855104906805632
EVS: 0.585214294478108
