Model: GRU
MSE: 57.332984219056456
MAE: 5.98653063280829
EVS: 0.0005405248553901343
