Model: GRU
MSE: 18.18715120976694
MAE: 2.5921671390533447
EVS: 0.5713191561627369
