Model: GRU
MSE: 18.410458903865926
MAE: 2.6665022167666206
EVS: 0.5673312562418442
