Model: GRU
MSE: 17.147199960257726
MAE: 2.4417524707728417
EVS: 0.5985564327157527
