Model: GRU
MSE: 17.59095533465993
MAE: 2.4482664568670867
EVS: 0.5971044211580304
