Model: GRU
MSE: 19.32753952879659
MAE: 2.6040417490334344
EVS: 0.5487829841109969
