Model: GRU
MSE: 1187.9709195843873
MAE: 33.86239282016096
EVS: 0.02479075862155178
