Model: GRU
MSE: 18.486652500276833
MAE: 2.7095808571782607
EVS: 0.5641855848034723
