Model: GRU
MSE: 17.577899507330784
MAE: 2.4972479220094352
EVS: 0.5870825936565085
