Model: GRU
MSE: 19.70928388928629
MAE: 2.6951432145875076
EVS: 0.5348747031298061
