Model: GRU
MSE: 19.144202672437686
MAE: 3.0635872955979973
EVS: 0.6002888756582621
