Model: GRU
MSE: 18.694294192369625
MAE: 2.828723064784346
EVS: 0.5984581343910064
