Model: GRU
MSE: 226.00236906491165
MAE: 13.489779118833871
EVS: -0.039397042070434374
