Model: GRU
MSE: 6947.848490401988
MAE: 83.08146588555698
EVS: -0.06985754232821795
