Model: GRU
MSE: 19.179681554684027
MAE: 2.8081922366701324
EVS: 0.5520630027084997
