Model: GRU
MSE: 1372.9252816961546
MAE: 36.43224660281477
EVS: -0.07689665298661441
