Model: GRU
MSE: 21.105536032588617
MAE: 3.2972142696380615
EVS: 0.5292663212572163
