Model: GRU
MSE: 18.158932333793754
MAE: 2.472093368398732
EVS: 0.572861240620872
