Model: GRU
MSE: 17.353556554028398
MAE: 2.6212916374206543
EVS: 0.5949064582619037
