Model: GRU
MSE: 1153.017470625619
MAE: 31.63174502602939
EVS: -2.598969776309574
