Model: GRU
MSE: 294.9434033012351
MAE: 15.679001109353427
EVS: -0.15941998608763952
