Model: GRU
MSE: 22.05324844197333
MAE: 3.3824932780759087
EVS: 0.5236802999023249
