Model: GRU
MSE: 18.3194938563429
MAE: 2.7140251603619805
EVS: 0.5742039016939915
