Model: GRU
MSE: 19.730654354338256
MAE: 2.8716762888020484
EVS: 0.5685443044484294
