Model: GRU
MSE: 17.781959462208807
MAE: 2.6651413194064437
EVS: 0.5803081505951583
