Model: GRU
MSE: 17.303762697283666
MAE: 2.5409572165587853
EVS: 0.5923477637533934
