Model: GRU
MSE: 810.0548252693122
MAE: 27.70619908694563
EVS: -0.001462812366681332
