Model: GRU
MSE: 19.15979852412119
MAE: 2.6852611303329468
EVS: 0.5492766314367524
