Model: GRU
MSE: 19.301451010192203
MAE: 2.7113803172933646
EVS: 0.5468899440150434
