Model: GRU
MSE: 19.22316631571495
MAE: 2.900851710089322
EVS: 0.5638094458852154
