Model: GRU
MSE: 259.54372297915285
MAE: 14.658964831253577
EVS: -0.054275552171428876
