Model: GRU
MSE: 20.365189074507892
MAE: 2.882784502259616
EVS: 0.5215156150906741
