Model: GRU
MSE: 25.132572680887773
MAE: 3.9378604066782983
EVS: 0.47903882885979965
