Model: GRU
MSE: 18.091635239236474
MAE: 2.5763146795075516
EVS: 0.5753474088559152
