Model: GRU
MSE: 1081.9871137774437
MAE: 32.21154890389278
EVS: -0.04824992139417117
