Model: GRU
MSE: 19.080035537791076
MAE: 2.7470172191488333
EVS: 0.598577511660501
