Model: GRU
MSE: 18.335222245542745
MAE: 2.7488087621228448
EVS: 0.5737614572545129
