Model: GRU
MSE: 1786.2490110972485
MAE: 41.76478974572544
EVS: 0.009632927952910153
