Model: GRU
MSE: 1150.5667057312705
MAE: 33.18899236876389
EVS: -0.15812543883157737
