Model: GRU
MSE: 18.682811827346338
MAE: 2.692328851798485
EVS: 0.56177663514491
