Model: GRU
MSE: 18.5680260873794
MAE: 2.557791222786081
EVS: 0.5857699168240678
