Model: GRU
MSE: 17.84025208398607
MAE: 2.6013759539045136
EVS: 0.5816620091379214
