Model: GRU
MSE: 17.981289479912075
MAE: 2.4716884226634583
EVS: 0.5863827444444778
