Model: GRU
MSE: 17.431351608467597
MAE: 2.5585966233549446
EVS: 0.5919759357781886
