Model: GRU
MSE: 16.363076418630378
MAE: 2.70464144904038
EVS: 0.6286652340549662
