Model: GRU
MSE: 3382.823191171261
MAE: 57.70924239323057
EVS: -0.2386044543504
