Model: GRU
MSE: 1087.041388921723
MAE: 31.56960729072834
EVS: -1.1341496370141
