Model: GRU
MSE: 18.428188641826903
MAE: 2.7827562134841393
EVS: 0.5946664060333746
