Model: GRU
MSE: 18.17050909786418
MAE: 2.7886936335728087
EVS: 0.5987459471248382
