Model: GRU
MSE: 16.29298977513022
MAE: 2.5732764375620873
EVS: 0.6177865301140629
