Model: GRU
MSE: 16.784256943440308
MAE: 2.577506164024616
EVS: 0.6041107846594611
