Model: GRU
MSE: 17.102450324735223
MAE: 2.5327257698979873
EVS: 0.6109008496285937
