Model: GRU
MSE: 19.95319005877375
MAE: 3.008918071615285
EVS: 0.53368637427527
