Model: GRU
MSE: 1004.0655428463759
MAE: 30.920302719905457
EVS: -0.13317067361175527
