Model: GRU
MSE: 225.9915930859003
MAE: 13.474594247752222
EVS: -0.04880875741082269
