Model: GRU
MSE: 19.02851309900805
MAE: 2.9362501111523858
EVS: 0.6048376666989753
