Model: GRU
MSE: 203.04365135877737
MAE: 12.640880845744034
EVS: -0.021067091570623475
