Model: GRU
MSE: 19.017750296993704
MAE: 2.678276374422271
EVS: 0.5515560110483655
