Model: GRU
MSE: 19.351117504288126
MAE: 2.55186233027228
EVS: 0.5450199459866938
