Model: GRU
MSE: 24.45283140078641
MAE: 3.8235821395084777
EVS: 0.5077709312084531
