Model: GRU
MSE: 17.98761220156394
MAE: 2.7759963561748635
EVS: 0.5855153981293459
