Model: GRU
MSE: 18.056487020444944
MAE: 2.7559361457824707
EVS: 0.583199416197322
