Model: GRU
MSE: 17.84490552685695
MAE: 2.9132325155981658
EVS: 0.6144449983619398
