Model: GRU
MSE: 19.064859736783518
MAE: 2.7054354836200845
EVS: 0.5608386142899483
