Model: GRU
MSE: 18.740727054397976
MAE: 2.712717529000907
EVS: 0.5825267285935898
