Model: GRU
MSE: 224.48811075762652
MAE: 13.491711848768695
EVS: -0.0024180839170229174
