Model: GRU
MSE: 17.93531519304155
MAE: 2.7420498009385734
EVS: 0.594690334344114
