Model: GRU
MSE: 20.045287530381827
MAE: 2.6323775957370628
EVS: 0.5286532271485451
