Model: GRU
MSE: 623.7998566360279
MAE: 24.10433913921488
EVS: -0.00994579202090784
