Model: GRU
MSE: 18.84549489582151
MAE: 3.016439602292817
EVS: 0.5910014113528224
