Model: GRU
MSE: 19.27528041790973
MAE: 2.80572548816944
EVS: 0.5495510681998899
