Model: GRU
MSE: 18.68686990319812
MAE: 2.668992963330499
EVS: 0.5600118969644863
