Model: GRU
MSE: 3686.6206168105086
MAE: 60.38036793675916
EVS: 0.03606305043356606
