Model: GRU
MSE: 17.39221792434301
MAE: 2.473692137619545
EVS: 0.5899200600184649
