Model: GRU
MSE: 270.33851747049135
MAE: 15.007538014444812
EVS: -0.06498975560813469
