Model: GRU
MSE: 19.61411564648784
MAE: 2.6527615107339004
EVS: 0.5838476288656158
