Model: GRU
MSE: 17.70250713674014
MAE: 2.5372784795432257
EVS: 0.5832911834997605
