Model: GRU
MSE: 3817.353057790654
MAE: 61.44284162850216
EVS: 0.005409028653542869
