Model: GRU
MSE: 2529.4658880050088
MAE: 49.85204315185547
EVS: -0.044388926578156074
