Model: GRU
MSE: 19.15072464242423
MAE: 2.8631770364169418
EVS: 0.5549156539884201
