Model: GRU
MSE: 17.850654205258692
MAE: 2.8145313057406196
EVS: 0.6116163031624693
