Model: GRU
MSE: 637.1534820577107
MAE: 24.347451999269683
EVS: -0.04711279962427861
