Model: GRU
MSE: 19.965177256002523
MAE: 3.024921713204219
EVS: 0.5363359274075991
