Model: GRU
MSE: 49.74486574843395
MAE: 6.49617678543617
EVS: 0.00505615769897505
