Model: GRU
MSE: 18.066271125466322
MAE: 2.6119926469079378
EVS: 0.5735846634577098
