Model: GRU
MSE: 21.120738107054432
MAE: 3.056145396725885
EVS: 0.5215892890321392
