Model: GRU
MSE: 17.388267821945277
MAE: 2.5093040795161805
EVS: 0.596745745882693
