Model: GRU
MSE: 17.376065156160344
MAE: 2.6289720453065017
EVS: 0.5906008811143617
