Model: GRU
MSE: 18.484192445996154
MAE: 2.616080041589408
EVS: 0.5664721521402989
