Model: GRU
MSE: 18.606082611159433
MAE: 2.84563252432593
EVS: 0.5716635133277697
