Model: GRU
MSE: 3844.2929092683007
MAE: 61.631701633847996
EVS: -0.08184416991465704
