Model: GRU
MSE: 289.69160394961744
MAE: 15.650324278864367
EVS: -0.05664765555375939
