Model: GRU
MSE: 17.8512863168598
MAE: 2.6119005310124366
EVS: 0.5798122127625079
