Model: GRU
MSE: 18.900460987622388
MAE: 2.6831392913029113
EVS: 0.5541457456445227
