Model: GRU
MSE: 22.489134385462275
MAE: 3.468843205221768
EVS: 0.5111973200904107
