Model: GRU
MSE: 744.7862210441069
MAE: 26.287122101619325
EVS: -0.26945709357912495
