Model: GRU
MSE: 2247.2421920464903
MAE: 46.93414188253468
EVS: -0.04884688005882487
