Model: GRU
MSE: 50.1156374278642
MAE: 6.529506354496397
EVS: -0.04287684693701532
