Model: GRU
MSE: 949.8178033226598
MAE: 30.0862084092765
EVS: -0.05378909150136546
