Model: GRU
MSE: 17.94415506902979
MAE: 2.7775407371849847
EVS: 0.5938728264976767
