Model: GRU
MSE: 18.66404028331135
MAE: 2.5477277657081343
EVS: 0.5624234365351648
