Model: GRU
MSE: 20.3854456796073
MAE: 3.401699921180462
EVS: 0.5708240390112095
