Model: GRU
MSE: 17.959066168827597
MAE: 2.8530623501744765
EVS: 0.6066308033115311
