Model: GRU
MSE: 2290.824165938781
MAE: 47.28517769122946
EVS: -0.2969056449093679
