Model: GRU
MSE: 17.72725308624006
MAE: 2.512979638987574
EVS: 0.5929984321326855
