Model: GRU
MSE: 17.564550079088857
MAE: 2.5314263598672273
EVS: 0.5934666147139516
