Model: GRU
MSE: 17.458282380537902
MAE: 2.8028903788533706
EVS: 0.6011855772975916
