Model: GRU
MSE: 1361.7831763188565
MAE: 36.28809149511929
EVS: -0.061337006083071355
