Model: GRU
MSE: 593.3050181899165
MAE: 23.140913215176813
EVS: -0.36458879303052893
