Model: GRU
MSE: 19.373307496877498
MAE: 2.9207066605831016
EVS: 0.6206601792068487
