Model: GRU
MSE: 16.8486436924185
MAE: 2.4358505709417937
EVS: 0.6090991057680585
