Model: GRU
MSE: 17.171682208331703
MAE: 2.622247523274915
EVS: 0.6227329938000068
