Model: GRU
MSE: 17.346747509988834
MAE: 2.446041016743101
EVS: 0.5998089857677686
