Model: GRU
MSE: 19.503882006767977
MAE: 3.2320455436048836
EVS: 0.5728491048462325
