Model: GRU
MSE: 1913.5581892648825
MAE: 43.25735539403455
EVS: 2.220446049250313e-16
