Model: GRU
MSE: 20.141836646081455
MAE: 2.6064428789862273
EVS: 0.5272089113409248
