Model: GRU
MSE: 18.16838739034492
MAE: 2.643038248193675
EVS: 0.573242732485012
