Model: GRU
MSE: 18.931196626110243
MAE: 2.530319193313862
EVS: 0.5584484080029335
