Model: GRU
MSE: 18.2043596105627
MAE: 2.7417026840407273
EVS: 0.5834717131910387
