Model: GRU
MSE: 17.658963973083427
MAE: 2.5031784485126365
EVS: 0.5976077898921244
