Model: GRU
MSE: 17.48940965253483
MAE: 2.5278483999186547
EVS: 0.5892886998094887
