Model: GRU
MSE: 17.42678661692803
MAE: 2.6835288672611632
EVS: 0.6008901755397884
