Model: GRU
MSE: 18.562889027617942
MAE: 2.939538158219436
EVS: 0.5853960828286318
