Model: GRU
MSE: 19.29532441421187
MAE: 2.889822684485337
EVS: 0.5892335197830414
