Model: GRU
MSE: 19.67779621210429
MAE: 3.1669441009389945
EVS: 0.6274145903038335
