Model: GRU
MSE: 213.292516367184
MAE: 13.080484562906726
EVS: 0.003917752316729972
