Model: GRU
MSE: 17.68124870523532
MAE: 2.5045406242896773
EVS: 0.5826311816576593
