Model: GRU
MSE: 19.61847575784918
MAE: 3.0354236734324487
EVS: 0.6153784962024567
