Model: GRU
MSE: 19.146604849104
MAE: 2.7844009543287345
EVS: 0.5968987553831244
