Model: GRU
MSE: 19.053348587981905
MAE: 3.218959068429881
EVS: 0.5945653227495602
