Model: GRU
MSE: 17.633059944099998
MAE: 2.6617057241242508
EVS: 0.5863283173121476
