Model: GRU
MSE: 8.639800679896478
MAE: 1.942181429169217
EVS: 0.5898697324480762
