Model: GRU
MSE: 11.914081260127015
MAE: 2.9701637784639994
EVS: 0.5791959510618904
