Model: GRU
MSE: 11.142709565197682
MAE: 2.7439549379661434
EVS: 0.5521191479549534
