Model: GRU
MSE: 7.3768617893385535
MAE: 1.8734337471577587
EVS: 0.7134764071207387
