Model: GRU
MSE: 23.393252394855033
MAE: 4.3784305890401205
EVS: 0.1677057252482428
