Model: GRU
MSE: 16.697614574700484
MAE: 3.0807344091349633
EVS: 0.29110435684926306
