Model: GRU
MSE: 7547.854224818676
MAE: 86.85334968566895
EVS: 0.34478897442214373
