Model: GRU
MSE: 130.00018085193938
MAE: 10.522242774282184
EVS: 0.037138048182204786
