Model: GRU
MSE: 9.410893185075864
MAE: 2.220484525816781
EVS: 0.5560426041733102
