Model: GRU
MSE: 9.460900773828364
MAE: 2.111750740664346
EVS: 0.5645401778081688
