Model: GRU
MSE: 10.192189231490032
MAE: 2.6295297997338425
EVS: 0.7222918387225785
