Model: GRU
MSE: 1444.3663543910698
MAE: 37.76504780905587
EVS: 0.09281822889370006
