Model: GRU
MSE: 10.435641828809466
MAE: 2.664838366589304
EVS: 0.6230678805274487
