Model: GRU
MSE: 10.272441539540898
MAE: 2.3326957634517123
EVS: 0.49365858777069405
