Model: GRU
MSE: 8.832024448159423
MAE: 2.0846651162420002
EVS: 0.5816695763430029
