Model: GRU
MSE: 4041.1849330176574
MAE: 63.4070277311364
EVS: 0.1654354511876478
