Model: GRU
MSE: 100.52273192793837
MAE: 9.888903617858887
EVS: 0.0
