Model: GRU
MSE: 8.0409514566822
MAE: 2.0478371096154055
EVS: 0.6840666308726013
