Model: GRU
MSE: 7.55773423295288
MAE: 2.0910592436790467
EVS: 0.6651197109852296
