Model: GRU
MSE: 8.572544398234825
MAE: 2.2321008176219705
EVS: 0.6870583390410938
