Model: GRU
MSE: 1017.0902310102049
MAE: 31.567235864911762
EVS: -0.028638518788984824
