Model: GRU
MSE: 10.250316651456508
MAE: 2.219905516079494
EVS: 0.5459050336247544
