Model: GRU
MSE: 338.4854794009852
MAE: 17.83805912562779
EVS: -0.013122701289143057
