Model: GRU
MSE: 12.178329181858901
MAE: 2.8716437101364134
EVS: 0.5458803707347945
