Model: GRU
MSE: 9.65263769026095
MAE: 2.1825387580054145
EVS: 0.5640941766412367
