Model: GRU
MSE: 8.201639817151055
MAE: 1.8526328546660287
EVS: 0.5939655903487014
