Model: GRU
MSE: 847.7653549554316
MAE: 29.0675755909511
EVS: -0.008904396876723064
