Model: GRU
MSE: 10.575322621584647
MAE: 2.6595932972633234
EVS: 0.6635369155756641
