Model: GRU
MSE: 15.350576905977407
MAE: 3.1105156869304422
EVS: 0.5298600234667459
