Model: GRU
MSE: 17.236251570992064
MAE: 3.2590464970161177
EVS: 0.2693783480967653
