Model: GRU
MSE: 8.899753164805533
MAE: 2.059246437890189
EVS: 0.5665467411474514
