Model: GRU
MSE: 9.43888700213563
MAE: 2.0428491481712885
EVS: 0.5338346562890299
