Model: GRU
MSE: 100.55681247828963
MAE: 10.019355010986327
EVS: -0.058360263204803475
