Model: GRU
MSE: 9.37390573945959
MAE: 2.2257076944623675
EVS: 0.5510605773896182
