Model: GRU
MSE: 9.63840610755297
MAE: 2.1576546617916654
EVS: 0.5239582467810777
