Model: GRU
MSE: 9.023230669661933
MAE: 2.3637378215789795
EVS: 0.6837087742924568
