Model: GRU
MSE: 6860.815466163801
MAE: 82.40781473111706
EVS: -0.6402278061333739
