Model: GRU
MSE: 8.126295949756654
MAE: 2.090074638397463
EVS: 0.7703156874730046
