Model: GRU
MSE: 7.186511812375436
MAE: 2.026121817786118
EVS: 0.8259435444935737
