Model: GRU
MSE: 38.961067232805036
MAE: 5.381447987678723
EVS: 0.10178029889053719
