Model: GRU
MSE: 12.093812505213702
MAE: 2.642893212211543
EVS: 0.7415016534256088
