Model: GRU
MSE: 9.15883784120217
MAE: 2.300938878269071
EVS: 0.7801417964360725
