Model: GRU
MSE: 5.046720260978834
MAE: 1.3872105188312984
EVS: 0.7598625720814838
