Model: GRU
MSE: 4712.877862053352
MAE: 68.19725577255775
EVS: -0.7611375809835723
