Model: GRU
MSE: 7.489682058732337
MAE: 1.8825980008594574
EVS: 0.7830292927581997
