Model: GRU
MSE: 9.601454922381468
MAE: 2.3166107020594855
EVS: 0.7530191483731575
