Model: GRU
MSE: 0.6719729608447303
MAE: 0.5137791965080767
EVS: 0.9665292520017651
