Model: GRU
MSE: 7.410403780233631
MAE: 1.8563602198814524
EVS: 0.7956244365326888
