Model: GRU
MSE: 10.980238152711081
MAE: 2.3949521140782695
EVS: 0.7759971094687086
