Model: GRU
MSE: 12.800275770347763
MAE: 2.9645357351729325
EVS: 0.6815324674392975
