Model: GRU
MSE: 6.85707882701592
MAE: 1.808251868291148
EVS: 0.8151435547762069
