Model: GRU
MSE: 6.756144032788861
MAE: 2.0425420031465333
EVS: 0.8261022950056979
