Model: GRU
MSE: 8.036319641090595
MAE: 1.9698269144414713
EVS: 0.7734150293709807
