Model: GRU
MSE: 388.5822727486865
MAE: 19.266288580213274
EVS: 0.016142208541951697
