Model: GRU
MSE: 7.327349896617998
MAE: 1.9035241899976305
EVS: 0.7888765439006655
