Model: GRU
MSE: 176.5794000931222
MAE: 12.880083807583514
EVS: 0.07512153062482785
