Model: GRU
MSE: 6.6239253669410605
MAE: 1.751408445424047
EVS: 0.46482990519990874
