Model: GRU
MSE: 10.397489235725986
MAE: 2.3175848927991143
EVS: 0.17019232720852695
