Model: GRU
MSE: 6.420045361336198
MAE: 1.6569187476717193
EVS: 0.44520891469371504
