Model: GRU
MSE: 5.872957596610643
MAE: 1.7100875459868332
EVS: 0.5121220870451406
