Model: GRU
MSE: 7.463133364358578
MAE: 1.855162686315076
EVS: 0.4556049922796783
