Model: GRU
MSE: 6.566669294295652
MAE: 1.6308921616652916
EVS: 0.4694910242736985
