Model: GRU
MSE: 9.236420608186798
MAE: 2.42414535325149
EVS: 0.48455427640736914
