Model: GRU
MSE: 6.16143333742747
MAE: 1.7261637819224391
EVS: 0.48147324544008274
