Model: GRU
MSE: 4443.9540930972025
MAE: 66.57566116596091
EVS: -0.007350164690316463
