Model: GRU
MSE: 7.2960632223818
MAE: 1.937421206770272
EVS: 0.4668106976325018
