Model: GRU
MSE: 7.19432362672063
MAE: 1.8969451065721183
EVS: 0.45236680201943613
