Model: GRU
MSE: 7.0076287262620784
MAE: 1.8202798119906722
EVS: 0.48267925770659115
