Model: GRU
MSE: 9.538492835629267
MAE: 2.3717887812647325
EVS: 0.42164725773076706
