Model: GRU
MSE: 182.60426533869764
MAE: 13.081946011247306
EVS: 0.0072361305533739095
