Model: GRU
MSE: 6.710947089874167
MAE: 1.6649078336255303
EVS: 0.4400362090570916
