Model: GRU
MSE: 6.072751272948483
MAE: 1.6545055159207047
EVS: 0.47462989463007477
