Model: GRU
MSE: 6.393002538411534
MAE: 1.7565573659436455
EVS: 0.46151416292332004
