Model: GRU
MSE: 6.689724392071059
MAE: 1.8575960685466897
EVS: 0.4599211112070616
