Model: GRU
MSE: 7.692677490244666
MAE: 1.998954361882703
EVS: 0.469074041905414
