Model: GRU
MSE: 1085.126362625265
MAE: 32.7975147510397
EVS: 0.18190900097970575
