Model: GRU
MSE: 9.207960515764139
MAE: 2.321605419290477
EVS: 0.47307540205399
