Model: GRU
MSE: 155.06873243807706
MAE: 11.956975608036435
EVS: -0.047524349819011436
