Model: GRU
MSE: 6.4303065858176005
MAE: 1.6858799704189957
EVS: 0.4551654150164851
