Model: GRU
MSE: 208.81723206415552
MAE: 14.05190633083212
EVS: 0.016395304836186564
