Model: GRU
MSE: 9.793614914346108
MAE: 2.446811084089608
EVS: 0.38318002758804637
