Model: GRU
MSE: 7.381491992368975
MAE: 2.0232340549600534
EVS: 0.482840869271308
