Model: GRU
MSE: 5.8632684126934285
MAE: 1.5838260650634766
EVS: 0.4933091447092599
