Model: GRU
MSE: 6.475667828039902
MAE: 1.789793244723616
EVS: 0.5127709821376454
