Model: GRU
MSE: 6.8146329080360095
MAE: 1.7623805177622829
EVS: 0.45499064787828114
