Model: GRU
MSE: 7.665346839566124
MAE: 2.0719277940947434
EVS: 0.510535992325303
