Model: GRU
MSE: 172.77359737497562
MAE: 12.692316369763736
EVS: -0.011096236378367985
