Model: GRU
MSE: 6.537566031065451
MAE: 1.6821921529441044
EVS: 0.45254757426388215
