Model: GRU
MSE: 8.459779915541507
MAE: 2.2749736309051514
EVS: 0.47779828428046456
