Model: GRU
MSE: 6.008956942408218
MAE: 1.7084108056693241
EVS: 0.4817813871272243
