Model: GRU
MSE: 198.88189542790008
MAE: 13.689404286187271
EVS: 0.005924345462213654
