Model: GRU
MSE: 7.895712096618448
MAE: 2.129068292420486
EVS: 0.38665996503193056
