Model: GRU
MSE: 7.501954975946068
MAE: 1.8696884286814723
EVS: 0.40658735994136164
