Model: GRU
MSE: 9.21779636616329
MAE: 2.3587510339145004
EVS: 0.47748203202467865
