Model: GRU
MSE: 209.36141312200937
MAE: 14.07956957406011
EVS: 0.03665642701793548
