Model: GRU
MSE: 21.002771682494046
MAE: 4.198693456320927
EVS: 0.033161925096003575
