Model: GRU
MSE: 1555.6972903943308
MAE: 39.25106864139951
EVS: -0.3030479368932417
