Model: GRU
MSE: 6.629302234493558
MAE: 1.8476432767407647
EVS: 0.4262325255326047
