Model: GRU
MSE: 8.382509533267756
MAE: 2.1019932648231245
EVS: 0.41757323483616426
