Model: GRU
MSE: 7.259407957234701
MAE: 1.8975255571562668
EVS: 0.424703042905501
