Model: GRU
MSE: 6.700655289386696
MAE: 1.7986971263227791
EVS: 0.46542355120786605
