Model: GRU
MSE: 9.896813131754636
MAE: 2.4895973698846223
EVS: 0.228217745158374
