Model: GRU
MSE: 6.029012377922221
MAE: 1.6045819150990452
EVS: 0.47976111981737934
