Model: GRU
MSE: 6.652076884702814
MAE: 1.7197425858727817
EVS: 0.4344092813794995
