Model: GRU
MSE: 8.385509738105
MAE: 2.1600105844694992
EVS: 0.4668685758705058
