Model: GRU
MSE: 9.508654069635746
MAE: 2.4358712064808814
EVS: 0.5018755680505843
