Model: GRU
MSE: 6.184998913328686
MAE: 1.5497937777946735
EVS: 0.4661752711004359
