Model: GRU
MSE: 6.656013437560322
MAE: 1.6414347188226108
EVS: 0.42675993911445953
