Model: GRU
MSE: 6.3538619903859805
MAE: 1.6804742155403927
EVS: 0.4754906179663214
