Model: GRU
MSE: 10.117877293227814
MAE: 2.4638508270526756
EVS: 0.42242053317586614
