Model: GRU
MSE: 9.236457323270503
MAE: 2.348186805330474
EVS: 0.4873317882744861
