Model: GRU
MSE: 6.393059030456118
MAE: 1.7312779262148101
EVS: 0.47967214628817245
