Model: GRU
MSE: 177.14692763116602
MAE: 12.894613744883701
EVS: 0.058410374181983915
