Model: GRU
MSE: 6.694243602825995
MAE: 1.801788247864822
EVS: 0.49268616481369354
