Model: GRU
MSE: 6.961344178515901
MAE: 1.9208181315454944
EVS: 0.41751337076456574
