Model: GRU
MSE: 6.1140613162559
MAE: 1.6463259417435219
EVS: 0.47086229007428393
