Model: GRU
MSE: 6.505072972496864
MAE: 1.7672615380122745
EVS: 0.47838519786936284
