Model: GRU
MSE: 14.48186211936983
MAE: 3.1790712455223344
EVS: 0.4580970738355642
