Model: GRU
MSE: 7.745782504240385
MAE: 1.9476639977816879
EVS: 0.336055804928284
