Model: GRU
MSE: 6.557357900838273
MAE: 1.7319659611274456
EVS: 0.4324151080876355
