Model: GRU
MSE: 7.734854642183081
MAE: 2.1373572431761643
EVS: 0.4699983685510083
