Model: GRU
MSE: 6.474132209912819
MAE: 1.7855976367818898
EVS: 0.461419421324502
