Model: GRU
MSE: 6.6785772248507325
MAE: 1.6649684497288295
EVS: 0.45262254849172545
