Model: GRU
MSE: 6.450530024088227
MAE: 1.7080789763351967
EVS: 0.4891410335004923
