Model: GRU
MSE: 7.043584839988367
MAE: 1.7045627462452855
EVS: 0.45547311032309235
