Model: GRU
MSE: 7.031522724405748
MAE: 1.8268603209791512
EVS: 0.4328048660722741
