Model: GRU
MSE: 6.503636244897205
MAE: 1.7436483728474583
EVS: 0.4727319493316
