Model: GRU
MSE: 7.608527031647759
MAE: 1.911176352665342
EVS: 0.4511927525399868
