Model: GRU
MSE: 10.00951946032446
MAE: 2.4342576059801826
EVS: 0.45958728601725685
