Model: GRU
MSE: 180.46749642018673
MAE: 12.938632266274814
EVS: -0.13062221021921938
