Model: GRU
MSE: 182.8675071692738
MAE: 13.096406328267065
EVS: 0.017218823349563483
