Model: GRU
MSE: 199.6479319664249
MAE: 13.689462472652567
EVS: -0.060258169367544356
