Model: GRU
MSE: 11.406006496117383
MAE: 2.6027712986387055
EVS: 0.18585733826248063
