Model: GRU
MSE: 998.1148244447896
MAE: 31.407129024637157
EVS: -0.013552255046862527
