Model: GRU
MSE: 6.7493334132751635
MAE: 1.9012522039742306
EVS: 0.4156722089589969
