Model: GRU
MSE: 9.40574555919679
MAE: 2.4856876833685515
EVS: 0.4745939518006542
