Model: GRU
MSE: 5.894744881195995
MAE: 1.5920252142281368
EVS: 0.49201168061773215
