Model: GRU
MSE: 15.116021856715806
MAE: 3.2240153838848244
EVS: 0.4404895659179512
