Model: GRU
MSE: 7.671666018548202
MAE: 2.205801306099727
EVS: 0.4328876968587736
