Model: GRU
MSE: 7.7405570923464095
MAE: 2.132921843693174
EVS: 0.46413132546996805
