Model: GRU
MSE: 6.863507526845594
MAE: 1.8799714384407833
EVS: 0.4729576483645458
