Model: GRU
MSE: 6.476633301393553
MAE: 1.7615159462238181
EVS: 0.48279598385404565
