Model: GRU
MSE: 7.7551529056046125
MAE: 2.030972119035392
EVS: 0.47942240029287475
