Model: GRU
MSE: 6.890629573179154
MAE: 1.891743462661217
EVS: 0.4707974861710703
