Model: GRU
MSE: 8.272938182070483
MAE: 2.245985746383667
EVS: 0.4674090649467636
