Model: GRU
MSE: 195.33755084154015
MAE: 13.53056850515563
EVS: -0.06153236077688473
