Model: GRU
MSE: 5.807983789979642
MAE: 1.5822197815467571
EVS: 0.49853773233730303
