Model: GRU
MSE: 189.12590864126048
MAE: 13.357461830665326
EVS: 0.07327911547351362
