Model: GRU
MSE: 6.62863669809631
MAE: 1.9098019928767764
EVS: 0.49814359988766976
