Model: GRU
MSE: 9.422338339320724
MAE: 2.3305474807476174
EVS: 0.4855367040966484
