Model: GRU
MSE: 7.262065691279237
MAE: 1.9771993817954228
EVS: 0.4566861971126941
