Model: GRU
MSE: 7.473140470320342
MAE: 2.005316405460752
EVS: 0.40521172974429964
