Model: GRU
MSE: 6.798384892198967
MAE: 1.83468903344253
EVS: 0.4829406039571753
