Model: GRU
MSE: 24.781086511715394
MAE: 4.541097772532496
EVS: -0.06752031187801855
