Model: GRU
MSE: 193.9264681066218
MAE: 13.486990525804718
EVS: -0.04129848383600776
