Model: GRU
MSE: 7.802636827982888
MAE: 2.104876830660064
EVS: 0.4639171483525598
