Model: GRU
MSE: 9.717862949957635
MAE: 2.5376398152318496
EVS: 0.462626357307516
