Model: GRU
MSE: 14.141747492209168
MAE: 3.244635664183518
EVS: 0.417380478536448
