Model: GRU
MSE: 7.831450004941032
MAE: 2.1372977618513436
EVS: 0.48805407401990675
