Model: GRU
MSE: 6.361431855593341
MAE: 1.7080066450710953
EVS: 0.47797733365585127
