Model: GRU
MSE: 16.399288748193438
MAE: 3.4373584780199775
EVS: 0.491599445401826
