Model: GRU
MSE: 637.0171929409598
MAE: 25.01265420584843
EVS: 0.014390030986794033
