Model: GRU
MSE: 7.7848959775596525
MAE: 1.925134691698798
EVS: 0.43943253540204774
