Model: GRU
MSE: 6.599778100980827
MAE: 1.8200354740537446
EVS: 0.5071079398005471
