Model: GRU
MSE: 7.960844747734917
MAE: 2.1780354318947626
EVS: 0.4506405063303871
