Model: GRU
MSE: 8.215010390837834
MAE: 1.974501741343531
EVS: 0.31494592325915904
