Model: GRU
MSE: 16.523049139796935
MAE: 3.36445637406974
EVS: 0.4221315310068279
