Model: GRU
MSE: 7.1778291125882125
MAE: 2.0155602816877694
EVS: 0.4889092293939473
