Model: GRU
MSE: 6.214887404060783
MAE: 1.7599138884708798
EVS: 0.49299430512207565
