Model: GRU
MSE: 2865.595289997848
MAE: 53.416141510009766
EVS: -0.06584812721498778
