Model: GRU
MSE: 6.72513426467113
MAE: 1.7186634622771164
EVS: 0.42545854859632215
