Model: GRU
MSE: 50.28258445476378
MAE: 6.498044046862372
EVS: -0.16579093453288074
