Model: GRU
MSE: 813.6543144518546
MAE: 28.29459469893883
EVS: -0.13156881366788542
