Model: GRU
MSE: 6.799817345353862
MAE: 1.8251290567990006
EVS: 0.461631224056553
