Model: GRU
MSE: 6.371786742183209
MAE: 1.7197434491124646
EVS: 0.4725618229768348
