Model: GRU
MSE: 8.48123255603788
MAE: 2.180593909888432
EVS: 0.3771291278530454
