Model: GRU
MSE: 5.8844616556297265
MAE: 1.631721595237995
EVS: 0.5188783804731427
