Model: GRU
MSE: 190.0543842484461
MAE: 13.313768456722128
EVS: -0.10799661172414177
