Model: GRU
MSE: 6.12445375829088
MAE: 1.7217051325173214
EVS: 0.47827649355471036
