Model: GRU
MSE: 7.4485142033241445
MAE: 2.019648815023488
EVS: 0.4832440953879833
