Model: GRU
MSE: 16.95625309519144
MAE: 3.7764671424339555
EVS: 0.06873404609491962
