Model: GRU
MSE: 8.399836592859739
MAE: 2.196141111439672
EVS: 0.446227094782347
