Model: GRU
MSE: 6.3779392519073275
MAE: 1.6556134717217807
EVS: 0.46082013898735885
