Model: GRU
MSE: 6.805559446885068
MAE: 1.9430001439719364
EVS: 0.4444177541172706
