Model: GRU
MSE: 6.369255050861115
MAE: 1.7216444262142838
EVS: 0.4536494583236762
