Model: GRU
MSE: 6.032169402021191
MAE: 1.5798507476675099
EVS: 0.48059272520362506
