Model: GRU
MSE: 209.400542156737
MAE: 14.021236082603192
EVS: -0.10864828226199919
