Model: GRU
MSE: 172.74265994695799
MAE: 12.692233642627453
EVS: -0.008599604257316429
