Model: GRU
MSE: 10.344107054211895
MAE: 2.501727893434722
EVS: 0.4176961680903344
