Model: GRU
MSE: 7.159578313017375
MAE: 1.8917547752117287
EVS: 0.4116947196310786
