Model: GRU
MSE: 51.53208461205646
MAE: 6.526637208872828
EVS: -0.03342333473067738
