Model: GRU
MSE: 7.766497719951813
MAE: 2.0304246935351142
EVS: 0.47814330347886846
