Model: GRU
MSE: 6.35927061681798
MAE: 1.5809227762551143
EVS: 0.44956281212431914
