Model: GRU
MSE: 6.2903383122554635
MAE: 1.6065866700534164
EVS: 0.4561528574180226
