Model: GRU
MSE: 7.105984563068166
MAE: 1.923333266685749
EVS: 0.45530122355818636
