Model: GRU
MSE: 243.2108621894072
MAE: 15.14394109002475
EVS: -0.20097557026103363
