Model: GRU
MSE: 175.09845752748714
MAE: 12.795304972549964
EVS: 0.014883023964982312
