Model: GRU
MSE: 6.165661117696016
MAE: 1.6209841103389346
EVS: 0.4695777826209693
