Model: GRU
MSE: 6.5542776871633235
MAE: 1.740019864049451
EVS: 0.43828586905784583
