Model: GRU
MSE: 8.502604903159392
MAE: 2.055832945067307
EVS: 0.38819617324308
