Model: GRU
MSE: 221.60913097376388
MAE: 14.486086109588886
EVS: -0.01834591390207918
