Model: GRU
MSE: 216.8416341661004
MAE: 14.326272783608273
EVS: -0.004242852658199903
