Model: GRU
MSE: 6.9061759943916385
MAE: 1.819700553499419
EVS: 0.405451191829305
