Model: GRU
MSE: 6.129851702650293
MAE: 1.7587418227360165
EVS: 0.49511710645105356
