Model: GRU
MSE: 6.617850318638375
MAE: 1.7232767302414467
EVS: 0.4320210180848202
