Model: GRU
MSE: 6.36618269747078
MAE: 1.695976314873531
EVS: 0.4735096375875385
