Model: GRU
MSE: 6.4289253245291755
MAE: 1.6468299010704304
EVS: 0.451735554133724
