Model: GRU
MSE: 7.134491527672018
MAE: 1.8460975351004765
EVS: 0.4652097555384578
