Model: GRU
MSE: 65.27655597346379
MAE: 7.454699483411066
EVS: -0.07963385984059257
