Model: GRU
MSE: 6.55165517075174
MAE: 1.7557052250566154
EVS: 0.4811737351735439
