Model: GRU
MSE: 6.21604592135616
MAE: 1.6444436681681667
EVS: 0.46264327957894735
