Model: GRU
MSE: 6.556135499320856
MAE: 1.7654326701986378
EVS: 0.45591381121364405
