Model: GRU
MSE: 5.698499113843385
MAE: 1.6071975313383957
EVS: 0.5068847770644354
