Model: GRU
MSE: 332.92447797682985
MAE: 17.90607264124114
EVS: -0.06462951379666437
