Model: GRU
MSE: 8.93881395937309
MAE: 2.2525537425074083
EVS: 0.4060537454531401
