Model: GRU
MSE: 6.788514492322222
MAE: 1.7939894446011246
EVS: 0.4576198254636237
