Model: GRU
MSE: 6.178717128996188
MAE: 1.6869544489630337
EVS: 0.4818878074165297
