Model: GRU
MSE: 6.52154355868164
MAE: 1.6372561948052768
EVS: 0.4385931332558357
