Model: GRU
MSE: 6.113145015687709
MAE: 1.603503605415081
EVS: 0.47151194873741176
