Model: GRU
MSE: 1739.1747305084946
MAE: 41.546389711314234
EVS: -0.13174258825468144
