Model: GRU
MSE: 7.238128431906591
MAE: 2.0990603052336594
EVS: 0.4838098827309384
