Model: GRU
MSE: 7.8427605268954
MAE: 2.021455846983811
EVS: 0.4485065246765261
