Model: GRU
MSE: 6.526855300925474
MAE: 1.7530345094615016
EVS: 0.4762431324670968
