Model: GRU
MSE: 6.43738928259157
MAE: 1.6410703330204404
EVS: 0.44283774720311375
