Model: GRU
MSE: 6.21820707868173
MAE: 1.6960374075790932
EVS: 0.4701442751732313
