Model: GRU
MSE: 6.708294906351888
MAE: 1.69876739896577
EVS: 0.4209272267169184
