Model: GRU
MSE: 6.360224946598025
MAE: 1.665826830370673
EVS: 0.4604257434979373
