Model: GRU
MSE: 6.033570211175017
MAE: 1.6119423734730687
EVS: 0.47764193937988175
