Model: GRU
MSE: 7.761416003210892
MAE: 2.166465561965416
EVS: 0.481826438990559
