Model: GRU
MSE: 171.7000047420871
MAE: 12.649665668092926
EVS: -0.011724837798696042
