Model: GRU
MSE: 187.91887225907692
MAE: 13.327894517059985
EVS: 0.10946982694990604
