Model: GRU
MSE: 7.0228740816389825
MAE: 2.096200548369309
EVS: 0.46632687362778424
