Model: GRU
MSE: 6.328395712285187
MAE: 1.7399821445859711
EVS: 0.47860335288656386
