Model: GRU
MSE: 5.966068421579496
MAE: 1.6250750114177834
EVS: 0.4839509728886675
