Model: GRU
MSE: 8.333611708405865
MAE: 2.1226287052549164
EVS: 0.38457655642396815
