Model: GRU
MSE: 6.481545492422058
MAE: 1.6659247957426926
EVS: 0.4501563239931613
