Model: GRU
MSE: 10.365609642518303
MAE: 2.6119182438685975
EVS: 0.45861273421324444
