Model: GRU
MSE: 7.190120726365077
MAE: 1.9924551865150189
EVS: 0.4608649319186282
