Model: GRU
MSE: 8.237129138454732
MAE: 2.1605111812723092
EVS: 0.4239502738149561
