Model: GRU
MSE: 7.686545451903259
MAE: 1.9190789091176
EVS: 0.43034239250730544
