Model: GRU
MSE: 7.582142494274665
MAE: 2.1771395453091325
EVS: 0.49187417857793625
