Model: GRU
MSE: 8.85588938937671
MAE: 2.304981560542666
EVS: 0.45777185867930226
