Model: GRU
MSE: 6.918309190135632
MAE: 1.8809099526240909
EVS: 0.4949191313689205
