Model: GRU
MSE: 6.7662937107851855
MAE: 1.7299780681215484
EVS: 0.44075062280659605
