Model: GRU
MSE: 7.181373454370569
MAE: 1.8851559655419712
EVS: 0.42100315232983054
