Model: GRU
MSE: 9.841765669157258
MAE: 2.396091050115125
EVS: 0.4512375799958004
