Model: GRU
MSE: 6.255191779103966
MAE: 1.5763418263402478
EVS: 0.4598241967250055
