Model: GRU
MSE: 198.9893181684586
MAE: 13.676363817576703
EVS: -0.034271643503923865
