Model: GRU
MSE: 6.786753723981857
MAE: 1.6732061484764362
EVS: 0.4693803119306892
