Model: GRU
MSE: 6.05014032908457
MAE: 1.5861128938609157
EVS: 0.4765136971599816
