Model: GRU
MSE: 15.463394505856694
MAE: 3.1758037271170783
EVS: 0.3982673462453151
