Model: GRU
MSE: 9.963082555157849
MAE: 2.3454303412601867
EVS: 0.3983544131678173
