Model: GRU
MSE: 205.9748615483796
MAE: 13.935217577835608
EVS: -0.020262050883885108
