Model: GRU
MSE: 210.72637165652299
MAE: 14.052326183894586
EVS: -0.14786894193525324
