Model: GRU
MSE: 7.384442608838416
MAE: 1.8496457461653084
EVS: 0.47183741213397956
