Model: GRU
MSE: 7.41180443870766
MAE: 1.9584864830148632
EVS: 0.43861742530915937
