Model: GRU
MSE: 9.069593098226443
MAE: 2.098310240383806
EVS: 0.23496219138111774
