Model: GRU
MSE: 7.884413733611008
MAE: 2.1242957183292934
EVS: 0.47293601796270657
