Model: GRU
MSE: 7.1147327284035375
MAE: 1.9506154389216983
EVS: 0.43832604381600737
