Model: GRU
MSE: 10.068949514673415
MAE: 2.486521918198158
EVS: 0.4135144305483962
