Model: GRU
MSE: 6.203764098298413
MAE: 1.6528850588305244
EVS: 0.4786713391110542
