Model: GRU
MSE: 6.128145109885767
MAE: 1.6118394917455212
EVS: 0.4725572567808112
