Model: GRU
MSE: 8.891143969325874
MAE: 2.323900009023732
EVS: 0.4449936190112348
