Model: GRU
MSE: 7.535521422036881
MAE: 1.9275941191048458
EVS: 0.4376922274424435
