Model: GRU
MSE: 13.091772302630927
MAE: 3.1615822561855973
EVS: 0.433186401183976
