Model: GRU
MSE: 221.1473915936822
MAE: 14.455903961740692
EVS: -0.053997253040632076
