Model: GRU
MSE: 6.687974490603528
MAE: 1.7778105160285687
EVS: 0.45283298896396895
