Model: GRU
MSE: 6.899618295540394
MAE: 1.9039082033880825
EVS: 0.43890121583909436
