Model: GRU
MSE: 6.493975727045444
MAE: 1.8648358542343666
EVS: 0.46106950695433135
