Model: GRU
MSE: 8.49382700936104
MAE: 2.222497381013015
EVS: 0.46244978110281676
