Model: GRU
MSE: 6.346776127282083
MAE: 1.641596193971305
EVS: 0.4597933740239548
