Model: GRU
MSE: 184.42082183783185
MAE: 13.05453087543619
EVS: -0.21206899649544475
