Model: GRU
MSE: 6.549907867831746
MAE: 1.7386676278607598
EVS: 0.43821823491508405
