Model: GRU
MSE: 7.003280457816753
MAE: 1.7752619940659096
EVS: 0.4427720487514244
