Model: GRU
MSE: 6.224460130894197
MAE: 1.6218073779139026
EVS: 0.46164965234320354
