Model: GRU
MSE: 217.84594004900973
MAE: 14.355205552331332
EVS: -0.01934789345611354
