Model: GRU
MSE: 19.08288640778235
MAE: 3.801180905309217
EVS: 0.2986843756083094
