Model: GRU
MSE: 8.750448290873747
MAE: 2.3559179306030273
EVS: 0.4654101279548598
