Model: GRU
MSE: 6.489859892588795
MAE: 1.5002525592672413
EVS: 0.4456829284095738
