Model: GRU
MSE: 8.818143591430287
MAE: 2.2430934083872827
EVS: 0.32059143162804904
