Model: GRU
MSE: 6.012791946043143
MAE: 1.6153044700622559
EVS: 0.47943702200546134
