Model: GRU
MSE: 7.466503166108066
MAE: 1.9345246676740975
EVS: 0.4635445868492082
