Model: GRU
MSE: 183.80165572951572
MAE: 13.139796339232346
EVS: 0.03490116964967216
