Model: GRU
MSE: 7.607612163400004
MAE: 2.000996499226011
EVS: 0.47246490638810457
