Model: GRU
MSE: 5.917093539485873
MAE: 1.5199723079286773
EVS: 0.4879707938815425
