Model: GRU
MSE: 7.872111700927611
MAE: 2.0462630370567583
EVS: 0.46639749567107036
