Model: GRU
MSE: 7.475217817120979
MAE: 1.9871766649443527
EVS: 0.45905847474012584
