Model: GRU
MSE: 6.515558456419422
MAE: 1.6245500054852715
EVS: 0.4363385653187428
