Model: GRU
MSE: 6.738508201416263
MAE: 1.7891902101450954
EVS: 0.4314717242841891
