Model: GRU
MSE: 6.818496565533368
MAE: 1.8516638114534576
EVS: 0.44902674735389847
