Model: GRU
MSE: 8.321423813647584
MAE: 1.9720018567710087
EVS: 0.2943917980152696
