Model: GRU
MSE: 7.205635547719716
MAE: 1.8452456408533557
EVS: 0.46046360105945394
