Model: GRU
MSE: 6.546831187158263
MAE: 1.7024527829268883
EVS: 0.4587715683807002
