Model: GRU
MSE: 6.642775400058538
MAE: 1.7206081458500453
EVS: 0.47196444836552465
