Model: GRU
MSE: 7.80913065310937
MAE: 2.0417750621664115
EVS: 0.47765422226317045
