Model: GRU
MSE: 7.614115072172134
MAE: 2.0235154382113754
EVS: 0.4616676282609502
