Model: GRU
MSE: 8.006932665891467
MAE: 2.210903578791125
EVS: 0.4786965860084621
