Model: GRU
MSE: 6.6949269916014975
MAE: 1.9629621505737305
EVS: 0.4419187019057119
