Model: GRU
MSE: 6.65425244715165
MAE: 1.810023151595017
EVS: 0.4569197442275029
