Model: GRU
MSE: 7.311423663178253
MAE: 1.8425996879051472
EVS: 0.4047598170676652
