Model: GRU
MSE: 6.6145300246854
MAE: 1.7893033849781956
EVS: 0.47750330753531234
