Model: GRU
MSE: 7.346353671453205
MAE: 2.0558361020581475
EVS: 0.5076082797182202
