Model: GRU
MSE: 9.843189977226459
MAE: 2.4540453779286353
EVS: 0.47378235721639184
