Model: GRU
MSE: 12.586180690181962
MAE: 3.0519340449366075
EVS: -0.056081759283448385
