Model: GRU
MSE: 6.66095054336764
MAE: 1.891459662338783
EVS: 0.4354015506999288
