Model: GRU
MSE: 6.335503440631505
MAE: 1.6567675245219264
EVS: 0.45485543071715195
