Model: GRU
MSE: 7.613494575650936
MAE: 2.054901994507888
EVS: 0.4357460560207075
