Model: GRU
MSE: 9.598743328332505
MAE: 2.479955993849656
EVS: 0.46568606061356665
