Model: GRU
MSE: 5.932309159263993
MAE: 1.6833668083980167
EVS: 0.4938651190909894
