Model: GRU
MSE: 209.42693877352053
MAE: 14.06481958257741
EVS: -0.004956809827034947
