Model: GRU
MSE: 7.692675431555048
MAE: 2.075265144479686
EVS: 0.47342403722834936
