Model: GRU
MSE: 237.81334445882032
MAE: 14.97774388872344
EVS: -0.16709159986309818
