Model: GRU
MSE: 7.915319530125654
MAE: 2.0264339775874696
EVS: 0.45604139757354756
