Model: GRU
MSE: 6.8459829340198475
MAE: 1.9706408895295242
EVS: 0.48614179409372094
