Model: GRU
MSE: 5.804176530537104
MAE: 1.616060182966035
EVS: 0.5023419909455278
