Model: GRU
MSE: 7.001319482447782
MAE: 1.9582274042326828
EVS: 0.454839982829085
