Model: GRU
MSE: 268.54272500201756
MAE: 16.035393443600885
EVS: 0.01226375794729706
