Model: GRU
MSE: 6.531620894700232
MAE: 1.7135758235536773
EVS: 0.435089311076711
