Model: GRU
MSE: 6.838002177963301
MAE: 1.8504726229042843
EVS: 0.45330906710774754
