Model: GRU
MSE: 9.40823213444421
MAE: 2.404358715846621
EVS: 0.4451370477464659
