Model: GRU
MSE: 7.609967958064176
MAE: 2.0514744068014212
EVS: 0.46271118081157614
