Model: GRU
MSE: 6.927102773166678
MAE: 1.9283549538974105
EVS: 0.45154534998564977
