Model: GRU
MSE: 6.180357269976694
MAE: 1.5853604283826104
EVS: 0.4656372195679045
