Model: GRU
MSE: 7.714590345774358
MAE: 2.1345498644072434
EVS: 0.4785634049885814
