Model: GRU
MSE: 9.460328966963626
MAE: 2.3869185612119477
EVS: 0.28088044951322944
