Model: GRU
MSE: 19.56834823819656
MAE: 4.093383575307912
EVS: -0.21136055810493182
