Model: GRU
MSE: 6.559516906927264
MAE: 1.7792575194917877
EVS: 0.4720417707953082
