Model: GRU
MSE: 7.101354855548928
MAE: 1.8873866344320362
EVS: 0.45028404035275016
