Model: GRU
MSE: 6.900783681616382
MAE: 1.8098613466535296
EVS: 0.4793119611482437
