Model: GRU
MSE: 6.5210337070288915
MAE: 1.7895403401605015
EVS: 0.49976336650711184
