Model: GRU
MSE: 1854.706861500212
MAE: 42.93000510643269
EVS: -0.014803468708817213
