Model: GRU
MSE: 6.027621422348336
MAE: 1.5458381751487995
EVS: 0.47823714695402175
