Model: GRU
MSE: 211.60650293082603
MAE: 14.180875087606497
EVS: 0.09014737324236388
