Model: GRU
MSE: 6.180665213187553
MAE: 1.669428825378418
EVS: 0.4664625868599075
