Model: GRU
MSE: 6.0092481585112685
MAE: 1.6785782123434132
EVS: 0.48885467980250885
