Model: GRU
MSE: 7.408072313779689
MAE: 1.967220849004285
EVS: 0.480827695856029
