Model: GRU
MSE: 9.172074585474359
MAE: 2.35307265972269
EVS: 0.43721896740286725
