Model: GRU
MSE: 11.832227406281913
MAE: 2.3952858776881776
EVS: 0.17647389390582502
