Model: GRU
MSE: 6.166167862474705
MAE: 1.6064849064267914
EVS: 0.469441602210142
