Model: GRU
MSE: 7.447533814010481
MAE: 1.9915595383479678
EVS: 0.4107474761916582
