Model: GRU
MSE: 232.64422878350868
MAE: 14.890904948629181
EVS: 0.05587243175930623
