Model: GRU
MSE: 201.1011598527167
MAE: 13.79082740175313
EVS: 0.055087980362771405
