Model: GRU
MSE: 7.169901122510773
MAE: 1.8542350366197784
EVS: 0.41923570422945367
