Model: GRU
MSE: 7.634378751901938
MAE: 1.9268997455465382
EVS: 0.3833208778788708
