Model: GRU
MSE: 2945.9990152517807
MAE: 54.18086900382206
EVS: 0.0967994839505818
