Model: GRU
MSE: 7.125285212229677
MAE: 1.8410331298565041
EVS: 0.4785623373570269
