Model: GRU
MSE: 6.452011584754202
MAE: 1.7283684220807305
EVS: 0.4414148506415403
