Model: GRU
MSE: 219.79493477359688
MAE: 14.441254188274515
EVS: 0.026442310421517012
