Model: GRU
MSE: 2349.42365813671
MAE: 48.35270066096865
EVS: 0.00956995923367443
