Model: GRU
MSE: 7.569543482140206
MAE: 2.017723658989216
EVS: 0.4162564742686964
