Model: GRU
MSE: 6.981004089037234
MAE: 1.7400860622011383
EVS: 0.46769773269958903
