Model: GRU
MSE: 7.223284712772386
MAE: 1.9653922113878974
EVS: 0.46241935827760094
