Model: GRU
MSE: 8.088219740830342
MAE: 2.230772413056472
EVS: 0.45193211706875946
