Model: GRU
MSE: 8.22189136850124
MAE: 1.893794980542413
EVS: 0.31351690684350453
