Model: GRU
MSE: 6.192492884003577
MAE: 1.6275070124659046
EVS: 0.4737009116020998
