Model: GRU
MSE: 6.95620500535161
MAE: 1.720999997237633
EVS: 0.42624853032306675
