Model: GRU
MSE: 6.514621059300943
MAE: 1.6416104497580692
EVS: 0.43685901815620454
