Model: GRU
MSE: 6.658040381691124
MAE: 1.6972743971594448
EVS: 0.43811435329681514
