Model: GRU
MSE: 8.304352290443289
MAE: 2.1292871935614226
EVS: 0.4368658649444118
