Model: GRU
MSE: 206.74498258872435
MAE: 13.993243603870786
EVS: 0.05336714201641557
