Model: GRU
MSE: 6.483895137165809
MAE: 1.6061621698839912
EVS: 0.43865546762581187
