Model: GRU
MSE: 6.635803818690843
MAE: 1.7899509627243568
EVS: 0.42949219897161983
