Model: GRU
MSE: 6.333825553445014
MAE: 1.6495146586977203
EVS: 0.451886559587233
