Model: GRU
MSE: 8.023190862425352
MAE: 2.038610655685951
EVS: 0.4292367384438214
