Model: GRU
MSE: 6.426094534315592
MAE: 1.6785719805750354
EVS: 0.44492075857416247
