Model: GRU
MSE: 6.650328239411093
MAE: 1.77147441896899
EVS: 0.4244383733040227
