Model: GRU
MSE: 11.04152633150896
MAE: 2.4925504388480353
EVS: 0.4769034297762378
