Model: GRU
MSE: 8.008992618035101
MAE: 2.1641012553510994
EVS: 0.4606568034752617
