Model: GRU
MSE: 6.5464929974474755
MAE: 1.6646055764165417
EVS: 0.43718229226743266
