Model: GRU
MSE: 6.033411449115929
MAE: 1.6872165778587604
EVS: 0.48454428450604425
