Model: GRU
MSE: 6.309825876293534
MAE: 1.7119605952295764
EVS: 0.4537235344681081
