Model: GRU
MSE: 251.04242418386153
MAE: 15.4149826107354
EVS: -0.1619145957121133
