Model: GRU
MSE: 6.155096567227937
MAE: 1.7521542022968162
EVS: 0.4671563562514167
