Model: GRU
MSE: 8.757540545565227
MAE: 2.2668748230769715
EVS: 0.4862546925843326
