Model: GRU
MSE: 6.079996684505423
MAE: 1.6397162470324287
EVS: 0.4774923410267883
