Model: GRU
MSE: 6.889960893914968
MAE: 1.8034979557168895
EVS: 0.4348805512098346
