Model: GRU
MSE: 7.0669436548163596
MAE: 1.87006492861386
EVS: 0.4422615360419684
