Model: GRU
MSE: 6.064055344505489
MAE: 1.543023290305302
EVS: 0.47571953340272344
