Model: GRU
MSE: 6.242223513837119
MAE: 1.8000220430308376
EVS: 0.49628573450302726
