Model: GRU
MSE: 7.985108761358176
MAE: 2.1935921537465064
EVS: 0.43461077888244914
