Model: GRU
MSE: 7.3547525207626805
MAE: 1.915251403019346
EVS: 0.39414537343389944
