Model: GRU
MSE: 6.206175621015221
MAE: 1.6075996201613854
EVS: 0.4706023470647295
