Model: GRU
MSE: 230.5418066303632
MAE: 14.774149467205179
EVS: -0.061969343321814474
