Model: GRU
MSE: 22.66626754936235
MAE: 4.236459666285022
EVS: 0.35062883604370165
