Model: GRU
MSE: 6.172832703290898
MAE: 1.638289451599121
EVS: 0.46646294473192496
