Model: GRU
MSE: 21.985758657494944
MAE: 4.292126688463934
EVS: -0.034337912172485385
