Model: GRU
MSE: 7.083342025710518
MAE: 1.719570669634589
EVS: 0.4203135631349709
