Model: GRU
MSE: 6.313000391836215
MAE: 1.8040181357285072
EVS: 0.4551372863919283
