Model: GRU
MSE: 8.609691351326767
MAE: 2.1234665903551826
EVS: 0.42380535825371124
