Model: GRU
MSE: 312.5128996918589
MAE: 17.290035519106635
EVS: -0.17462709295319723
