Model: GRU
MSE: 6.516096089295937
MAE: 1.8114254227999984
EVS: 0.47592257710488994
