Model: GRU
MSE: 566.126629818842
MAE: 23.52181393524696
EVS: -0.11258040674944958
