Model: GRU
MSE: 8.515266246052212
MAE: 2.29155550331905
EVS: 0.3982998760242391
