Model: GRU
MSE: 10.568067748343811
MAE: 2.5675986717487205
EVS: 0.4770201937009093
