Model: GRU
MSE: 10.647429513175744
MAE: 2.610645113320186
EVS: 0.4035412542727189
