Model: GRU
MSE: 5.832412943887609
MAE: 1.6801823172075996
EVS: 0.5103627544451994
