Model: GRU
MSE: 6.112329440875767
MAE: 1.6275141814659382
EVS: 0.473354502256052
