Model: GRU
MSE: 7.172297641550829
MAE: 1.899776261428307
EVS: 0.46049976218096766
