Model: GRU
MSE: 7.412917135545222
MAE: 1.8918295235469424
EVS: 0.48330716773753335
