Model: GRU
MSE: 7.527649968729622
MAE: 2.000122037427179
EVS: 0.45252590343789756
