Model: GRU
MSE: 7.637949199947811
MAE: 2.0582742282322477
EVS: 0.482928540677905
