Model: GRU
MSE: 8.134221622397146
MAE: 2.202594362456223
EVS: 0.48089083598570026
