Model: GRU
MSE: 7.6126627881785405
MAE: 2.129593906731441
EVS: 0.4748098030593165
