Model: GRU
MSE: 6.927285614563324
MAE: 1.8497408422930488
EVS: 0.44992265878356363
