Model: GRU
MSE: 6.065531471338326
MAE: 1.632521053840374
EVS: 0.4803601450965106
