Model: GRU
MSE: 6.297525160971273
MAE: 1.6659509642370816
EVS: 0.45892927893868185
