Model: GRU
MSE: 6.190997211853379
MAE: 1.613520359170848
EVS: 0.4653205590902826
