Model: GRU
MSE: 6.72800619364887
MAE: 1.923660393418937
EVS: 0.45205473863568246
