Model: GRU
MSE: 7.0592353290570165
MAE: 1.9745814718049148
EVS: 0.44384219747583786
