Model: GRU
MSE: 22.39694765343681
MAE: 4.3507988699551285
EVS: -0.04714448257789927
