Model: GRU
MSE: 9.532736265760283
MAE: 2.6476727354115455
EVS: 0.20905424677721085
