Model: GRU
MSE: 10.309133850259325
MAE: 2.594308672280147
EVS: 0.11535146253517903
