Model: GRU
MSE: 6.191763225435823
MAE: 1.791576155300798
EVS: 0.49888184220733645
