Model: GRU
MSE: 17.631906457672876
MAE: 3.8450998766668913
EVS: 3.3306690738754696e-16
