Model: GRU
MSE: 7.031846242910056
MAE: 1.6437001392759125
EVS: 0.4011195329162004
