Model: GRU
MSE: 9.137110784016908
MAE: 2.3902538480429816
EVS: 0.4209815724262995
