Model: GRU
MSE: 22.61869769286281
MAE: 4.0907648514057025
EVS: 0.4792937210949687
