Model: GRU
MSE: 6.751587582386852
MAE: 1.7618730314846696
EVS: 0.4591718584620268
