Model: GRU
MSE: 6.419454507268095
MAE: 1.6946255338603053
EVS: 0.4619851124257177
