Model: GRU
MSE: 6.206595296454743
MAE: 1.6105402913586846
EVS: 0.5005944234676589
