Model: GRU
MSE: 9.46213788804245
MAE: 2.266998258130304
EVS: 0.45761704901125666
