Model: GRU
MSE: 182.2009229500987
MAE: 13.053321838378906
EVS: -0.02261166731778519
