Model: GRU
MSE: 14.367948999580566
MAE: 2.596232480016248
EVS: 0.019135791871414565
