Model: GRU
MSE: 7.137566556109787
MAE: 1.689824186522385
EVS: 0.4328575201062558
