Model: GRU
MSE: 6.346154968619258
MAE: 1.7905224767224541
EVS: 0.47295325577589875
