Model: GRU
MSE: 7.264902261719091
MAE: 1.9541627127548744
EVS: 0.4538877965684651
