Model: GRU
MSE: 7.241394078144492
MAE: 1.8710243619721512
EVS: 0.46735982606966586
