Model: GRU
MSE: 6.804409479595353
MAE: 1.7475441982006203
EVS: 0.4735773911961014
