Model: GRU
MSE: 8.801881252203124
MAE: 2.2873598789346627
EVS: 0.4588851324252078
