Model: GRU
MSE: 6.7483225485084715
MAE: 1.932431122352337
EVS: 0.42334804798724346
