Model: GRU
MSE: 6.6276477400797535
MAE: 1.7130141258239746
EVS: 0.46376616771827717
