Model: GRU
MSE: 6.579331361389003
MAE: 1.8440881104304874
EVS: 0.4797868158898164
