Model: GRU
MSE: 6.948084065469049
MAE: 1.8974726611170276
EVS: 0.4814842380805304
