Model: GRU
MSE: 6.060306193448151
MAE: 1.6135442092500885
EVS: 0.4756661912505925
