Model: GRU
MSE: 6.067635359662698
MAE: 1.7268973876690041
EVS: 0.48384842944873496
