Model: GRU
MSE: 6.51666983164981
MAE: 1.8678971981180126
EVS: 0.49471636495796123
