Model: GRU
MSE: 6.347477182938652
MAE: 1.6470053442593278
EVS: 0.4663229368448655
