Model: GRU
MSE: 10.761750069559827
MAE: 2.666043018472606
EVS: 0.4158421300420412
