Model: GRU
MSE: 10.171665161908741
MAE: 2.5614309064273177
EVS: 0.43679007183850516
