Model: GRU
MSE: 7.1131980967718
MAE: 1.8436723084285342
EVS: 0.40705614929153144
