Model: GRU
MSE: 6.23647017592232
MAE: 1.5784694079695076
EVS: 0.46072025885736
