Model: GRU
MSE: 7.578282070445092
MAE: 1.982309341430664
EVS: 0.47476773032854513
