Model: GRU
MSE: 7.312005247362887
MAE: 2.131368012263857
EVS: 0.45694900553948925
