Model: GRU
MSE: 8.866621706919009
MAE: 2.2530175077504127
EVS: 0.4855829648753339
