Model: GRU
MSE: 7.260316211674826
MAE: 1.8378932229403793
EVS: 0.4658023914926811
