Model: GRU
MSE: 6.4844473183033156
MAE: 1.7284450366579254
EVS: 0.4392997164842478
