Model: GRU
MSE: 1528.1925116893585
MAE: 38.89333540817787
EVS: -0.34201337103546803
