Model: GRU
MSE: 6.395216752762959
MAE: 1.6667787042157403
EVS: 0.4634719918522645
