Model: GRU
MSE: 7.208790592023625
MAE: 1.9851929154889336
EVS: 0.44319236482926083
