Model: GRU
MSE: 6.1671780801243115
MAE: 1.6009769932977085
EVS: 0.46607779593051657
