Model: GRU
MSE: 6.0837466371336
MAE: 1.578563879276144
EVS: 0.47717643248777886
