Model: GRU
MSE: 6.316899075427453
MAE: 1.6710735353930244
EVS: 0.45361115636773375
