Model: GRU
MSE: 7.223969275210967
MAE: 1.7591343830371726
EVS: 0.38289731525353243
