Model: GRU
MSE: 9.656183385248678
MAE: 2.4630624261395684
EVS: 0.4156664396403499
