Model: GRU
MSE: 13.098221662620212
MAE: 2.771579512234392
EVS: -0.12438809698236009
