Model: GRU
MSE: 3691.8269123223263
MAE: 60.657570148336475
EVS: -0.08099719523095317
