Model: GRU
MSE: 7.547320266512496
MAE: 1.965144108081686
EVS: 0.43549399770688835
