Model: GRU
MSE: 505.0083146525505
MAE: 22.18284110365243
EVS: -0.11941785693391926
