Model: GRU
MSE: 9.918700102793677
MAE: 2.478266979085988
EVS: 0.4804653103635468
