Model: GRU
MSE: 7.645609041286137
MAE: 1.993256897761904
EVS: 0.36801008467249163
