Model: GRU
MSE: 6.482497784634893
MAE: 1.646759608696247
EVS: 0.44084070064211145
