Model: GRU
MSE: 6.555495172341474
MAE: 1.8243585701646476
EVS: 0.4612229059740548
