Model: GRU
MSE: 27.48520511001094
MAE: 4.780700206756592
EVS: -0.03552785709188999
