Model: GRU
MSE: 12.140106617338883
MAE: 2.8150137046287798
EVS: 0.22513977321321976
