Model: GRU
MSE: 7.301881927085282
MAE: 1.8161782314037453
EVS: 0.40414562006908394
