Model: GRU
MSE: 6.770244904975576
MAE: 1.833007310998851
EVS: 0.47590655656669745
