Model: GRU
MSE: 6.723560920576801
MAE: 1.6973494990118618
EVS: 0.44864923156577896
