Model: GRU
MSE: 10.242326590985785
MAE: 2.519965385568553
EVS: 0.3571086711856104
