Model: GRU
MSE: 15.149487125419894
MAE: 3.2568418404151656
EVS: 0.45563965502969994
