Model: GRU
MSE: 6.544657890322712
MAE: 1.6845872977684284
EVS: 0.4334307262287098
