Model: GRU
MSE: 7.0006054076420305
MAE: 1.8936551850417565
EVS: 0.45499736965590565
