Model: GRU
MSE: 7.355412083652956
MAE: 1.8360559940338135
EVS: 0.432459814985966
