Model: GRU
MSE: 6.308946694232308
MAE: 1.6730355229871026
EVS: 0.4705634533080142
