Model: GRU
MSE: 10.157475996972279
MAE: 2.5815869857525002
EVS: 0.5005920416520541
