Model: GRU
MSE: 8.173331656199405
MAE: 2.1301607838992416
EVS: 0.45587669234347483
