Model: GRU
MSE: 12.500175750693478
MAE: 2.4377687059599777
EVS: -0.012275398382541436
