Model: GRU
MSE: 176.11333712829935
MAE: 12.823020236245517
EVS: -0.011510641797866095
