Model: GRU
MSE: 6.199388315288773
MAE: 1.5831878760765339
EVS: 0.4640190487411465
