Model: GRU
MSE: 7.601028574440487
MAE: 1.9846146188933274
EVS: 0.4887866485809753
