Model: GRU
MSE: 8.571251278765999
MAE: 2.206411386358327
EVS: 0.46088875145233477
