Model: GRU
MSE: 7.113621358355384
MAE: 1.9447433208597118
EVS: 0.47212229769688696
