Model: GRU
MSE: 8.265498315687182
MAE: 2.160146877683442
EVS: 0.4592667124998069
