Model: GRU
MSE: 8.213506383679393
MAE: 2.26748617764177
EVS: 0.5030703097610238
