Model: GRU
MSE: 7.039371421546775
MAE: 1.9728871049552128
EVS: 0.4227919574758271
