Model: GRU
MSE: 10.399932412035767
MAE: 2.4347382578356513
EVS: 0.4458931383454443
