Model: GRU
MSE: 9.693123657831228
MAE: 2.470341583778118
EVS: 0.461092112616763
