Model: GRU
MSE: 6.713178434089514
MAE: 1.8449747973474964
EVS: 0.4793601506513293
