Model: GRU
MSE: 7.455673886132178
MAE: 1.9681352089191306
EVS: 0.4764435978788102
