Model: GRU
MSE: 6.509379899723321
MAE: 1.6751755023824757
EVS: 0.44366262710462767
