Model: GRU
MSE: 11.262376535613196
MAE: 2.6293829720595787
EVS: 0.4450446603000785
