Model: GRU
MSE: 295.24762630664657
MAE: 16.82991723356576
EVS: -0.0390438311010044
