Model: GRU
MSE: 6.614258944552352
MAE: 1.8001871273435395
EVS: 0.46540076114731366
