Model: GRU
MSE: 5.99025496532259
MAE: 1.6064234684253562
EVS: 0.48151479025898225
