Model: GRU
MSE: 6.907605583589445
MAE: 1.7489211148229138
EVS: 0.4531337626087639
