Model: GRU
MSE: 7.059171217903495
MAE: 1.831213720913591
EVS: 0.45050696183224825
