Model: GRU
MSE: 6.638381781023374
MAE: 1.8144648979450095
EVS: 0.4947132908013022
