Model: GRU
MSE: 7.758002694292937
MAE: 2.124256462886416
EVS: 0.47894594398311674
