Model: GRU
MSE: 6.485847797807733
MAE: 1.5863339983183762
EVS: 0.4702060163851973
