Model: GRU
MSE: 6.931496088439307
MAE: 1.8394002750002105
EVS: 0.44405346770243803
