Model: GRU
MSE: 15.348933186276115
MAE: 3.6419764222769904
EVS: 0.04013042332742567
