Model: GRU
MSE: 223.0765299528193
MAE: 14.528913053972968
EVS: -0.03780607068869668
