Model: GRU
MSE: 6.692632516986032
MAE: 1.7280133428244755
EVS: 0.42750257857670004
