Model: GRU
MSE: 10.550093416801701
MAE: 2.5691140766801506
EVS: 0.45859244348483574
