Model: GRU
MSE: 12.341019666638125
MAE: 2.8546868850444924
EVS: 0.455865823032073
