Model: GRU
MSE: 7.084950434576199
MAE: 1.8377425588410476
EVS: 0.4485246707226266
