Model: GRU
MSE: 7.027044108995048
MAE: 1.805821550303492
EVS: 0.45453903351220715
