Model: GRU
MSE: 7.0939065067618055
MAE: 1.9685457328270222
EVS: 0.4723179867609284
