Model: GRU
MSE: 6.146956558810981
MAE: 1.586908537766029
EVS: 0.468063327580338
