Model: GRU
MSE: 6.338729151874273
MAE: 1.6377950701220283
EVS: 0.45510132947424276
