Model: GRU
MSE: 6.317722290756592
MAE: 1.7130531278149834
EVS: 0.4536257441534164
