Model: GRU
MSE: 6.017842242125378
MAE: 1.7165035050490807
EVS: 0.5020367926926566
