Model: GRU
MSE: 5.897009893734301
MAE: 1.617171706824467
EVS: 0.49002937371828525
