Model: GRU
MSE: 20.60573389713857
MAE: 4.13349723815918
EVS: -0.012910684261130845
