Model: GRU
MSE: 7.208724428342348
MAE: 1.8307005125900795
EVS: 0.3758993628873203
