Model: GRU
MSE: 6.284889974085437
MAE: 1.728310173955457
EVS: 0.4900991192903653
