Model: GRU
MSE: 6.075499007564429
MAE: 1.6374727610884041
EVS: 0.5300545430311951
