Model: GRU
MSE: 173.867235902146
MAE: 12.736309383449884
EVS: -0.008928081098714458
