Model: GRU
MSE: 7.288037786007878
MAE: 1.9513610971385036
EVS: 0.4415005375244291
