Model: GRU
MSE: 378.91900068333496
MAE: 19.181585509201575
EVS: 0.04889444835125367
