Model: GRU
MSE: 6.243404860417427
MAE: 1.6701965496457856
EVS: 0.46322100222170604
