Model: GRU
MSE: 6.747520890449558
MAE: 1.786138994940396
EVS: 0.4459634928030689
