Model: GRU
MSE: 6.639402824853011
MAE: 1.6684922021010826
EVS: 0.4596867452823217
