Model: GRU
MSE: 6.98357163077324
MAE: 1.7803245495105613
EVS: 0.44011225376446605
