Model: GRU
MSE: 6.679794872547942
MAE: 1.6656806222323715
EVS: 0.4472283221107132
