Model: GRU
MSE: 7.415777974889887
MAE: 2.0578406402042932
EVS: 0.49881363057701933
