Model: GRU
MSE: 6.368261004596771
MAE: 1.5220003785758183
EVS: 0.4507111366232115
