Model: GRU
MSE: 6.580629030733995
MAE: 1.5515172892603382
EVS: 0.4305245863296828
