Model: GRU
MSE: 10.789730518337333
MAE: 2.613215002520331
EVS: 0.43295496605913475
