Model: GRU
MSE: 6.2192423175068
MAE: 1.6492236564899314
EVS: 0.4837294382292543
