Model: GRU
MSE: 6.023091556698859
MAE: 1.651225238010801
EVS: 0.48012861591586586
