Model: GRU
MSE: 8.487361703808645
MAE: 2.1670264375620873
EVS: 0.34979744530192136
