Model: GRU
MSE: 6.630147606743274
MAE: 1.725430916095602
EVS: 0.43686499003056245
