Model: GRU
MSE: 6.78900169081097
MAE: 1.8842142368185109
EVS: 0.5139642784996856
