Model: GRU
MSE: 8.597147818286807
MAE: 2.2376083834417937
EVS: 0.45000397473766274
