Model: GRU
MSE: 7.210160536426679
MAE: 1.9781896163677346
EVS: 0.49444773008487397
