Model: GRU
MSE: 6.002837961278189
MAE: 1.6479502882276262
EVS: 0.4906618550733747
