Model: GRU
MSE: 6.210248578593831
MAE: 1.6646527750738735
EVS: 0.46245363933045314
