Model: GRU
MSE: 6.131401279280418
MAE: 1.6167142720058048
EVS: 0.47357237962284326
