Model: GRU
MSE: 5199.062068879597
MAE: 71.86624046851848
EVS: -1.9700398787693816
