Model: GRU
MSE: 6.154930257959261
MAE: 1.7196837951397073
EVS: 0.4674411507940772
