Model: GRU
MSE: 11.707504836458218
MAE: 2.7578905533099998
EVS: 0.4682827366018697
