Model: GRU
MSE: 10.565887008160319
MAE: 2.6242684084793617
EVS: 0.4578333932682145
