Model: GRU
MSE: 7.4641995733903626
MAE: 2.087957299988845
EVS: 0.49703300407908957
