Model: GRU
MSE: 7.324163089121443
MAE: 1.8658588097013276
EVS: 0.43372202651435565
