Model: GRU
MSE: 6.4384938690994495
MAE: 1.7684414386749268
EVS: 0.49645332685388777
