Model: GRU
MSE: 7.10821591963638
MAE: 1.7781535345932533
EVS: 0.42780597369099294
