Model: GRU
MSE: 6.541997519802282
MAE: 1.7866458070689235
EVS: 0.4596526415498233
