Model: GRU
MSE: 6.357098426877076
MAE: 1.613198313219794
EVS: 0.44963355262644755
