Model: GRU
MSE: 10.62568034796793
MAE: 2.5696171234393943
EVS: 0.45078109150222045
