Model: GRU
MSE: 7.2569877075502065
MAE: 1.8063331467764718
EVS: 0.44830358662666636
