Model: GRU
MSE: 205.50249441348927
MAE: 13.906861954721911
EVS: -0.04771639623797874
