Model: GRU
MSE: 15.182915717377675
MAE: 3.1682692725082924
EVS: 0.4683999717786761
