Model: GRU
MSE: 10.58623361852962
MAE: 2.6397378855738145
EVS: 0.40791891765718635
