Model: GRU
MSE: 6.000704952314805
MAE: 1.735172518368425
EVS: 0.4996739179825833
