Model: GRU
MSE: 6.254933939183164
MAE: 1.655059814453125
EVS: 0.47058355877668634
