Model: GRU
MSE: 2411.674280512476
MAE: 48.993481208538185
EVS: 0.0205579650300316
