Model: GRU
MSE: 10.57087048405409
MAE: 2.613237841375943
EVS: 0.4663225948238595
