Model: GRU
MSE: 10.937378272632785
MAE: 2.6736847943273085
EVS: 0.4683556835721723
