Model: GRU
MSE: 7.576301509070335
MAE: 1.8342091132854592
EVS: 0.4463879507966685
