Model: GRU
MSE: 6.286341071300665
MAE: 1.741480929510934
EVS: 0.47041175771336374
