Model: GRU
MSE: 6.951259930269959
MAE: 1.8749889834173794
EVS: 0.425379749243318
