Model: GRU
MSE: 7.571154424839702
MAE: 2.0361432535894988
EVS: 0.45408889029939903
