Model: GRU
MSE: 3119.586199764263
MAE: 55.739421318317284
EVS: -0.0997854885837186
