Model: GRU
MSE: 7.674351226518019
MAE: 2.1096722997468094
EVS: 0.46263106309237256
