Model: GRU
MSE: 8.000614215887143
MAE: 2.020362114084178
EVS: 0.3704240101070384
