Model: GRU
MSE: 10.297666680754306
MAE: 2.470014161077039
EVS: 0.4267740076876929
