Model: GRU
MSE: 7.7918753105941345
MAE: 2.011619913166967
EVS: 0.46266599498085814
