Model: GRU
MSE: 6.438016830297803
MAE: 1.6265696410475106
EVS: 0.4446882818110832
