Model: GRU
MSE: 6.746264215724217
MAE: 1.648658407145533
EVS: 0.42985436262589616
