Model: GRU
MSE: 8.837940619798418
MAE: 2.1085593618195633
EVS: 0.3493891862406695
