Model: GRU
MSE: 8.609705786288126
MAE: 2.2812634172110724
EVS: 0.45579231883347826
