Model: GRU
MSE: 6.86391918589627
MAE: 1.6933902872019801
EVS: 0.4084165680590106
