Model: GRU
MSE: 7.63532595931124
MAE: 1.8006513612023716
EVS: 0.34061982515398126
