Model: GRU
MSE: 6.063638490931758
MAE: 1.6504009509908741
EVS: 0.4766355189862258
