Model: GRU
MSE: 9.484878123251276
MAE: 2.4903033519613333
EVS: 0.4395196942821742
