Model: GRU
MSE: 8.069913229651979
MAE: 2.169186329019481
EVS: 0.4416128677726102
