Model: GRU
MSE: 7.475656440056041
MAE: 2.0029375635344406
EVS: 0.48782798841906216
