Model: GRU
MSE: 6.04237216961614
MAE: 1.5154032213934536
EVS: 0.4771653880225386
