Model: GRU
MSE: 7.473818426259582
MAE: 1.8923194901696567
EVS: 0.45430561051253926
