Model: GRU
MSE: 7.983866660159022
MAE: 2.148346654300032
EVS: 0.38233750509175946
