Model: GRU
MSE: 6.632330204932228
MAE: 1.5686347566801926
EVS: 0.42668061158398085
