Model: GRU
MSE: 7.3238273405443515
MAE: 2.0159520938478668
EVS: 0.5003647152966102
