Model: GRU
MSE: 6.730555650698381
MAE: 1.7122458178421547
EVS: 0.4182515129832006
