Model: GRU
MSE: 8.998051931705692
MAE: 2.324280393534693
EVS: 0.41278391737015874
