Model: GRU
MSE: 7.104229907741369
MAE: 1.8323118604462723
EVS: 0.47572156985873626
