Model: GRU
MSE: 6.664638941400269
MAE: 1.7712320294873467
EVS: 0.4631905730563224
