Model: GRU
MSE: 7.248563685449442
MAE: 1.8908371760927398
EVS: 0.4634154021725242
