Model: GRU
MSE: 6.639134124303884
MAE: 1.8058772909230199
EVS: 0.48392855108040644
