Model: GRU
MSE: 6.619950250507262
MAE: 1.739733728869208
EVS: 0.45775253179864617
