Model: GRU
MSE: 5.997021861902309
MAE: 1.5308894946657379
EVS: 0.4846911418721571
