Model: GRU
MSE: 8.478007843333828
MAE: 2.169167469287741
EVS: 0.47697495508547794
