Model: GRU
MSE: 8.48108836451069
MAE: 1.9643525748417294
EVS: 0.27181845302749963
