Model: GRU
MSE: 7.150748734889523
MAE: 1.9400119123787716
EVS: 0.48247452559095116
