Model: GRU
MSE: 6.400439441786344
MAE: 1.642967700958252
EVS: 0.45072686763433545
