Model: GRU
MSE: 6.783995030596668
MAE: 1.8421693505911991
EVS: 0.4699316061855776
