Model: GRU
MSE: 11.996461398686279
MAE: 2.816450201231858
EVS: 0.45797528819660116
