Model: GRU
MSE: 154.28540590155032
MAE: 11.97086445730308
EVS: 0.04906482921082256
