Model: GRU
MSE: 8.117401246717973
MAE: 2.0932744289266654
EVS: 0.3990485023742235
