Model: GRU
MSE: 9.368517717289377
MAE: 2.3300976588808258
EVS: 0.38802787553255824
