Model: GRU
MSE: 6.593397191251029
MAE: 1.774804715452523
EVS: 0.4717882776366624
