Model: GRU
MSE: 6.169716650923094
MAE: 1.5796853016162742
EVS: 0.46973829692849245
