Model: GRU
MSE: 685.2361474075861
MAE: 25.65730543794303
EVS: -1.3322577604783943
