Model: GRU
MSE: 7.08527276143007
MAE: 1.953405709102236
EVS: 0.45379602348761405
