Model: GRU
MSE: 6.4806457829042055
MAE: 1.834112841507484
EVS: 0.5421835771192256
