Model: GRU
MSE: 27.070639345505494
MAE: 4.744249228773446
EVS: 0.13105498503045265
