Model: GRU
MSE: 6.77228590341082
MAE: 1.7337138077308392
EVS: 0.45540142680090645
