Model: GRU
MSE: 961.2432489190498
MAE: 30.394844712882207
EVS: -2.2376563984777773
