Model: GRU
MSE: 193.86632260996714
MAE: 13.486727319914719
EVS: -0.036705981853412784
