Model: GRU
MSE: 9.222861146789345
MAE: 2.3561956800263504
EVS: 0.4409179148442194
