Model: GRU
MSE: 222.08212701415437
MAE: 14.557609434785514
EVS: 0.1205485728214043
