Model: GRU
MSE: 238.09270548683048
MAE: 15.063990210664683
EVS: 0.033040084715231344
