Model: GRU
MSE: 6.285447853354479
MAE: 1.6441055659590096
EVS: 0.4750967152286907
