Model: GRU
MSE: 6.695263294254947
MAE: 1.7213636330195836
EVS: 0.44931042107792374
