Model: GRU
MSE: 6.782388216396404
MAE: 1.8063504695892334
EVS: 0.4382590909890396
