Model: GRU
MSE: 7.942180792080688
MAE: 2.1495209480154105
EVS: 0.4752527543112982
