Model: GRU
MSE: 12.87334297753051
MAE: 2.922623009517275
EVS: 0.27251747306408824
