Model: GRU
MSE: 8.386826941191352
MAE: 2.023916589802709
EVS: 0.4780970053964514
