Model: GRU
MSE: 6.8553636495433645
MAE: 1.8564150744471057
EVS: 0.48266736001619437
