Model: GRU
MSE: 182.95182165582892
MAE: 13.097422677895118
EVS: 0.012224041912912154
