Model: GRU
MSE: 7.949701391699929
MAE: 2.1297401724190546
EVS: 0.4820303213437611
