Model: GRU
MSE: 6.538029489062367
MAE: 1.6475279194968087
EVS: 0.4687111932743382
