Model: GRU
MSE: 6.720298188892512
MAE: 1.7502556504874394
EVS: 0.45006456351400237
