Model: GRU
MSE: 9.999782666077989
MAE: 2.4625073959087502
EVS: 0.44334409663407603
