Model: GRU
MSE: 6.148805242507165
MAE: 1.4977850420721646
EVS: 0.4997613910190509
