Model: GRU
MSE: 223.71768845923737
MAE: 14.574084471011984
EVS: 0.02049989759433557
