Model: GRU
MSE: 6.230455522513145
MAE: 1.7443807371731461
EVS: 0.4946095994427723
