Model: GRU
MSE: 15.043197085100065
MAE: 2.5355328855843378
EVS: 0.023467720235115563
