Model: GRU
MSE: 6.591970114602865
MAE: 1.6836610826952705
EVS: 0.4362699267468708
