Model: GRU
MSE: 7.0789846482919305
MAE: 1.898974796821331
EVS: 0.4672620763514451
