Model: GRU
MSE: 11.122741461030513
MAE: 2.586942927590732
EVS: 0.3623826109771935
