Model: GRU
MSE: 6.703408980570202
MAE: 1.79958333640263
EVS: 0.46958072781607607
