Model: GRU
MSE: 7.94097194655922
MAE: 2.3007714337316054
EVS: 0.39578164870962296
