Model: GRU
MSE: 8.132467090633735
MAE: 2.1145299714187096
EVS: 0.4805529853037348
