Model: GRU
MSE: 6.372245149405762
MAE: 1.6390407414271915
EVS: 0.45413099965578263
