Model: GRU
MSE: 13.868934459992488
MAE: 2.4097815875349373
EVS: -0.02426715636448762
