Model: GRU
MSE: 6.832506627701307
MAE: 1.7655450228987069
EVS: 0.4554354017840837
