Model: GRU
MSE: 1875.6509999135194
MAE: 43.1575109218729
EVS: -0.13243679660003638
