Model: GRU
MSE: 6.731111559065131
MAE: 1.8331599728814487
EVS: 0.48893408362711
