Model: GRU
MSE: 6.18524171823067
MAE: 1.5981440379701812
EVS: 0.4674839948192243
