Model: GRU
MSE: 241.25708932370097
MAE: 15.137023642145355
EVS: -0.04996041306166621
