Model: GRU
MSE: 7.819467386122691
MAE: 2.0396154995622306
EVS: 0.4091870533093084
