Model: GRU
MSE: 13.172832935104891
MAE: 2.9368349930335738
EVS: 0.4669707043734912
