Model: GRU
MSE: 8.5595970581087
MAE: 2.2787408171028924
EVS: 0.48286789661438256
