Model: GRU
MSE: 6.2299749673842095
MAE: 1.5676050186157227
EVS: 0.46905289617396184
