Model: GRU
MSE: 7.73917990120349
MAE: 2.1230735778808594
EVS: 0.4279163408636555
