Model: GRU
MSE: 6.608619802338322
MAE: 1.7259523950774094
EVS: 0.43303378502871603
