Model: GRU
MSE: 199.58178806996622
MAE: 13.718677467313306
EVS: 0.014792254934447913
