Model: GRU
MSE: 10.615773682588747
MAE: 2.6086093475078713
EVS: 0.08361266354635322
