Model: GRU
MSE: 6.388973208902183
MAE: 1.7876159240459573
EVS: 0.4473452961808657
