Model: GRU
MSE: 186.73426926248328
MAE: 13.269430579810306
EVS: 0.07740366322669145
