Model: GRU
MSE: 7.08529717767638
MAE: 1.8184868385051858
EVS: 0.42886945272416566
