Model: GRU
MSE: 6.35375123016132
MAE: 1.6526431626287
EVS: 0.4707113878767232
