Model: GRU
MSE: 172.51167239819182
MAE: 12.707095195507181
EVS: 0.04407856288665435
