Model: GRU
MSE: 10.143398539588643
MAE: 2.466749306382804
EVS: 0.4479722957311032
