Model: GRU
MSE: 10.031457302729125
MAE: 2.49650082917049
EVS: 0.4267076094564747
