Model: GRU
MSE: 5.878088956208926
MAE: 1.6294375616928627
EVS: 0.50522416472913
