Model: GRU
MSE: 7.4841717271727815
MAE: 1.8602526434536637
EVS: 0.3700933963569768
