Model: GRU
MSE: 8.635360184453726
MAE: 2.2301789974344186
EVS: 0.4249120173662664
