Model: GRU
MSE: 6.252117085772147
MAE: 1.7213889812601024
EVS: 0.4594911728685519
