Model: GRU
MSE: 6.091215306488799
MAE: 1.7170446330103382
EVS: 0.48471846597566814
