Model: GRU
MSE: 6.418350656610747
MAE: 1.7292473233979324
EVS: 0.4629904546069088
