Model: GRU
MSE: 7.8120161592897945
MAE: 2.01898351208917
EVS: 0.42064094882043
