Model: GRU
MSE: 7.856235102124221
MAE: 2.000150022835567
EVS: 0.33465541986046954
