Model: GRU
MSE: 7.3324570823623425
MAE: 1.9053274845254833
EVS: 0.45422090230175505
