Model: GRU
MSE: 6.765436598699023
MAE: 1.7972714818757156
EVS: 0.45032855503901337
