Model: GRU
MSE: 6.111891366536219
MAE: 1.6104207532159214
EVS: 0.4708594379978409
