Model: GRU
MSE: 7.364574947730018
MAE: 1.8040915357655491
EVS: 0.37777365815138364
