Model: GRU
MSE: 7.337780423259072
MAE: 1.7909550173529263
EVS: 0.4317646888521932
