Model: GRU
MSE: 10.094633319814251
MAE: 2.489333078779023
EVS: 0.4468332960356064
