Model: GRU
MSE: 6.443158891967336
MAE: 1.638597817256533
EVS: 0.4524004020882372
