Model: GRU
MSE: 10.893918890025848
MAE: 2.5254049630000672
EVS: 0.4289015573558381
