Model: GRU
MSE: 6.243450992051043
MAE: 1.6348020948212723
EVS: 0.4595202953469534
