Model: GRU
MSE: 9.15949809992913
MAE: 2.1435559864701896
EVS: 0.29146442930808225
