Model: GRU
MSE: 7.1412579684832815
MAE: 1.8340329548408245
EVS: 0.39712601810899695
