Model: GRU
MSE: 8.665208289967993
MAE: 2.135647650422721
EVS: 0.44628902438673845
