Model: GRU
MSE: 35.35773050204794
MAE: 5.449737811910695
EVS: -0.0843767389076131
