Model: GRU
MSE: 15.955577273908116
MAE: 3.1626194098900102
EVS: 0.37096474446339667
