Model: GRU
MSE: 7.038406828514389
MAE: 1.941126905638596
EVS: 0.48187473534516834
