Model: GRU
MSE: 6.474841957768321
MAE: 1.6571307840018437
EVS: 0.44629525062593745
