Model: GRU
MSE: 6.211266766886575
MAE: 1.6407612603286217
EVS: 0.46310808229778944
