Model: GRU
MSE: 8.47766610790746
MAE: 2.1108150811030946
EVS: 0.4513441433520732
