Model: GRU
MSE: 6.013628748468708
MAE: 1.681668577523067
EVS: 0.4799744322544084
