Model: GRU
MSE: 7.297014866702065
MAE: 1.8041465529080094
EVS: 0.45435763326376866
