Model: GRU
MSE: 6.391260191055294
MAE: 1.7288890213801944
EVS: 0.46035863124208065
