Model: GRU
MSE: 6.232246563012393
MAE: 1.6171938468670022
EVS: 0.46572574040487036
