Model: GRU
MSE: 20.11265887872166
MAE: 4.071256555359939
EVS: -0.052394281490717454
