Model: GRU
MSE: 8.471559169523312
MAE: 2.0815534591674805
EVS: 0.44740545316413693
