Model: GRU
MSE: 7.670648337734496
MAE: 1.9996751587966393
EVS: 0.43793539805496284
