Model: GRU
MSE: 8.201652568397863
MAE: 2.113940008755388
EVS: 0.43851194698357043
