Model: GRU
MSE: 7.17876153957722
MAE: 1.8575289660486682
EVS: 0.43203664695918254
