Model: GRU
MSE: 9.987388117698849
MAE: 2.236242146327578
EVS: 0.39694400331086555
