Model: GRU
MSE: 9.900121634748617
MAE: 2.249865482593405
EVS: 0.28805258231297215
