Model: GRU
MSE: 812.0587707120196
MAE: 28.27726276989641
EVS: -0.07832068998603559
