Model: GRU
MSE: 5.901867980948125
MAE: 1.6546370243204052
EVS: 0.4960271927836286
