Model: GRU
MSE: 206.83157469128133
MAE: 13.935913164040137
EVS: -0.09275448203535896
