Model: GRU
MSE: 9.045083642490791
MAE: 2.2470406992682097
EVS: 0.3740648060092888
