Model: GRU
MSE: 11.569303262309028
MAE: 2.62689261600889
EVS: 3.3306690738754696e-16
