Model: GRU
MSE: 7.075200211716884
MAE: 1.856875732027251
EVS: 0.4440772489934086
