Model: GRU
MSE: 6.870378834112158
MAE: 1.8880864587323418
EVS: 0.40531217960034616
