Model: GRU
MSE: 7.996615539765524
MAE: 2.0881015843358535
EVS: 0.4457141584942421
