Model: GRU
MSE: 15.517898213549932
MAE: 2.795672137161781
EVS: 0.18953364722908306
