Model: GRU
MSE: 6.710966912357851
MAE: 1.6897739048661857
EVS: 0.4191213087603014
