Model: GRU
MSE: 6.450902662412114
MAE: 1.6424219197240368
EVS: 0.44608265855292095
