Model: GRU
MSE: 675.2547700151034
MAE: 25.709331282253924
EVS: -0.23674400699505171
