Model: GRU
MSE: 170.47462893727408
MAE: 12.635735328855185
EVS: 0.06386833475311349
