Model: GRU
MSE: 178.80449392055309
MAE: 12.909277167813531
EVS: -0.05233712930070489
