Model: GRU
MSE: 7.721842509664698
MAE: 1.895908783222067
EVS: 0.44546715505221
