Model: GRU
MSE: 6.267375730225267
MAE: 1.6845799890057793
EVS: 0.4901717312348921
