Model: GRU
MSE: 10.496578031394353
MAE: 2.4574578055020035
EVS: 0.45522704867533703
