Model: GRU
MSE: 8.72423871786247
MAE: 2.245567329998674
EVS: 0.4597333910581304
