Model: GRU
MSE: 6.152795321999841
MAE: 1.6572030001673206
EVS: 0.46822725852933966
