Model: GRU
MSE: 8.557346831132989
MAE: 2.325681521974761
EVS: 0.4587647693184147
