Model: GRU
MSE: 6.687296868338041
MAE: 1.8334381004859661
EVS: 0.45929759862101316
