Model: GRU
MSE: 14.59469329534469
MAE: 3.4740837853530357
EVS: -0.04247741559869467
