Model: GRU
MSE: 10.393048891153112
MAE: 2.5293777728902884
EVS: 0.47012685644653207
