Model: GRU
MSE: 47.47389730048131
MAE: 5.984269240806842
EVS: -0.009686466988482412
