Model: GRU
MSE: 6.48075781038476
MAE: 1.7682969652373215
EVS: 0.502545517645401
