Model: GRU
MSE: 6.038987685655747
MAE: 1.5311880933827366
EVS: 0.4800387394539949
