Model: GRU
MSE: 6.123959195366685
MAE: 1.6553663631965374
EVS: 0.46990550692779676
