Model: GRU
MSE: 6.362142083555133
MAE: 1.7452413953583816
EVS: 0.47175374676319237
