Model: GRU
MSE: 7.42709074672569
MAE: 2.144049989766088
EVS: 0.46927817849693954
