Model: GRU
MSE: 11.449126229317212
MAE: 2.543517359371843
EVS: 0.02441401845044655
