Model: GRU
MSE: 199.8014503122955
MAE: 13.660765203936347
EVS: -0.14150074148011593
