Model: GRU
MSE: 6.1130688128842525
MAE: 1.6520939942063957
EVS: 0.4784665139183536
