Model: GRU
MSE: 10.916806246320668
MAE: 2.6409362595656822
EVS: 0.44620367895881585
