Model: GRU
MSE: 16.70450933183766
MAE: 3.4565292555710365
EVS: 0.1939930111507473
