Model: GRU
MSE: 7.087024716866334
MAE: 1.948088185540561
EVS: 0.4624617662208039
