Model: GRU
MSE: 8.046878978494549
MAE: 2.044760852024473
EVS: 0.438329147185629
