Model: GRU
MSE: 7.689200023190285
MAE: 2.050988526179873
EVS: 0.4662266027884975
