Model: GRU
MSE: 9.05580523809274
MAE: 2.2950375491175157
EVS: 0.4787277950286568
