Model: GRU
MSE: 11.38060342517391
MAE: 2.674974721053551
EVS: 0.4757141295120102
