Model: GRU
MSE: 6.376308810110897
MAE: 1.6595528701256061
EVS: 0.4483566317810135
