Model: GRU
MSE: 6.129761095254292
MAE: 1.5783321117532665
EVS: 0.47282282643364826
