Model: GRU
MSE: 7.387864337067091
MAE: 1.9502247777478448
EVS: 0.461650724980719
