Model: GRU
MSE: 13.417838109372292
MAE: 3.346090629183013
EVS: -0.008979037880062934
