Model: GRU
MSE: 12.37188492997854
MAE: 2.7399055875580887
EVS: 0.23442860575452018
