Model: GRU
MSE: 8.544760873253757
MAE: 2.1384696796022613
EVS: 0.33605457539468775
