Model: GRU
MSE: 6.781276642589374
MAE: 1.880895466640078
EVS: 0.44163290320132265
