Model: GRU
MSE: 7.078339999966405
MAE: 1.8265734376578495
EVS: 0.44858303555767587
