Model: GRU
MSE: 2876.0169586762486
MAE: 53.517226646686424
EVS: -0.03228211019331462
