Model: GRU
MSE: 266.8627545396526
MAE: 15.965190616147272
EVS: -0.03678687174261497
