Model: GRU
MSE: 874.9575578362598
MAE: 29.365883695668188
EVS: -0.09106916038274449
