Model: GRU
MSE: 7.168510353431884
MAE: 1.9803462686209843
EVS: 0.4842289801425719
