Model: GRU
MSE: 6.233215634029154
MAE: 1.616141911210685
EVS: 0.46085205661879247
