Model: GRU
MSE: 7.735543687352517
MAE: 2.100957229219634
EVS: 0.4982530321079095
