Model: GRU
MSE: 6.399233897326542
MAE: 1.6788075874591697
EVS: 0.45098222530315346
