Model: GRU
MSE: 7.027951317378242
MAE: 1.8466994844633957
EVS: 0.40833868406160867
