Model: GRU
MSE: 6.939616710060646
MAE: 1.8939207011255725
EVS: 0.49265582427920696
