Model: GRU
MSE: 8.311205670245256
MAE: 2.181542758283944
EVS: 0.44963677672192126
