Model: GRU
MSE: 6.82319191546144
MAE: 1.8776831955745303
EVS: 0.48286161077227174
