Model: GRU
MSE: 8.041007480761186
MAE: 2.0882205963134766
EVS: 0.48141204969371476
