Model: GRU
MSE: 5.930303484630289
MAE: 1.6525555479115452
EVS: 0.5062162913393486
