Model: GRU
MSE: 6.686294991095385
MAE: 1.7711579224158978
EVS: 0.42207925465258045
