Model: GRU
MSE: 6.298338196782114
MAE: 1.6158384372448098
EVS: 0.4612399122753056
