Model: GRU
MSE: 6.745902642195629
MAE: 1.8428223790793583
EVS: 0.4699710312592309
