Model: GRU
MSE: 6.038761792182131
MAE: 1.5910980290380017
EVS: 0.4785793006770046
