Model: GRU
MSE: 6.561148190499557
MAE: 1.672820781839305
EVS: 0.45689611001475317
