Model: GRU
MSE: 6.207244626473107
MAE: 1.702959521063443
EVS: 0.489372938294253
