Model: GRU
MSE: 6.058500033418772
MAE: 1.7677091236772209
EVS: 0.5132005881760282
