Model: GRU
MSE: 7.704421124841468
MAE: 1.9863613537379674
EVS: 0.47261744935435623
