Model: GRU
MSE: 10.820486027761756
MAE: 2.572588065574909
EVS: 0.44743632369189634
