Model: GRU
MSE: 10.166379296722646
MAE: 2.5404485340776115
EVS: 0.4614109111832535
