Model: GRU
MSE: 6.209404300965106
MAE: 1.621384390469255
EVS: 0.48319613715898313
