Model: GRU
MSE: 7.441670210134409
MAE: 1.9739857213250522
EVS: 0.49856600210628543
