Model: GRU
MSE: 6.018627071484216
MAE: 1.5921853821853111
EVS: 0.47970117340329343
