Model: GRU
MSE: 6.522148530345068
MAE: 1.7792364646648537
EVS: 0.48766532290817155
