Model: GRU
MSE: 6.38850572868509
MAE: 1.784507340398328
EVS: 0.45647479231079
