Model: GRU
MSE: 17.169254623523226
MAE: 3.4839589842434586
EVS: 0.4754780837674776
