Model: GRU
MSE: 8.688737814754765
MAE: 2.2202763721860688
EVS: 0.49232882999839156
