Model: GRU
MSE: 6.634816369866696
MAE: 1.746823656147924
EVS: 0.43256578682952884
