Model: GRU
MSE: 6.3389765977187285
MAE: 1.6925832156477303
EVS: 0.4568217993371566
