Model: GRU
MSE: 10.692662615535703
MAE: 2.579040921967605
EVS: 0.2444769673478141
