Model: GRU
MSE: 6.110193267995865
MAE: 1.598315115632682
EVS: 0.471597604791265
