Model: GRU
MSE: 5.892368880942443
MAE: 1.603535717931287
EVS: 0.4903924055106622
