Model: GRU
MSE: 6.600498352856636
MAE: 1.7374038038582638
EVS: 0.4500105878715974
