Model: GRU
MSE: 17.777038995490017
MAE: 3.8840099532028725
EVS: -0.2280258291828281
