Model: GRU
MSE: 8.021794482726351
MAE: 2.086349577739321
EVS: 0.4692093041420038
