Model: GRU
MSE: 6.676131639636784
MAE: 1.850564298958614
EVS: 0.4616204326993505
