Model: GRU
MSE: 232.52179066158314
MAE: 14.860422233055377
EVS: -0.012043306970354939
