Model: GRU
MSE: 12.454387616971479
MAE: 2.9257303928506784
EVS: 0.4605159736561587
