Model: GRU
MSE: 7.992373356380054
MAE: 2.027152291659651
EVS: 0.46434744174586506
