Model: GRU
MSE: 806.3355761981965
MAE: 28.147010441484124
EVS: -0.2191105702858438
