Model: GRU
MSE: 6.299965720527341
MAE: 1.8048781197646568
EVS: 0.468825133266378
