Model: GRU
MSE: 6.562810540839117
MAE: 1.7220863309399834
EVS: 0.43640960964055897
