Model: GRU
MSE: 9.345863684984767
MAE: 2.346344092796589
EVS: 0.4267508561155644
