Model: GRU
MSE: 6.894821203955965
MAE: 1.8669331649254108
EVS: 0.4366381912384567
