Model: GRU
MSE: 2258.366758524613
MAE: 47.41970299030172
EVS: 0.15687656277233475
