Model: GRU
MSE: 6.476020939775481
MAE: 1.7130972763587689
EVS: 0.46240796240690796
