Model: GRU
MSE: 6.106837985057359
MAE: 1.6199360222652042
EVS: 0.49581055918713335
