Model: GRU
MSE: 2796.0540778855393
MAE: 52.76902350063982
EVS: 0.005739855546380013
