Model: GRU
MSE: 8.946700868036887
MAE: 2.300530252785518
EVS: 0.49868091020146343
