Model: GRU
MSE: 8.286632179343474
MAE: 1.9650003087931667
EVS: 0.3093747142974538
