Model: GRU
MSE: 152.4575706808149
MAE: 11.870426934340905
EVS: 0.0
