Model: GRU
MSE: 717.7118427948778
MAE: 26.577169566318908
EVS: 0.015984925204207467
