Model: GRU
MSE: 7.969979025725322
MAE: 1.994648209933577
EVS: 0.36013398541337427
