Model: GRU
MSE: 7.22186424409589
MAE: 1.9237517488413844
EVS: 0.4162733964043033
