Model: GRU
MSE: 7.468030674748473
MAE: 1.9349776300890693
EVS: 0.4587201855548033
