Model: GRU
MSE: 10.964254648526408
MAE: 2.5841607554205535
EVS: 0.44529117282950204
