Model: GRU
MSE: 8.073531961993435
MAE: 2.2093564066393623
EVS: 0.4618281873698512
