Model: GRU
MSE: 182.14592665255893
MAE: 13.054521503119632
EVS: -0.015138683938624053
