Model: GRU
MSE: 5.789444280588629
MAE: 1.562039062894624
EVS: 0.49954647737212654
