Model: GRU
MSE: 6.810334707423051
MAE: 1.8634637059836552
EVS: 0.4872513758460493
