Model: GRU
MSE: 8.313988842367884
MAE: 2.158231965426741
EVS: 0.3182802448711891
