Model: GRU
MSE: 9.272927712533946
MAE: 2.2567471800179315
EVS: 0.43545885253204775
