Model: GRU
MSE: 8.067397998518416
MAE: 2.1771313239788186
EVS: 0.4508129310861787
