Model: GRU
MSE: 6.431485747409264
MAE: 1.6888890430845063
EVS: 0.4936281753764191
