Model: GRU
MSE: 6.547089149434826
MAE: 1.7906380521840062
EVS: 0.4780388310337078
