Model: GRU
MSE: 6.52278545739681
MAE: 1.6820922637807911
EVS: 0.46258410672658457
