Model: GRU
MSE: 6.6472678411172605
MAE: 1.7330594884938206
EVS: 0.4403870893111256
