Model: GRU
MSE: 6.449451845807987
MAE: 1.7155040379228264
EVS: 0.4776189999186776
