Model: GRU
MSE: 192.925361342448
MAE: 13.486767867515827
EVS: 0.04485344130221436
