Model: GRU
MSE: 211.43865769665817
MAE: 14.152721026848102
EVS: 0.03561651834018087
