Model: GRU
MSE: 11.432692225271161
MAE: 2.541903314919307
EVS: 0.1738548997187389
