Model: GRU
MSE: 10.902811791336294
MAE: 2.7077266265606057
EVS: 0.32974034154890575
