Model: GRU
MSE: 6.553990736060863
MAE: 1.8056787951239224
EVS: 0.49939793644342056
