Model: GRU
MSE: 8.52882130572287
MAE: 2.2338412547933646
EVS: 0.4616189837860347
