Model: GRU
MSE: 8.075271663588017
MAE: 2.129221094065699
EVS: 0.41446941580662244
