Model: GRU
MSE: 7.375684353203128
MAE: 1.9214116129381904
EVS: 0.42843783100032473
