Model: GRU
MSE: 6.961944406914631
MAE: 1.7824899739232556
EVS: 0.3978465952837278
