Model: GRU
MSE: 6.261283449520871
MAE: 1.6386010071326946
EVS: 0.47185111310414807
