Model: GRU
MSE: 7.805814261375433
MAE: 2.162777851367819
EVS: 0.4850815858144425
