Model: GRU
MSE: 8.583683332911157
MAE: 2.2422019448773614
EVS: 0.4343216006418057
