Model: GRU
MSE: 7.3993050655340245
MAE: 1.8446588845088565
EVS: 0.41161666347004144
