Model: GRU
MSE: 8.565765987605118
MAE: 2.195845702598835
EVS: 0.441164775628037
