Model: GRU
MSE: 6.347154397758835
MAE: 1.674622338393639
EVS: 0.4751629004823995
