Model: GRU
MSE: 6.590010473727034
MAE: 1.782172022194698
EVS: 0.46415861277210657
