Model: GRU
MSE: 7.449662108943299
MAE: 1.7824140334951466
EVS: 0.4403594318013705
