Model: GRU
MSE: 6.193057933179559
MAE: 1.6560073885424385
EVS: 0.4640437976357721
