Model: GRU
MSE: 7.5889568170222255
MAE: 2.029878698546311
EVS: 0.4691474354583296
