Model: GRU
MSE: 249.21724193021396
MAE: 15.41226812888836
EVS: -0.011142165736559795
