Model: GRU
MSE: 8.065615500022854
MAE: 2.091068415806211
EVS: 0.479960868270061
