Model: GRU
MSE: 8.231427405105823
MAE: 2.167476308756861
EVS: 0.4619063817430983
