Model: GRU
MSE: 6.701744549975391
MAE: 1.873540730311953
EVS: 0.4746163114064247
