Model: GRU
MSE: 6.5495152209152545
MAE: 1.6956881901313519
EVS: 0.43679971012154406
