Model: GRU
MSE: 6.715048379009761
MAE: 1.8194736283400963
EVS: 0.4615702608058826
