Model: GRU
MSE: 7.172454880131764
MAE: 1.8663397739673484
EVS: 0.4156139445708613
