Model: GRU
MSE: 6.261017527285625
MAE: 1.6983262177171379
EVS: 0.4737476017812915
