Model: GRU
MSE: 7.547060327518482
MAE: 2.0552756539706527
EVS: 0.4449665439832019
