Model: GRU
MSE: 6.270343479830962
MAE: 1.634251643871439
EVS: 0.45730018841389963
