Model: GRU
MSE: 7639.143580605278
MAE: 87.33562943031048
EVS: -0.007002059985432352
