Model: GRU
MSE: 6.4038315927043605
MAE: 1.6751834359662285
EVS: 0.46121884736683494
