Model: GRU
MSE: 182.90583876797544
MAE: 13.053249154625268
EVS: -0.08380479272034558
