Model: GRU
MSE: 6.28086897469909
MAE: 1.616337250018942
EVS: 0.45629786858681043
