Model: GRU
MSE: 10.166337121590303
MAE: 2.5508902155119797
EVS: 0.4972013153907464
