Model: GRU
MSE: 6.524779207943107
MAE: 1.8243980243288238
EVS: 0.4566161595203305
