Model: GRU
MSE: 7.149343052609891
MAE: 1.924386057360419
EVS: 0.49601409535043306
