Model: GRU
MSE: 1899.6713467618738
MAE: 43.43942625769253
EVS: -0.0984420270982147
