Model: GRU
MSE: 13.25297091934201
MAE: 3.2748883674884666
EVS: 0.026769029528859845
