Model: GRU
MSE: 11.235987856302252
MAE: 2.67978258790641
EVS: 0.22691303919855932
