Model: GRU
MSE: 28.061146153585593
MAE: 4.86392984719112
EVS: 3.3306690738754696e-16
