Model: GRU
MSE: 6.944321008669092
MAE: 1.8865140388751853
EVS: 0.44202719087236664
