Model: GRU
MSE: 6.4986991426416125
MAE: 1.716006221442387
EVS: 0.4430474699698701
