Model: GRU
MSE: 11.918761106108409
MAE: 2.818730535178349
EVS: 0.40911936247957137
