Model: GRU
MSE: 8.557033032521336
MAE: 1.967286126366977
EVS: 0.2785402930945897
