Model: GRU
MSE: 6.456693753198049
MAE: 1.6620531164366623
EVS: 0.4411679045536532
