Model: GRU
MSE: 6.5566847873324745
MAE: 1.7624598330464856
EVS: 0.4323914994209165
