Model: GRU
MSE: 6.226419680115653
MAE: 1.5749001009710903
EVS: 0.4719867678285776
