Model: GRU
MSE: 191.85710445114444
MAE: 13.429955022088413
EVS: 0.004945443746117828
