Model: GRU
MSE: 2362.795101557231
MAE: 48.486117593173326
EVS: -0.02951960395160813
