Model: GRU
MSE: 570.7431586325945
MAE: 23.631397806364916
EVS: -0.06490273113935707
