Model: GRU
MSE: 1112.1316675944597
MAE: 33.1785326990588
EVS: 0.020250104759460874
