Model: GRU
MSE: 7.097694553070333
MAE: 1.8642174868748105
EVS: 0.4716083522683773
