Model: GRU
MSE: 6.064659066937887
MAE: 1.6702173002834977
EVS: 0.4899172430943939
