Model: GRU
MSE: 10.522931516775566
MAE: 2.64315102018159
EVS: 0.4597514772167933
