Model: GRU
MSE: 174.3083193528113
MAE: 12.735884078617755
EVS: -0.04805327266825077
