Model: GRU
MSE: 190.76290137355156
MAE: 13.371130228042603
EVS: -0.036815846031592825
