Model: GRU
MSE: 7.577539026951274
MAE: 2.040655547174914
EVS: 0.47398321187509274
