Model: GRU
MSE: 6.255533125249415
MAE: 1.710703603152571
EVS: 0.4872460535439552
