Model: GRU
MSE: 6.665679084428309
MAE: 1.7022607737574085
EVS: 0.4229192475787057
