Model: GRU
MSE: 6.3309554521034785
MAE: 1.6976744388711864
EVS: 0.46654097701003416
