Model: GRU
MSE: 6.802499106209827
MAE: 1.8319492997794316
EVS: 0.4312495385299808
