Model: GRU
MSE: 5.911081415300232
MAE: 1.5051558346583926
EVS: 0.4925585726324657
