Model: GRU
MSE: 387.73673826795266
MAE: 19.405016685354298
EVS: 0.03190063194037174
