Model: GRU
MSE: 6.983603108495306
MAE: 1.8083772988154971
EVS: 0.43942599435706253
