Model: GRU
MSE: 7.447633753556605
MAE: 1.8935961147834515
EVS: 0.4787011893466854
