Model: GRU
MSE: 7.934325937599263
MAE: 1.9836391251662682
EVS: 0.4497103621426022
