Model: GRU
MSE: 6.226743158779849
MAE: 1.7285287791285022
EVS: 0.4616871109482502
