Model: GRU
MSE: 238.578155971857
MAE: 15.092976298825494
EVS: 0.06669064741898323
