Model: GRU
MSE: 7.498214222131584
MAE: 1.9583936066463077
EVS: 0.3632385519975515
