Model: GRU
MSE: 7.17349319171968
MAE: 1.9858666452868232
EVS: 0.45813223838621864
