Model: GRU
MSE: 5.957875920181558
MAE: 1.6625826934288288
EVS: 0.4909406407191511
