Model: GRU
MSE: 7.721396603499482
MAE: 1.9484264439549939
EVS: 0.4440096310426883
