Model: GRU
MSE: 6.970297897294836
MAE: 1.9626983445266197
EVS: 0.4904258437959289
