Model: GRU
MSE: 7.747726446791493
MAE: 2.1380403946185935
EVS: 0.46453476038195607
