Model: GRU
MSE: 7.09137323122161
MAE: 1.8697788057656124
EVS: 0.45018910045485416
