Model: GRU
MSE: 222.0999367818688
MAE: 14.500079598920099
EVS: -0.02572117460992196
