Model: GRU
MSE: 7.535044743123512
MAE: 1.9584620574425007
EVS: 0.4694032861534698
