Model: GRU
MSE: 7.79476499107521
MAE: 1.9478961023791084
EVS: 0.4097499935319915
