Model: GRU
MSE: 9.136762998585349
MAE: 2.171975990821575
EVS: 0.24171089937178936
