Model: GRU
MSE: 177.50968961513493
MAE: 12.86643602724733
EVS: -0.03584063351419098
