Model: GRU
MSE: 11.675233732274826
MAE: 2.6246518759891906
EVS: -0.005953747007542365
