Model: GRU
MSE: 6.349978849198535
MAE: 1.7739423472305824
EVS: 0.4638301183791754
