Model: GRU
MSE: 6.647897816434093
MAE: 1.8127703173407193
EVS: 0.493691367561241
