Model: GRU
MSE: 204.51219718063865
MAE: 13.877871702457297
EVS: -0.031716202845448294
