Model: GRU
MSE: 6.394952480084612
MAE: 1.8126915898816338
EVS: 0.5028800361573885
