Model: GRU
MSE: 6.433348574990464
MAE: 1.5816980293818883
EVS: 0.461945387468051
