Model: GRU
MSE: 6.869295121706974
MAE: 1.6242429716833706
EVS: 0.4113299377995582
