Model: GRU
MSE: 9.04540765626917
MAE: 2.160462264356942
EVS: 0.2776956013700643
