Model: GRU
MSE: 6.212345619549347
MAE: 1.608649360722509
EVS: 0.46241097983612633
