Model: GRU
MSE: 4376.552978401597
MAE: 66.0668054120294
EVS: -0.01555477492162538
