Model: GRU
MSE: 8.755781112780701
MAE: 2.186203193664551
EVS: 0.40353292916323946
