Model: GRU
MSE: 6.526357528279238
MAE: 1.6423634989508267
EVS: 0.43549001498485806
