Model: GRU
MSE: 6.498589708641326
MAE: 1.790038141711005
EVS: 0.44254444098030365
