Model: GRU
MSE: 6.487798328145808
MAE: 1.7146750318592991
EVS: 0.4602707345946496
