Model: GRU
MSE: 7.0732161584084
MAE: 1.7682537128185403
EVS: 0.4458544463198192
