Model: GRU
MSE: 6.763942126740278
MAE: 1.8699592721873317
EVS: 0.43964833216492105
