Model: GRU
MSE: 6.118463254849808
MAE: 1.673417066705638
EVS: 0.4704345092644099
