Model: GRU
MSE: 6.816475148139489
MAE: 1.8397372837724357
EVS: 0.47272770248733686
