Model: GRU
MSE: 247.48059289018977
MAE: 15.397177429034793
EVS: 0.09895775049634148
