Model: GRU
MSE: 12.48187830894488
MAE: 2.764535871045343
EVS: 0.3658909767786809
