Model: GRU
MSE: 6.665406084129747
MAE: 1.820210259536217
EVS: 0.4795214925958997
