Model: GRU
MSE: 6.337664094583331
MAE: 1.6330666706479828
EVS: 0.4529352500323608
