Model: GRU
MSE: 6.4809982953233884
MAE: 1.6474396771398083
EVS: 0.43918763657063253
