Model: GRU
MSE: 7.226426810336745
MAE: 1.9496112034238617
EVS: 0.4708703925060538
