Model: GRU
MSE: 6.451804667427676
MAE: 1.6551122172125454
EVS: 0.4471949878979917
