Model: GRU
MSE: 13.757006186241503
MAE: 3.3768092517195076
EVS: -0.030971496044382096
