Model: GRU
MSE: 6.241835123733522
MAE: 1.58918781938224
EVS: 0.46205315909078837
