Model: GRU
MSE: 6.949824698159365
MAE: 1.7781373221298744
EVS: 0.41743142132204303
