Model: GRU
MSE: 6.554669905628014
MAE: 1.648013057379887
EVS: 0.4401425319196639
