Model: GRU
MSE: 6.533633118427807
MAE: 1.7709673355365623
EVS: 0.449396321446097
