Model: GRU
MSE: 6.702007378999422
MAE: 1.7631237013586636
EVS: 0.43474570383946776
