Model: GRU
MSE: 13.216346260477465
MAE: 2.979916572570801
EVS: 0.4466146481420403
