Model: GRU
MSE: 6.240331799155154
MAE: 1.8467377218706855
EVS: 0.46728773904987286
