Model: GRU
MSE: 6.426445196813974
MAE: 1.6783943011842926
EVS: 0.4441394675946333
