Model: GRU
MSE: 6.051495039246189
MAE: 1.651646614074707
EVS: 0.48806900599693126
