Model: GRU
MSE: 6.531917917586791
MAE: 1.7068747240921547
EVS: 0.44892931359249577
