Model: GRU
MSE: 5.77973199208222
MAE: 1.5723764156473095
EVS: 0.5000075633080782
