Model: GRU
MSE: 6.786734892045592
MAE: 1.757052207815236
EVS: 0.4256096418342219
