Model: GRU
MSE: 6.429439744876335
MAE: 1.7863669231020172
EVS: 0.46087874770602977
