Model: GRU
MSE: 6.310215599988377
MAE: 1.6096557995368694
EVS: 0.4550053382126735
