Model: GRU
MSE: 8.74728279850632
MAE: 2.235195916274498
EVS: 0.455153971361951
