Model: GRU
MSE: 6.307139697702959
MAE: 1.6984691291019833
EVS: 0.4574222672463101
