Model: GRU
MSE: 11.61798217405904
MAE: 2.688464822440312
EVS: 0.4376006728223437
