Model: GRU
MSE: 6.326165111304433
MAE: 1.6625564838277882
EVS: 0.4523964151186529
