Model: GRU
MSE: 1484.132413634766
MAE: 38.37527005425815
EVS: 0.006880476032795735
