Model: GRU
MSE: 8.501431074329174
MAE: 2.0637214923727103
EVS: 0.4431246709013953
