Model: GRU
MSE: 6.4745422485991835
MAE: 1.6947528822668667
EVS: 0.44687632462718874
