Model: GRU
MSE: 6.635821636431768
MAE: 1.8624051685990959
EVS: 0.4488099071175744
