Model: GRU
MSE: 6.708756796403879
MAE: 1.7422990881163498
EVS: 0.4826806817865623
