Model: GRU
MSE: 7.965967102188925
MAE: 2.1993294584340064
EVS: 0.4663652072910778
