Model: GRU
MSE: 13.738228887716575
MAE: 3.078762383296572
EVS: 0.4058360545870896
