Model: GRU
MSE: 7.395918405555205
MAE: 1.8887631317664837
EVS: 0.49083181799554665
