Model: GRU
MSE: 7.38681311206591
MAE: 2.0647638912858635
EVS: 0.4734862248878776
