Model: GRU
MSE: 11.210068737412666
MAE: 2.58359537453487
EVS: 0.4650597892311118
