Model: GRU
MSE: 179.91163253069368
MAE: 12.967346668243408
EVS: -0.018095944266020014
