Model: GRU
MSE: 169.42915854813316
MAE: 12.577029829395228
EVS: 0.026237386980368482
