Model: GRU
MSE: 170.30369218184413
MAE: 12.619780630900943
EVS: 0.04378204681631681
