Model: GRU
MSE: 6.9702209427849535
MAE: 1.8415906758143985
EVS: 0.4855033770802014
