Model: GRU
MSE: 7.811501796387143
MAE: 1.9199844886516702
EVS: 0.3340141495736654
