Model: GRU
MSE: 6.033571069388349
MAE: 1.6713802610124862
EVS: 0.48577056339861635
