Model: GRU
MSE: 6.894186807552819
MAE: 1.8906679317868988
EVS: 0.48319645303467995
