Model: GRU
MSE: 173.28195191482436
MAE: 12.751021344086219
EVS: 0.07420682020976155
