Model: GRU
MSE: 172.518228895066
MAE: 12.663807755914227
EVS: -0.0515705060447742
