Model: GRU
MSE: 6.965006405001426
MAE: 1.8701235425883327
EVS: 0.45745332031547903
