Model: GRU
MSE: 7.778934572617878
MAE: 2.0172827326018234
EVS: 0.41703881488623507
