Model: GRU
MSE: 6.389097823765732
MAE: 1.8853008664887527
EVS: 0.475755294919767
