Model: GRU
MSE: 6.4396961486105
MAE: 1.7257994454482506
EVS: 0.4851367432117437
