Model: GRU
MSE: 7.96622803957308
MAE: 1.8594492386127341
EVS: 0.38629819507842655
