Model: GRU
MSE: 6.337706163315253
MAE: 1.6855714896629597
EVS: 0.4815136220986225
