Model: GRU
MSE: 6.418690872896954
MAE: 1.6549441321142788
EVS: 0.45138030256027106
