Model: GRU
MSE: 6.49426276799918
MAE: 1.7152762988518024
EVS: 0.47420698225560276
