Model: GRU
MSE: 9.491379538504166
MAE: 2.2569930471222976
EVS: 0.2976731533041912
