Model: GRU
MSE: 6.034114979530966
MAE: 1.5935706270152126
EVS: 0.4775954285296592
