Model: GRU
MSE: 8.142214588068798
MAE: 2.1158416188996414
EVS: 0.47112564675447366
