Model: GRU
MSE: 279.8835634589872
MAE: 16.400404165531025
EVS: 0.05542846342487173
