Model: GRU
MSE: 2761.591437138557
MAE: 52.43833147246262
EVS: -0.022708423778588394
