Model: GRU
MSE: 379.0875064596995
MAE: 19.18536196083858
EVS: 0.04684996689421439
