Model: GRU
MSE: 6.661376932352125
MAE: 1.8485663348230823
EVS: 0.4276575476626051
