Model: GRU
MSE: 11.88044474120172
MAE: 2.8712120796072074
EVS: 0.48773506604979056
