Model: GRU
MSE: 9.509323664723132
MAE: 2.298069115342765
EVS: 0.42361499531105196
