Model: GRU
MSE: 7.633584611563398
MAE: 1.9853585670734275
EVS: 0.5214326843389057
