Model: GRU
MSE: 7.208361115830328
MAE: 1.9816003010190766
EVS: 0.46964766498946153
