Model: GRU
MSE: 6.370028697367286
MAE: 1.6602023552204002
EVS: 0.4548498310592536
