Model: GRU
MSE: 7.0564636082874035
MAE: 1.873986556612212
EVS: 0.4209865307639905
