Model: GRU
MSE: 9.048705321868487
MAE: 2.3392348947196173
EVS: 0.44444223890354617
