Model: GRU
MSE: 6.299513920754932
MAE: 1.5655572167758285
EVS: 0.45662139751793307
