Model: GRU
MSE: 7.498184428334094
MAE: 2.0470139404823042
EVS: 0.45752102268906936
