Model: GRU
MSE: 180.32632009774622
MAE: 13.024686722919858
EVS: 0.07503368492873097
