Model: GRU
MSE: 6.72098734603908
MAE: 1.6660570769474423
EVS: 0.4192739141212434
