Model: GRU
MSE: 7.076857231802384
MAE: 1.8507872778793861
EVS: 0.4373028009240064
