Model: GRU
MSE: 7.853898779757589
MAE: 2.146772943694016
EVS: 0.48295399506654113
