Model: GRU
MSE: 6.9719442402107425
MAE: 1.8473931016593144
EVS: 0.4041139516094423
