Model: GRU
MSE: 10.62166705303207
MAE: 2.5416309422460097
EVS: 0.45925483073179363
