Model: GRU
MSE: 6.3439888537495825
MAE: 1.657474526043596
EVS: 0.4513132071591428
