Model: GRU
MSE: 6.516974712549407
MAE: 1.80230031342342
EVS: 0.47863557301609283
