Model: GRU
MSE: 6.671861629981259
MAE: 1.7856166444975754
EVS: 0.4469169883298012
