Model: GRU
MSE: 11.627222559916625
MAE: 2.9843999928441542
EVS: 0.03443644340454444
