Model: GRU
MSE: 7.974722663306289
MAE: 2.0484869644559662
EVS: 0.4405503113299898
