Model: GRU
MSE: 6.4836969760012755
MAE: 1.7290305269175563
EVS: 0.4643867953017843
