Model: GRU
MSE: 6.532462640784537
MAE: 1.796300772962899
EVS: 0.5026101408906779
