Model: GRU
MSE: 7.3317959674549895
MAE: 1.9067022224952435
EVS: 0.44838217740931485
