Model: GRU
MSE: 6.382516023076635
MAE: 1.7140577661580052
EVS: 0.4474792563130259
