Model: GRU
MSE: 6.326995924718019
MAE: 1.6115732521846378
EVS: 0.45223485855397905
