Model: GRU
MSE: 12.607393980162309
MAE: 2.868262734906427
EVS: 0.422883310369111
