Model: GRU
MSE: 190.2883404121272
MAE: 13.356867757336847
EVS: -0.028733651353190615
