Model: GRU
MSE: 5.994212686730219
MAE: 1.587965883057693
EVS: 0.4810508017170807
