Model: GRU
MSE: 7.062752334576093
MAE: 1.8920082799319564
EVS: 0.47494103895984296
