Model: GRU
MSE: 6.683474483274353
MAE: 1.8441961880387931
EVS: 0.4535541194421048
