Model: GRU
MSE: 7.9450720691393775
MAE: 2.1044316127382476
EVS: 0.4112326156505087
