Model: GRU
MSE: 178.96566193625472
MAE: 12.98095834974585
EVS: 0.09438115304408512
