Model: GRU
MSE: 6.502029787378891
MAE: 1.7488610415623105
EVS: 0.4651924629468497
