Model: GRU
MSE: 6.201223365167058
MAE: 1.8615380484482338
EVS: 0.47893912345622314
