Model: GRU
MSE: 6.445201245386266
MAE: 1.6410212434571365
EVS: 0.469069403091121
