Model: GRU
MSE: 6.882375186744835
MAE: 1.817784177845922
EVS: 0.44333080785186085
