Model: GRU
MSE: 7.316879100873895
MAE: 2.030124746519944
EVS: 0.47406299595741275
