Model: GRU
MSE: 9.173079882176808
MAE: 2.254229890889135
EVS: 0.4492792843105241
