Model: GRU
MSE: 6.271688274099755
MAE: 1.626550584003843
EVS: 0.4590775371133563
