Model: GRU
MSE: 6.35207138774784
MAE: 1.7195925383732236
EVS: 0.4519664055642111
