Model: GRU
MSE: 6.690598665585279
MAE: 1.7478340247581745
EVS: 0.4715084534154096
