Model: GRU
MSE: 6.370810398778805
MAE: 1.7459417869304787
EVS: 0.4990490819908744
