Model: GRU
MSE: 6.511433398931323
MAE: 1.7481781203171303
EVS: 0.4363037261300413
