Model: GRU
MSE: 9.544860154451882
MAE: 2.406382938911175
EVS: 0.484280649423277
