Model: GRU
MSE: 9.863508674596122
MAE: 2.4647816789561303
EVS: 0.48290417181443057
