Model: GRU
MSE: 7.4953879839367366
MAE: 2.021566760951075
EVS: 0.4489781436558098
