Model: GRU
MSE: 7.215342882815251
MAE: 1.9747913294825061
EVS: 0.4774431392918044
