Model: GRU
MSE: 7.0561453447907265
MAE: 1.8417159442243904
EVS: 0.4257378658965767
