Model: GRU
MSE: 6.3001070366682175
MAE: 1.625178600179738
EVS: 0.4626704850564646
