Model: GRU
MSE: 7.1689156297261905
MAE: 2.0373197259574103
EVS: 0.4867870336927187
