Model: GRU
MSE: 6.281846361498177
MAE: 1.618780333420326
EVS: 0.45951597230996566
