Model: GRU
MSE: 7.319441805216386
MAE: 1.9237923457704742
EVS: 0.43040443516223037
