Model: GRU
MSE: 10.016968039014312
MAE: 2.4216937689945617
EVS: 0.3286527034750317
