Model: GRU
MSE: 6.433583833655924
MAE: 1.664794634128439
EVS: 0.44578537196968226
