Model: GRU
MSE: 9.371100868494805
MAE: 2.512296495766475
EVS: 0.4428223846044924
