Model: GRU
MSE: 226.07508798213968
MAE: 14.632021871106378
EVS: -0.037096884728558654
