Model: GRU
MSE: 191.66306861699283
MAE: 13.41517659713482
EVS: -0.012602914619629368
