Model: GRU
MSE: 4796.346853821237
MAE: 69.17006453152361
EVS: -0.0258422182878415
