Model: GRU
MSE: 8.020045664733123
MAE: 2.0325172851825584
EVS: 0.40179568680572986
