Model: GRU
MSE: 10.530540401300202
MAE: 2.494607826759075
EVS: 0.47472748484486793
