Model: GRU
MSE: 380.4194559698437
MAE: 19.161855467434588
EVS: -0.14650541523649752
