Model: GRU
MSE: 6.990392723752162
MAE: 1.9258772669167354
EVS: 0.46218044994642526
