Model: GRU
MSE: 7.119684377090646
MAE: 1.802907138035215
EVS: 0.4267034682053559
