Model: GRU
MSE: 6.817900896535446
MAE: 1.9028967495622306
EVS: 0.4549509646844099
