Model: GRU
MSE: 8.67145714136889
MAE: 2.234963367725241
EVS: 0.4332186304201543
