Model: GRU
MSE: 7.936657605228777
MAE: 2.0693254470825195
EVS: 0.44046883625621625
