Model: GRU
MSE: 6.541699433909186
MAE: 1.719638988889497
EVS: 0.49275796820960327
