Model: GRU
MSE: 5.821367836176458
MAE: 1.6264735994667843
EVS: 0.4973269745158678
