Model: GRU
MSE: 6.382213774050656
MAE: 1.7545279634409938
EVS: 0.4575661916367665
