Model: GRU
MSE: 6.1463535513919165
MAE: 1.6529004656035324
EVS: 0.4753563884994889
