Model: GRU
MSE: 7.537587650845957
MAE: 2.0518908500671387
EVS: 0.46438957074461795
