Model: GRU
MSE: 6.315566021718676
MAE: 1.7552734079032108
EVS: 0.4536550760070738
