Model: GRU
MSE: 10.925154840586009
MAE: 2.585896738644304
EVS: 0.4601526510607292
