Model: GRU
MSE: 9.415249120839563
MAE: 2.4053129327708276
EVS: 0.4556390400082322
