Model: GRU
MSE: 7.025922511516079
MAE: 1.6713579605365623
EVS: 0.4251783776395235
