Model: GRU
MSE: 8.52112010624652
MAE: 2.204692396624335
EVS: 0.44774579531524095
