Model: GRU
MSE: 7.1461310564531315
MAE: 1.8551472877633983
EVS: 0.44019813491019144
