Model: GRU
MSE: 7.574785900583422
MAE: 2.02715697781793
EVS: 0.42535717183144683
