Model: GRU
MSE: 10.309239136465044
MAE: 2.453049495302398
EVS: 0.4152894954876686
