Model: GRU
MSE: 8.305854890203292
MAE: 2.2553057012886835
EVS: 0.44129678541865125
