Model: GRU
MSE: 6.784103886489808
MAE: 1.6740332636339912
EVS: 0.41266196311176495
