Model: GRU
MSE: 6.577505284051391
MAE: 1.811321159888958
EVS: 0.50911434737906
