Model: GRU
MSE: 7.752245330135448
MAE: 2.1224276279581002
EVS: 0.43267658129698094
