Model: GRU
MSE: 295.1676212896234
MAE: 16.82090639245921
EVS: -0.05836910099384163
