Model: GRU
MSE: 6.691324699904632
MAE: 1.8372746829328865
EVS: 0.5060611958850711
