Model: GRU
MSE: 6.844483941790843
MAE: 1.763023697096726
EVS: 0.4130096353556916
