Model: GRU
MSE: 9.155782195145642
MAE: 2.3221589779031686
EVS: 0.4651155264606516
