Model: GRU
MSE: 203.45118860021654
MAE: 13.834270403302948
EVS: -0.04446685177672638
