Model: GRU
MSE: 6.305715093958728
MAE: 1.6902552884200523
EVS: 0.45456559117993656
