Model: GRU
MSE: 6.575571047009589
MAE: 1.701048078208134
EVS: 0.4423740634296688
