Model: GRU
MSE: 6.164902578705664
MAE: 1.6125478826720139
EVS: 0.46685429949267454
