Model: GRU
MSE: 13.183860996555095
MAE: 2.9391204077621986
EVS: -0.14138203900511948
