Model: GRU
MSE: 177.85353663888512
MAE: 12.894990565447971
EVS: -0.0019237098935511732
