Model: GRU
MSE: 11.123788868423663
MAE: 2.6805516769146096
EVS: 0.43340103849299905
