Model: GRU
MSE: 6.468964114961934
MAE: 1.599832452576736
EVS: 0.4414403480718434
