Model: GRU
MSE: 232.78965760012363
MAE: 14.904182993132492
EVS: 0.07753304621410873
