Model: GRU
MSE: 809.0051249674939
MAE: 27.96350589291803
EVS: -1.341663218478439
