Model: GRU
MSE: 7.607384805294561
MAE: 1.9045985238305454
EVS: 0.45441047206760143
