Model: GRU
MSE: 4551.137833178877
MAE: 67.3811839531208
EVS: 0.05511890301652811
