Model: GRU
MSE: 8.426906372639083
MAE: 2.1612102574315566
EVS: 0.48123991307009584
