Model: GRU
MSE: 6.98739124984808
MAE: 1.8206745016163792
EVS: 0.46377480908753876
