Model: GRU
MSE: 6.563966298199203
MAE: 1.695821844298264
EVS: 0.44197006245715287
