Model: GRU
MSE: 165.6083288599911
MAE: 12.447011563284644
EVS: 0.0753474248609205
