Model: GRU
MSE: 7.68468100222178
MAE: 1.9702806801631534
EVS: 0.465709895713709
