Model: GRU
MSE: 6.440254602240563
MAE: 1.6761923000730317
EVS: 0.4424831642610735
