Model: GRU
MSE: 612.7701630863386
MAE: 24.507903066174737
EVS: -0.05041457422848117
