Model: GRU
MSE: 6.652410206205127
MAE: 1.749437036185429
EVS: 0.4508764170784214
