Model: GRU
MSE: 6.554325831119497
MAE: 1.7779943203103954
EVS: 0.4762726295373847
