Model: GRU
MSE: 8.243558013830164
MAE: 2.2783030312636803
EVS: 0.47467409070227407
