Model: GRU
MSE: 196.74468420680472
MAE: 13.616299662096747
EVS: 0.018134861900214627
