Model: GRU
MSE: 8.012049414182048
MAE: 2.1193576187923036
EVS: 0.37051230750925424
