Model: GRU
MSE: 7.594176333486679
MAE: 2.0878149065478095
EVS: 0.47489363095620063
