Model: GRU
MSE: 8.685594503070346
MAE: 2.3128478116002578
EVS: 0.4345437223739541
