Model: GRU
MSE: 3472.173170000194
MAE: 58.83953837690682
EVS: 0.12714921644395072
