Model: GRU
MSE: 15.368692711348402
MAE: 3.336430845589473
EVS: 0.32458297444397444
