Model: GRU
MSE: 6.72057042957256
MAE: 1.7900246916146114
EVS: 0.430125839652031
