Model: GRU
MSE: 10.162342533711769
MAE: 2.4303040175602355
EVS: 0.32239235394250654
