Model: GRU
MSE: 11.222986462835753
MAE: 2.6877692650104392
EVS: 0.460047672733397
