Model: GRU
MSE: 6.153574501276125
MAE: 1.6290874152347958
EVS: 0.4696006104056276
