Model: GRU
MSE: 5.943335550146347
MAE: 1.6542178186877021
EVS: 0.4937936159904982
