Model: GRU
MSE: 19.11981439976108
MAE: 3.796191774565598
EVS: 0.3591204304459672
