Model: GRU
MSE: 164.20569975537927
MAE: 12.332131687937112
EVS: -0.0496680634818123
