Model: GRU
MSE: 6.264627994014432
MAE: 1.6396233624425427
EVS: 0.4722184266679912
