Model: GRU
MSE: 7.3830345382301195
MAE: 1.9106570605573983
EVS: 0.40595411257361924
