Model: GRU
MSE: 203.43125437273318
MAE: 13.891739082747492
EVS: 0.09520731639975044
