Model: GRU
MSE: 8.567172232714318
MAE: 2.223745642037227
EVS: 0.4443263194843281
