Model: GRU
MSE: 7.200718094338115
MAE: 1.7987178851818215
EVS: 0.418561437984601
