Model: GRU
MSE: 206.4134176828081
MAE: 13.907071195799729
EVS: -0.12607670127247994
