Model: GRU
MSE: 7.70666922784084
MAE: 2.027590948959877
EVS: 0.4539360267180096
