Model: GRU
MSE: 7.5182272144725175
MAE: 1.9822698297171757
EVS: 0.4346007238885996
