Model: GRU
MSE: 386.93411986695656
MAE: 19.280906701910084
EVS: -0.31429033526284544
