Model: GRU
MSE: 182.59076080077423
MAE: 13.068208460150094
EVS: -0.022696209638137566
