Model: GRU
MSE: 7.157691925177052
MAE: 2.0395740311721275
EVS: 0.4414707262021045
