Model: GRU
MSE: 6.066681215281545
MAE: 1.6217606149870774
EVS: 0.476878569498135
