Model: GRU
MSE: 14.25128467122842
MAE: 2.568245526017814
EVS: -0.13128041540742919
