Model: GRU
MSE: 6.921635425401824
MAE: 1.8614695976520408
EVS: 0.44264437616367447
