Model: GRU
MSE: 6.8160725261677255
MAE: 1.949438867897823
EVS: 0.45457094167128975
