Model: GRU
MSE: 8.64793387155639
MAE: 2.410593295919484
EVS: 0.4716862037966272
