Model: GRU
MSE: 12.2910880865967
MAE: 2.832826153985385
EVS: 0.4369096235174481
