Model: GRU
MSE: 203.4247498360533
MAE: 13.834357327428357
EVS: -0.04196966569513161
