Model: GRU
MSE: 7.293968863176188
MAE: 1.9106292395756161
EVS: 0.45041467499360166
