Model: GRU
MSE: 8.926974780463235
MAE: 2.273230503345358
EVS: 0.4667221738777251
