Model: GRU
MSE: 17.433238911878515
MAE: 3.824092075742524
EVS: 3.3306690738754696e-16
