Model: GRU
MSE: 6.730831247161749
MAE: 1.680173972557331
EVS: 0.44475341200109453
