Model: GRU
MSE: 9.231829851563628
MAE: 2.368467824212436
EVS: 0.4622005816493374
