Model: GRU
MSE: 6.169295729568164
MAE: 1.6539212917459423
EVS: 0.4788295826637283
