Model: GRU
MSE: 6.022199293749509
MAE: 1.6068183306989998
EVS: 0.481525957518978
