Model: GRU
MSE: 7.413958739677849
MAE: 1.9093318972094306
EVS: 0.43669173167073405
