Model: GRU
MSE: 8.86136052702609
MAE: 2.2182129827038994
EVS: 0.3077611244915265
