Model: GRU
MSE: 9.194381988709006
MAE: 2.382457420743745
EVS: 0.4710653581634885
