Model: GRU
MSE: 6.4405897587917496
MAE: 1.7172751919976597
EVS: 0.4637936950335826
