Model: GRU
MSE: 6.404464866033079
MAE: 1.7028031184755523
EVS: 0.4460508144380352
