Model: GRU
MSE: 7.616587908933415
MAE: 1.9729111112397293
EVS: 0.4600665800892798
