Model: GRU
MSE: 6.166641428797969
MAE: 1.6674170411866287
EVS: 0.47460386807429167
