Model: GRU
MSE: 6.7281095913582005
MAE: 1.8241877966913684
EVS: 0.46885617407000024
