Model: GRU
MSE: 5.650126949209399
MAE: 1.5274200028386609
EVS: 0.5124812363878422
