Model: GRU
MSE: 6.973343052726266
MAE: 1.7359310018605199
EVS: 0.40620102772972166
