Model: GRU
MSE: 8.271633560697332
MAE: 2.210236796017351
EVS: 0.4770447052895871
