Model: GRU
MSE: 6.952706367683543
MAE: 1.8798262661901013
EVS: 0.49146842077296393
