Model: GRU
MSE: 7.746488047400378
MAE: 2.030483607588143
EVS: 0.4733434630992256
