Model: GRU
MSE: 6.267216071332424
MAE: 1.7060882305276805
EVS: 0.48314243787277467
