Model: GRU
MSE: 7.457834038889861
MAE: 2.0244599210804908
EVS: 0.4302897868783544
