Model: GRU
MSE: 6.637182896850171
MAE: 1.8090847936169854
EVS: 0.4720807765225954
