Model: GRU
MSE: 6.5124022271860795
MAE: 1.7098290015911233
EVS: 0.44382940449859165
