Model: GRU
MSE: 6.2115653720261435
MAE: 1.6120416542579388
EVS: 0.4654607175395665
