Model: GRU
MSE: 6.23322937894078
MAE: 1.5622300937257965
EVS: 0.4603786351986272
