Model: GRU
MSE: 6.4413040250719895
MAE: 1.6303884489782925
EVS: 0.4436714861342742
