Model: GRU
MSE: 6.668329626152971
MAE: 1.767966780169257
EVS: 0.4466298134271377
