Model: GRU
MSE: 5.792530516962651
MAE: 1.6359564024826576
EVS: 0.500157518155258
