Model: GRU
MSE: 205.6903565866824
MAE: 13.920860767364502
EVS: -0.030254616146087487
