Model: GRU
MSE: 6.303740363655113
MAE: 1.6367784533007392
EVS: 0.4592144275604789
