Model: GRU
MSE: 12.04032098722898
MAE: 2.90503480516631
EVS: 0.4528362005362935
