Model: GRU
MSE: 6.614897509104437
MAE: 1.811035912612389
EVS: 0.4618995133810272
