Model: GRU
MSE: 6.4563246612563265
MAE: 1.7519589457018623
EVS: 0.4835048673018595
