Model: GRU
MSE: 6.800761698784879
MAE: 1.785933675437138
EVS: 0.4742655724988083
