Model: GRU
MSE: 7.23143975685947
MAE: 1.8119670769263958
EVS: 0.4392024690101819
