Model: GRU
MSE: 6.284438419831672
MAE: 1.616424379677608
EVS: 0.45991890480768205
