Model: GRU
MSE: 7.189276524691536
MAE: 1.8296574970771526
EVS: 0.4427659495368126
