Model: GRU
MSE: 6.061678486751076
MAE: 1.604441420785312
EVS: 0.4769537820318315
