Model: GRU
MSE: 6.622160214557147
MAE: 1.6887855283145248
EVS: 0.44701267946652223
