Model: GRU
MSE: 12.34304551888877
MAE: 2.8813883025070717
EVS: 0.45416648934285675
