Model: GRU
MSE: 6.83434184798372
MAE: 1.8011680964765877
EVS: 0.44222293705142857
