Model: GRU
MSE: 10.906504532563444
MAE: 2.6135833838890337
EVS: 0.268712384500016
