Model: GRU
MSE: 7.69084575839955
MAE: 2.0154594552928002
EVS: 0.4746764732653891
