Model: GRU
MSE: 6.242187617907442
MAE: 1.5679075142432903
EVS: 0.4637507479290537
