Model: GRU
MSE: 6.916772365178429
MAE: 1.8317825218726849
EVS: 0.4406680610316538
