Model: GRU
MSE: 8.254259561596756
MAE: 2.2943086295292296
EVS: 0.5005726835219395
