Model: GRU
MSE: 6.929417788015567
MAE: 1.7095605587137157
EVS: 0.4716015728680516
