Model: GRU
MSE: 227.94797617431345
MAE: 14.686994499173657
EVS: -0.05970577758109519
