Model: GRU
MSE: 6.465573217850682
MAE: 1.6979848763038372
EVS: 0.44787863478250367
