Model: GRU
MSE: 397.51894974055944
MAE: 19.655101414384514
EVS: 0.030699612104274188
