Model: GRU
MSE: 7.134705718103058
MAE: 1.9190998817312306
EVS: 0.4111458046941553
