Model: GRU
MSE: 7.385936853375103
MAE: 1.92047826175032
EVS: 0.4106772618251524
