Model: GRU
MSE: 7.026308020008259
MAE: 1.9060288955425393
EVS: 0.4567550418064501
