Model: GRU
MSE: 22.401510955410828
MAE: 4.146543667234224
EVS: 0.4201880845915885
