Model: GRU
MSE: 6.573210188841507
MAE: 1.8025735822217217
EVS: 0.4596413601881163
