Model: GRU
MSE: 8.214094451034857
MAE: 1.990344962169384
EVS: 0.3681501459147315
