Model: GRU
MSE: 6.318359976142103
MAE: 1.650178439276559
EVS: 0.49593281306350623
