Model: GRU
MSE: 14.450599334407704
MAE: 3.1962503071489006
EVS: 0.34523690712994104
