Model: GRU
MSE: 11.048150458520828
MAE: 2.699842699642839
EVS: 0.4312504812789726
