Model: GRU
MSE: 8.943698670459211
MAE: 2.3013733502092033
EVS: 0.4709401085475007
