Model: GRU
MSE: 6.476275838288533
MAE: 1.743616638512447
EVS: 0.48617547516664306
