Model: GRU
MSE: 186.78964304086912
MAE: 13.184452176094055
EVS: -0.12201415522645309
