Model: GRU
MSE: 198.13472205431302
MAE: 13.646887031094781
EVS: -0.030012578226163322
