Model: GRU
MSE: 6.658270200402748
MAE: 1.7647686169065278
EVS: 0.4311103086232687
