Model: GRU
MSE: 11.780813926873257
MAE: 2.7894846488689553
EVS: 0.3342901925895708
