Model: GRU
MSE: 6.4045331582417
MAE: 1.6581337205294906
EVS: 0.448130294438297
