Model: GRU
MSE: 5.988857788277434
MAE: 1.5842981996207401
EVS: 0.48396307977941244
