Model: GRU
MSE: 6.185481331766964
MAE: 1.676614810680521
EVS: 0.4720551295630414
