Model: GRU
MSE: 2083.524288174983
MAE: 45.52426614432499
EVS: 0.041994148184045677
