Model: GRU
MSE: 7.714688700157694
MAE: 2.103953739692425
EVS: 0.48360441243683217
