Model: GRU
MSE: 7.496804568317265
MAE: 1.9209833473994815
EVS: 0.4585989422562817
