Model: GRU
MSE: 6.606600110798424
MAE: 1.7383545513810783
EVS: 0.4641914198340227
