Model: GRU
MSE: 6.162063897293118
MAE: 1.7282399884585677
EVS: 0.46849935510857765
