Model: GRU
MSE: 6.3941733522072175
MAE: 1.6859877109527588
EVS: 0.45935490679542346
