Model: GRU
MSE: 7.8601078338929256
MAE: 1.9867885030549148
EVS: 0.3719372438341281
