Model: GRU
MSE: 6.335849750200215
MAE: 1.7363561597363701
EVS: 0.49362588615925695
