Model: GRU
MSE: 8.429852438553114
MAE: 2.015036303421547
EVS: 0.2946707341585284
