Model: GRU
MSE: 232.96059524368408
MAE: 14.906051006810419
EVS: 0.06755500468311859
