Model: GRU
MSE: 7.3352611059632995
MAE: 1.993746198456863
EVS: 0.48783314667929134
