Model: GRU
MSE: 6.82045318587814
MAE: 1.8229766549735233
EVS: 0.41323827738131425
