Model: GRU
MSE: 8.120102706712776
MAE: 2.095172586112187
EVS: 0.45870527722189536
