Model: GRU
MSE: 6.116493000301426
MAE: 1.6778216526426117
EVS: 0.47211558146524335
