Model: GRU
MSE: 6.320169752556659
MAE: 1.7605355772478828
EVS: 0.49203190139821074
