Model: GRU
MSE: 7.458087899871097
MAE: 2.0215514939406822
EVS: 0.4699393052759775
