Model: GRU
MSE: 21.6422547076256
MAE: 4.270661206080995
EVS: -0.019818385366780378
