Model: GRU
MSE: 5680.001393940523
MAE: 75.26189692267056
EVS: -0.35476542317094806
