Model: GRU
MSE: 7.337270035211187
MAE: 1.9001374902396366
EVS: 0.46987778531523683
