Model: GRU
MSE: 7.063226391299853
MAE: 1.8341960660342513
EVS: 0.42305115568341933
