Model: GRU
MSE: 177.6145542628875
MAE: 12.90898874710346
EVS: 0.05003848595565219
