Model: GRU
MSE: 10.337968571298633
MAE: 2.615894186085668
EVS: 0.4169821539400431
