Model: GRU
MSE: 25.635963072648682
MAE: 4.602023815286571
EVS: -0.0825517343308717
