Model: GRU
MSE: 20.94359721419913
MAE: 4.212379702206316
EVS: 0.04047387273636638
