Model: GRU
MSE: 8.129337898031203
MAE: 2.21492836393159
EVS: 0.5132388747424698
