Model: GRU
MSE: 5.944885710178557
MAE: 1.5987639591611664
EVS: 0.4854118720557429
