Model: GRU
MSE: 6.450882711616957
MAE: 1.7292135666156638
EVS: 0.46969103056082595
