Model: GRU
MSE: 6.292104637555612
MAE: 1.611030907466494
EVS: 0.46231334687655723
