Model: GRU
MSE: 7.519534006293694
MAE: 2.0585311034630083
EVS: 0.4712373536740676
