Model: GRU
MSE: 7.097450342037926
MAE: 1.7750493411360115
EVS: 0.43374671237818674
