Model: GRU
MSE: 5.993915418330744
MAE: 1.627262986939529
EVS: 0.48208634677670414
