Model: GRU
MSE: 12.866391437825236
MAE: 3.0624496854584793
EVS: 0.48695431102244513
