Model: GRU
MSE: 6.2680199934631835
MAE: 1.6703018937792098
EVS: 0.47465233421402286
