Model: GRU
MSE: 4918.6507859871335
MAE: 70.00057963667244
EVS: -0.6076862580613367
