Model: GRU
MSE: 7.95633251616123
MAE: 2.103695014427448
EVS: 0.46608443438556235
