Model: GRU
MSE: 6.845995159003215
MAE: 1.7017467761861866
EVS: 0.4113816755449663
