Model: GRU
MSE: 7.670080764558611
MAE: 2.116072046345678
EVS: 0.449262248957466
