Model: GRU
MSE: 7.180378771094968
MAE: 2.0030598147162078
EVS: 0.4242620930965775
