Model: GRU
MSE: 12.955004897075861
MAE: 2.9604741458235115
EVS: 0.4726525674860037
