Model: GRU
MSE: 10.626716006093563
MAE: 2.6297858008022965
EVS: 0.4784269792424901
