Model: GRU
MSE: 340.67570894849325
MAE: 18.129984576126624
EVS: -0.03712669047325701
