Model: GRU
MSE: 8.194764595308996
MAE: 2.1005540222957215
EVS: 0.4351184515387845
