Model: GRU
MSE: 8.458081156875775
MAE: 2.1259191036224365
EVS: 0.3719730895040264
