Model: GRU
MSE: 10.525371869520548
MAE: 2.569321056892132
EVS: 0.4925272166480563
