Model: GRU
MSE: 6.633483319833588
MAE: 1.6502474751965752
EVS: 0.426216612783216
