Model: GRU
MSE: 8.14766049779412
MAE: 2.213783593013369
EVS: 0.4726310804801809
