Model: GRU
MSE: 7.187669774601498
MAE: 1.810604424312197
EVS: 0.45775655461579035
