Model: GRU
MSE: 6.631082651107139
MAE: 1.745087664702843
EVS: 0.45383068089852374
