Model: GRU
MSE: 6.1838505687230185
MAE: 1.587865681483828
EVS: 0.464894997142106
