Model: GRU
MSE: 6.558565207157064
MAE: 1.7282666173474541
EVS: 0.4626479526635455
