Model: GRU
MSE: 8.164230122315734
MAE: 2.123123218273294
EVS: 0.4782318277724673
