Model: GRU
MSE: 8.822438995478462
MAE: 2.1840297600318648
EVS: 0.4264541829986568
