Model: GRU
MSE: 6.374953682234906
MAE: 1.703787425468708
EVS: 0.4727886864672145
