Model: GRU
MSE: 8.859781239288951
MAE: 2.4132088299455314
EVS: 0.42589381700775997
