Model: GRU
MSE: 8.200706292667887
MAE: 2.203522205352783
EVS: 0.4809843968242733
