Model: GRU
MSE: 6.540846530436441
MAE: 1.7623195977046573
EVS: 0.4398286920772245
