Model: GRU
MSE: 6.389946352332744
MAE: 1.7139886658767174
EVS: 0.4776405627706183
