Model: GRU
MSE: 8.784083760356962
MAE: 2.3352564285541404
EVS: 0.4546658095697974
