Model: GRU
MSE: 6.390426784151298
MAE: 1.7492573874337332
EVS: 0.48210302807691297
