Model: GRU
MSE: 6.721242968770905
MAE: 1.847942697590795
EVS: 0.5068261598696557
