Model: GRU
MSE: 10.723546074201227
MAE: 2.7328541114412506
EVS: 0.39314641888538615
