Model: GRU
MSE: 7.174326194307374
MAE: 1.9872330632703057
EVS: 0.4736988296298632
