Model: GRU
MSE: 6.164844012753363
MAE: 1.561378002166748
EVS: 0.4747452855533092
