Model: GRU
MSE: 6.068856595082562
MAE: 1.6012400183184394
EVS: 0.475142306054226
