Model: GRU
MSE: 7.772763019918565
MAE: 2.038085230465593
EVS: 0.3887439966487143
