Model: GRU
MSE: 6.658610408109443
MAE: 1.686097605475064
EVS: 0.4285000052166468
