Model: GRU
MSE: 6.8243183044248745
MAE: 1.7745826244354248
EVS: 0.4562198882731687
