Model: GRU
MSE: 6.965816062120447
MAE: 1.8883839804550697
EVS: 0.47131877583686277
