Model: GRU
MSE: 6.984858036717877
MAE: 1.7768762029450516
EVS: 0.43178282853559247
