Model: GRU
MSE: 8.626003262444904
MAE: 2.2394543269584917
EVS: 0.4296389623952397
