Model: GRU
MSE: 6.5597849874009135
MAE: 1.754626726282054
EVS: 0.45786751239531465
