Model: GRU
MSE: 9.267693332847463
MAE: 2.2315395289453965
EVS: 0.4554337541958299
