Model: GRU
MSE: 6.611434485199566
MAE: 1.8272021556722706
EVS: 0.4929183660094163
