Model: GRU
MSE: 6.904797416211514
MAE: 1.7818328265486092
EVS: 0.49562886798846806
