Model: GRU
MSE: 8.146588644257102
MAE: 2.176625465524608
EVS: 0.46498488313766373
