Model: GRU
MSE: 6.419844755975081
MAE: 1.723366852464347
EVS: 0.45896283246005654
