Model: GRU
MSE: 6.623861125562959
MAE: 1.84259766545789
EVS: 0.48707935632654686
